0.0	0.00849862402354668
0.4020100502512563	0.007779429606933587
0.8040201005025126	0.006419463596444028
1.206030150753769	0.004870793606788178
1.6080402010050252	0.004451714654849539
2.0100502512562817	0.005416797748153235
2.412060301507538	0.006593377530796747
2.814070351758794	0.006994448903258427
3.2160804020100504	0.006320213410583225
3.6180904522613067	0.004654666710045445
4.020100502512563	0.0025136559354995286
4.42211055276382	0.0017623570064460622
4.824120603015076	0.004151389927608348
5.226130653266332	0.006497332644238019
5.628140703517588	0.007982194801210334
6.030150753768845	0.00859724680416565
6.432160804020101	0.008058142319202842
6.834170854271357	0.007028930081570501
7.236180904522613	0.006138496972278528
7.63819095477387	0.00602399501475557
8.040201005025127	0.0069250838134577285
8.442211055276383	0.007677981016165847
8.84422110552764	0.007654822126720315
9.246231155778895	0.006854747874424324
9.648241206030152	0.0050808686743815746
10.050251256281408	0.002349439522396163
10.452261306532664	0.0010128019562313027
10.85427135678392	0.0038806440890124
11.256281407035177	0.006534943270833653
11.658291457286433	0.008470330948645952
12.06030150753769	0.009317846124925084
12.462311557788945	0.009165313265690691
12.864321608040202	0.00860178617158588
13.266331658291458	0.00797588708070001
13.668341708542714	0.00788833337062709
14.07035175879397	0.00847454467075552
14.472361809045227	0.009205780194844087
14.874371859296483	0.00944192810313255
15.27638190954774	0.008791781471460132
15.678391959798995	0.006991239474270393
16.080402010050253	0.004548564884472523
16.48241206030151	0.00286997911014698
16.884422110552766	0.004108635938760783
17.286432160804022	0.006599227218417667
17.68844221105528	0.008805901439395332
18.090452261306535	0.010109863735328616
18.49246231155779	0.010470629567428244
18.894472361809047	0.01013295736960866
19.296482412060303	0.009686810754238818
19.69849246231156	0.009535806888848504
20.100502512562816	0.00999839033520677
20.502512562814072	0.011073095654056422
20.90452261306533	0.011765723541438223
21.306532663316585	0.011448899418729763
21.70854271356784	0.010529969722252112
22.110552763819097	0.008941938392184224
22.512562814070353	0.007230437724785217
22.91457286432161	0.006501846129806256
23.316582914572866	0.007102482930107586
23.718592964824122	0.008603754699807663
24.12060301507538	0.01001907301254684
24.522613065326635	0.010926653673959837
24.92462311557789	0.011545620137230327
25.326633165829147	0.012293242133040153
25.728643216080403	0.013183983373653724
26.13065326633166	0.014536342963429894
26.532663316582916	0.015902923279466952
26.934673366834172	0.016772837470882714
27.33668341708543	0.016878400409873304
27.738693467336685	0.01609182729440469
28.14070351758794	0.014669488162405073
28.542713567839197	0.012706888522283289
28.944723618090453	0.011133693422842752
29.34673366834171	0.010069719676450092
29.748743718592966	0.010128513089305461
30.150753768844222	0.010666341114306335
30.55276381909548	0.01119877137712703
30.954773869346734	0.011298313501684143
31.35678391959799	0.011457789720875581
31.758793969849247	0.011810245482852554
32.16080402010051	0.012648978672599339
32.56281407035176	0.013997107594553884
32.96482412060302	0.015320262511014555
33.366834170854275	0.015899427930169976
33.76884422110553	0.015775741863680658
34.17085427135679	0.014802798564001293
34.572864321608044	0.013336487456371929
34.9748743718593	0.011935140743305952
35.37688442211056	0.011173144801635271
35.77889447236181	0.011206312299944525
36.18090452261307	0.011679400204747148
36.582914572864325	0.01195494308446635
36.98492462311558	0.011877712159438473
37.38693467336684	0.011589803427216914
37.788944723618094	0.01167747220024279
38.19095477386935	0.012263908614612316
38.59296482412061	0.013162182857374447
38.99497487437186	0.014058519585501018
39.39698492462312	0.014437306178006459
39.798994974874375	0.013818180483606926
40.20100502512563	0.012732600468088068
40.60301507537689	0.01123203038085909
41.005025125628144	0.009763300761547074
41.4070351758794	0.009084386773401183
41.80904522613066	0.00922763242349125
42.21105527638191	0.0097534718133935
42.61306532663317	0.010177894093601966
43.015075376884425	0.010457697697802595
43.41708542713568	0.01056356508487134
43.81909547738694	0.01059211213337541
44.221105527638194	0.011230202529602686
44.62311557788945	0.012275416755592242
45.02512562814071	0.013384099712621856
45.42713567839196	0.014024441567929613
45.82914572864322	0.013940931061511888
46.231155778894475	0.013042648783953517
46.63316582914573	0.011578512323630026
47.03517587939699	0.009862693209211567
47.437185929648244	0.008640784560216665
47.8391959798995	0.008021537511872087
48.24120603015076	0.007972376853881455
48.64321608040201	0.00842632168032637
49.04522613065327	0.008593466600787207
49.447236180904525	0.008611772374087051
49.84924623115578	0.008966089362708875
50.25125628140704	0.009964916583934277
50.653266331658294	0.01178683314083434
51.05527638190955	0.013409038817272831
51.45728643216081	0.014721734762127524
51.85929648241206	0.015176057575791052
52.26130653266332	0.014667198260130822
52.663316582914575	0.013334404482602915
53.06532663316583	0.011497836647933742
53.46733668341709	0.009712616043954
53.869346733668344	0.00859377646740491
54.2713567839196	0.008280115372557512
54.67336683417086	0.008448385456007814
55.07537688442211	0.008677118434094435
55.47738693467337	0.008720979547550911
55.879396984924625	0.009305854686139526
56.28140703517588	0.01044316175995691
56.68341708542714	0.012103206660533305
57.085427135678394	0.014086686805852714
57.48743718592965	0.015482810957084165
57.88944723618091	0.015918098704169024
58.29145728643216	0.015473975437144728
58.69346733668342	0.014108764185735641
59.095477386934675	0.012143572778535604
59.49748743718593	0.01005373253295096
59.89949748743719	0.008571831527595743
60.301507537688444	0.00805953489728407
60.7035175879397	0.007937002572018185
61.10552763819096	0.0082455554402038
61.50753768844221	0.008665578224638338
61.90954773869347	0.00924407452843255
62.311557788944725	0.010564751732642695
62.71356783919598	0.012105207642733262
63.11557788944724	0.013862811616500104
63.517587939698494	0.015363505018027556
63.91959798994975	0.016282270828096208
64.32160804020101	0.016475798598976812
64.72361809045226	0.01579180074487357
65.12562814070353	0.014484184077948468
65.52763819095478	0.013037982313782361
65.92964824120604	0.01174073199358605
66.33165829145729	0.010631902502819198
66.73366834170855	0.010144392131069786
67.1356783919598	0.009937626948672668
67.53768844221106	0.009804011967229699
67.93969849246231	0.009820259394552572
68.34170854271358	0.010611528281337958
68.74371859296483	0.012201669599982106
69.14572864321609	0.01453760137785291
69.54773869346734	0.016533255842139213
69.9497487437186	0.018026225204206582
70.35175879396985	0.01859416969783089
70.75376884422111	0.018233399511885292
71.15577889447236	0.016881328677172645
71.55778894472363	0.01497255109021146
71.95979899497488	0.012798978933311467
72.36180904522614	0.010645533132741155
72.76381909547739	0.008841443720407629
73.16582914572865	0.007762795172947851
73.5678391959799	0.007579725418981079
73.96984924623116	0.007990649170062373
74.37185929648241	0.009423873257539673
74.77386934673368	0.011630384327051673
75.17587939698493	0.014419708808734038
75.57788944723619	0.016816957808927287
75.97989949748744	0.018689700593479262
76.3819095477387	0.019668674661259357
76.78391959798995	0.01971583157290925
77.18592964824121	0.01858835188025169
77.58793969849246	0.01666552351910628
77.98994974874373	0.014220344026385754
78.39195979899498	0.011770317927179927
78.79396984924624	0.009764701452418749
79.19597989949749	0.008373157675877808
79.59798994974875	0.008027333302938517
80.0	0.008846031520322982
