0.0	0.03302666330839682
0.4020100502512563	0.03164830186432079
0.8040201005025126	0.024956873978999247
1.206030150753769	0.014439612274529575
1.6080402010050252	0.0034518983597420483
2.0100502512562817	0.011111367281145998
2.412060301507538	0.021090051723630578
2.814070351758794	0.026988757165177745
3.2160804020100504	0.02793446685537803
3.6180904522613067	0.023290711111544144
4.020100502512563	0.014150529351512587
4.42211055276382	0.0025825558675529334
4.824120603015076	0.01078901391609129
5.226130653266332	0.022271984888577397
5.628140703517588	0.030477739094207756
6.030150753768845	0.03379030129364341
6.432160804020101	0.03158892862630068
6.834170854271357	0.024589363458139276
7.236180904522613	0.014178871523772632
7.63819095477387	0.004755446318302032
8.040201005025127	0.012357202120585676
8.442211055276383	0.021482037266591737
8.84422110552764	0.026487576435571054
9.246231155778895	0.02656889473021549
9.648241206030152	0.02142182442129085
10.050251256281408	0.011697232677677017
10.452261306532664	0.001233647042214544
10.85427135678392	0.014097441622902853
11.256281407035177	0.025417087846494546
11.658291457286433	0.0331633866982015
12.06030150753769	0.03595179796219231
12.462311557788945	0.03345081349685125
12.864321608040202	0.026424603371318838
13.266331658291458	0.01618471297711497
13.668341708542714	0.0077880944686037745
14.07035175879397	0.012021787779014203
14.472361809045227	0.019572381907773113
14.874371859296483	0.02339129123784846
15.27638190954774	0.022253085110777622
15.678391959798995	0.01602214436157068
16.080402010050253	0.005927170690105214
16.48241206030151	0.008230728415538045
16.884422110552766	0.02101196628740943
17.286432160804022	0.032056097649773914
17.68844221105528	0.039369410121340875
18.090452261306535	0.04184167422745766
18.49246231155779	0.03938317679408927
18.894472361809047	0.032433419400737615
19.296482412060303	0.02285825380115888
19.69849246231156	0.013995932671202771
20.100502512562816	0.011915917374627565
20.502512562814072	0.01636220862886002
20.90452261306533	0.01996079747300015
21.306532663316585	0.019668914980048698
21.70854271356784	0.015352043791405262
22.110552763819097	0.008745792042853539
22.512562814070353	0.0090727426872712
22.91457286432161	0.018657184995804505
23.316582914572866	0.02865461725906302
23.718592964824122	0.03598236083783708
24.12060301507538	0.03950325008801931
24.522613065326635	0.03878606279854742
24.92462311557789	0.03401209875328722
25.326633165829147	0.02655876386685893
25.728643216080403	0.01906195388713874
26.13065326633166	0.015229296733960724
26.532663316582916	0.01735884572030645
26.934673366834172	0.020471310778008664
27.33668341708543	0.021147444540424443
27.738693467336685	0.018558356001834156
28.14070351758794	0.014056914236994423
28.542713567839197	0.01293416780811876
28.944723618090453	0.01911911867789035
29.34673366834171	0.02758579556481397
29.748743718592966	0.034604320205406686
30.150753768844222	0.03831378393929012
30.55276381909548	0.037977594262337634
30.954773869346734	0.03382065386316237
31.35678391959799	0.02731666680636311
31.758793969849247	0.020894657812615385
32.16080402010051	0.018109086923231082
32.56281407035176	0.019794267769412618
32.96482412060302	0.022288465845610894
33.366834170854275	0.022749370165424262
33.76884422110553	0.020494413090722932
34.17085427135679	0.017028279092439716
34.572864321608044	0.016019825697650664
34.9748743718593	0.020707680175788834
35.37688442211056	0.028293507626930565
35.77889447236181	0.0349439733916911
36.18090452261307	0.039082333216014814
36.582914572864325	0.039856173039582624
36.98492462311558	0.03731353812121903
37.38693467336684	0.03231855613816796
37.788944723618094	0.026723864018325265
38.19095477386935	0.023053551418835024
38.59296482412061	0.02287185864388782
38.99497487437186	0.02412434861750156
39.39698492462312	0.02482194321919586
39.798994974874375	0.023639385452877696
40.20100502512563	0.021235260379746993
40.60301507537689	0.021016309820798773
41.005025125628144	0.02523959149766729
41.4070351758794	0.03298405208378495
41.80904522613066	0.04074333075266757
42.21105527638191	0.046248835567671516
42.61306532663317	0.04837817572926276
43.015075376884425	0.04670013027940225
43.41708542713568	0.04201118740617193
43.81909547738694	0.035825626031611914
44.221105527638194	0.030491552873075534
44.62311557788945	0.027779888790358233
45.02512562814071	0.027648493497391662
45.42713567839196	0.0280004741816187
45.82914572864322	0.02695861205512994
46.231155778894475	0.025283547696575814
46.63316582914573	0.025157804872431033
47.03517587939699	0.029159242050974383
47.437185929648244	0.03648117671646726
47.8391959798995	0.043977216146714036
48.24120603015076	0.0494323251665957
48.64321608040201	0.051335117191627845
49.04522613065327	0.049573272440009676
49.447236180904525	0.04439067905370568
49.84924623115578	0.03736348573856237
50.25125628140704	0.030778561111087326
50.653266331658294	0.027155946495271754
51.05527638190955	0.0268967535351261
51.45728643216081	0.02755462203568242
51.85929648241206	0.027279590456414142
52.26130653266332	0.025762344583918573
52.663316582914575	0.025535770550766047
53.06532663316583	0.029317226387613436
53.46733668341709	0.03631388971952747
53.869346733668344	0.04396756263692522
54.2713567839196	0.04977115833434613
54.67336683417086	0.05188886414273125
55.07537688442211	0.04977304962622307
55.47738693467337	0.043990399266239946
55.879396984924625	0.03598373676929906
56.28140703517588	0.028213490797254243
56.68341708542714	0.02364907933514296
57.085427135678394	0.023384062734467234
57.48743718592965	0.024649054368224302
57.88944723618091	0.024770400242733186
58.29145728643216	0.023442663085342312
58.69346733668342	0.023250637857629045
59.095477386934675	0.027322660798366632
59.49748743718593	0.03498397191328883
59.89949748743719	0.043338804716407775
60.301507537688444	0.04959185698457354
60.7035175879397	0.052097831411954586
61.10552763819096	0.050286102371662145
61.50753768844221	0.04438649893278348
61.90954773869347	0.03583012891081108
62.311557788944725	0.027163532387011035
62.71356783919598	0.02172104884569966
63.11557788944724	0.02132816379480806
63.517587939698494	0.022973038425189673
63.91959798994975	0.02370874783696856
64.32160804020101	0.023600004664633197
64.72361809045226	0.024694541361675027
65.12562814070353	0.02954698615282388
65.52763819095478	0.03751629334199877
65.92964824120604	0.04563759971863259
66.33165829145729	0.05144714591058428
66.73366834170855	0.05338532768455575
67.1356783919598	0.05076610585985095
67.53768844221106	0.044267161981873346
67.93969849246231	0.03509984379144249
68.34170854271358	0.02568909920010649
68.74371859296483	0.01969033406964583
69.14572864321609	0.019636058757874546
69.54773869346734	0.02233173590673533
69.9497487437186	0.024330331118677533
70.35175879396985	0.025356194644966322
70.75376884422111	0.02711330996485949
71.15577889447236	0.03133876402124485
71.55778894472363	0.038001026429818244
71.95979899497488	0.0446292144661382
72.36180904522614	0.04925082207238006
72.76381909547739	0.050480027833587626
73.16582914572865	0.0477110460137149
73.5678391959799	0.04112564114648801
73.96984924623116	0.03203667053214632
74.37185929648241	0.022940391165493228
74.77386934673368	0.017542401823603247
75.17587939698493	0.018081397184257747
75.57788944723619	0.021581093638761047
75.97989949748744	0.02421860009748684
76.3819095477387	0.025543339932945698
76.78391959798995	0.027123289990759546
77.18592964824121	0.030734501383440693
77.58793969849246	0.036373525567771035
77.98994974874373	0.042232814799004724
78.39195979899498	0.04638038154867018
78.79396984924624	0.04760006343087372
79.19597989949749	0.04507308174666966
79.59798994974875	0.039119370656739136
80.0	0.030889318492235383
