0.0	0.022623171227531293
0.4020100502512563	0.020624742269361247
0.8040201005025126	0.015546851196531392
1.206030150753769	0.008743543370027878
1.6080402010050252	0.005056457561091842
2.0100502512562817	0.010535206405745404
2.412060301507538	0.015942891006420254
2.814070351758794	0.018639081471342307
3.2160804020100504	0.018162791075809013
3.6180904522613067	0.01412368763030478
4.020100502512563	0.007321153938535542
4.42211055276382	0.002252262474090451
4.824120603015076	0.009929802040631559
5.226130653266332	0.01712627987222918
5.628140703517588	0.021751451710982347
6.030150753768845	0.02329544704645939
6.432160804020101	0.021359949627094674
6.834170854271357	0.016329108163754637
7.236180904522613	0.009820139554926314
7.63819095477387	0.006761269430764084
8.040201005025127	0.01089981602487255
8.442211055276383	0.015655949595892234
8.84422110552764	0.01813657667496763
9.246231155778895	0.01700716434178515
9.648241206030152	0.012531638241207612
10.050251256281408	0.005467153675215221
10.452261306532664	0.003135789503563935
10.85427135678392	0.011830633054226398
11.256281407035177	0.019059939475107496
11.658291457286433	0.023842559038383733
12.06030150753769	0.02550123012979476
12.462311557788945	0.02374641401272097
12.864321608040202	0.019238263067243543
13.266331658291458	0.013104480474805679
13.668341708542714	0.008637758400144784
14.07035175879397	0.00985254675425401
14.472361809045227	0.013429409014841989
14.874371859296483	0.015293902682198726
15.27638190954774	0.014042717671872224
15.678391959798995	0.009551557703319018
16.080402010050253	0.0030352105464351345
16.48241206030151	0.006546233411631903
16.884422110552766	0.015195679895475045
17.286432160804022	0.022931773791442615
17.68844221105528	0.02813339922492148
18.090452261306535	0.030043489098650948
18.49246231155779	0.028372873629895795
18.894472361809047	0.02388939358546756
19.296482412060303	0.017546801121669977
19.69849246231156	0.01121094263106294
20.100502512562816	0.008681795414496978
20.502512562814072	0.010348691269313356
20.90452261306533	0.011765503474141356
21.306532663316585	0.01059943400859102
21.70854271356784	0.006551267489798791
22.110552763819097	0.0036521317114855665
22.512562814070353	0.010818703263825329
22.91457286432161	0.019637138802478617
23.316582914572866	0.02765509666618366
23.718592964824122	0.03342991198494967
24.12060301507538	0.03600676031053455
24.522613065326635	0.03510757160931798
24.92462311557789	0.03112428648267007
25.326633165829147	0.024682750440798807
25.728643216080403	0.017255466857788303
26.13065326633166	0.010702877401376565
26.532663316582916	0.006750036202513685
26.934673366834172	0.005356869349087643
27.33668341708543	0.0036415700279273148
27.738693467336685	0.002837372371020922
28.14070351758794	0.008856614167849186
28.542713567839197	0.017485872805700617
28.944723618090453	0.02660397583190094
29.34673366834171	0.03486010907914079
29.748743718592966	0.04110424069016642
30.150753768844222	0.04416226703996661
30.55276381909548	0.04386060895083235
30.954773869346734	0.040548725341102716
31.35678391959799	0.03471399874751378
31.758793969849247	0.027658429874581825
32.16080402010051	0.02054454203966243
32.56281407035176	0.014741982705546015
32.96482412060302	0.011035727841264307
33.366834170854275	0.010026064648512415
33.76884422110553	0.012563491604818428
34.17085427135679	0.018729204065543247
34.572864321608044	0.026896315448570362
34.9748743718593	0.03585892688862715
35.37688442211056	0.04411717865781481
35.77889447236181	0.050564787452256565
36.18090452261307	0.05382059090534619
36.582914572864325	0.05415393074543233
36.98492462311558	0.051243133358470326
37.38693467336684	0.04565499436616133
37.788944723618094	0.03836434773284849
38.19095477386935	0.030689498130718307
38.59296482412061	0.02366830047936682
38.99497487437186	0.018199379838583826
39.39698492462312	0.015641600531452783
39.798994974874375	0.016456483689106648
40.20100502512563	0.020719756350351597
40.60301507537689	0.0275925983900831
41.005025125628144	0.035898115635715835
41.4070351758794	0.04372102650951129
41.80904522613066	0.049882887813960344
42.21105527638191	0.053107343390931136
42.61306532663317	0.053300970375238524
43.015075376884425	0.04987684401187151
43.41708542713568	0.043732778324464566
43.81909547738694	0.0358151781388011
44.221105527638194	0.027604861353876974
44.62311557788945	0.020020092126214938
45.02512562814071	0.014252833421717282
45.42713567839196	0.01103831153799676
45.82914572864322	0.010708351744828417
46.231155778894475	0.013789134945120365
46.63316582914573	0.01956145633635327
47.03517587939699	0.02637709436637
47.437185929648244	0.033191033062124106
47.8391959798995	0.038548531181830756
48.24120603015076	0.04148373289629324
48.64321608040201	0.04161379006488217
49.04522613065327	0.03878087452345201
49.447236180904525	0.03348122107777848
49.84924623115578	0.0265011930948442
50.25125628140704	0.018961017430671936
50.653266331658294	0.011843207808265869
51.05527638190955	0.006298064341976849
51.45728643216081	0.002860105611594909
51.85929648241206	0.0025289036069373995
52.26130653266332	0.006055819036573681
52.663316582914575	0.011787640408623987
53.06532663316583	0.018527860338586007
53.46733668341709	0.02518316677555806
53.869346733668344	0.030714331272009184
54.2713567839196	0.03407358973145824
54.67336683417086	0.034799641426277436
55.07537688442211	0.03265300711205472
55.47738693467337	0.027855308361088228
55.879396984924625	0.021338786137327797
56.28140703517588	0.014003292727783116
56.68341708542714	0.007204397725814696
57.085427135678394	0.002582801693416123
57.48743718592965	0.0019036768341085
57.88944723618091	0.001925243699323158
58.29145728643216	0.0027771548354918523
58.69346733668342	0.0075179273292701725
59.095477386934675	0.013978012989402369
59.49748743718593	0.02078180533566366
59.89949748743719	0.026644650491541133
60.301507537688444	0.030764213829900872
60.7035175879397	0.0323148488221484
61.10552763819096	0.03111917496165272
61.50753768844221	0.027278829734439652
61.90954773869347	0.02133024508128877
62.311557788944725	0.014169510278636503
62.71356783919598	0.007255904315370038
63.11557788944724	0.0015618551486885153
63.517587939698494	0.0022351427921970734
63.91959798994975	0.002922258701128253
64.32160804020101	0.00206026304428987
64.72361809045226	0.005565955590878788
65.12562814070353	0.011929257453400668
65.52763819095478	0.01907799994412864
65.92964824120604	0.025571968078891366
66.33165829145729	0.03043794737974359
66.73366834170855	0.03259124508810517
67.1356783919598	0.03169171635333595
67.53768844221106	0.02801919874424223
67.93969849246231	0.02204545415649363
68.34170854271358	0.014730426925632468
68.74371859296483	0.007632815714422527
69.14572864321609	0.0019761080377110963
69.54773869346734	0.0018602999076243582
69.9497487437186	0.0027206331430642203
70.35175879396985	0.0019435681072810303
70.75376884422111	0.005565716939863266
71.15577889447236	0.012026462388090176
71.55778894472363	0.019214205740908222
71.95979899497488	0.02585544971345728
72.36180904522614	0.03090888821809662
72.76381909547739	0.0334595383505026
73.16582914572865	0.03280152252190837
73.5678391959799	0.029137189095751952
73.96984924623116	0.023266112066982737
74.37185929648241	0.015972758594743744
74.77386934673368	0.008698833682731484
75.17587939698493	0.0030244468987812387
75.57788944723619	0.0023323659146015545
75.97989949748744	0.002686535244744896
76.3819095477387	0.001686042190247212
76.78391959798995	0.005799059458275966
77.18592964824121	0.012801377245816403
77.58793969849246	0.020450494011692383
77.98994974874373	0.02752366732277247
78.39195979899498	0.032592539825036695
78.79396984924624	0.0348731765211577
79.19597989949749	0.03403569950589752
79.59798994974875	0.030209926125495657
80.0	0.024331929961668348
