0.0	0.019282482813230643
0.4020100502512563	0.019112297313981126
0.8040201005025126	0.015738782853597057
1.206030150753769	0.009960025189779665
1.6080402010050252	0.002676470536548652
2.0100502512562817	0.004570249188351108
2.412060301507538	0.010371808120742815
2.814070351758794	0.013860498363811665
3.2160804020100504	0.014033842275954167
3.6180904522613067	0.01084872869253706
4.020100502512563	0.005175555502252203
4.42211055276382	0.0023894483544757176
4.824120603015076	0.010499778562588229
5.226130653266332	0.017295872027445813
5.628140703517588	0.022066128153215233
6.030150753768845	0.023949151556260418
6.432160804020101	0.022491589138522942
6.834170854271357	0.01814017004204467
7.236180904522613	0.011797614946502857
7.63819095477387	0.004894252691226323
8.040201005025127	0.0013862338616508828
8.442211055276383	0.005697212411401318
8.84422110552764	0.007199311315383744
9.246231155778895	0.005372805799854446
9.648241206030152	0.0027530842507431127
10.050251256281408	0.008187267941170879
10.452261306532664	0.016149148376398574
10.85427135678392	0.02372186403054648
11.256281407035177	0.02909608086944737
11.658291457286433	0.031196845748375814
12.06030150753769	0.0295718305258068
12.462311557788945	0.024499792382273212
12.864321608040202	0.01695469805459189
13.266331658291458	0.008657046085053674
13.668341708542714	0.0039624611905802985
14.07035175879397	0.00840862851022094
14.472361809045227	0.013269125275702648
14.874371859296483	0.015679948104516825
15.27638190954774	0.014118153708103348
15.678391959798995	0.01364182262729935
16.080402010050253	0.023505807852143224
16.48241206030151	0.03725073935903388
16.884422110552766	0.048839801614378245
17.286432160804022	0.054588897457504115
17.68844221105528	0.05219457228266823
18.090452261306535	0.04160900736278181
18.49246231155779	0.025564533522993545
18.894472361809047	0.007925862223252828
19.296482412060303	0.010334501317477473
19.69849246231156	0.023236326101884468
20.100502512562816	0.029539140687827693
20.502512562814072	0.03045763639567973
20.90452261306533	0.026497584290387167
21.306532663316585	0.02247262654544995
21.70854271356784	0.02709893083798079
22.110552763819097	0.039459459994415545
22.512562814070353	0.05064325509125768
22.91457286432161	0.0573057148236763
23.316582914572866	0.056029177468081656
23.718592964824122	0.046309338476302225
24.12060301507538	0.03159553494251157
24.522613065326635	0.016921813041853053
24.92462311557789	0.018405905256743044
25.326633165829147	0.031305377416274566
25.728643216080403	0.04136159500871387
26.13065326633166	0.04418859310530383
26.532663316582916	0.03923367948324935
26.934673366834172	0.028225921770471434
27.33668341708543	0.02005335807867765
27.738693467336685	0.026202958286354234
28.14070351758794	0.039167682424457985
28.542713567839197	0.047739513816791423
28.944723618090453	0.049251345900728195
29.34673366834171	0.042944976356986554
29.748743718592966	0.030281698278458485
30.150753768844222	0.016984020470259695
30.55276381909548	0.019517126527369297
30.954773869346734	0.032924486956079926
31.35678391959799	0.04364338339376133
31.758793969849247	0.04800914195270936
32.16080402010051	0.0457747868310052
32.56281407035176	0.03919763742046028
32.96482412060302	0.0317015080568253
33.366834170854275	0.02986651437479253
33.76884422110553	0.034801181797467204
34.17085427135679	0.04018473627622813
34.572864321608044	0.040865099799446886
34.9748743718593	0.03493175570900468
35.37688442211056	0.023061318598260206
35.77889447236181	0.0075487496542158364
36.18090452261307	0.011352544878480041
36.582914572864325	0.026738592388015864
36.98492462311558	0.03762526501117576
37.38693467336684	0.0419235443926543
37.788944723618094	0.03991617107816396
38.19095477386935	0.03408003713264485
38.59296482412061	0.02967656796382731
38.99497487437186	0.03241032931293434
39.39698492462312	0.03868788123166504
39.798994974874375	0.04231261723333387
40.20100502512563	0.04007048250557794
40.60301507537689	0.03258675819235058
41.005025125628144	0.021729177656372313
41.4070351758794	0.016371110732042154
41.80904522613066	0.024291310892754978
42.21105527638191	0.03495572304173063
42.61306532663317	0.04189679730181133
43.015075376884425	0.04356197146036218
43.41708542713568	0.040683169622013717
43.81909547738694	0.03675883258839457
44.221105527638194	0.03547450242953008
44.62311557788945	0.03846736396510918
45.02512562814071	0.04341696428205591
45.42713567839196	0.04635282109032178
45.82914572864322	0.045057050882986976
46.231155778894475	0.039020624055507394
46.63316582914573	0.03000279466481463
47.03517587939699	0.022685087224785426
47.437185929648244	0.023891890881343216
47.8391959798995	0.03203652751203454
48.24120603015076	0.04049388508944991
48.64321608040201	0.046897409836841826
49.04522613065327	0.04992540700958705
49.447236180904525	0.049603764685884406
49.84924623115578	0.04746488294623644
50.25125628140704	0.04500106421594142
50.653266331658294	0.0426925152571401
51.05527638190955	0.04089342526706439
51.45728643216081	0.0389850664097364
51.85929648241206	0.03661715742560478
52.26130653266332	0.03479883115349325
52.663316582914575	0.03435219753268637
53.06532663316583	0.036913834514917844
53.46733668341709	0.04171236700501137
53.869346733668344	0.04779256882431243
54.2713567839196	0.0531058272587044
54.67336683417086	0.05706663301672591
55.07537688442211	0.059258870140230645
55.47738693467337	0.06007525229532623
55.879396984924625	0.05914297784026212
56.28140703517588	0.0575742260917552
56.68341708542714	0.0553360606087964
57.085427135678394	0.05295090919554139
57.48743718592965	0.050208573312286675
57.88944723618091	0.04676093533877915
58.29145728643216	0.042929710675739786
58.69346733668342	0.03923817536080831
59.095477386934675	0.03661037982036804
59.49748743718593	0.03696159421805743
59.89949748743719	0.0397783759867205
60.301507537688444	0.04373515383987007
60.7035175879397	0.04740281780680513
61.10552763819096	0.04944280145901342
61.50753768844221	0.050259968863984095
61.90954773869347	0.05104663984713389
62.311557788944725	0.05193383756724348
62.71356783919598	0.05333830310579997
63.11557788944724	0.054643497926551134
63.517587939698494	0.054651532798573266
63.91959798994975	0.05248075043034396
64.32160804020101	0.047775626533663164
64.72361809045226	0.04177521952923181
65.12562814070353	0.036968957708732327
65.52763819095478	0.03577739082516525
65.92964824120604	0.039060709673128566
66.33165829145729	0.044055140586179375
66.73366834170855	0.04819906785361787
67.1356783919598	0.05077228849077149
67.53768844221106	0.051590439042689715
67.93969849246231	0.0514179964815211
68.34170854271358	0.05071530971637803
68.74371859296483	0.04947665558921703
69.14572864321609	0.047941114613368835
69.54773869346734	0.04500367437019372
69.9497487437186	0.040544876172879135
70.35175879396985	0.03454690080286587
70.75376884422111	0.028738974375995374
71.15577889447236	0.02621566979357255
71.55778894472363	0.029224212263675876
71.95979899497488	0.036448392883058664
72.36180904522614	0.04439489221538535
72.76381909547739	0.050901408451844765
73.16582914572865	0.054972637946159864
73.5678391959799	0.05632634316296055
73.96984924623116	0.055652367041665526
74.37185929648241	0.053674792435613114
74.77386934673368	0.05133812529492136
75.17587939698493	0.04843088720237766
75.57788944723619	0.04540885462742621
75.97989949748744	0.04111574291614427
76.3819095477387	0.0355366402749994
76.78391959798995	0.02984663324226739
77.18592964824121	0.027039121956186886
77.58793969849246	0.029514346601890173
77.98994974874373	0.03609344778253558
78.39195979899498	0.04371258347172702
78.79396984924624	0.049545480388009475
79.19597989949749	0.05300531051839101
79.59798994974875	0.054135671379613705
80.0	0.05416511353888966
