0.0	0.014315883190784636
0.4020100502512563	0.012972531957700604
0.8040201005025126	0.009232952213650183
1.206030150753769	0.004338070815334926
1.6080402010050252	0.002854035392461904
2.0100502512562817	0.007756393856738325
2.412060301507538	0.011421339750337992
2.814070351758794	0.012679795634339668
3.2160804020100504	0.011814768640722525
3.6180904522613067	0.008453629130979728
4.020100502512563	0.00322610075134179
4.42211055276382	0.002877374302115184
4.824120603015076	0.008478403647782446
5.226130653266332	0.012841101624151318
5.628140703517588	0.015306995694991532
6.030150753768845	0.014963692955801416
6.432160804020101	0.012438374254051091
6.834170854271357	0.008040587392702575
7.236180904522613	0.003424715796144194
7.63819095477387	0.004457935056700958
8.040201005025127	0.00839340748206434
8.442211055276383	0.010634660580723071
8.84422110552764	0.010707849517815882
9.246231155778895	0.007949319020665232
9.648241206030152	0.0031624447547148387
10.050251256281408	0.003080405996180992
10.452261306532664	0.009519064189713235
10.85427135678392	0.01510664371030308
11.256281407035177	0.019005661307800056
11.658291457286433	0.02089308547813501
12.06030150753769	0.020324463774273546
12.462311557788945	0.017672286094772366
12.864321608040202	0.013503916389401854
13.266331658291458	0.008971167269502246
13.668341708542714	0.005495274168297136
14.07035175879397	0.004218044010592246
14.472361809045227	0.004449583359891393
14.874371859296483	0.005282634060778148
15.27638190954774	0.00755137925133622
15.678391959798995	0.011816606340469266
16.080402010050253	0.01708981957685156
16.48241206030151	0.022448272210292393
16.884422110552766	0.026509523254993013
17.286432160804022	0.028810525614586663
17.68844221105528	0.02903468082827238
18.090452261306535	0.02750810448976378
18.49246231155779	0.024278681787232314
18.894472361809047	0.020086560341928905
19.296482412060303	0.01603207348122648
19.69849246231156	0.013135804732895145
20.100502512562816	0.011811136235205362
20.502512562814072	0.012207566103034698
20.90452261306533	0.0150594181799043
21.306532663316585	0.020021297329760192
21.70854271356784	0.02602637073855041
22.110552763819097	0.03220460813473733
22.512562814070353	0.037970822161638294
22.91457286432161	0.042387690402344864
23.316582914572866	0.04496840765259444
23.718592964824122	0.045354164957253834
24.12060301507538	0.04396394126380512
24.522613065326635	0.04088312684786702
24.92462311557789	0.03691999375482123
25.326633165829147	0.03276836596235482
25.728643216080403	0.02919319836730267
26.13065326633166	0.02731058522888184
26.532663316582916	0.027000950864590458
26.934673366834172	0.02893668106134995
27.33668341708543	0.03315272079729436
27.738693467336685	0.038768350126629436
28.14070351758794	0.04536737945438597
28.542713567839197	0.05203501901104988
28.944723618090453	0.05827224159663683
29.34673366834171	0.06325466741346672
29.748743718592966	0.06619108131448674
30.150753768844222	0.06725945393960639
30.55276381909548	0.0662400730771378
30.954773869346734	0.0634766718133036
31.35678391959799	0.059440229505056744
31.758793969849247	0.05530336896342029
32.16080402010051	0.051602570766674516
32.56281407035176	0.048764570378164576
32.96482412060302	0.0475708250383485
33.366834170854275	0.04827583885489288
33.76884422110553	0.05061364233338119
34.17085427135679	0.05385941825175542
34.572864321608044	0.05755144867633294
34.9748743718593	0.06107224647592172
35.37688442211056	0.06390571729859937
35.77889447236181	0.06557689817688371
36.18090452261307	0.06573298370478747
36.582914572864325	0.06461393131602733
36.98492462311558	0.06240979559658792
37.38693467336684	0.059600527450353366
37.788944723618094	0.056406252257645964
38.19095477386935	0.0533090679862534
38.59296482412061	0.05057356863182925
38.99497487437186	0.04868477201616521
39.39698492462312	0.047916935296431755
39.798994974874375	0.04839767019917183
40.20100502512563	0.04989319891620729
40.60301507537689	0.0523297934674866
41.005025125628144	0.055236813799416265
41.4070351758794	0.057912466097294966
41.80904522613066	0.05997544532502701
42.21105527638191	0.06106711831966397
42.61306532663317	0.06097662018659742
43.015075376884425	0.059640880291716755
43.41708542713568	0.057334835621809646
43.81909547738694	0.05423882906905554
44.221105527638194	0.05117056200642404
44.62311557788945	0.04847135075785666
45.02512562814071	0.046657369474394514
45.42713567839196	0.046120446423017235
45.82914572864322	0.046759218889349856
46.231155778894475	0.04881024545243278
46.63316582914573	0.05190906625712681
47.03517587939699	0.05530353325199031
47.437185929648244	0.05835332885219431
47.8391959798995	0.060572246345992606
48.24120603015076	0.06148492221177122
48.64321608040201	0.061284374377456444
49.04522613065327	0.06011900249640265
49.447236180904525	0.05875675749989774
49.84924623115578	0.057193213648599285
50.25125628140704	0.05592872315860843
50.653266331658294	0.054784260160120515
51.05527638190955	0.05341433889206972
51.45728643216081	0.05254051342868945
51.85929648241206	0.05222772793769205
52.26130653266332	0.052425500309779216
52.663316582914575	0.053992807166584646
53.06532663316583	0.05620427731398803
53.46733668341709	0.05860954828877975
53.869346733668344	0.06066612893130176
54.2713567839196	0.06201975618349757
54.67336683417086	0.06255975150032886
55.07537688442211	0.062320062864977085
55.47738693467337	0.061519711883764705
55.879396984924625	0.06049530607855458
56.28140703517588	0.05930532552017147
56.68341708542714	0.057866893604713324
57.085427135678394	0.055936267893908195
57.48743718592965	0.05399717394639393
57.88944723618091	0.05219028783814542
58.29145728643216	0.05144913095235326
58.69346733668342	0.05217197868728871
59.095477386934675	0.054085485409092325
59.49748743718593	0.05668195253652565
59.89949748743719	0.058979417605678444
60.301507537688444	0.060825016745485704
60.7035175879397	0.06188648553044383
61.10552763819096	0.06187195679761418
61.50753768844221	0.06168512262656341
61.90954773869347	0.06083069910677406
62.311557788944725	0.059460279228460686
62.71356783919598	0.05713470236905958
63.11557788944724	0.05451236978710412
63.517587939698494	0.051632168250052214
63.91959798994975	0.04983334648539323
64.32160804020101	0.04950416143443431
64.72361809045226	0.05117693175120245
65.12562814070353	0.0542171130544
65.52763819095478	0.057740134247234086
65.92964824120604	0.06076975349884205
66.33165829145729	0.0625091225662004
66.73366834170855	0.06282933933745438
67.1356783919598	0.06186284038276736
67.53768844221106	0.05970213854069607
67.93969849246231	0.05731105590000046
68.34170854271358	0.05468888709194112
68.74371859296483	0.052370295052304706
69.14572864321609	0.05078214969080842
69.54773869346734	0.05000428914539756
69.9497487437186	0.05040276126890891
70.35175879396985	0.05236402563894009
70.75376884422111	0.05529640906476992
71.15577889447236	0.05826758312594874
71.55778894472363	0.06065533609256356
71.95979899497488	0.06170657451234174
72.36180904522614	0.06133662630254868
72.76381909547739	0.059724906325248864
73.16582914572865	0.0578229026583628
73.5678391959799	0.05599452409367406
73.96984924623116	0.05507650528128909
74.37185929648241	0.05503069238050016
74.77386934673368	0.055531045418755885
75.17587939698493	0.05596327990188767
75.57788944723619	0.05664750512365404
75.97989949748744	0.0571234325965108
76.3819095477387	0.057792498921908866
76.78391959798995	0.05839243148748171
77.18592964824121	0.05884978315730145
77.58793969849246	0.059156402472224236
77.98994974874373	0.058770058007244906
78.39195979899498	0.05763993242683253
78.79396984924624	0.056470522204812766
79.19597989949749	0.05554798111471314
79.59798994974875	0.05531821923697725
80.0	0.05582144342952601
