0.0	0.010784116460531129
0.4020100502512563	0.008762345042235602
0.8040201005025126	0.005653029098574054
1.206030150753769	0.0017989759011938094
1.6080402010050252	0.003123773517250164
2.0100502512562817	0.006517381440596036
2.412060301507538	0.008706720112910099
2.814070351758794	0.009209601638957905
3.2160804020100504	0.007966600846122442
3.6180904522613067	0.005148617916018712
4.020100502512563	0.001226539897722511
4.42211055276382	0.003103720496100582
4.824120603015076	0.006684137344303664
5.226130653266332	0.00945441896339046
5.628140703517588	0.010316302624872818
6.030150753768845	0.009177707491645214
6.432160804020101	0.006875696172887437
6.834170854271357	0.003493203087733618
7.236180904522613	0.0024592648522060844
7.63819095477387	0.005530756283012467
8.040201005025127	0.008167771167431972
8.442211055276383	0.00975726587190734
8.84422110552764	0.009044991356369238
9.246231155778895	0.006781833037938646
9.648241206030152	0.003406315658219048
10.050251256281408	0.0014235869983782424
10.452261306532664	0.004959057986607809
10.85427135678392	0.007947527975052746
11.256281407035177	0.009500483427378545
11.658291457286433	0.009156244314269538
12.06030150753769	0.007118742554512994
12.462311557788945	0.004061007346968357
12.864321608040202	0.0005994275949770145
13.266331658291458	0.003481464519562348
13.668341708542714	0.0065034987718254385
14.07035175879397	0.008572331645145554
14.472361809045227	0.009292751315030693
14.874371859296483	0.008579043381830333
15.27638190954774	0.006027485187671306
15.678391959798995	0.002867263012997
16.080402010050253	0.003926903307839619
16.48241206030151	0.0065143707366254145
16.884422110552766	0.008294524810892472
17.286432160804022	0.008141334902113124
17.68844221105528	0.006464501024612057
18.090452261306535	0.0032397319319789654
18.49246231155779	0.0025491833033067595
18.894472361809047	0.008347607827324495
19.296482412060303	0.01384699846602593
19.69849246231156	0.01886820117650765
20.100502512562816	0.023010642382932163
20.502512562814072	0.024917982541034143
20.90452261306533	0.023930197801242677
21.306532663316585	0.021008911520376393
21.70854271356784	0.017200978732618298
22.110552763819097	0.013133117836162273
22.512562814070353	0.012185856565855175
22.91457286432161	0.012716570226747884
23.316582914572866	0.012803166691912195
23.718592964824122	0.013196021817760861
24.12060301507538	0.017082868488669373
24.522613065326635	0.026549967428517406
24.92462311557789	0.037992420268918484
25.326633165829147	0.04862168074541973
25.728643216080403	0.05608475028023856
26.13065326633166	0.05834567947908766
26.532663316582916	0.055921847453361026
26.934673366834172	0.05026986089795889
27.33668341708543	0.04403488694274353
27.738693467336685	0.03948759853137658
28.14070351758794	0.037593956694555807
28.542713567839197	0.03660628515093585
28.944723618090453	0.03511616767538778
29.34673366834171	0.03410987647222606
29.748743718592966	0.03613035003132032
30.150753768844222	0.0435081840609212
30.55276381909548	0.05397672791635059
30.954773869346734	0.06484047576999305
31.35678391959799	0.07296174543889346
31.758793969849247	0.07736812618164432
32.16080402010051	0.07825965539568265
32.56281407035176	0.07599167877324367
32.96482412060302	0.07312564903808953
33.366834170854275	0.07031007289202057
33.76884422110553	0.06832639410056437
34.17085427135679	0.06590869806432868
34.572864321608044	0.0622999290834617
34.9748743718593	0.05776146015965413
35.37688442211056	0.05320045586124801
35.77889447236181	0.05099033604943065
36.18090452261307	0.05233377611529087
36.582914572864325	0.05598540719570837
36.98492462311558	0.05980194842631955
37.38693467336684	0.06175460680891929
37.788944723618094	0.0604296341815437
38.19095477386935	0.05722240714224149
38.59296482412061	0.05234020263384058
38.99497487437186	0.0472806487408397
39.39698492462312	0.04292169488920174
39.798994974874375	0.039756355705751714
40.20100502512563	0.03628574157851906
40.60301507537689	0.030723345212381088
41.005025125628144	0.0235180650136571
41.4070351758794	0.016139123516401847
41.80904522613066	0.014708765043216294
42.21105527638191	0.02136861410057852
42.61306532663317	0.028878075407777072
43.015075376884425	0.03444716462917416
43.41708542713568	0.03615726822462843
43.81909547738694	0.03366736865506354
44.221105527638194	0.027838353976179748
44.62311557788945	0.02011668922826043
45.02512562814071	0.012855402117983448
45.42713567839196	0.01069650897789628
45.82914572864322	0.013507245605093726
46.231155778894475	0.014972742647408097
46.63316582914573	0.013615472851884572
47.03517587939699	0.011784276261028289
47.437185929648244	0.015260277242755974
47.8391959798995	0.024014455369293346
48.24120603015076	0.03308542824172337
48.64321608040201	0.03983887704665311
49.04522613065327	0.04293496065842777
49.447236180904525	0.041759589757325806
49.84924623115578	0.037224927069454454
50.25125628140704	0.03053125747715188
50.653266331658294	0.023778606174389764
51.05527638190955	0.021355428929364303
51.45728643216081	0.023752455479412328
51.85929648241206	0.029095588023368823
52.26130653266332	0.03466952848071354
52.663316582914575	0.040963018640055554
53.06532663316583	0.04672252981487879
53.46733668341709	0.0529004171048459
53.869346733668344	0.0577712475104762
54.2713567839196	0.060769243540409634
54.67336683417086	0.06124352892931856
55.07537688442211	0.059061629206687574
55.47738693467337	0.05451326862650717
55.879396984924625	0.04858783517996057
56.28140703517588	0.04244823758640382
56.68341708542714	0.03808641287478574
57.085427135678394	0.03712548268724857
57.48743718592965	0.039953409510621464
57.88944723618091	0.04418269231002357
58.29145728643216	0.04872079834650705
58.69346733668342	0.05263195483714213
59.095477386934675	0.05538740437740532
59.49748743718593	0.05703064361144265
59.89949748743719	0.05746056629033425
60.301507537688444	0.05661666810840856
60.7035175879397	0.05496328904784929
61.10552763819096	0.05163936525038999
61.50753768844221	0.04707353735822583
61.90954773869347	0.040934018700308245
62.311557788944725	0.036147703845623005
62.71356783919598	0.03533199765891833
63.11557788944724	0.04000459600293797
63.517587939698494	0.0467465419103328
63.91959798994975	0.05265520918467107
64.32160804020101	0.05539160074637426
64.72361809045226	0.054865854555245105
65.12562814070353	0.05168299820752539
65.52763819095478	0.04715186760772904
65.92964824120604	0.042689974057722284
66.33165829145729	0.039342908601677475
66.73366834170855	0.03603219139243704
67.1356783919598	0.03171729654961903
67.53768844221106	0.02643470031631855
67.93969849246231	0.023533566329042237
68.34170854271358	0.027176218045413158
68.74371859296483	0.03616855961509251
69.14572864321609	0.04579245994568258
69.54773869346734	0.05277658462732062
69.9497487437186	0.055378096636035455
70.35175879396985	0.05317602769598776
70.75376884422111	0.046864181988900355
71.15577889447236	0.037839415806924515
71.55778894472363	0.02869259695604586
71.95979899497488	0.021691275495849822
72.36180904522614	0.017984808200726295
72.76381909547739	0.01517959728903443
73.16582914572865	0.01229277861928852
73.5678391959799	0.012742947028387575
73.96984924623116	0.020633981042851197
74.37185929648241	0.032217756956897006
74.77386934673368	0.04380330685525274
75.17587939698493	0.052781189103302664
75.57788944723619	0.05819757925631116
75.97989949748744	0.05850548525897732
76.3819095477387	0.05439241337369026
76.78391959798995	0.04648108238553057
77.18592964824121	0.03631369075161668
77.58793969849246	0.025547372368926173
77.98994974874373	0.01682818541072867
78.39195979899498	0.011235202644517373
78.79396984924624	0.008573718263038712
79.19597989949749	0.010930612217388388
79.59798994974875	0.01915532590193058
80.0	0.030773764744143683
