0.0	0.01654459931570882
0.4020100502512563	0.01613198908163701
0.8040201005025126	0.013014588507203722
1.206030150753769	0.007919094689228771
1.6080402010050252	0.0021050481216398687
2.0100502512562817	0.005305796347104502
2.412060301507538	0.01001996479459515
2.814070351758794	0.012654119417709237
3.2160804020100504	0.012541743057402988
3.6180904522613067	0.009497898990637528
4.020100502512563	0.004390811405437794
4.42211055276382	0.002814463240189106
4.824120603015076	0.009650998874304607
5.226130653266332	0.015376090216860313
5.628140703517588	0.019169928850704846
6.030150753768845	0.020426434417070406
6.432160804020101	0.01860761049832708
6.834170854271357	0.014468064580994488
7.236180904522613	0.009023828620664661
7.63819095477387	0.0038856808899842914
8.040201005025127	0.0040669638197033614
8.442211055276383	0.006835479861095016
8.84422110552764	0.007508336427347805
9.246231155778895	0.005418643180612846
9.648241206030152	0.002083489906071623
10.050251256281408	0.006749982860913216
10.452261306532664	0.013923999616982218
10.85427135678392	0.020914483270825103
11.256281407035177	0.026541206361663953
11.658291457286433	0.029417816660320967
12.06030150753769	0.02965257241566932
12.462311557788945	0.027042821320288023
12.864321608040202	0.022541741584154486
13.266331658291458	0.017060667563641732
13.668341708542714	0.011958795132249673
14.07035175879397	0.008766498209584517
14.472361809045227	0.007897706886703455
14.874371859296483	0.009162132891565908
15.27638190954774	0.012854922621518494
15.678391959798995	0.0186505469465476
16.080402010050253	0.02574719480281378
16.48241206030151	0.033289890850992404
16.884422110552766	0.039966324491730175
17.286432160804022	0.044912893700203335
17.68844221105528	0.047211253794693396
18.090452261306535	0.046892653187775905
18.49246231155779	0.04402028129165912
18.894472361809047	0.03962723632488465
19.296482412060303	0.03466605200253032
19.69849246231156	0.030995156369268684
20.100502512562816	0.029430625469515498
20.502512562814072	0.029765739957405758
20.90452261306533	0.03189888542502358
21.306532663316585	0.03591346671584126
21.70854271356784	0.041415992548751904
22.110552763819097	0.04822224450967818
22.512562814070353	0.055544737518607515
22.91457286432161	0.06222182557866455
23.316582914572866	0.06724876265546084
23.718592964824122	0.06989118385161591
24.12060301507538	0.07012589054215543
24.522613065326635	0.06831449817859624
24.92462311557789	0.06526820199347412
25.326633165829147	0.061930908352908556
25.728643216080403	0.05920220242743936
26.13065326633166	0.05737449403303159
26.532663316582916	0.056619437039999124
26.934673366834172	0.05640910808159769
27.33668341708543	0.056600727059220333
27.738693467336685	0.057251956150613535
28.14070351758794	0.058282101888974334
28.542713567839197	0.05982771062189594
28.944723618090453	0.06153049793920079
29.34673366834171	0.06290692331304651
29.748743718592966	0.06357670463582914
30.150753768844222	0.0637348172939209
30.55276381909548	0.0637586345046952
30.954773869346734	0.06344695106685483
31.35678391959799	0.06265281858768994
31.758793969849247	0.06131960834461035
32.16080402010051	0.05937875694378656
32.56281407035176	0.05691683053359723
32.96482412060302	0.05422183073246856
33.366834170854275	0.05155215007014735
33.76884422110553	0.04923767633812598
34.17085427135679	0.04781818521000462
34.572864321608044	0.04760524771792372
34.9748743718593	0.04844287398285235
35.37688442211056	0.05017945454382529
35.77889447236181	0.05235356566806891
36.18090452261307	0.05414730099620132
36.582914572864325	0.05526239406535356
36.98492462311558	0.055671467699330804
37.38693467336684	0.055663203612848565
37.788944723618094	0.05519296551772966
38.19095477386935	0.05424684663203748
38.59296482412061	0.05316156814821871
38.99497487437186	0.051552516167994535
39.39698492462312	0.049922802429545464
39.798994974874375	0.04863191634872668
40.20100502512563	0.04832118736205798
40.60301507537689	0.0492142178341451
41.005025125628144	0.05106917143189956
41.4070351758794	0.053837787328033085
41.80904522613066	0.05629000194591899
42.21105527638191	0.05800332071441
42.61306532663317	0.05849913141382681
43.015075376884425	0.0577189626379073
43.41708542713568	0.05631549622919949
43.81909547738694	0.0545208547280379
44.221105527638194	0.052965493693390917
44.62311557788945	0.05148551112390295
45.02512562814071	0.05066685508959694
45.42713567839196	0.05044241090627065
45.82914572864322	0.05096639827025601
46.231155778894475	0.052520255546932314
46.63316582914573	0.05489151479680302
47.03517587939699	0.057463674648390986
47.437185929648244	0.05938695550997636
47.8391959798995	0.059794473165758685
48.24120603015076	0.05874434741339325
48.64321608040201	0.056399494601333935
49.04522613065327	0.05435219860486569
49.447236180904525	0.05294072341296415
49.84924623115578	0.05277761196303138
50.25125628140704	0.053759219585045384
50.653266331658294	0.0547835833035652
51.05527638190955	0.05563431026557246
51.45728643216081	0.055861734264317266
51.85929648241206	0.05583989661759085
52.26130653266332	0.05608297330229238
52.663316582914575	0.05662174336599355
53.06532663316583	0.0574778880448545
53.46733668341709	0.05824075485759136
53.869346733668344	0.058789967577479306
54.2713567839196	0.05914425922227168
54.67336683417086	0.05924070901161112
55.07537688442211	0.05934819569019099
55.47738693467337	0.05975165485457153
55.879396984924625	0.05977632097796517
56.28140703517588	0.059357324683961765
56.68341708542714	0.05843293245891511
57.085427135678394	0.05691411216845434
57.48743718592965	0.05536101677487868
57.88944723618091	0.054305219727537324
58.29145728643216	0.05398057326085852
58.69346733668342	0.054752531932790685
59.095477386934675	0.05627703704502781
59.49748743718593	0.05774166073216177
59.89949748743719	0.05928135272348968
60.301507537688444	0.06015686649630111
60.7035175879397	0.060672818868562364
61.10552763819096	0.06079354655036494
61.50753768844221	0.060330974065971876
61.90954773869347	0.05956263433220037
62.311557788944725	0.05819225127305072
62.71356783919598	0.05636589453951946
63.11557788944724	0.05432522423496722
63.517587939698494	0.05248017762476379
63.91959798994975	0.05109716473651159
64.32160804020101	0.050918216178220475
64.72361809045226	0.052010001435445555
65.12562814070353	0.05379031716436807
65.52763819095478	0.05589516577496948
65.92964824120604	0.05795330994337503
66.33165829145729	0.059272934834288846
66.73366834170855	0.059758106672688216
67.1356783919598	0.05974568837554297
67.53768844221106	0.059398130856845054
67.93969849246231	0.058574614490046986
68.34170854271358	0.05747109003648217
68.74371859296483	0.05633026728927563
69.14572864321609	0.05468538579082657
69.54773869346734	0.053152223420106615
69.9497487437186	0.05197273191338932
70.35175879396985	0.05152465387990213
70.75376884422111	0.05201607054136065
71.15577889447236	0.05301447424889921
71.55778894472363	0.05466541391530296
71.95979899497488	0.05599493352107049
72.36180904522614	0.057124885074050835
72.76381909547739	0.05824399776451974
73.16582914572865	0.05924340708292758
73.5678391959799	0.0597235543764133
73.96984924623116	0.06024406492312791
74.37185929648241	0.06044174327674159
74.77386934673368	0.059920326550678214
75.17587939698493	0.058929013130831674
75.57788944723619	0.05713914082983808
75.97989949748744	0.05501760881797846
76.3819095477387	0.053077123036008755
76.78391959798995	0.05181671909146307
77.18592964824121	0.05160406336457009
77.58793969849246	0.05231010098282145
77.98994974874373	0.05386248952662666
78.39195979899498	0.05565990896826932
78.79396984924624	0.05787097743104902
79.19597989949749	0.06029430930687298
79.59798994974875	0.0629781699945395
80.0	0.06523844449656566
