0.0	0.02626122910386088
0.4020100502512563	0.024947202761144073
0.8040201005025126	0.019398685616536814
1.206030150753769	0.011069289979734841
1.6080402010050252	0.0019232264109257178
2.0100502512562817	0.008327090387099171
2.412060301507538	0.015219970984146323
2.814070351758794	0.018634825699513715
3.2160804020100504	0.017532224457446028
3.6180904522613067	0.012575734064856575
4.020100502512563	0.004321617062821611
4.42211055276382	0.006055848037764253
4.824120603015076	0.016137924837292657
5.226130653266332	0.024120953882110732
5.628140703517588	0.028854369766034327
6.030150753768845	0.02944654999416957
6.432160804020101	0.025838726450828332
6.834170854271357	0.0185372861437997
7.236180904522613	0.00966897010995373
7.63819095477387	0.002661386781472996
8.040201005025127	0.008152848277972944
8.442211055276383	0.012602619991131
8.84422110552764	0.013179772598034495
9.246231155778895	0.009503364917356531
9.648241206030152	0.0030314827631988815
10.050251256281408	0.008452873284037002
10.452261306532664	0.018320146350110495
10.85427135678392	0.026970781115658076
11.256281407035177	0.03224464006020921
11.658291457286433	0.03335944812927114
12.06030150753769	0.029922300589978724
12.462311557788945	0.022341602566352453
12.864321608040202	0.01202928448764505
13.266331658291458	0.0010062757993253815
13.668341708542714	0.009439399483342634
14.07035175879397	0.0169862552938638
14.472361809045227	0.020139800102209875
14.874371859296483	0.018379362032807108
15.27638190954774	0.012043830366508143
15.678391959798995	0.0021835270330287956
16.080402010050253	0.009925008882693974
16.48241206030151	0.021572055216699824
16.884422110552766	0.03054763968606946
17.286432160804022	0.03596810330960763
17.68844221105528	0.03676463922997791
18.090452261306535	0.0331661034657611
18.49246231155779	0.02565209253868126
18.894472361809047	0.01553981833093605
19.296482412060303	0.005058639509713657
19.69849246231156	0.006831130045428788
20.100502512562816	0.014496168836150977
20.502512562814072	0.018344083040708246
20.90452261306533	0.018023443975429855
21.306532663316585	0.013647292112713604
21.70854271356784	0.008039521304905367
22.110552763819097	0.010562739768287924
22.512562814070353	0.019354770420873444
22.91457286432161	0.0274265219318005
23.316582914572866	0.03233682319682103
23.718592964824122	0.03302500135360031
24.12060301507538	0.02956320999216061
24.522613065326635	0.022689940034686877
24.92462311557789	0.015270734846331615
25.326633165829147	0.012396762518785036
25.728643216080403	0.015885135349945238
26.13065326633166	0.019740244659753315
26.532663316582916	0.020327076743460896
26.934673366834172	0.01696487767140175
27.33668341708543	0.012023258496286831
27.738693467336685	0.01363813845641761
28.14070351758794	0.023159720499289525
28.542713567839197	0.033841015867680124
28.944723618090453	0.04207986344870037
29.34673366834171	0.04615756628677427
29.748743718592966	0.04536211746136761
30.150753768844222	0.03966013725044979
30.55276381909548	0.03104981769941209
30.954773869346734	0.0224597767421939
31.35678391959799	0.01859488020577684
31.758793969849247	0.020453639342529993
32.16080402010051	0.022892785140854167
32.56281407035176	0.02272059879689662
32.96482412060302	0.020221570011426764
33.366834170854275	0.01946334859719159
33.76884422110553	0.024902294240795965
34.17085427135679	0.033886902167430094
34.572864321608044	0.042999565034138335
34.9748743718593	0.049135951509230176
35.37688442211056	0.051045453287077915
35.77889447236181	0.048459876448070906
36.18090452261307	0.04238350775901959
36.582914572864325	0.034837380381078434
36.98492462311558	0.028051670182022835
37.38693467336684	0.024725174718060045
37.788944723618094	0.024252881768585328
38.19095477386935	0.02432970579787787
38.59296482412061	0.024353872155484683
38.99497487437186	0.025835118205408042
39.39698492462312	0.0315603047249836
39.798994974874375	0.040593710309557524
40.20100502512563	0.05031746329740404
40.60301507537689	0.05817733189604378
41.005025125628144	0.06248307029154828
41.4070351758794	0.06267580713828616
41.80904522613066	0.05874073090060199
42.21105527638191	0.052550175062431204
42.61306532663317	0.046167406031222456
43.015075376884425	0.041627228812263065
43.41708542713568	0.039943704887346096
43.81909547738694	0.040677482221110166
44.221105527638194	0.042510677227451846
44.62311557788945	0.04545648790545417
45.02512562814071	0.050707050118036036
45.42713567839196	0.05800674197861363
45.82914572864322	0.06651159086372663
46.231155778894475	0.07443181360156208
46.63316582914573	0.0800275796820902
47.03517587939699	0.08178387654064838
47.437185929648244	0.07962736374499448
47.8391959798995	0.07379292075414776
48.24120603015076	0.0657119805601779
48.64321608040201	0.05705657715870566
49.04522613065327	0.0495865148399361
49.447236180904525	0.04468680850106409
49.84924623115578	0.0424246990920838
50.25125628140704	0.04268654505589379
50.653266331658294	0.045261751383698354
51.05527638190955	0.050304971497533754
51.45728643216081	0.057559126696234995
51.85929648241206	0.06559696791087198
52.26130653266332	0.0730685576011805
52.663316582914575	0.07790851232998572
53.06532663316583	0.07895171756241412
53.46733668341709	0.07574794799433639
53.869346733668344	0.06868487706336743
54.2713567839196	0.05907422027799408
54.67336683417086	0.049219200143148886
55.07537688442211	0.04166063438059636
55.47738693467337	0.038116093294934636
55.879396984924625	0.038297272866077176
56.28140703517588	0.04012624099365404
56.68341708542714	0.04277255907292691
57.085427135678394	0.04605619567361923
57.48743718592965	0.05063939748151418
57.88944723618091	0.05599130588293237
58.29145728643216	0.06133317359790684
58.69346733668342	0.06478830939982214
59.095477386934675	0.06563822708558731
59.49748743718593	0.0633464940345256
59.89949748743719	0.05813412814400469
60.301507537688444	0.05151429884208664
60.7035175879397	0.04551746400708155
61.10552763819096	0.042158588909067804
61.50753768844221	0.04180069722871728
61.90954773869347	0.042798783972969476
62.311557788944725	0.04382235606490984
62.71356783919598	0.04437902461029816
63.11557788944724	0.04486930998499772
63.517587939698494	0.047269544385225064
63.91959798994975	0.05212442637054697
64.32160804020101	0.058221411631189234
64.72361809045226	0.0638525719436186
65.12562814070353	0.06684246168657978
65.52763819095478	0.06607636443212012
65.92964824120604	0.06204797827146384
66.33165829145729	0.056027862448294975
66.73366834170855	0.050084573225341475
67.1356783919598	0.04653738906482988
67.53768844221106	0.04635401022099619
67.93969849246231	0.04750246317722441
68.34170854271358	0.048438474112480166
68.74371859296483	0.04823021439158109
69.14572864321609	0.04845402152554001
69.54773869346734	0.050615182518138166
69.9497487437186	0.055145018625222496
70.35175879396985	0.0607581823474315
70.75376884422111	0.0650627867625022
71.15577889447236	0.06628258557787829
71.55778894472363	0.06344549247076722
71.95979899497488	0.05751974574929973
72.36180904522614	0.050255889334364756
72.76381909547739	0.04453027634437252
73.16582914572865	0.0428753651891355
73.5678391959799	0.04466562273487172
73.96984924623116	0.04754294405789307
74.37185929648241	0.04941935317152178
74.77386934673368	0.049847289993010156
75.17587939698493	0.05023888804013267
75.57788944723619	0.05217795934880785
75.97989949748744	0.05653801914360042
76.3819095477387	0.06200686015611838
76.78391959798995	0.06590971504807007
77.18592964824121	0.06663094653465508
77.58793969849246	0.06366072240109358
77.98994974874373	0.057745527437866394
78.39195979899498	0.05114515036805658
78.79396984924624	0.047089341153850814
79.19597989949749	0.047421634099147604
79.59798994974875	0.05036268932114797
80.0	0.05333097911575073
