0.0	0.03789127970625332
0.4020100502512563	0.03411525296897009
0.8040201005025126	0.024688424086012076
1.206030150753769	0.011525221287357137
1.6080402010050252	0.004779672921037959
2.0100502512562817	0.0174188219269203
2.412060301507538	0.026870782170434766
2.814070351758794	0.030710807002411217
3.2160804020100504	0.028171208359827622
3.6180904522613067	0.019841922000766354
4.020100502512563	0.00742560612706927
4.42211055276382	0.00839115655562657
4.824120603015076	0.02201753534397501
5.226130653266332	0.0325699045395927
5.628140703517588	0.03788226960828065
6.030150753768845	0.03699746599797916
6.432160804020101	0.029988978663635684
6.834170854271357	0.018409859957048042
7.236180904522613	0.006355337809051409
7.63819095477387	0.011402250483474222
8.040201005025127	0.021897331903531818
8.442211055276383	0.027539776217633254
8.84422110552764	0.027274173785651373
9.246231155778895	0.020674427493815234
9.648241206030152	0.009034922277551604
10.050251256281408	0.00560180422885446
10.452261306532664	0.020692863116185442
10.85427135678392	0.03351259711963276
11.256281407035177	0.041727656912749496
11.658291457286433	0.04414642169350919
12.06030150753769	0.040343345830301004
12.462311557788945	0.03144073249364305
12.864321608040202	0.01984426195775487
13.266331658291458	0.009601805254324748
13.668341708542714	0.010711585708767953
14.07035175879397	0.01619335213639856
14.472361809045227	0.017430017438825593
14.874371859296483	0.013054888526503336
15.27638190954774	0.0034075193589651227
15.678391959798995	0.010214345336621583
16.080402010050253	0.025333235757224647
16.48241206030151	0.03955281773556356
16.884422110552766	0.050609954476036
17.286432160804022	0.056725422853998654
17.68844221105528	0.05756204307539783
18.090452261306535	0.05313675061086624
18.49246231155779	0.04463184457593989
18.894472361809047	0.03434965540442537
19.296482412060303	0.023800176098673846
19.69849246231156	0.01574063675240691
20.100502512562816	0.010498071996810032
20.502512562814072	0.008559756161169808
20.90452261306533	0.011563184135328457
21.306532663316585	0.018962514408555137
21.70854271356784	0.029061652776301145
22.110552763819097	0.0393399360512418
22.512562814070353	0.04811333357266661
22.91457286432161	0.054229734134476536
23.316582914572866	0.05712179716752569
23.718592964824122	0.056769394732011404
24.12060301507538	0.05376611601883911
24.522613065326635	0.04848951425517173
24.92462311557789	0.04225715774046697
25.326633165829147	0.0360720711063099
25.728643216080403	0.0307716743803707
26.13065326633166	0.027908248595436246
26.532663316582916	0.027466825012967266
26.934673366834172	0.029901843243690947
27.33668341708543	0.03479666291306367
27.738693467336685	0.04123794768229566
28.14070351758794	0.047991526682907515
28.542713567839197	0.05419557708417738
28.944723618090453	0.059059927777632415
29.34673366834171	0.061641121374729366
29.748743718592966	0.062206779413135405
30.150753768844222	0.060422769209527674
30.55276381909548	0.05717392010538573
30.954773869346734	0.05295705986916838
31.35678391959799	0.049030864628278506
31.758793969849247	0.046084304470513746
32.16080402010051	0.044977878703581775
32.56281407035176	0.04603002340579419
32.96482412060302	0.04930741648695245
33.366834170854275	0.054207010441579405
33.76884422110553	0.059783434333698926
34.17085427135679	0.06518714309003525
34.572864321608044	0.06947580508722434
34.9748743718593	0.0717431216804251
35.37688442211056	0.07159698702207488
35.77889447236181	0.06936242676824131
36.18090452261307	0.06543966603583817
36.582914572864325	0.06053885539218934
36.98492462311558	0.05524778452696585
37.38693467336684	0.05050646328192301
37.788944723618094	0.04692313030099288
38.19095477386935	0.045311996687810094
38.59296482412061	0.04606880843654636
38.99497487437186	0.04903920232129133
39.39698492462312	0.05421160287578487
39.798994974874375	0.06000872147792594
40.20100502512563	0.06541654197066268
40.60301507537689	0.06928316019199524
41.005025125628144	0.07090991386414432
41.4070351758794	0.0695911751206981
41.80904522613066	0.06542868496336439
42.21105527638191	0.059132805875679664
42.61306532663317	0.05174802965422588
43.015075376884425	0.04440335104806971
43.41708542713568	0.038682903758607244
43.81909547738694	0.035248942392937896
44.221105527638194	0.03491769843346518
44.62311557788945	0.03773675026681045
45.02512562814071	0.04315144697833963
45.42713567839196	0.05047757549915387
45.82914572864322	0.058496476230141904
46.231155778894475	0.06607098268549796
46.63316582914573	0.07110000618166501
47.03517587939699	0.07321723062833563
47.437185929648244	0.07139851281459392
47.8391959798995	0.06598565145354351
48.24120603015076	0.0579273012740566
48.64321608040201	0.04896558485540463
49.04522613065327	0.04027893033901979
49.447236180904525	0.03376858904293595
49.84924623115578	0.030874686349049572
50.25125628140704	0.031942736482642106
50.653266331658294	0.037091104924417556
51.05527638190955	0.04569336890928936
51.45728643216081	0.0560915190239337
51.85929648241206	0.06614203111020914
52.26130653266332	0.07388680663966685
52.663316582914575	0.07793336336517974
53.06532663316583	0.07752700393721021
53.46733668341709	0.07226637719110836
53.869346733668344	0.0631491994512506
54.2713567839196	0.052062256756492585
54.67336683417086	0.041037795456912066
55.07537688442211	0.0321111426579109
55.47738693467337	0.027342497310589
55.879396984924625	0.027276802379067756
56.28140703517588	0.0318992726668479
56.68341708542714	0.0403715799573976
57.085427135678394	0.05106222945661306
57.48743718592965	0.061749003200054706
57.88944723618091	0.07068392146778477
58.29145728643216	0.0760262389270629
58.69346733668342	0.07671568781244899
59.095477386934675	0.07279351597295214
59.49748743718593	0.06500369807678555
59.89949748743719	0.054725504469418776
60.301507537688444	0.04387350689338273
60.7035175879397	0.03446311927085983
61.10552763819096	0.028176632561077282
61.50753768844221	0.02604935024001091
61.90954773869347	0.028356895373005963
62.311557788944725	0.03517928660103794
62.71356783919598	0.04489693434887049
63.11557788944724	0.05599703081190314
63.517587939698494	0.06630296305608083
63.91959798994975	0.07414449885122923
64.32160804020101	0.07774017244620654
64.72361809045226	0.07680158530692471
65.12562814070353	0.07143478271314568
65.52763819095478	0.06295890757978198
65.92964824120604	0.05270503607370301
66.33165829145729	0.042636888065490396
66.73366834170855	0.0349473319177872
67.1356783919598	0.030623049088862347
67.53768844221106	0.030693239871123656
67.93969849246231	0.03464263298352382
68.34170854271358	0.04198490737580903
68.74371859296483	0.05130444492513314
69.14572864321609	0.060903614925475955
69.54773869346734	0.06891581821492894
69.9497487437186	0.07366715576731946
70.35175879396985	0.07488260925499478
70.75376884422111	0.07199872960146844
71.15577889447236	0.0656927079148533
71.55778894472363	0.056994180106224965
71.95979899497488	0.04757132527428883
72.36180904522614	0.03860210896926105
72.76381909547739	0.03216681121954647
73.16582914572865	0.029359911027469227
73.5678391959799	0.030440918655512295
73.96984924623116	0.03544811042254673
74.37185929648241	0.0434759879988912
74.77386934673368	0.05241038586990286
75.17587939698493	0.061288696270503054
75.57788944723619	0.0679129858214487
75.97989949748744	0.07142592408332236
76.3819095477387	0.07108309808779331
76.78391959798995	0.06696790351307419
77.18592964824121	0.059991397411063
77.58793969849246	0.051309919011424454
77.98994974874373	0.042550328480468205
78.39195979899498	0.035182264231971724
78.79396984924624	0.03058169314236948
79.19597989949749	0.02935577339991824
79.59798994974875	0.032046666457613185
80.0	0.03785169525386102
