0.0	0.015880640715312377
0.4020100502512563	0.013842607256755752
0.8040201005025126	0.009645025460966478
1.206030150753769	0.005579804573035554
1.6080402010050252	0.005912577159459587
2.0100502512562817	0.009982774072833664
2.412060301507538	0.013134743874667985
2.814070351758794	0.013989590830459198
3.2160804020100504	0.01227996488420471
3.6180904522613067	0.008295387486633629
4.020100502512563	0.00255696004494255
4.42211055276382	0.003859405855081209
4.824120603015076	0.00948227630164478
5.226130653266332	0.013770082548110726
5.628140703517588	0.01550689363799026
6.030150753768845	0.014992908147408519
6.432160804020101	0.01262961345613029
6.834170854271357	0.009797337240979438
7.236180904522613	0.009646722412528237
7.63819095477387	0.012266578195192371
8.040201005025127	0.015207666848333606
8.442211055276383	0.01634383706419637
8.84422110552764	0.015246132209634899
9.246231155778895	0.011811454690040248
9.648241206030152	0.007338101565867941
10.050251256281408	0.00603089192151464
10.452261306532664	0.01061845986991491
10.85427135678392	0.015630428392029556
11.256281407035177	0.019060413763614406
11.658291457286433	0.0208808765454945
12.06030150753769	0.02070835496265406
12.462311557788945	0.019822590928275374
12.864321608040202	0.019400767225769507
13.266331658291458	0.019748350771340205
13.668341708542714	0.020799494463774403
14.07035175879397	0.021453678924497496
14.472361809045227	0.020994128771465823
14.874371859296483	0.01925737671295375
15.27638190954774	0.016629186351124682
15.678391959798995	0.015002214708674263
16.080402010050253	0.015901058275609947
16.48241206030151	0.019404980319444372
16.884422110552766	0.02350394129003844
17.286432160804022	0.026974669869038414
17.68844221105528	0.029292602744890744
18.090452261306535	0.03056018268905602
18.49246231155779	0.031354340363209734
18.894472361809047	0.03211051426215858
19.296482412060303	0.03295078724749611
19.69849246231156	0.03356094624356092
20.100502512562816	0.03398012811567298
20.502512562814072	0.03356429510847943
20.90452261306533	0.032785634295231104
21.306532663316585	0.03244867706057451
21.70854271356784	0.03338426801932047
22.110552763819097	0.035656440537191546
22.512562814070353	0.0384962993346324
22.91457286432161	0.04091528802015865
23.316582914572866	0.042638321085674065
23.718592964824122	0.043558702649306905
24.12060301507538	0.04381753864355532
24.522613065326635	0.04410150778218515
24.92462311557789	0.044847385626220995
25.326633165829147	0.046152325893984006
25.728643216080403	0.04800718277606391
26.13065326633166	0.05019460006420566
26.532663316582916	0.05250605010018895
26.934673366834172	0.05500187510635981
27.33668341708543	0.057697896153076064
27.738693467336685	0.060333134924532274
28.14070351758794	0.06276679665416894
28.542713567839197	0.06436533178800781
28.944723618090453	0.06483686580664519
29.34673366834171	0.06417399482036514
29.748743718592966	0.06213995047818832
30.150753768844222	0.05924281753175407
30.55276381909548	0.05596352921741847
30.954773869346734	0.053161488563077584
31.35678391959799	0.05149078196684963
31.758793969849247	0.05145679747260834
32.16080402010051	0.05259094529313184
32.56281407035176	0.05468797000183693
32.96482412060302	0.057222556179354525
33.366834170854275	0.059655340714612315
33.76884422110553	0.061530268429046034
34.17085427135679	0.06287928380114363
34.572864321608044	0.063214809733944
34.9748743718593	0.06226044631041279
35.37688442211056	0.060063984873300946
35.77889447236181	0.05681932323398468
36.18090452261307	0.053188104748932076
36.582914572864325	0.049870951458105835
36.98492462311558	0.04773534826472456
37.38693467336684	0.04706411847395904
37.788944723618094	0.04747144764539563
38.19095477386935	0.04841988766959152
38.59296482412061	0.04952438408720026
38.99497487437186	0.05042030594797967
39.39698492462312	0.051383706554154175
39.798994974874375	0.052845509883706045
40.20100502512563	0.05464842416700695
40.60301507537689	0.0565122895454345
41.005025125628144	0.05805872651223646
41.4070351758794	0.059030732384185804
41.80904522613066	0.058923615889473244
42.21105527638191	0.05796771449006868
42.61306532663317	0.05673194608358836
43.015075376884425	0.055190054888939064
43.41708542713568	0.05393153688212665
43.81909547738694	0.05283873502690104
44.221105527638194	0.05165098569875313
44.62311557788945	0.05038905718361229
45.02512562814071	0.04923347319740922
45.42713567839196	0.04879893067539882
45.82914572864322	0.050234562306054296
46.231155778894475	0.05312182883056151
46.63316582914573	0.05749081981520637
47.03517587939699	0.06217125141700358
47.437185929648244	0.06587622514448134
47.8391959798995	0.06788971944959156
48.24120603015076	0.06797066764383233
48.64321608040201	0.06633604831372955
49.04522613065327	0.06339083947190177
49.447236180904525	0.06013646406058557
49.84924623115578	0.05649524022297727
50.25125628140704	0.05341920925996184
50.653266331658294	0.05063710695942046
51.05527638190955	0.048756902818649035
51.45728643216081	0.04876438834436364
51.85929648241206	0.051200625458792046
52.26130653266332	0.055699578261873293
52.663316582914575	0.061246182731450584
53.06532663316583	0.06611927636357606
53.46733668341709	0.06932647058481178
53.869346733668344	0.06987945142207713
54.2713567839196	0.06771956568365292
54.67336683417086	0.0632615155877581
55.07537688442211	0.05758543003697379
55.47738693467337	0.051952653396140414
55.879396984924625	0.04699844630857186
56.28140703517588	0.04346592271600342
56.68341708542714	0.0415116282386173
57.085427135678394	0.04139035081895811
57.48743718592965	0.04425528164551211
57.88944723618091	0.04999143732831806
58.29145728643216	0.057640996467443285
58.69346733668342	0.06506372295027232
59.095477386934675	0.07032050511476753
59.49748743718593	0.07216868370484693
59.89949748743719	0.07007608097399616
60.301507537688444	0.06476727541789637
60.7035175879397	0.05755371447489864
61.10552763819096	0.05036496464246176
61.50753768844221	0.044738961314158804
61.90954773869347	0.0414011813123165
62.311557788944725	0.0402432215408902
62.71356783919598	0.040896155723951784
63.11557788944724	0.0436241710508631
63.517587939698494	0.04844781668948382
63.91959798994975	0.05499750497256162
64.32160804020101	0.06145386962433295
64.72361809045226	0.06644268073505398
65.12562814070353	0.06872752319244024
65.52763819095478	0.0679540129837604
65.92964824120604	0.06430058294135642
66.33165829145729	0.05864122491309369
66.73366834170855	0.052134800675475455
67.1356783919598	0.046558489768980624
67.53768844221106	0.04205166899971953
67.93969849246231	0.03949871893949415
68.34170854271358	0.03840396939385429
68.74371859296483	0.039092364420825323
69.14572864321609	0.041489297802279765
69.54773869346734	0.04634846224463814
69.9497487437186	0.05299451253561057
70.35175879396985	0.05976185465427123
70.75376884422111	0.06530543075476997
71.15577889447236	0.06827786142544297
71.55778894472363	0.06795795335798793
71.95979899497488	0.06438669818635512
72.36180904522614	0.058353104804598835
72.76381909547739	0.05107002795528894
73.16582914572865	0.04439005930662844
73.5678391959799	0.039353314231412855
73.96984924623116	0.03702421153661377
74.37185929648241	0.03707107030555974
74.77386934673368	0.03889828739124231
75.17587939698493	0.042540844546538066
75.57788944723619	0.04758949089601449
75.97989949748744	0.05363551631377339
76.3819095477387	0.05903628002771629
76.78391959798995	0.06319871798108931
77.18592964824121	0.06491520726054133
77.58793969849246	0.06411277989916156
77.98994974874373	0.06067276176332316
78.39195979899498	0.05539208976281941
78.79396984924624	0.049200454213695434
79.19597989949749	0.04332783239430712
79.59798994974875	0.038912526046078144
80.0	0.036819907923105834
