0.0	0.008570075535043183
0.4020100502512563	0.007882342866809593
0.8040201005025126	0.008058233505236918
1.206030150753769	0.009067833610051703
1.6080402010050252	0.010435447954888074
2.0100502512562817	0.010998842811966853
2.412060301507538	0.010492184442547885
2.814070351758794	0.008968147047679799
3.2160804020100504	0.006611154904640701
3.6180904522613067	0.0039915140244199026
4.020100502512563	0.0030243355407279116
4.42211055276382	0.004553183728683941
4.824120603015076	0.006649126912066745
5.226130653266332	0.008119171052018969
5.628140703517588	0.009625794291908834
6.030150753768845	0.011350665068524992
6.432160804020101	0.013417342301075219
6.834170854271357	0.015710732889586403
7.236180904522613	0.017461563845183273
7.63819095477387	0.018462304421113393
8.040201005025127	0.018362173879764784
8.442211055276383	0.016682574097522485
8.84422110552764	0.014281324247666042
9.246231155778895	0.010974070073072252
9.648241206030152	0.008136232213238503
10.050251256281408	0.007782301255939322
10.452261306532664	0.01032987727593093
10.85427135678392	0.014223342427513367
11.256281407035177	0.01811859894451351
11.658291457286433	0.02180145931170208
12.06030150753769	0.02464059113494397
12.462311557788945	0.026539511948583734
12.864321608040202	0.027164613344067425
13.266331658291458	0.02659124325768102
13.668341708542714	0.024621584519533203
14.07035175879397	0.021173414344024137
14.472361809045227	0.01714375583969817
14.874371859296483	0.012883609604961738
15.27638190954774	0.009610865708012456
15.678391959798995	0.009143746829968257
16.080402010050253	0.012002036626415497
16.48241206030151	0.016738777817260585
16.884422110552766	0.02217372212316124
17.286432160804022	0.027232012955093938
17.68844221105528	0.031377159096146946
18.090452261306535	0.033773613442565076
18.49246231155779	0.03435029944591092
18.894472361809047	0.032714018501715604
19.296482412060303	0.029444360813206887
19.69849246231156	0.02498266112230155
20.100502512562816	0.019952059612364716
20.502512562814072	0.015170058802985891
20.90452261306533	0.011724391329930414
21.306532663316585	0.01088867067858754
21.70854271356784	0.01294937649631613
22.110552763819097	0.016731589307568066
22.512562814070353	0.021126021565616014
22.91457286432161	0.02552442780565998
23.316582914572866	0.028980968943740158
23.718592964824122	0.03109330536412508
24.12060301507538	0.031244749853417703
24.522613065326635	0.029696119821890677
24.92462311557789	0.026497884512700094
25.326633165829147	0.022515792751092868
25.728643216080403	0.018681813411866158
26.13065326633166	0.015379242891103146
26.532663316582916	0.013360477099631993
26.934673366834172	0.01303966993645507
27.33668341708543	0.014732107819748486
27.738693467336685	0.01830364457319141
28.14070351758794	0.02270987349717247
28.542713567839197	0.0275880497095781
28.944723618090453	0.03146090344806067
29.34673366834171	0.034056169423338035
29.748743718592966	0.03507422936417162
30.150753768844222	0.03435895221332869
30.55276381909548	0.03234258284204047
30.954773869346734	0.02937378426360493
31.35678391959799	0.0258444406252287
31.758793969849247	0.02229889891681775
32.16080402010051	0.019358683605404818
32.56281407035176	0.017460012113670164
32.96482412060302	0.017239216315607854
33.366834170854275	0.01881730400876679
33.76884422110553	0.021845722796335763
34.17085427135679	0.025752272786211877
34.572864321608044	0.029766327920976398
34.9748743718593	0.03311898936191041
35.37688442211056	0.03525953871898437
35.77889447236181	0.03606161901442229
36.18090452261307	0.03586662796826832
36.582914572864325	0.034878779434972924
36.98492462311558	0.033170112822332905
37.38693467336684	0.031191185832527953
37.788944723618094	0.02914181447583143
38.19095477386935	0.027132565043971796
38.59296482412061	0.026158954956988157
38.99497487437186	0.026778252553101994
39.39698492462312	0.029696786027107992
39.798994974874375	0.033913172061636396
40.20100502512563	0.038635586552708684
40.60301507537689	0.042914921389328106
41.005025125628144	0.04646861466022657
41.4070351758794	0.0488889567550984
41.80904522613066	0.05017414433539028
42.21105527638191	0.04990604934023428
42.61306532663317	0.048651419489230685
43.015075376884425	0.04594960723267149
43.41708542713568	0.04272313077916583
43.81909547738694	0.039827425967698976
44.221105527638194	0.03844544440047547
44.62311557788945	0.039241590616145024
45.02512562814071	0.04238128424304068
45.42713567839196	0.047120053137155546
45.82914572864322	0.0525320406227876
46.231155778894475	0.057670820827927814
46.63316582914573	0.062200183839664705
47.03517587939699	0.06573794887029524
47.437185929648244	0.06794420818496864
47.8391959798995	0.06865096246988608
48.24120603015076	0.06791396276110076
48.64321608040201	0.06587696262566217
49.04522613065327	0.06271378111231732
49.447236180904525	0.05935590953200095
49.84924623115578	0.056431133594294546
50.25125628140704	0.054543416286078936
50.653266331658294	0.05375428236631948
51.05527638190955	0.0540810827210428
51.45728643216081	0.05568557399543973
51.85929648241206	0.058083753384274114
52.26130653266332	0.061206371320664574
52.663316582914575	0.06430915752372117
53.06532663316583	0.06714904379191085
53.46733668341709	0.06923627322232419
53.869346733668344	0.06943675592495477
54.2713567839196	0.06780143336926822
54.67336683417086	0.0645749555311238
55.07537688442211	0.05984606660414393
55.47738693467337	0.05486284211250038
55.879396984924625	0.05017908612532508
56.28140703517588	0.046916721950650594
56.68341708542714	0.045556745335708235
57.085427135678394	0.04614826189934547
57.48743718592965	0.048024821992682556
57.88944723618091	0.0508008761323846
58.29145728643216	0.053584564430257456
58.69346733668342	0.056352720315594615
59.095477386934675	0.05825445177387517
59.49748743718593	0.0589819790638597
59.89949748743719	0.05813760634698891
60.301507537688444	0.055599646461150384
60.7035175879397	0.0516124353305624
61.10552763819096	0.04693934281146131
61.50753768844221	0.04268508756054021
61.90954773869347	0.03978148994546002
62.311557788944725	0.03889056383453446
62.71356783919598	0.039599224201518506
63.11557788944724	0.04178425110838707
63.517587939698494	0.044636659897703886
63.91959798994975	0.048019444308224815
64.32160804020101	0.05163227341606104
64.72361809045226	0.05457356521540604
65.12562814070353	0.05664036211059982
65.52763819095478	0.057355425070999576
65.92964824120604	0.05605391464500083
66.33165829145729	0.053056470995424244
66.73366834170855	0.04884614473266262
67.1356783919598	0.04441524603586125
67.53768844221106	0.040881428672501594
67.93969849246231	0.03929469330899278
68.34170854271358	0.039879885014743086
68.74371859296483	0.04228741782396771
69.14572864321609	0.04576872142373914
69.54773869346734	0.04959524931681811
69.9497487437186	0.05310131088386104
70.35175879396985	0.0564011439868119
70.75376884422111	0.05851982490847522
71.15577889447236	0.05905628074703637
71.55778894472363	0.05794483621146479
71.95979899497488	0.05476177589789638
72.36180904522614	0.05062987478175425
72.76381909547739	0.046299672058437394
73.16582914572865	0.04280630029990147
73.5678391959799	0.041304899541631426
73.96984924623116	0.04213933394091946
74.37185929648241	0.044818773722595816
74.77386934673368	0.04848223829659167
75.17587939698493	0.052336694485920876
75.57788944723619	0.05608122413041117
75.97989949748744	0.05909701198543096
76.3819095477387	0.06131500363394835
76.78391959798995	0.06225994868745273
77.18592964824121	0.06162028690443361
77.58793969849246	0.059521805222338055
77.98994974874373	0.05600222614086949
78.39195979899498	0.05189858913075712
78.79396984924624	0.048396180916623406
79.19597989949749	0.046653946228241656
79.59798994974875	0.047298711161513886
80.0	0.049889894353367985
