0.0	0.04532499906216441
0.4020100502512563	0.04122452995398686
0.8040201005025126	0.030594222609551885
1.206030150753769	0.0156927534277166
1.6080402010050252	0.006139025125855915
2.0100502512562817	0.01930378936983317
2.412060301507538	0.03027784411321373
2.814070351758794	0.034952959395999725
3.2160804020100504	0.0322921275482446
3.6180904522613067	0.0224670422893354
4.020100502512563	0.0075941437066718
4.42211055276382	0.010274416466892854
4.824120603015076	0.026918041831901413
5.226130653266332	0.03981737909245306
5.628140703517588	0.04673419478932398
6.030150753768845	0.04650830336742249
6.432160804020101	0.03904651962974726
6.834170854271357	0.026448112698327364
7.236180904522613	0.01285129276493728
7.63819095477387	0.012296015849343244
8.040201005025127	0.022557690436993176
8.442211055276383	0.028878207987502826
8.84422110552764	0.02821079823709839
9.246231155778895	0.02028636181782247
9.648241206030152	0.006640947021637695
10.050251256281408	0.012414071215341388
10.452261306532664	0.030858145819387655
10.85427135678392	0.04719851504497545
11.256281407035177	0.0581662504799525
11.658291457286433	0.06247910444487167
12.06030150753769	0.0596997807334407
12.462311557788945	0.050869722849577935
12.864321608040202	0.03894627256294079
13.266331658291458	0.027570179073768207
13.668341708542714	0.02155468772935805
14.07035175879397	0.02089609932756379
14.472361809045227	0.02055405716141055
14.874371859296483	0.019260300825237983
15.27638190954774	0.023773516511961836
15.678391959798995	0.037298616446187455
16.080402010050253	0.05522246182747985
16.48241206030151	0.07191644862004846
16.884422110552766	0.08411304926384416
17.286432160804022	0.08912938346061386
17.68844221105528	0.08575924810357326
18.090452261306535	0.07490025523756354
18.49246231155779	0.05856741644249307
18.894472361809047	0.040041669308866185
19.296482412060303	0.02520513425308994
19.69849246231156	0.02001450378786132
20.100502512562816	0.021458637847759605
20.502512562814072	0.023033566803238467
20.90452261306533	0.02779617271549815
21.306532663316585	0.04041349625525893
21.70854271356784	0.05803917464624726
22.110552763819097	0.07543231871778375
22.512562814070353	0.0882290544115559
22.91457286432161	0.09366574557605248
23.316582914572866	0.09051138211999994
23.718592964824122	0.07954573095278063
24.12060301507538	0.06282454567090455
24.522613065326635	0.04398738253622751
24.92462311557789	0.027935199720874437
25.326633165829147	0.02130020645126769
25.728643216080403	0.02426359749140664
26.13065326633166	0.027817164356080844
26.532663316582916	0.029815432620320693
26.934673366834172	0.03413056586868912
27.33668341708543	0.04392386875441988
27.738693467336685	0.05723056903084025
28.14070351758794	0.07000105304625517
28.542713567839197	0.07932757074991915
28.944723618090453	0.08205393020694532
29.34673366834171	0.07837981215117351
29.748743718592966	0.06837223223048564
30.150753768844222	0.05387879441937723
30.55276381909548	0.03830588800940981
30.954773869346734	0.02666325643933476
31.35678391959799	0.02502078947332234
31.758793969849247	0.029027695860263963
32.16080402010051	0.0316520182238415
32.56281407035176	0.03216735533021191
32.96482412060302	0.035946397027204105
33.366834170854275	0.046910514566999975
33.76884422110553	0.062097430375025575
34.17085427135679	0.07671062491742169
34.572864321608044	0.08679114991964962
34.9748743718593	0.09006933971718942
35.37688442211056	0.08601526566051129
35.77889447236181	0.0749409897226078
36.18090452261307	0.05919314383510017
36.582914572864325	0.04227839403266194
36.98492462311558	0.029938010068588473
37.38693467336684	0.027329357738455507
37.788944723618094	0.030764862048288218
38.19095477386935	0.03382276367632886
38.59296482412061	0.03632922506981795
38.99497487437186	0.042063361108436725
39.39698492462312	0.0531537390777577
39.798994974874375	0.06712559187065459
40.20100502512563	0.07986597855358714
40.60301507537689	0.08776927430672951
41.005025125628144	0.08869846743820804
41.4070351758794	0.0815457685256326
41.80904522613066	0.06727787262130477
42.21105527638191	0.04819748056937324
42.61306532663317	0.029610837506388165
43.015075376884425	0.02153319668985391
43.41708542713568	0.028096928877188003
43.81909547738694	0.035890688225432905
44.221105527638194	0.03995499170614104
44.62311557788945	0.042229958580336
45.02512562814071	0.04783940624239756
45.42713567839196	0.05834958840059216
45.82914572864322	0.07085588088129831
46.231155778894475	0.08126215146915447
46.63316582914573	0.08642928832164001
47.03517587939699	0.08408742128397924
47.437185929648244	0.07391380571902387
47.8391959798995	0.05721112690150272
48.24120603015076	0.03785936566588327
48.64321608040201	0.023442048547577723
49.04522613065327	0.026450941342314405
49.447236180904525	0.036977351494256225
49.84924623115578	0.044501327781702946
50.25125628140704	0.04739030158073889
50.653266331658294	0.04858710323857694
51.05527638190955	0.052336034274372965
51.45728643216081	0.06050061276040358
51.85929648241206	0.07088640258525739
52.26130653266332	0.07902474844679608
52.663316582914575	0.08145134006049856
53.06532663316583	0.07657604571636233
53.46733668341709	0.06451119568758644
53.869346733668344	0.047282876174444405
54.2713567839196	0.02977052394947764
54.67336683417086	0.023193071416014628
55.07537688442211	0.03176535602550548
55.47738693467337	0.0420834912663739
55.879396984924625	0.04824266934849665
56.28140703517588	0.05102546456616548
56.68341708542714	0.05356010508312249
57.085427135678394	0.05941780586898969
57.48743718592965	0.06898564202444725
57.88944723618091	0.07900265560749312
58.29145728643216	0.08484575679464287
58.69346733668342	0.08416829376197085
59.095477386934675	0.07599076667171474
59.49748743718593	0.061205811267547795
59.89949748743719	0.04279600910709241
60.301507537688444	0.027084685186446116
60.7035175879397	0.024955151031784494
61.10552763819096	0.034407705583527654
61.50753768844221	0.04330437951089218
61.90954773869347	0.047708890768297985
62.311557788944725	0.049125807324611845
62.71356783919598	0.05197878206580696
63.11557788944724	0.05941058211200342
63.517587939698494	0.0699988170419961
63.91959798994975	0.07932385466920874
64.32160804020101	0.08370779358760114
64.72361809045226	0.08079703934817396
65.12562814070353	0.07036995452736487
65.52763819095478	0.05438836481813532
65.92964824120604	0.03615007408028699
66.33165829145729	0.022853661256532407
66.73366834170855	0.025400102484743798
67.1356783919598	0.03584426264295285
67.53768844221106	0.04424320930641314
67.93969849246231	0.04931458142339589
68.34170854271358	0.053321180400006885
68.74371859296483	0.05944012520455296
69.14572864321609	0.06820372098564167
69.54773869346734	0.07691117814979373
69.9497487437186	0.08204244834727138
70.35175879396985	0.08122322709089505
70.75376884422111	0.07352314452954957
71.15577889447236	0.0596272580027136
71.55778894472363	0.0418566580799295
71.95979899497488	0.023298777679938893
72.36180904522614	0.016079773422109304
72.76381909547739	0.02721352073437201
73.16582914572865	0.039174645283501106
73.5678391959799	0.047589594275569455
73.96984924623116	0.05345521255192318
74.37185929648241	0.059203399703645264
74.77386934673368	0.06650080595346691
75.17587939698493	0.07449922561418386
75.57788944723619	0.0808105446777868
75.97989949748744	0.0828917934410994
76.3819095477387	0.07885591423554603
76.78391959798995	0.0686740153366768
77.18592964824121	0.052981627553402896
77.58793969849246	0.03386393537716613
77.98994974874373	0.01609632593182339
78.39195979899498	0.016696896808541473
78.79396984924624	0.03117657786946616
79.19597989949749	0.04397756694493446
79.59798994974875	0.05394957125081956
80.0	0.06168304052330056
