0.0	0.005816485874307089
0.4020100502512563	0.006964546286111942
0.8040201005025126	0.009221380998892092
1.206030150753769	0.010893220886491051
1.6080402010050252	0.011405231468639868
2.0100502512562817	0.010582682701248751
2.412060301507538	0.0085158584280406
2.814070351758794	0.0061548778154419115
3.2160804020100504	0.004794932195879462
3.6180904522613067	0.00500259723175775
4.020100502512563	0.0057477696836996965
4.42211055276382	0.005606699860174522
4.824120603015076	0.004721818189607206
5.226130653266332	0.004472896731262959
5.628140703517588	0.006657494357547135
6.030150753768845	0.010486717375651265
6.432160804020101	0.014031817416615924
6.834170854271357	0.016776555015051525
7.236180904522613	0.018355449883124594
7.63819095477387	0.018332710447997655
8.040201005025127	0.016685282335777755
8.442211055276383	0.014102306020250529
8.84422110552764	0.01106777090385309
9.246231155778895	0.0077538005255074205
9.648241206030152	0.005257992342235405
10.050251256281408	0.0040563808517645045
10.452261306532664	0.0057767840452519256
10.85427135678392	0.009492545357612014
11.256281407035177	0.014326125008626654
11.658291457286433	0.019552628246015183
12.06030150753769	0.024677392951677746
12.462311557788945	0.028883442350434774
12.864321608040202	0.03162353113119507
13.266331658291458	0.0325782554278773
13.668341708542714	0.03161500232755151
14.07035175879397	0.028857671998568573
14.472361809045227	0.02484707453439714
14.874371859296483	0.020429951413165812
15.27638190954774	0.01666637446052763
15.678391959798995	0.014320542201882069
16.080402010050253	0.014039534456302679
16.48241206030151	0.016050873592115822
16.884422110552766	0.019734274377581858
17.286432160804022	0.02455526494487156
17.68844221105528	0.030097200571052602
18.090452261306535	0.03569501609841277
18.49246231155779	0.04051619118467383
18.894472361809047	0.04397172235418716
19.296482412060303	0.04560468439268798
19.69849246231156	0.04510884352406377
20.100502512562816	0.0430840143317955
20.502512562814072	0.03986671061506499
20.90452261306533	0.036521035146866096
21.306532663316585	0.033802942869751454
21.70854271356784	0.03241722865385234
22.110552763819097	0.03288715601505434
22.512562814070353	0.0351702980354707
22.91457286432161	0.0389342715432049
23.316582914572866	0.04347170092475829
23.718592964824122	0.04820399104998419
24.12060301507538	0.052651601457437656
24.522613065326635	0.056037396844578
24.92462311557789	0.05826362173004881
25.326633165829147	0.0590334110266839
25.728643216080403	0.05838163256384813
26.13065326633166	0.056984972648112774
26.532663316582916	0.055324345631766414
26.934673366834172	0.05429248579244093
27.33668341708543	0.05418208540994988
27.738693467336685	0.055329081791587464
28.14070351758794	0.057752799736024554
28.542713567839197	0.06089610777862932
28.944723618090453	0.06453314577104899
29.34673366834171	0.0675507314441661
29.748743718592966	0.06947770190445421
30.150753768844222	0.0697735301658756
30.55276381909548	0.06827574307359528
30.954773869346734	0.06522241204897275
31.35678391959799	0.061488785328462046
31.758793969849247	0.058112818507312036
32.16080402010051	0.0561927323019372
32.56281407035176	0.055866164784270186
32.96482412060302	0.05741460278389415
33.366834170854275	0.05994817558125718
33.76884422110553	0.06288603475017177
34.17085427135679	0.06516097274496849
34.572864321608044	0.06632166263504997
34.9748743718593	0.0657510148711161
35.37688442211056	0.0637249577633649
35.77889447236181	0.060432484971026566
36.18090452261307	0.05661103467688985
36.582914572864325	0.05289066668004098
36.98492462311558	0.04967134415710437
37.38693467336684	0.047454166938029514
37.788944723618094	0.04626425002531228
38.19095477386935	0.04638867100804238
38.59296482412061	0.047532778901095016
38.99497487437186	0.049480284133943925
39.39698492462312	0.05126723799309757
39.798994974874375	0.05263588910814796
40.20100502512563	0.053322501802037556
40.60301507537689	0.052730281072143836
41.005025125628144	0.05164559288999441
41.4070351758794	0.049756852730393895
41.80904522613066	0.047769931264427724
42.21105527638191	0.04591914651798304
42.61306532663317	0.044661559772153046
43.015075376884425	0.044139449249022425
43.41708542713568	0.0443304216188388
43.81909547738694	0.044791571432968726
44.221105527638194	0.04547780059059343
44.62311557788945	0.046133703160421334
45.02512562814071	0.04673227589665743
45.42713567839196	0.04721199782426925
45.82914572864322	0.04739829057756819
46.231155778894475	0.047708591356122404
46.63316582914573	0.04788655858276407
47.03517587939699	0.04827004544423365
47.437185929648244	0.048461512654788194
47.8391959798995	0.04897678526566567
48.24120603015076	0.04915534042687693
48.64321608040201	0.04927261835577737
49.04522613065327	0.048861703061755093
49.447236180904525	0.04798386951515889
49.84924623115578	0.04626418033350078
50.25125628140704	0.04429967007715645
50.653266331658294	0.04239474516934005
51.05527638190955	0.04097481872524602
51.45728643216081	0.04063038533303155
51.85929648241206	0.0417677569401664
52.26130653266332	0.04422814806077915
52.663316582914575	0.04750706512687951
53.06532663316583	0.05106727557291928
53.46733668341709	0.053757092838958465
53.869346733668344	0.05510595272290828
54.2713567839196	0.054873119119189406
54.67336683417086	0.053177975446411854
55.07537688442211	0.05030300078601604
55.47738693467337	0.04686408758168986
55.879396984924625	0.04352152658541599
56.28140703517588	0.04075408228156417
56.68341708542714	0.03939063912460283
57.085427135678394	0.0397064892740619
57.48743718592965	0.04215888175660654
57.88944723618091	0.0459960624050994
58.29145728643216	0.050639194271146916
58.69346733668342	0.05464600644867816
59.095477386934675	0.057461331841500804
59.49748743718593	0.05832925629163248
59.89949748743719	0.057347655238370356
60.301507537688444	0.05448832717099879
60.7035175879397	0.0507636194099347
61.10552763819096	0.04685356184116128
61.50753768844221	0.04361444280361229
61.90954773869347	0.04130616309243308
62.311557788944725	0.04046839766239441
62.71356783919598	0.040900906726609086
63.11557788944724	0.04360014437329342
63.517587939698494	0.047980530961070966
63.91959798994975	0.053195533038937835
64.32160804020101	0.05782468830431671
64.72361809045226	0.06107718045945111
65.12562814070353	0.06232241556084435
65.52763819095478	0.06154149823283126
65.92964824120604	0.05923294871301278
66.33165829145729	0.056496050165779
66.73366834170855	0.05383174174845452
67.1356783919598	0.05220450485165655
67.53768844221106	0.051373274952885906
67.93969849246231	0.051419667253337374
68.34170854271358	0.052777321388660245
68.74371859296483	0.05524538841544312
69.14572864321609	0.05885405814050856
69.54773869346734	0.06281444090091218
69.9497487437186	0.06626539805974554
70.35175879396985	0.06791725740349563
70.75376884422111	0.06749527457550032
71.15577889447236	0.06504461211359293
71.55778894472363	0.06079026794676683
71.95979899497488	0.05642827888200787
72.36180904522614	0.05298517373619358
72.76381909547739	0.05172428154091698
73.16582914572865	0.05208563067139592
73.5678391959799	0.05390218045409634
73.96984924623116	0.056564681289161166
74.37185929648241	0.059294194056892034
74.77386934673368	0.06169150354017313
75.17587939698493	0.06359987555888516
75.57788944723619	0.06453688253869214
75.97989949748744	0.06415608325806064
76.3819095477387	0.06232981303618242
76.78391959798995	0.0591163378975398
77.18592964824121	0.0551528619792531
77.58793969849246	0.051335623139241025
77.98994974874373	0.048394134133349975
78.39195979899498	0.04710284077789753
78.79396984924624	0.047259619202057665
79.19597989949749	0.048540922186431655
79.59798994974875	0.0502671513542022
80.0	0.052009248115204854
