0.0	0.004243184402081152
0.4020100502512563	0.0014825300868581148
0.8040201005025126	0.0023566252615858014
1.206030150753769	0.004955250896187653
1.6080402010050252	0.006621587281253648
2.0100502512562817	0.007231483277984316
2.412060301507538	0.006739852796208626
2.814070351758794	0.005113067438064718
3.2160804020100504	0.003315963752512146
3.6180904522613067	0.002636259526331028
4.020100502512563	0.004021309319029552
4.42211055276382	0.005209931164675689
4.824120603015076	0.005270310980819573
5.226130653266332	0.004337401417551893
5.628140703517588	0.002423625511939402
6.030150753768845	0.001567416855345986
6.432160804020101	0.00437141000451035
6.834170854271357	0.007508427598378925
7.236180904522613	0.009989612178121807
7.63819095477387	0.011358148471890511
8.040201005025127	0.011523665798604168
8.442211055276383	0.010736486310269987
8.84422110552764	0.009430560395108593
9.246231155778895	0.008368532174699588
9.648241206030152	0.007874447320141507
10.050251256281408	0.008425149317402132
10.452261306532664	0.009041490816939102
10.85427135678392	0.009543081690548634
11.256281407035177	0.010456898811175954
11.658291457286433	0.012117851446659264
12.06030150753769	0.014451905778155994
12.462311557788945	0.01738730490773311
12.864321608040202	0.020052996881895765
13.266331658291458	0.022071039429653785
13.668341708542714	0.023184832723884132
14.07035175879397	0.023783589376217485
14.472361809045227	0.024152756350524367
14.874371859296483	0.024017390162241525
15.27638190954774	0.023857395070681957
15.678391959798995	0.0236988508070999
16.080402010050253	0.023399187783088457
16.48241206030151	0.023222089805471254
16.884422110552766	0.02376967314521108
17.286432160804022	0.025224026843141716
17.68844221105528	0.027700993507837984
18.090452261306535	0.03121389341155003
18.49246231155779	0.03514710503188696
18.894472361809047	0.03901180496989891
19.296482412060303	0.04256429307843274
19.69849246231156	0.04598304870038124
20.100502512562816	0.04927837809333257
20.502512562814072	0.051918363765187506
20.90452261306533	0.05425660176066464
21.306532663316585	0.05563039191593766
21.70854271356784	0.05650026442443816
22.110552763819097	0.05661935795297649
22.512562814070353	0.056360393845349424
22.91457286432161	0.056613028271740196
23.316582914572866	0.057345041822461876
23.718592964824122	0.059087495618441996
24.12060301507538	0.061547095432330376
24.522613065326635	0.06431971103505188
24.92462311557789	0.06687614638503427
25.326633165829147	0.06864484495647505
25.728643216080403	0.06928025958781636
26.13065326633166	0.06813506570001938
26.532663316582916	0.06564550676634477
26.934673366834172	0.062006126276282325
27.33668341708543	0.05807488247701631
27.738693467336685	0.054516434722541154
28.14070351758794	0.052706331857281165
28.542713567839197	0.0526258930331998
28.944723618090453	0.05438617557902141
29.34673366834171	0.05776357987751122
29.748743718592966	0.0621462740628033
30.150753768844222	0.06651878600338193
30.55276381909548	0.06953902914814433
30.954773869346734	0.07087704369643727
31.35678391959799	0.07007547164354552
31.758793969849247	0.06707819632501771
32.16080402010051	0.06260692090426152
32.56281407035176	0.05733655892437829
32.96482412060302	0.05208862173673919
33.366834170854275	0.047554088604083215
33.76884422110553	0.04444050852402756
34.17085427135679	0.04309397675895186
34.572864321608044	0.04361695839174478
34.9748743718593	0.046179984888984886
35.37688442211056	0.050075181859549754
35.77889447236181	0.05496539763682699
36.18090452261307	0.05990031611225725
36.582914572864325	0.0637469212705233
36.98492462311558	0.06640818844000039
37.38693467336684	0.06715737479955218
37.788944723618094	0.06609360185170572
38.19095477386935	0.06330779639475612
38.59296482412061	0.05947663848682726
38.99497487437186	0.05531474290127754
39.39698492462312	0.05148690384865946
39.798994974874375	0.04845829629969265
40.20100502512563	0.04670060510876963
40.60301507537689	0.04604434957280261
41.005025125628144	0.04712289409940364
41.4070351758794	0.049439439005711586
41.80904522613066	0.05268043460940741
42.21105527638191	0.056644946809182695
42.61306532663317	0.06084500988444662
43.015075376884425	0.0648975309392105
43.41708542713568	0.06770139039804243
43.81909547738694	0.06872767808038707
44.221105527638194	0.06758802775519644
44.62311557788945	0.06447261832445852
45.02512562814071	0.05976467932888735
45.42713567839196	0.05427113276625434
45.82914572864322	0.04894801092015581
46.231155778894475	0.044681129359738184
46.63316582914573	0.0426471340170816
47.03517587939699	0.04281275522570939
47.437185929648244	0.0455774973899371
47.8391959798995	0.05039378517110482
48.24120603015076	0.05640134560152591
48.64321608040201	0.06244931138832691
49.04522613065327	0.06721831153591469
49.447236180904525	0.07011310012655259
49.84924623115578	0.07017628396627837
50.25125628140704	0.06804120224690349
50.653266331658294	0.06370577907241591
51.05527638190955	0.05824923954539568
51.45728643216081	0.05292062241771471
51.85929648241206	0.04822552073871937
52.26130653266332	0.04534449060450643
52.663316582914575	0.04457849796070872
53.06532663316583	0.04588818214925293
53.46733668341709	0.049382652593916034
53.869346733668344	0.05419577370951715
54.2713567839196	0.05993503829449391
54.67336683417086	0.06510442658772038
55.07537688442211	0.06909872361012367
55.47738693467337	0.07089419552729564
55.879396984924625	0.07018620778923083
56.28140703517588	0.06711401339821507
56.68341708542714	0.06213088899351935
57.085427135678394	0.056604597819116476
57.48743718592965	0.05105300124213744
57.88944723618091	0.04698276205817058
58.29145728643216	0.044801612375737224
58.69346733668342	0.04506366104393582
59.095477386934675	0.047760534752616865
59.49748743718593	0.051980486017661476
59.89949748743719	0.05720083200581566
60.301507537688444	0.062005911357463896
60.7035175879397	0.06574200099974979
61.10552763819096	0.06740891669164002
61.50753768844221	0.0666007622063938
61.90954773869347	0.06366033829177363
62.311557788944725	0.05894251839996193
62.71356783919598	0.053586360940207786
63.11557788944724	0.0484863413400497
63.517587939698494	0.044667934694585944
63.91959798994975	0.04289266323059802
64.32160804020101	0.043215197078994134
64.72361809045226	0.04586902178037823
65.12562814070353	0.04993269097183435
65.52763819095478	0.05506471840803991
65.92964824120604	0.0598549370146673
66.33165829145729	0.06353679498354645
66.73366834170855	0.06524609306910292
67.1356783919598	0.06496467647559108
67.53768844221106	0.06251376066908286
67.93969849246231	0.05892130164688438
68.34170854271358	0.05475396819912801
68.74371859296483	0.05099724880107339
69.14572864321609	0.048130901055515006
69.54773869346734	0.046992990348061106
69.9497487437186	0.04708977949413197
70.35175879396985	0.04874797231941482
70.75376884422111	0.05167437381218394
71.15577889447236	0.05487869386013884
71.55778894472363	0.058242262619300836
71.95979899497488	0.0607807134498423
72.36180904522614	0.06221329132824623
72.76381909547739	0.0622015800828717
73.16582914572865	0.06086803159094557
73.5678391959799	0.058275879002205634
73.96984924623116	0.055172629522145855
74.37185929648241	0.05196214065877679
74.77386934673368	0.04943231756839454
75.17587939698493	0.047866226649383316
75.57788944723619	0.04713192078261992
75.97989949748744	0.04756895601293528
76.3819095477387	0.048719120416312156
76.78391959798995	0.05045566925031083
77.18592964824121	0.052464274214719164
77.58793969849246	0.054296074223886735
77.98994974874373	0.0559450616058945
78.39195979899498	0.057108446855472894
78.79396984924624	0.05755998073202893
79.19597989949749	0.05741834450521399
79.59798994974875	0.05645081822427846
80.0	0.055195792831973754
