0.0	0.002779165199451207
0.4020100502512563	0.001569652038843875
0.8040201005025126	0.001113353974435341
1.206030150753769	0.0019528800938345043
1.6080402010050252	0.002853585596870403
2.0100502512562817	0.0034126410746828906
2.412060301507538	0.003197842618812578
2.814070351758794	0.002610286811615293
3.2160804020100504	0.0015806171118509069
3.6180904522613067	0.0007452006841658389
4.020100502512563	0.0013922044799596044
4.42211055276382	0.002390712667217647
4.824120603015076	0.00290042311461611
5.226130653266332	0.0029316308536932105
5.628140703517588	0.0025638781857120633
6.030150753768845	0.002116692666116018
6.432160804020101	0.0023541099826319962
6.834170854271357	0.0032062660829337863
7.236180904522613	0.00417695011130411
7.63819095477387	0.004739231800478857
8.040201005025127	0.004800070898047708
8.442211055276383	0.004366408814922548
8.84422110552764	0.003610759776841959
9.246231155778895	0.002504102037512207
9.648241206030152	0.0017706744322764014
10.050251256281408	0.0018923056055917373
10.452261306532664	0.002650870225667978
10.85427135678392	0.00356794246365082
11.256281407035177	0.004433506278407796
11.658291457286433	0.005309279831970225
12.06030150753769	0.006280931413819956
12.462311557788945	0.007253526310332978
12.864321608040202	0.008362528599367484
13.266331658291458	0.009487514093687362
13.668341708542714	0.01018987523904558
14.07035175879397	0.010474871217697617
14.472361809045227	0.010303844502172466
14.874371859296483	0.010208191843641006
15.27638190954774	0.010243367615499464
15.678391959798995	0.010554619988669963
16.080402010050253	0.010940124593877273
16.48241206030151	0.010811458823763484
16.884422110552766	0.01040204930715908
17.286432160804022	0.00986815663748711
17.68844221105528	0.01008871030745461
18.090452261306535	0.011262587509947894
18.49246231155779	0.013210510863641486
18.894472361809047	0.015129258497698117
19.296482412060303	0.016751377214791217
19.69849246231156	0.018035403743294345
20.100502512562816	0.018931445007729968
20.502512562814072	0.01956852109806488
20.90452261306533	0.020115294370936614
21.306532663316585	0.020569967751935304
21.70854271356784	0.020529833614958325
22.110552763819097	0.020181642420855864
22.512562814070353	0.01970498995996444
22.91457286432161	0.019234134280603152
23.316582914572866	0.01938864003000147
23.718592964824122	0.02006313070552848
24.12060301507538	0.021139936338475607
24.522613065326635	0.022500798087414692
24.92462311557789	0.023839726769114205
25.326633165829147	0.025098056142659274
25.728643216080403	0.02616222047454026
26.13065326633166	0.02705835972886376
26.532663316582916	0.027400269486977873
26.934673366834172	0.027219606288036678
27.33668341708543	0.02653618872140336
27.738693467336685	0.02545845571798755
28.14070351758794	0.024388781365037273
28.542713567839197	0.0236570016624323
28.944723618090453	0.02335543513536233
29.34673366834171	0.024054016195835165
29.748743718592966	0.0256613122335722
30.150753768844222	0.02815918417744782
30.55276381909548	0.03103061272686452
30.954773869346734	0.0343423479617121
31.35678391959799	0.03728858167424739
31.758793969849247	0.039639483401857405
32.16080402010051	0.04093803505008984
32.56281407035176	0.041185166369024515
32.96482412060302	0.04033574031849461
33.366834170854275	0.03896630105288783
33.76884422110553	0.03717524731782841
34.17085427135679	0.035599329433632906
34.572864321608044	0.03448913686543197
34.9748743718593	0.03426116977729482
35.37688442211056	0.035492079268326246
35.77889447236181	0.03793152068581299
36.18090452261307	0.041902419693858085
36.582914572864325	0.04672149520139246
36.98492462311558	0.05188375789062318
37.38693467336684	0.0568753194039156
37.788944723618094	0.06076298223084997
38.19095477386935	0.06294620799547396
38.59296482412061	0.06376035178746095
38.99497487437186	0.06297384287433319
39.39698492462312	0.0608852932971856
39.798994974874375	0.058255536372691576
40.20100502512563	0.05508800965254244
40.60301507537689	0.05237409494842886
41.005025125628144	0.050417139544195064
41.4070351758794	0.04887714830570235
41.80904522613066	0.04786463966620565
42.21105527638191	0.04777621540600782
42.61306532663317	0.04859934173463555
43.015075376884425	0.0507580698992681
43.41708542713568	0.05384459032176222
43.81909547738694	0.057405708160606805
44.221105527638194	0.06068465921170855
44.62311557788945	0.06341141336428968
45.02512562814071	0.06454379945092845
45.42713567839196	0.06350110935498716
45.82914572864322	0.060900322256675334
46.231155778894475	0.05663376104740443
46.63316582914573	0.05165117143229395
47.03517587939699	0.04672026751487809
47.437185929648244	0.04220925361116996
47.8391959798995	0.03932208653218967
48.24120603015076	0.03821585984030073
48.64321608040201	0.03916124162927874
49.04522613065327	0.04163530972088629
49.447236180904525	0.04518138111170422
49.84924623115578	0.04929140710849979
50.25125628140704	0.052889761348051824
50.653266331658294	0.05544211805155349
51.05527638190955	0.05656221813202496
51.45728643216081	0.05637538896025694
51.85929648241206	0.05457254371121102
52.26130653266332	0.05156714343781078
52.663316582914575	0.04817215082868581
53.06532663316583	0.04477755104915345
53.46733668341709	0.04174725815062895
53.869346733668344	0.03955752570694551
54.2713567839196	0.03904515829529916
54.67336683417086	0.03976172133694998
55.07537688442211	0.04171443405546591
55.47738693467337	0.04466360065282109
55.879396984924625	0.04821602794052521
56.28140703517588	0.051829536469919814
56.68341708542714	0.054869004175428004
57.085427135678394	0.056900232958548125
57.48743718592965	0.05778970417183169
57.88944723618091	0.05733178837715379
58.29145728643216	0.05569942503836239
58.69346733668342	0.0533142675472421
59.095477386934675	0.050680391974770256
59.49748743718593	0.04788312208162877
59.89949748743719	0.04571631142695021
60.301507537688444	0.04454568184175949
60.7035175879397	0.044556673986017196
61.10552763819096	0.04583240236409804
61.50753768844221	0.048058550033757114
61.90954773869347	0.051051369641219355
62.311557788944725	0.054406074557688144
62.71356783919598	0.05726021640805421
63.11557788944724	0.059283009550767415
63.517587939698494	0.05998770419794573
63.91959798994975	0.05915144147255008
64.32160804020101	0.05691794577638928
64.72361809045226	0.05360309963630028
65.12562814070353	0.04995555576210547
65.52763819095478	0.04642599189492992
65.92964824120604	0.04398964865345797
66.33165829145729	0.042872176880349604
66.73366834170855	0.04325247355325838
67.1356783919598	0.0451673681910143
67.53768844221106	0.04831171228095952
67.93969849246231	0.05223764667786226
68.34170854271358	0.05616959201900542
68.74371859296483	0.0596972982340474
69.14572864321609	0.06200024372918126
69.54773869346734	0.06277484735669372
69.9497487437186	0.06164397065779713
70.35175879396985	0.05886253890652724
70.75376884422111	0.05495130862876076
71.15577889447236	0.05053222306295598
71.55778894472363	0.04672010750490731
71.95979899497488	0.04414748132089086
72.36180904522614	0.04307895464378843
72.76381909547739	0.04405956090799039
73.16582914572865	0.046618093741640845
73.5678391959799	0.050403886867663006
73.96984924623116	0.05455704513170112
74.37185929648241	0.058150554265358555
74.77386934673368	0.06079019356802925
75.17587939698493	0.061620048546168746
75.57788944723619	0.060700458490364505
75.97989949748744	0.058100571479769735
76.3819095477387	0.05424635875493502
76.78391959798995	0.049774407421145674
77.18592964824121	0.04576393967417391
77.58793969849246	0.042774164621890765
77.98994974874373	0.04139207858001489
78.39195979899498	0.04214014828016384
78.79396984924624	0.04472187541452655
79.19597989949749	0.04854221376186359
79.59798994974875	0.0530799167985057
80.0	0.05748596183434649
