0.0	0.018673180084665546
0.4020100502512563	0.01677512780221603
0.8040201005025126	0.011817612060045321
1.206030150753769	0.005266431613793362
1.6080402010050252	0.0020711538404496826
2.0100502512562817	0.008712768646742652
2.412060301507538	0.013426051148293488
2.814070351758794	0.015276423406593322
3.2160804020100504	0.014068202549297817
3.6180904522613067	0.010071959683240539
4.020100502512563	0.0039054730923514676
4.42211055276382	0.0036816938063109635
4.824120603015076	0.01016243351196716
5.226130653266332	0.015269734329647108
5.628140703517588	0.01782075700844829
6.030150753768845	0.01698209410633849
6.432160804020101	0.01332207188432347
6.834170854271357	0.007429401286669369
7.236180904522613	0.00037570466145096446
7.63819095477387	0.0066138118376909555
8.040201005025127	0.012271168872793085
8.442211055276383	0.015365174947573227
8.84422110552764	0.01546630827151771
9.246231155778895	0.012485233413957431
9.648241206030152	0.007095432104871922
10.050251256281408	0.0023005099233009436
10.452261306532664	0.007840891890271578
10.85427135678392	0.013718385043315942
11.256281407035177	0.017306508193644116
11.658291457286433	0.018149005827679664
12.06030150753769	0.015751406406261482
12.462311557788945	0.010736318199585043
12.864321608040202	0.0043723634232633
13.266331658291458	0.004557757605888424
13.668341708542714	0.01064573597400016
14.07035175879397	0.015134170855389165
14.472361809045227	0.016567049695928156
14.874371859296483	0.015299862936699663
15.27638190954774	0.011691586366645445
15.678391959798995	0.008024171864677373
16.080402010050253	0.008796856265169215
16.48241206030151	0.012461375854792506
16.884422110552766	0.015304693685351098
17.286432160804022	0.015692546779543827
17.68844221105528	0.01373306472163086
18.090452261306535	0.010726382850615786
18.49246231155779	0.010998144217911005
18.894472361809047	0.016279274200607805
19.296482412060303	0.02260726286571487
19.69849246231156	0.027428929801966734
20.100502512562816	0.02970032692327685
20.502512562814072	0.028682108728174373
20.90452261306533	0.024904381002633345
21.306532663316585	0.019459104167135057
21.70854271356784	0.01563411546036082
22.110552763819097	0.016502932830202866
22.512562814070353	0.020389512422756252
22.91457286432161	0.023592195247919914
23.316582914572866	0.024487418979918366
23.718592964824122	0.023106745866487786
24.12060301507538	0.021624223044412492
24.522613065326635	0.02285705529596086
24.92462311557789	0.028127633920378405
25.326633165829147	0.034714052881377376
25.728643216080403	0.040296955099522476
26.13065326633166	0.04271487994711547
26.532663316582916	0.042113399643216844
26.934673366834172	0.03903369020189022
27.33668341708543	0.034949608552939625
27.738693467336685	0.0327511073734643
28.14070351758794	0.03368180780899942
28.542713567839197	0.036406761561781936
28.944723618090453	0.03834088737687841
29.34673366834171	0.03857666539572842
29.748743718592966	0.036823541755784214
30.150753768844222	0.035091777384264486
30.55276381909548	0.035434307289194375
30.954773869346734	0.038506010013096545
31.35678391959799	0.042773981233119276
31.758793969849247	0.046232346027168456
32.16080402010051	0.04778799684968715
32.56281407035176	0.047549079513964816
32.96482412060302	0.046680627255307326
33.366834170854275	0.0465273022663506
33.76884422110553	0.048072063305923105
34.17085427135679	0.05137954053540692
34.572864321608044	0.054595106489264744
34.9748743718593	0.05678188880743236
35.37688442211056	0.05826045108968227
35.77889447236181	0.05936772998351649
36.18090452261307	0.06069964285631646
36.582914572864325	0.06305968829884168
36.98492462311558	0.06531406703359945
37.38693467336684	0.06694985116265605
37.788944723618094	0.06700302424694701
38.19095477386935	0.06493387281865508
38.59296482412061	0.06144550974926401
38.99497487437186	0.05755892562811728
39.39698492462312	0.05465081565548382
39.798994974874375	0.053684286503113764
40.20100502512563	0.05507983668855783
40.60301507537689	0.05777103762505342
41.005025125628144	0.06052049435801289
41.4070351758794	0.062156271950551414
41.80904522613066	0.06277186052355531
42.21105527638191	0.06301742435239081
42.61306532663317	0.06342862544817086
43.015075376884425	0.06440621243777547
43.41708542713568	0.0646846366376011
43.81909547738694	0.06393281477663201
44.221105527638194	0.061459581360015905
44.62311557788945	0.05746326884353127
45.02512562814071	0.053245167557265424
45.42713567839196	0.050399314609518076
45.82914572864322	0.050627016821372196
46.231155778894475	0.05347602081970273
46.63316582914573	0.05739625150168966
47.03517587939699	0.06072704117159905
47.437185929648244	0.06233274097148578
47.8391959798995	0.06279330540164493
48.24120603015076	0.0621432883535639
48.64321608040201	0.06133104790255408
49.04522613065327	0.060425524680180163
49.447236180904525	0.059106953889174405
49.84924623115578	0.05689110496269449
50.25125628140704	0.053956244875846035
50.653266331658294	0.050489620890772594
51.05527638190955	0.048080839256336286
51.45728643216081	0.04844445538765682
51.85929648241206	0.051806125719611365
52.26130653266332	0.0568342022902249
52.663316582914575	0.06136425637818098
53.06532663316583	0.06400501412185744
53.46733668341709	0.0641903627548401
53.869346733668344	0.06208428172616017
54.2713567839196	0.05881420176234474
54.67336683417086	0.05600882768828965
55.07537688442211	0.054128448386155104
55.47738693467337	0.053157079959655705
55.879396984924625	0.05211170237476387
56.28140703517588	0.050560808874750285
56.68341708542714	0.048969354773512955
57.085427135678394	0.04874469383835152
57.48743718592965	0.050920532984840096
57.88944723618091	0.054998842812143255
58.29145728643216	0.0594719701682743
58.69346733668342	0.06248596908697253
59.095477386934675	0.06325001720640151
59.49748743718593	0.06181397260688929
59.89949748743719	0.05859408983917149
60.301507537688444	0.05525256627214038
60.7035175879397	0.053155658226787604
61.10552763819096	0.05257594945936772
61.50753768844221	0.05269868549698722
61.90954773869347	0.05223794641501166
62.311557788944725	0.05117760476896378
62.71356783919598	0.04987100986186009
63.11557788944724	0.04982226964543649
63.517587939698494	0.05193015606774618
63.91959798994975	0.05583514321468704
64.32160804020101	0.06007057599336953
64.72361809045226	0.06305414162365011
65.12562814070353	0.06368134209306583
65.52763819095478	0.06194777346739755
65.92964824120604	0.05845679358208696
66.33165829145729	0.05452224965573045
66.73366834170855	0.0516814171271173
67.1356783919598	0.0510070956830864
67.53768844221106	0.05143299404749453
67.93969849246231	0.05216677773205035
68.34170854271358	0.05224120954232773
68.74371859296483	0.05169760231254572
69.14572864321609	0.05195244940507125
69.54773869346734	0.054274540549787385
69.9497487437186	0.058330842045318555
70.35175879396985	0.06277892886938644
70.75376884422111	0.06582716707392804
71.15577889447236	0.0662374980087284
71.55778894472363	0.06403549433122267
71.95979899497488	0.059795550615772686
72.36180904522614	0.055120245311689055
72.76381909547739	0.05213689997054379
73.16582914572865	0.05130795138093232
73.5678391959799	0.05174231733031964
73.96984924623116	0.052204054536097666
74.37185929648241	0.05197606569558649
74.77386934673368	0.05154637568429386
75.17587939698493	0.052082254516063284
75.57788944723619	0.054629847777436534
75.97989949748744	0.058641417822234754
76.3819095477387	0.06303408977696566
76.78391959798995	0.06592725827517741
77.18592964824121	0.06644906074408317
77.58793969849246	0.06428110332201348
77.98994974874373	0.06066820328237375
78.39195979899498	0.05632431828954097
78.79396984924624	0.052745858915869456
79.19597989949749	0.05052452827567511
79.59798994974875	0.0495246084716214
80.0	0.048560251881261625
