0.0	0.026764560164659897
0.4020100502512563	0.02620334139015753
0.8040201005025126	0.02132675920412599
1.206030150753769	0.012943434971748477
1.6080402010050252	0.0028896012291015263
2.0100502512562817	0.0070102496025651355
2.412060301507538	0.015107706288809471
2.814070351758794	0.019443466731056697
3.2160804020100504	0.019305142876518085
3.6180904522613067	0.015085542631282705
4.020100502512563	0.006839615605503266
4.42211055276382	0.003830967113409917
4.824120603015076	0.014502173716417538
5.226130653266332	0.02386737875253758
5.628140703517588	0.030075599145693455
6.030150753768845	0.03178766827266834
6.432160804020101	0.029049028472499537
6.834170854271357	0.022652292041706656
7.236180904522613	0.013768352453692598
7.63819095477387	0.004354040571814055
8.040201005025127	0.005763136668372257
8.442211055276383	0.011239686377912079
8.84422110552764	0.013480743746201404
9.246231155778895	0.011545079706122006
9.648241206030152	0.006839962432149087
10.050251256281408	0.005928749599900199
10.452261306532664	0.013305606018348456
10.85427135678392	0.02084103579052777
11.256281407035177	0.025918194096947268
11.658291457286433	0.027778211734877212
12.06030150753769	0.026823032244937994
12.462311557788945	0.025782767147577806
12.864321608040202	0.028412893851014837
13.266331658291458	0.03516390707951932
13.668341708542714	0.042792427891337484
14.07035175879397	0.04660122353194296
14.472361809045227	0.04310366512596848
14.874371859296483	0.031859373559904265
15.27638190954774	0.01484311364063664
15.678391959798995	0.014328295325943773
16.080402010050253	0.03610148185615411
16.48241206030151	0.056559952135668945
16.884422110552766	0.07014451042570102
17.286432160804022	0.07436721361098812
17.68844221105528	0.06696335771746752
18.090452261306535	0.05089490771357826
18.49246231155779	0.03589097059670862
18.894472361809047	0.041501358446301075
19.296482412060303	0.060741516763613036
19.69849246231156	0.07657238339864045
20.100502512562816	0.08160130547133038
20.502512562814072	0.07320840585101138
20.90452261306533	0.05502746477932816
21.306532663316585	0.03896049771462206
21.70854271356784	0.047064878896609645
22.110552763819097	0.06894365879256378
22.512562814070353	0.08683492871876172
22.91457286432161	0.09380504410535487
23.316582914572866	0.08845651646076261
23.718592964824122	0.07250733812669613
24.12060301507538	0.04935067048699188
24.522613065326635	0.029926767827387075
24.92462311557789	0.035526345770274234
25.326633165829147	0.053992790258979684
25.728643216080403	0.06731601162154273
26.13065326633166	0.07180817973470233
26.532663316582916	0.06843319078535919
26.934673366834172	0.06288846138996197
27.33668341708543	0.061154401509215375
27.738693467336685	0.06475949580152168
28.14070351758794	0.07012853969859428
28.542713567839197	0.07271554273249135
28.944723618090453	0.06898533334402926
29.34673366834171	0.05873144591104311
29.748743718592966	0.04197889893686441
30.150753768844222	0.021794540381808867
30.55276381909548	0.0016360200208034852
30.954773869346734	0.01807546452527321
31.35678391959799	0.03316878824716776
31.758793969849247	0.043945318318097865
32.16080402010051	0.05191699130085724
32.56281407035176	0.05856139954971582
32.96482412060302	0.06596097098844778
33.366834170854275	0.07338365236158084
33.76884422110553	0.07835922187678948
34.17085427135679	0.07834297332303962
34.572864321608044	0.07142464715500804
34.9748743718593	0.059348124785309896
35.37688442211056	0.04273970351231972
35.77889447236181	0.023545453275484296
36.18090452261307	0.003870209841073177
36.582914572864325	0.014243495312530188
36.98492462311558	0.02722769818486761
37.38693467336684	0.03529958100650485
37.788944723618094	0.03814074161857657
38.19095477386935	0.03889897145498043
38.59296482412061	0.04132334079912861
38.99497487437186	0.04685161455408464
39.39698492462312	0.05379372832752081
39.798994974874375	0.06070168025873087
40.20100502512563	0.06460572253174834
40.60301507537689	0.06395071005049743
41.005025125628144	0.05832738642119688
41.4070351758794	0.047469659072751316
41.80904522613066	0.032955122340677136
42.21105527638191	0.018225395337208645
42.61306532663317	0.014415976149708779
43.015075376884425	0.02494858932777106
43.41708542713568	0.03590013222011605
43.81909547738694	0.043512551204993095
44.221105527638194	0.047404370798806175
44.62311557788945	0.04802638463302015
45.02512562814071	0.04817567581531031
45.42713567839196	0.050283511843029816
45.82914572864322	0.05433926781123595
46.231155778894475	0.05834310031468241
46.63316582914573	0.05964100079312882
47.03517587939699	0.05591841554020556
47.437185929648244	0.04763144077883918
47.8391959798995	0.0357330272933008
48.24120603015076	0.022986262354622207
48.64321608040201	0.01608109399189313
49.04522613065327	0.02173346227004219
49.447236180904525	0.03135248907502588
49.84924623115578	0.04070631806678736
50.25125628140704	0.049329879126587935
50.653266331658294	0.05732579418395863
51.05527638190955	0.06499360480964567
51.45728643216081	0.07120203167003901
51.85929648241206	0.07409316928020103
52.26130653266332	0.07178203410941808
52.663316582914575	0.06432347658175865
53.06532663316583	0.0522064141919006
53.46733668341709	0.03711202500918223
53.869346733668344	0.022144359761984405
54.2713567839196	0.010664459335494982
54.67336683417086	0.005315888891886817
55.07537688442211	0.0017878602285397345
55.47738693467337	0.006110809549783138
55.879396984924625	0.01881013491625536
56.28140703517588	0.03470950362247664
56.68341708542714	0.05158303082967956
57.085427135678394	0.06661836490803204
57.48743718592965	0.07736689843150765
57.88944723618091	0.08175583167468509
58.29145728643216	0.0784291278648171
58.69346733668342	0.0679236959127633
59.095477386934675	0.05212390475705021
59.49748743718593	0.03333504585158819
59.89949748743719	0.015678818448820835
60.301507537688444	0.00629522580793847
60.7035175879397	0.010583650724235692
61.10552763819096	0.010514020649665588
61.50753768844221	0.0029486322122030902
61.90954773869347	0.01082297700156236
62.311557788944725	0.02823475478968726
62.71356783919598	0.04612016819754865
63.11557788944724	0.06109024551727865
63.517587939698494	0.07057180097194304
63.91959798994975	0.07300462350800885
64.32160804020101	0.06798837508627366
64.72361809045226	0.05716206317789878
65.12562814070353	0.04411411576312895
65.52763819095478	0.03231835658595549
65.92964824120604	0.025009634623857503
66.33165829145729	0.0213057874284066
66.73366834170855	0.01629849776032232
67.1356783919598	0.009120132989669944
67.53768844221106	0.013137235688328896
67.93969849246231	0.02881054674253722
68.34170854271358	0.045926702721028216
68.74371859296483	0.06015119983174102
69.14572864321609	0.06930186194974605
69.54773869346734	0.07203781398235791
69.9497487437186	0.06878982441365603
70.35175879396985	0.06088271541248179
70.75376884422111	0.05205007839323408
71.15577889447236	0.045465366926186336
71.55778894472363	0.04210677449771273
71.95979899497488	0.03944939274109488
72.36180904522614	0.03473180302551797
72.76381909547739	0.02724114825339391
73.16582914572865	0.020032881607705715
73.5678391959799	0.02381337794049738
73.96984924623116	0.03729162060364073
74.37185929648241	0.05130003954934855
74.77386934673368	0.061740307982479516
75.17587939698493	0.06647082893333014
75.57788944723619	0.0651268240190532
75.97989949748744	0.059161419015012706
76.3819095477387	0.05131999781624226
76.78391959798995	0.0448919609098133
77.18592964824121	0.04214247504973948
77.58793969849246	0.04198754389353525
77.98994974874373	0.04087803333650733
78.39195979899498	0.0366322581654492
78.79396984924624	0.029654008554182758
79.19597989949749	0.024609343929263398
79.59798994974875	0.028305431125885794
80.0	0.03882105636651996
