0.0	0.031672467339460934
0.4020100502512563	0.031320745076905486
0.8040201005025126	0.02540635352442755
1.206030150753769	0.015426143525054248
1.6080402010050252	0.0032890333790064454
2.0100502512562817	0.009039689198986758
2.412060301507538	0.01892457614999301
2.814070351758794	0.024556401946268895
3.2160804020100504	0.024681347158321022
3.6180904522613067	0.01955723598260487
4.020100502512563	0.009913514125779744
4.42211055276382	0.003696050458321714
4.824120603015076	0.016228914931528386
5.226130653266332	0.027445167693759116
5.628140703517588	0.03476345021669988
6.030150753768845	0.03709100172976798
6.432160804020101	0.033978048887255245
6.834170854271357	0.02626888905513331
7.236180904522613	0.0154321734996084
7.63819095477387	0.0037181889282526886
8.040201005025127	0.007782227141564899
8.442211055276383	0.015261724138945975
8.84422110552764	0.01804487385995577
9.246231155778895	0.015462610985884695
9.648241206030152	0.008014985363462668
10.050251256281408	0.0029246548732015766
10.452261306532664	0.015460567315706969
10.85427135678392	0.027424743743045498
11.256281407035177	0.036645015938072116
11.658291457286433	0.04169199070063687
12.06030150753769	0.04168785670762221
12.462311557788945	0.03679551192062427
12.864321608040202	0.028287551356790112
13.266331658291458	0.018042344129738437
13.668341708542714	0.01112363797893558
14.07035175879397	0.012115610209017703
14.472361809045227	0.015310876655296197
14.874371859296483	0.01529520376642073
15.27638190954774	0.01094728085658531
15.678391959798995	0.003657995912138446
16.080402010050253	0.00950274405751166
16.48241206030151	0.021314357044158204
16.884422110552766	0.03259075376015853
17.286432160804022	0.04145614927861714
17.68844221105528	0.04644599473490376
18.090452261306535	0.046874575499543096
18.49246231155779	0.04312068731804001
18.894472361809047	0.03620209699530252
19.296482412060303	0.02790467346383993
19.69849246231156	0.021329036971198156
20.100502512562816	0.018152558379802664
20.502512562814072	0.017188170885871278
20.90452261306533	0.015359573804390358
21.306532663316585	0.011215885127436232
21.70854271356784	0.007071437673156664
22.110552763819097	0.012656489654316533
22.512562814070353	0.023486254768959863
22.91457286432161	0.03434680698263531
23.316582914572866	0.04300787474328026
23.718592964824122	0.047954973683672936
24.12060301507538	0.04874256189698889
24.522613065326635	0.04537901900782929
24.92462311557789	0.03876255223243591
25.326633165829147	0.030777295047717885
25.728643216080403	0.02372691696083902
26.13065326633166	0.018849725679760076
26.532663316582916	0.015508241335445493
26.934673366834172	0.011504500972963095
27.33668341708543	0.008367371364114319
27.738693467336685	0.013210109212763912
28.14070351758794	0.024150911416857712
28.542713567839197	0.035964157504567794
28.944723618090453	0.04635820097276049
29.34673366834171	0.053526347488575654
29.748743718592966	0.05701800960610746
30.150753768844222	0.05647278639367572
30.55276381909548	0.05252129489403319
30.954773869346734	0.04637013222821519
31.35678391959799	0.03915289110092847
31.758793969849247	0.03216555986343038
32.16080402010051	0.025609525377629627
32.56281407035176	0.0199750403652876
32.96482412060302	0.016095475514362363
33.366834170854275	0.01665531477663353
33.76884422110553	0.023192235001030147
34.17085427135679	0.032994322633703825
34.572864321608044	0.04361801121581755
34.9748743718593	0.05344251115064519
35.37688442211056	0.06082339211345086
35.77889447236181	0.0655252751966911
36.18090452261307	0.06694675268259467
36.582914572864325	0.06587853984984701
36.98492462311558	0.06215340384469601
37.38693467336684	0.057342625896495594
37.788944723618094	0.051964450992460984
38.19095477386935	0.0468215867743677
38.59296482412061	0.043058308029059765
38.99497487437186	0.0416854062276862
39.39698492462312	0.04320363790433131
39.798994974874375	0.04788955029051544
40.20100502512563	0.05466099376132354
40.60301507537689	0.06233971725034867
41.005025125628144	0.06929428289233418
41.4070351758794	0.07462299221386741
41.80904522613066	0.07716740185494764
42.21105527638191	0.07681149462191175
42.61306532663317	0.0736626549763618
43.015075376884425	0.06855505472486827
43.41708542713568	0.062209793364589185
43.81909547738694	0.05595732268741306
44.221105527638194	0.05030642480668196
44.62311557788945	0.046864094332936715
45.02512562814071	0.045660979026351564
45.42713567839196	0.0467335318590891
45.82914572864322	0.05043931916204042
46.231155778894475	0.05631397263961041
46.63316582914573	0.06292099021986886
47.03517587939699	0.06891863960975443
47.437185929648244	0.07313318034843314
47.8391959798995	0.0746189396624885
48.24120603015076	0.07335571870917705
48.64321608040201	0.06932387166681236
49.04522613065327	0.06364823958823557
49.447236180904525	0.05718845407886926
49.84924623115578	0.05144415443116
50.25125628140704	0.04709317224316511
50.653266331658294	0.04403903448075877
51.05527638190955	0.04255171178845228
51.45728643216081	0.04281605268953588
51.85929648241206	0.04628109731283843
52.26130653266332	0.05212213684667506
52.663316582914575	0.05934560282286507
53.06532663316583	0.06626685830746995
53.46733668341709	0.07127247024219746
53.869346733668344	0.07329276785182369
54.2713567839196	0.07232289914733665
54.67336683417086	0.06853050352922319
55.07537688442211	0.06304133848521734
55.47738693467337	0.056948156848738295
55.879396984924625	0.05150169707226977
56.28140703517588	0.0468868958774823
56.68341708542714	0.043383498940847774
57.085427135678394	0.0413032198003417
57.48743718592965	0.04157143437490015
57.88944723618091	0.04562924749559268
58.29145728643216	0.05287564616815471
58.69346733668342	0.061527693141642206
59.095477386934675	0.06970420581891056
59.49748743718593	0.07549931502871465
59.89949748743719	0.0776900810736564
60.301507537688444	0.0762192868114457
60.7035175879397	0.07183412752340831
61.10552763819096	0.06528454020478322
61.50753768844221	0.058508832634458816
61.90954773869347	0.052363407200392266
62.311557788944725	0.04755609592045108
62.71356783919598	0.043933856598818204
63.11557788944724	0.042163469033450376
63.517587939698494	0.0432156512724086
63.91959798994975	0.048188519723588494
64.32160804020101	0.056042273622495496
64.72361809045226	0.06512145480611412
65.12562814070353	0.07284582478124477
65.52763819095478	0.07752079255664415
65.92964824120604	0.07850587161348908
66.33165829145729	0.07547741489052646
66.73366834170855	0.06926885474404718
67.1356783919598	0.061940366714832495
67.53768844221106	0.054449244365391614
67.93969849246231	0.048366795415717596
68.34170854271358	0.0439967963073231
68.74371859296483	0.04139464829823458
69.14572864321609	0.040937185919957
69.54773869346734	0.04334855646611244
69.9497487437186	0.04919784351231629
70.35175879396985	0.05768350897519151
70.75376884422111	0.06636709076052294
71.15577889447236	0.07322887624308937
71.55778894472363	0.07675359954542932
71.95979899497488	0.07619516907977963
72.36180904522614	0.0720453965782597
72.76381909547739	0.06531302431321999
73.16582914572865	0.057617734289806675
73.5678391959799	0.050666700739906714
73.96984924623116	0.04563278425395427
74.37185929648241	0.04251222606834888
74.77386934673368	0.04109017045210385
75.17587939698493	0.04176150021923196
75.57788944723619	0.045572833685748784
75.97989949748744	0.05231276959141044
76.3819095477387	0.06085260327403393
76.78391959798995	0.06915846743047602
77.18592964824121	0.07524568792086721
77.58793969849246	0.07768310164315331
77.98994974874373	0.07610524786460159
78.39195979899498	0.07104610890266344
78.79396984924624	0.06375312051169998
79.19597989949749	0.05609088497177993
79.59798994974875	0.04964358423481617
80.0	0.045430213498353175
