0.0	0.013974652618974584
0.4020100502512563	0.01040521641484181
0.8040201005025126	0.005024855632558015
1.206030150753769	0.0014212432846564765
1.6080402010050252	0.006790872972734505
2.0100502512562817	0.01119578517096984
2.412060301507538	0.013461137571175025
2.814070351758794	0.01306385394837074
3.2160804020100504	0.01048979238383317
3.6180904522613067	0.005914519705637803
4.020100502512563	0.0022511401805084107
4.42211055276382	0.005991231198725038
4.824120603015076	0.009998987204924046
5.226130653266332	0.012227067551491269
5.628140703517588	0.012068767856976451
6.030150753768845	0.00946582944117125
6.432160804020101	0.0048754953099129856
6.834170854271357	0.000961019339857216
7.236180904522613	0.006878264303581791
7.63819095477387	0.011884621961713953
8.040201005025127	0.01503096558477684
8.442211055276383	0.01588824229004992
8.84422110552764	0.014177731086591386
9.246231155778895	0.010658695282146548
9.648241206030152	0.00584157109955044
10.050251256281408	0.0031935512307773176
10.452261306532664	0.006971641593399365
10.85427135678392	0.010652242891400352
11.256281407035177	0.012049403715918132
11.658291457286433	0.011312696237733951
12.06030150753769	0.008216732100011549
12.462311557788945	0.003802051268908468
12.864321608040202	0.002747044476281129
13.266331658291458	0.007398278999205923
13.668341708542714	0.011111381805056124
14.07035175879397	0.012767079136774015
14.472361809045227	0.012256487937671496
14.874371859296483	0.009646247322271402
15.27638190954774	0.0053114168698530214
15.678391959798995	0.0019881210450992228
16.080402010050253	0.0064409627907358255
16.48241206030151	0.01136205939473844
16.884422110552766	0.014651471459444407
17.286432160804022	0.016255945700417183
17.68844221105528	0.01608147151673868
18.090452261306535	0.01462808083263828
18.49246231155779	0.012264819440351878
18.894472361809047	0.010429456511117487
19.296482412060303	0.009409167191299962
19.69849246231156	0.008958675598934176
20.100502512562816	0.007940615301170888
20.502512562814072	0.00625440661817653
20.90452261306533	0.006235094832947694
21.306532663316585	0.010094022903700864
21.70854271356784	0.0159639955662918
22.110552763819097	0.02223770385253216
22.512562814070353	0.027251855026985027
22.91457286432161	0.030278469437122073
23.316582914572866	0.031065902452408357
23.718592964824122	0.029596205398493048
24.12060301507538	0.026643818962222527
24.522613065326635	0.023344142491930373
24.92462311557789	0.020957998195839156
25.326633165829147	0.0195183098840354
25.728643216080403	0.01856944609810092
26.13065326633166	0.0174921116502827
26.532663316582916	0.01662559717215338
26.934673366834172	0.017555261464418947
27.33668341708543	0.02117692338440638
27.738693467336685	0.026725972262256408
28.14070351758794	0.03277980664648353
28.542713567839197	0.03794739162460413
28.944723618090453	0.041407721276250004
29.34673366834171	0.04290333056314903
29.748743718592966	0.04269951564771101
30.150753768844222	0.0413408883350927
30.55276381909548	0.039633447851570594
30.954773869346734	0.03775088548699693
31.35678391959799	0.0358604255791351
31.758793969849247	0.033934874281318195
32.16080402010051	0.03271565506564124
32.56281407035176	0.03230722057618353
32.96482412060302	0.0334755198721647
33.366834170854275	0.03653392290871092
33.76884422110553	0.04091364211738047
34.17085427135679	0.045742093717454066
34.572864321608044	0.05018433586534108
34.9748743718593	0.05372756250664139
35.37688442211056	0.05645594072831658
35.77889447236181	0.0578901028954044
36.18090452261307	0.058175252967105795
36.582914572864325	0.05768225192084242
36.98492462311558	0.05693589273459594
37.38693467336684	0.05580115609938073
37.788944723618094	0.05515461971810165
38.19095477386935	0.05534208672825969
38.59296482412061	0.05692354493193201
38.99497487437186	0.05965367467910103
39.39698492462312	0.0632525924213228
39.798994974874375	0.0664697279197462
40.20100502512563	0.0685182312981677
40.60301507537689	0.0687442587255031
41.005025125628144	0.06699686544898444
41.4070351758794	0.06401348779465174
41.80904522613066	0.060629977993904495
42.21105527638191	0.05773937339504677
42.61306532663317	0.05638776740469461
43.015075376884425	0.05619381317500989
43.41708542713568	0.05705610213443043
43.81909547738694	0.058575668389798406
44.221105527638194	0.05989332393884619
44.62311557788945	0.060754053247686145
45.02512562814071	0.061215017527348356
45.42713567839196	0.06103175646097446
45.82914572864322	0.06053649844526039
46.231155778894475	0.05911454021086778
46.63316582914573	0.057200572130443904
47.03517587939699	0.05494303786334005
47.437185929648244	0.052751352692368435
47.8391959798995	0.05095598683402659
48.24120603015076	0.05023102174422994
48.64321608040201	0.05019721323524804
49.04522613065327	0.051045509699138555
49.447236180904525	0.052275148457977
49.84924623115578	0.0537732849144449
50.25125628140704	0.05525002344402432
50.653266331658294	0.05626508994795831
51.05527638190955	0.05708709794244539
51.45728643216081	0.05754036385380275
51.85929648241206	0.05777969152666161
52.26130653266332	0.05734316877781289
52.663316582914575	0.05643450590106138
53.06532663316583	0.05498309768823804
53.46733668341709	0.05383288732378143
53.869346733668344	0.052685492220374254
54.2713567839196	0.052230111423720624
54.67336683417086	0.05265626052514076
55.07537688442211	0.05383872330897134
55.47738693467337	0.0553725216360343
55.879396984924625	0.05699178270729053
56.28140703517588	0.058246853723458836
56.68341708542714	0.058927857792364244
57.085427135678394	0.05910378921805626
57.48743718592965	0.058755520312718
57.88944723618091	0.0580836674473313
58.29145728643216	0.05711706646397634
58.69346733668342	0.05607347255102352
59.095477386934675	0.05518223930750023
59.49748743718593	0.054553565958896086
59.89949748743719	0.05410883947549844
60.301507537688444	0.054141384785362734
60.7035175879397	0.05477718642600056
61.10552763819096	0.055758895224547245
61.50753768844221	0.05664267818073545
61.90954773869347	0.05721040133943728
62.311557788944725	0.05713239851903638
62.71356783919598	0.05637435063049233
63.11557788944724	0.05547258565190798
63.517587939698494	0.05430375284126672
63.91959798994975	0.05316574339429732
64.32160804020101	0.05228812222074253
64.72361809045226	0.05159957323000752
65.12562814070353	0.05080925098441034
65.52763819095478	0.05021716420423705
65.92964824120604	0.04973883062953462
66.33165829145729	0.04969689379670082
66.73366834170855	0.05004777017172744
67.1356783919598	0.05062683971665845
67.53768844221106	0.05140204838048943
67.93969849246231	0.051834554156018654
68.34170854271358	0.052152127246995084
68.74371859296483	0.05208495400319596
69.14572864321609	0.051989627554892635
69.54773869346734	0.051815108851517286
69.9497487437186	0.051799639238072834
70.35175879396985	0.051687825698117404
70.75376884422111	0.05145909826883448
71.15577889447236	0.05086621306581089
71.55778894472363	0.050125088224565614
71.95979899497488	0.04959023915894404
72.36180904522614	0.049437765097756596
72.76381909547739	0.050022845781264424
73.16582914572865	0.05070035573647782
73.5678391959799	0.051292500782109215
73.96984924623116	0.051884560355041666
74.37185929648241	0.05190619058103152
74.77386934673368	0.051874394022753643
75.17587939698493	0.05193489166376682
75.57788944723619	0.05186089219485638
75.97989949748744	0.051912753629423415
76.3819095477387	0.05161302901171595
76.78391959798995	0.051038006214144484
77.18592964824121	0.050199560718270385
77.58793969849246	0.04926713181887754
77.98994974874373	0.048773817534611075
78.39195979899498	0.0488605536918589
78.79396984924624	0.04955410371924589
79.19597989949749	0.05061442667867684
79.59798994974875	0.051653956311545804
80.0	0.05236420607142267
