0.0	0.0030809089759068183
0.4020100502512563	0.00237794518437984
0.8040201005025126	0.0012965441715131966
1.206030150753769	0.000706675582401638
1.6080402010050252	0.0014554340984511307
2.0100502512562817	0.0022420782820672227
2.412060301507538	0.0026052880024477415
2.814070351758794	0.002731603211869085
3.2160804020100504	0.002200096845989544
3.6180904522613067	0.0014208698402869654
4.020100502512563	0.0011171007550730603
4.42211055276382	0.001698283183420064
4.824120603015076	0.00244095265739428
5.226130653266332	0.002697666856365449
5.628140703517588	0.0024679424115960106
6.030150753768845	0.0018600460880552248
6.432160804020101	0.0009229327645593784
6.834170854271357	0.0012390549444500545
7.236180904522613	0.002196833648785412
7.63819095477387	0.003186441851729989
8.040201005025127	0.003862933221580385
8.442211055276383	0.003951858391782239
8.84422110552764	0.003625940842465325
9.246231155778895	0.003094823628185029
9.648241206030152	0.002516048823102689
10.050251256281408	0.001978971805690695
10.452261306532664	0.001733138597906609
10.85427135678392	0.001973395004833563
11.256281407035177	0.002652084794699036
11.658291457286433	0.0041850406795266885
12.06030150753769	0.006233084940127979
12.462311557788945	0.00831622668647356
12.864321608040202	0.010736462326270159
13.266331658291458	0.013214326565736779
13.668341708542714	0.015341544639072887
14.07035175879397	0.017264109524608932
14.472361809045227	0.01862681718524303
14.874371859296483	0.019256410486723604
15.27638190954774	0.019234545323112896
15.678391959798995	0.0181708709865964
16.080402010050253	0.016398248917899896
16.48241206030151	0.013504455403624636
16.884422110552766	0.009850591063602249
17.286432160804022	0.00619458734958969
17.68844221105528	0.003932038896326867
18.090452261306535	0.0046085565394286465
18.49246231155779	0.005012902762845212
18.894472361809047	0.004352680079488442
19.296482412060303	0.006365827860957676
19.69849246231156	0.012307132401569104
20.100502512562816	0.019361178878172056
20.502512562814072	0.025725312536147665
20.90452261306533	0.030234308728601417
21.306532663316585	0.032105151117690016
21.70854271356784	0.030897333392986587
22.110552763819097	0.027308739934154568
22.512562814070353	0.022482992718202567
22.91457286432161	0.017692736325991217
23.316582914572866	0.014761158735011515
23.718592964824122	0.01417208709058845
24.12060301507538	0.014485876837267198
24.522613065326635	0.014420890917848853
24.92462311557789	0.014504160660295546
25.326633165829147	0.016015483117227624
25.728643216080403	0.019951508487533645
26.13065326633166	0.024994041110873846
26.532663316582916	0.02956420608796259
26.934673366834172	0.03252863000363503
27.33668341708543	0.03281035685603072
27.738693467336685	0.030713742659067917
28.14070351758794	0.02742180750734764
28.542713567839197	0.02449878133312613
28.944723618090453	0.024197634261978858
29.34673366834171	0.02603382906685166
29.748743718592966	0.027489136756607895
30.150753768844222	0.027207333181514554
30.55276381909548	0.024788281210501303
30.954773869346734	0.021768742683174056
31.35678391959799	0.022111443625362263
31.758793969849247	0.027572927463120595
32.16080402010051	0.034988684262255994
32.56281407035176	0.04126009869828792
32.96482412060302	0.04491286593239586
33.366834170854275	0.04516867051694478
33.76884422110553	0.043042431197887046
34.17085427135679	0.0403825561616897
34.572864321608044	0.038538906372587355
34.9748743718593	0.03813896632306112
35.37688442211056	0.03826470611882879
35.77889447236181	0.03801094756794133
36.18090452261307	0.036393251777669965
36.582914572864325	0.03406050498931099
36.98492462311558	0.03365310472295577
37.38693467336684	0.03662610840435895
37.788944723618094	0.0422938906631964
38.19095477386935	0.048440080772184875
38.59296482412061	0.05323032989965456
38.99497487437186	0.055900493223779366
39.39698492462312	0.05639236904194589
39.798994974874375	0.05526104061489394
40.20100502512563	0.05364289595678769
40.60301507537689	0.0522630952834038
41.005025125628144	0.051417061146610585
41.4070351758794	0.05104596047328219
41.80904522613066	0.05121004920552584
42.21105527638191	0.05226364475245695
42.61306532663317	0.05472256322201256
43.015075376884425	0.05907551603479677
43.41708542713568	0.06409544535406209
43.81909547738694	0.06844647716565244
44.221105527638194	0.07035568777506247
44.62311557788945	0.06936638382046231
45.02512562814071	0.0650690264721828
45.42713567839196	0.0587328333122905
45.82914572864322	0.05213717665155998
46.231155778894475	0.04752504570027571
46.63316582914573	0.04645476929677814
47.03517587939699	0.0485799472155538
47.437185929648244	0.05223751138129644
47.8391959798995	0.05654767276305035
48.24120603015076	0.06026009800175397
48.64321608040201	0.06336029140321339
49.04522613065327	0.06503627500406164
49.447236180904525	0.06437890367989742
49.84924623115578	0.06125530902479084
50.25125628140704	0.05592174184153481
50.653266331658294	0.04871822744422791
51.05527638190955	0.04143812274625249
51.45728643216081	0.035398828674658836
51.85929648241206	0.03236666147395256
52.26130653266332	0.03391263370416443
52.663316582914575	0.03922895800568013
53.06532663316583	0.04604737527352467
53.46733668341709	0.05306772055934461
53.869346733668344	0.05870529996846606
54.2713567839196	0.06232881864880728
54.67336683417086	0.06309841156135634
55.07537688442211	0.060996469410510526
55.47738693467337	0.05621207026647629
55.879396984924625	0.04953875519470534
56.28140703517588	0.042180030812714715
56.68341708542714	0.034948919498010565
57.085427135678394	0.0294700372522216
57.48743718592965	0.02696552464124933
57.88944723618091	0.028663110936269682
58.29145728643216	0.03469663639043494
58.69346733668342	0.0431199707775382
59.095477386934675	0.05206503296392353
59.49748743718593	0.05963634862943116
59.89949748743719	0.06459710318828413
60.301507537688444	0.06618802039208142
60.7035175879397	0.06413678088477989
61.10552763819096	0.05904321609069925
61.50753768844221	0.051952266429368565
61.90954773869347	0.04446491404678184
62.311557788944725	0.03797495339464119
62.71356783919598	0.03288822552122236
63.11557788944724	0.030450342383999674
63.517587939698494	0.03130088637192609
63.91959798994975	0.03632412732778204
64.32160804020101	0.04436946638267554
64.72361809045226	0.05369543445425221
65.12562814070353	0.062362665629902614
65.52763819095478	0.06858954033953255
65.92964824120604	0.07137666282871816
66.33165829145729	0.07000193527607858
66.73366834170855	0.06518051257446887
67.1356783919598	0.05810947160736888
67.53768844221106	0.050779360494509485
67.93969849246231	0.04456535124869175
68.34170854271358	0.04065657578209774
68.74371859296483	0.03878928709532499
69.14572864321609	0.03941868297753627
69.54773869346734	0.042712813934792496
69.9497487437186	0.04929041760915282
70.35175879396985	0.05778930648268345
70.75376884422111	0.06629328144298906
71.15577889447236	0.07236690898516154
71.55778894472363	0.07464688955972001
71.95979899497488	0.07255585548359116
72.36180904522614	0.06665960071900204
72.76381909547739	0.0582302782384176
73.16582914572865	0.04994292541349773
73.5678391959799	0.044413161127180564
73.96984924623116	0.04243298869108454
74.37185929648241	0.04326956172384722
74.77386934673368	0.04489589666045493
75.17587939698493	0.04727872182485314
75.57788944723619	0.05062497866616099
75.97989949748744	0.05585638926291692
76.3819095477387	0.061681098072452756
76.78391959798995	0.06683458858889887
77.18592964824121	0.06923418679035992
77.58793969849246	0.0678637017820315
77.98994974874373	0.06276472440686325
78.39195979899498	0.0552647925804182
78.79396984924624	0.04768402523103439
79.19597989949749	0.04257407923883323
79.59798994974875	0.04097116836536295
80.0	0.041960492464115054
