0.0	0.015700261008315182
0.4020100502512563	0.014179529106900868
0.8040201005025126	0.0105890745645762
1.206030150753769	0.006622396855633433
1.6080402010050252	0.0056778190897217844
2.0100502512562817	0.009030515680187753
2.412060301507538	0.012175607158846465
2.814070351758794	0.012918461262204686
3.2160804020100504	0.011449070641994036
3.6180904522613067	0.0076631491388714865
4.020100502512563	0.0025378021641260552
4.42211055276382	0.004679935105373673
4.824120603015076	0.01051761206566347
5.226130653266332	0.01491040112717604
5.628140703517588	0.017278415655396572
6.030150753768845	0.017195905790245835
6.432160804020101	0.015117183795933326
6.834170854271357	0.011663255229789685
7.236180904522613	0.008866528615204523
7.63819095477387	0.009314346991607615
8.040201005025127	0.011332566897627423
8.442211055276383	0.012444734421635854
8.84422110552764	0.011486832085148141
9.246231155778895	0.008440319155879835
9.648241206030152	0.003939074078201054
10.050251256281408	0.004743770097580401
10.452261306532664	0.010586646472378895
10.85427135678392	0.015608691570789795
11.256281407035177	0.018837818689635865
11.658291457286433	0.019528910172710516
12.06030150753769	0.017609242145505064
12.462311557788945	0.013563018984759201
12.864321608040202	0.008936138316272307
13.266331658291458	0.0072390532701695435
13.668341708542714	0.010104704144095512
14.07035175879397	0.013453195095798278
14.472361809045227	0.015016068376528227
14.874371859296483	0.014197246681130076
15.27638190954774	0.010935032660047417
15.678391959798995	0.006169384733690109
16.080402010050253	0.0030180721373798
16.48241206030151	0.007997909463357095
16.884422110552766	0.013262110542184471
17.286432160804022	0.016819925648186528
17.68844221105528	0.018358350415238426
18.090452261306535	0.017587985658690332
18.49246231155779	0.014743170818098353
18.894472361809047	0.010656386051996987
19.296482412060303	0.007064639862923157
19.69849246231156	0.0061484673301043635
20.100502512562816	0.007756649324441635
20.502512562814072	0.009045484029526485
20.90452261306533	0.009106212717750934
21.306532663316585	0.007720887672644274
21.70854271356784	0.00640669422532159
22.110552763819097	0.007600599954299209
22.512562814070353	0.011460843360359761
22.91457286432161	0.01564628362259176
23.316582914572866	0.018667480553709204
23.718592964824122	0.019718867165997685
24.12060301507538	0.018490479831466886
24.522613065326635	0.01540470316030538
24.92462311557789	0.0110678978433491
25.326633165829147	0.006228248250204573
25.728643216080403	0.002689644784541862
26.13065326633166	0.002548741652955288
26.532663316582916	0.0033594285126333813
26.934673366834172	0.003869482035831528
27.33668341708543	0.006257246918762681
27.738693467336685	0.010809900014730764
28.14070351758794	0.0165391928264533
28.542713567839197	0.022305623508978724
28.944723618090453	0.02704872316545152
29.34673366834171	0.029747473274344245
29.748743718592966	0.03019556214681777
30.150753768844222	0.02820620424168448
30.55276381909548	0.024002660957604952
30.954773869346734	0.01846577456532995
31.35678391959799	0.01304733333255867
31.758793969849247	0.008963186566226276
32.16080402010051	0.007815225590119596
32.56281407035176	0.008909638738356498
32.96482412060302	0.011308828162992255
33.366834170854275	0.014957174513778069
33.76884422110553	0.020072912010296016
34.17085427135679	0.026152497040373462
34.572864321608044	0.03209846999627804
34.9748743718593	0.03689603590588782
35.37688442211056	0.03969557259057875
35.77889447236181	0.04007601021153448
36.18090452261307	0.038254651462443626
36.582914572864325	0.034569215692600144
36.98492462311558	0.02986094813190705
37.38693467336684	0.025049924239954315
37.788944723618094	0.021189655596423298
38.19095477386935	0.019069502202968935
38.59296482412061	0.01909761788869666
38.99497487437186	0.021244010440149085
39.39698492462312	0.025226464446558676
39.798994974874375	0.03056719831433589
40.20100502512563	0.03658679031217028
40.60301507537689	0.042568473026378686
41.005025125628144	0.0471848421755909
41.4070351758794	0.04971811088116197
41.80904522613066	0.04985366258689737
42.21105527638191	0.0477916684649827
42.61306532663317	0.04405866474948062
43.015075376884425	0.03967651604667359
43.41708542713568	0.03584088330724078
43.81909547738694	0.03345678884487453
44.221105527638194	0.033258275424596424
44.62311557788945	0.035320872918519694
45.02512562814071	0.03956520344399617
45.42713567839196	0.045517765207708796
45.82914572864322	0.05276944226943694
46.231155778894475	0.060421802350130824
46.63316582914573	0.06703100016276117
47.03517587939699	0.07181486812081558
47.437185929648244	0.07351354375858864
47.8391959798995	0.07238413438636558
48.24120603015076	0.06906512129205625
48.64321608040201	0.06429156359763391
49.04522613065327	0.05911116310309413
49.447236180904525	0.054835233338722936
49.84924623115578	0.0518861478460958
50.25125628140704	0.05070982102488787
50.653266331658294	0.05110546176175055
51.05527638190955	0.05293010124111921
51.45728643216081	0.0556374439908382
51.85929648241206	0.058535818680974475
52.26130653266332	0.061619243826412096
52.663316582914575	0.06418735461780571
53.06532663316583	0.06635823041705581
53.46733668341709	0.06813780389900213
53.869346733668344	0.06887096994102357
54.2713567839196	0.06850727876198415
54.67336683417086	0.0668980771371341
55.07537688442211	0.06399922858847881
55.47738693467337	0.06049015507185298
55.879396984924625	0.056379951197052525
56.28140703517588	0.05276416978973002
56.68341708542714	0.04999888066126067
57.085427135678394	0.04869650661421228
57.48743718592965	0.0487335419783384
57.88944723618091	0.050294983256441786
58.29145728643216	0.05287135791947513
58.69346733668342	0.05598448266720716
59.095477386934675	0.05916127023648634
59.49748743718593	0.06157966341345618
59.89949748743719	0.06265314009057532
60.301507537688444	0.06216490053103174
60.7035175879397	0.06002834103532008
61.10552763819096	0.05674448835783339
61.50753768844221	0.05271616023862487
61.90954773869347	0.04880115286326199
62.311557788944725	0.045718552983543874
62.71356783919598	0.04419435893338363
63.11557788944724	0.04423849726877086
63.517587939698494	0.04571420412813342
63.91959798994975	0.04830047234078903
64.32160804020101	0.051710960017862226
64.72361809045226	0.055429512841917584
65.12562814070353	0.05841817929982711
65.52763819095478	0.06035172006324654
65.92964824120604	0.06084864609779361
66.33165829145729	0.06001261379312084
66.73366834170855	0.057908614415784564
67.1356783919598	0.055044043295977965
67.53768844221106	0.052079423696992165
67.93969849246231	0.04966747076234938
68.34170854271358	0.047571397467655
68.74371859296483	0.04660460331791186
69.14572864321609	0.04692381546563601
69.54773869346734	0.04842486724258822
69.9497487437186	0.05109846219540922
70.35175879396985	0.05432856011977545
70.75376884422111	0.05785906243882914
71.15577889447236	0.06087647935017747
71.55778894472363	0.06296478786078161
71.95979899497488	0.06357942555553785
72.36180904522614	0.06256864373884612
72.76381909547739	0.060375537736174004
73.16582914572865	0.05694441835075052
73.5678391959799	0.05321121003306203
73.96984924623116	0.04998061530345731
74.37185929648241	0.04777572127471323
74.77386934673368	0.047121320234107485
75.17587939698493	0.0482019880756307
75.57788944723619	0.05076372119896244
75.97989949748744	0.05427511012590215
76.3819095477387	0.05807004059297559
76.78391959798995	0.06132771941613876
77.18592964824121	0.06354334595901165
77.58793969849246	0.06407850460398049
77.98994974874373	0.06304336876716408
78.39195979899498	0.060560455772561674
78.79396984924624	0.057375944373228016
79.19597989949749	0.053988891132284146
79.59798994974875	0.051426050144771064
80.0	0.05006890643702858
