0.0	0.024472786996441703
0.4020100502512563	0.022678164109092305
0.8040201005025126	0.017170158141045548
1.206030150753769	0.009007509775642113
1.6080402010050252	0.0005909805328306268
2.0100502512562817	0.009278466963956632
2.412060301507538	0.01579359142449032
2.814070351758794	0.018933296610361576
3.2160804020100504	0.017991823263251033
3.6180904522613067	0.013106434662763709
4.020100502512563	0.0051660761111357156
4.42211055276382	0.0044089887004247754
4.824120603015076	0.013908987824743943
5.226130653266332	0.021578782285191955
5.628140703517588	0.026090802988704136
6.030150753768845	0.02675440888885844
6.432160804020101	0.023302098202219113
6.834170854271357	0.01671914650640721
7.236180904522613	0.008302537773507307
7.63819095477387	0.0011443109794932469
8.040201005025127	0.007958744895422636
8.442211055276383	0.012319850623745982
8.84422110552764	0.01296462051991088
9.246231155778895	0.009489377545870353
9.648241206030152	0.002210389320575977
10.050251256281408	0.007217011975147136
10.452261306532664	0.017800127313619914
10.85427135678392	0.027560588709479146
11.256281407035177	0.034565479907589645
11.658291457286433	0.038175063368434674
12.06030150753769	0.03784814570628471
12.462311557788945	0.03418083231217148
12.864321608040202	0.028152408690781262
13.266331658291458	0.020619153891843295
13.668341708542714	0.014250716289398136
14.07035175879397	0.010964688997740437
14.472361809045227	0.011358476486897764
14.874371859296483	0.01548400345529477
15.27638190954774	0.022144652949684634
15.678391959798995	0.030875214039377007
16.080402010050253	0.04051205448131845
16.48241206030151	0.0479999864437271
16.884422110552766	0.05037658331778848
17.286432160804022	0.04449492994869431
17.68844221105528	0.030759525562361428
18.090452261306535	0.013432810269770747
18.49246231155779	0.009245047202935352
18.894472361809047	0.020830566042010643
19.296482412060303	0.02433346462516664
19.69849246231156	0.016663981668951618
20.100502512562816	0.0006680825725268338
20.502512562814072	0.021685004268511776
20.90452261306533	0.045292790582420764
21.306532663316585	0.06462354785441551
21.70854271356784	0.07642771442953307
22.110552763819097	0.0770486626660404
22.512562814070353	0.06729086164432195
22.91457286432161	0.04831598004466375
23.316582914572866	0.023999479995307656
23.718592964824122	0.013042898176488871
24.12060301507538	0.03568829559037525
24.522613065326635	0.05558105863313397
24.92462311557789	0.06560923782703125
25.326633165829147	0.06362910764670274
25.728643216080403	0.05053046090621115
26.13065326633166	0.031077385677869884
26.532663316582916	0.016118353392302644
26.934673366834172	0.025446187979247064
27.33668341708543	0.039086531382542464
27.738693467336685	0.043840230737487884
28.14070351758794	0.03851154940779024
28.542713567839197	0.027127895342817242
28.944723618090453	0.02814365815061413
29.34673366834171	0.05022442731567095
29.748743718592966	0.07566979246999898
30.150753768844222	0.0955732529290498
30.55276381909548	0.10550951580196022
30.954773869346734	0.10421317081895365
31.35678391959799	0.09166918132123972
31.758793969849247	0.07048144783191582
32.16080402010051	0.04505414912510857
32.56281407035176	0.0212232381448496
32.96482412060302	0.013399117677806646
33.366834170854275	0.02258783214985666
33.76884422110553	0.026755405445889148
34.17085427135679	0.024391356443796593
34.572864321608044	0.021568514106611973
34.9748743718593	0.0286000530939614
35.37688442211056	0.045094590271428606
35.77889447236181	0.06218406832036614
36.18090452261307	0.07494224891893528
36.582914572864325	0.08041283075826636
36.98492462311558	0.07712318939016558
37.38693467336684	0.06501609654875247
37.788944723618094	0.04698396241382815
38.19095477386935	0.0264574361749249
38.59296482412061	0.018368260544532233
38.99497487437186	0.032737038614495645
39.39698492462312	0.04796405967156819
39.798994974874375	0.05726606879031295
40.20100502512563	0.05971665986903937
40.60301507537689	0.055831063971230624
41.005025125628144	0.049117335987146196
41.4070351758794	0.04226472256569771
41.80904522613066	0.03690510591700807
42.21105527638191	0.03258989773113851
42.61306532663317	0.02675434458552019
43.015075376884425	0.01739147817596081
43.41708542713568	0.005191924512034332
43.81909547738694	0.012786543618380141
44.221105527638194	0.028889358587710974
44.62311557788945	0.04294598994560027
45.02512562814071	0.052201967709624486
45.42713567839196	0.05629560427529906
45.82914572864322	0.05482986076281869
46.231155778894475	0.049779451837397654
46.63316582914573	0.042599734913658524
47.03517587939699	0.03484747545344928
47.437185929648244	0.026444244057323263
47.8391959798995	0.018040511885943196
48.24120603015076	0.010841417646956142
48.64321608040201	0.012756463822344513
49.04522613065327	0.022394134194013614
49.447236180904525	0.03194789301161738
49.84924623115578	0.03892189345674954
50.25125628140704	0.04103430982910328
50.653266331658294	0.03861905198613502
51.05527638190955	0.03235465646225656
51.45728643216081	0.025047809285169236
51.85929648241206	0.020139727916970752
52.26130653266332	0.019060438306681173
52.663316582914575	0.018934806356981602
53.06532663316583	0.01751182494602513
53.46733668341709	0.016547232824339682
53.869346733668344	0.021264370143000293
54.2713567839196	0.03178208078495966
54.67336683417086	0.04313832323473603
55.07537688442211	0.051570772841747735
55.47738693467337	0.05530275292778945
55.879396984924625	0.052246652725455645
56.28140703517588	0.04297844251482252
56.68341708542714	0.02868392454292653
57.085427135678394	0.012741774513878104
57.48743718592965	0.010753847047533611
57.88944723618091	0.02404764331025141
58.29145728643216	0.03464738695479122
58.69346733668342	0.04037421801985746
59.095477386934675	0.04145176775047053
59.49748743718593	0.039209246221253255
59.89949748743719	0.0362743266703557
60.301507537688444	0.03437056832690354
60.7035175879397	0.033819609720971935
61.10552763819096	0.03238716360767039
61.50753768844221	0.028153253423101838
61.90954773869347	0.019375360534224725
62.311557788944725	0.0077449802630361105
62.71356783919598	0.015019463159127677
63.11557788944724	0.03358399821633898
63.517587939698494	0.05087511303700356
63.91959798994975	0.06384510605116561
64.32160804020101	0.07063667806610051
64.72361809045226	0.06957363631540911
65.12562814070353	0.06080047830913591
65.52763819095478	0.046047808285423854
65.92964824120604	0.026828090439582574
66.33165829145729	0.006871305661927024
66.73366834170855	0.011259890333195303
67.1356783919598	0.02430172144660351
67.53768844221106	0.031091404974156946
67.93969849246231	0.03145400711898485
68.34170854271358	0.028294439864886993
68.74371859296483	0.02774922496868462
69.14572864321609	0.0341546273838932
69.54773869346734	0.044503375720178866
69.9497487437186	0.05359288507571007
70.35175879396985	0.05729784920049082
70.75376884422111	0.054080153847134826
71.15577889447236	0.04358245344291875
71.55778894472363	0.02753624796933587
71.95979899497488	0.017288368268289105
72.36180904522614	0.03021850763676971
72.76381909547739	0.04880792439928505
73.16582914572865	0.06254000029661212
73.5678391959799	0.0680844476761259
73.96984924623116	0.06415972968371036
74.37185929648241	0.05172143338985844
74.77386934673368	0.03336559663997833
75.17587939698493	0.014748403437696669
75.57788944723619	0.015781012200408017
75.97989949748744	0.028080904857259864
76.3819095477387	0.033943529649306095
76.78391959798995	0.03110364762339709
77.18592964824121	0.02035654550613827
77.58793969849246	0.010766613434884107
77.98994974874373	0.024646452479513657
78.39195979899498	0.04327932221990061
78.79396984924624	0.05785093737650192
79.19597989949749	0.06461905790620444
79.59798994974875	0.06211091004049072
80.0	0.0506718943781309
