0.0	0.0211464708877511
0.4020100502512563	0.020144135007755987
0.8040201005025126	0.01591316115356822
1.206030150753769	0.0099072048596355
1.6080402010050252	0.0052340467853664654
2.0100502512562817	0.008621999362176903
2.412060301507538	0.013509119645802523
2.814070351758794	0.01565472712530925
3.2160804020100504	0.014633606535142552
3.6180904522613067	0.010560330764066933
4.020100502512563	0.0038644035783331615
4.42211055276382	0.005347203054094982
4.824120603015076	0.013284773225617405
5.226130653266332	0.020017568057772574
5.628140703517588	0.024217559771626672
6.030150753768845	0.025062805943847567
6.432160804020101	0.022441397039237844
6.834170854271357	0.017586151380448174
7.236180904522613	0.01183748631761957
7.63819095477387	0.008568633113433637
8.040201005025127	0.009858506912929638
8.442211055276383	0.01168849722604071
8.84422110552764	0.011014028834348932
9.246231155778895	0.007295283354363252
9.648241206030152	0.004283703416309621
10.050251256281408	0.010992653799329982
10.452261306532664	0.020201039451548428
10.85427135678392	0.028588896968670896
11.256281407035177	0.034752796623678875
11.658291457286433	0.03739761790837948
12.06030150753769	0.036496764053044056
12.462311557788945	0.0323930817368496
12.864321608040202	0.02620456170616754
13.266331658291458	0.019607955512543053
13.668341708542714	0.013773693277285679
14.07035175879397	0.010587162206621651
14.472361809045227	0.009181522400728526
14.874371859296483	0.007707655756474095
15.27638190954774	0.0060160364771165995
15.678391959798995	0.007826723723012791
16.080402010050253	0.014005633286664945
16.48241206030151	0.02188769400154531
16.884422110552766	0.029764954659741993
17.286432160804022	0.035640167283662656
17.68844221105528	0.03882784913680325
18.090452261306535	0.03891742522927036
18.49246231155779	0.03564793742367165
18.894472361809047	0.02988170179305797
19.296482412060303	0.02267582928079901
19.69849246231156	0.015302992432099163
20.100502512562816	0.009076486364681596
20.502512562814072	0.004841309045450206
20.90452261306533	0.0029642437440795264
21.306532663316585	0.0051083084892213915
21.70854271356784	0.010523599894004847
22.110552763819097	0.017573448507672337
22.512562814070353	0.024824851236745108
22.91457286432161	0.031105009170771764
23.316582914572866	0.03450396987995124
23.718592964824122	0.03456770551822123
24.12060301507538	0.03131116302912333
24.522613065326635	0.02499979020395665
24.92462311557789	0.016794504454830553
25.326633165829147	0.008370123765368356
25.728643216080403	0.0024306542417523334
26.13065326633166	0.005681662163228467
26.532663316582916	0.00799278058575235
26.934673366834172	0.007497814387625092
27.33668341708543	0.006964854550443708
27.738693467336685	0.011727240712836946
28.14070351758794	0.019911528732616007
28.542713567839197	0.028024594495312537
28.944723618090453	0.03421825620411641
29.34673366834171	0.03697325812835605
29.748743718592966	0.03594355463000072
30.150753768844222	0.03114569952568772
30.55276381909548	0.023710641113565738
30.954773869346734	0.015617204308156172
31.35678391959799	0.010231190474156103
31.758793969849247	0.01096636339495061
32.16080402010051	0.013655779864500788
32.56281407035176	0.014633917309338936
32.96482412060302	0.014374816813128407
33.366834170854275	0.015916936453742033
33.76884422110553	0.020787677689062777
34.17085427135679	0.026956594136502837
34.572864321608044	0.03244059230837242
34.9748743718593	0.03520967311139258
35.37688442211056	0.03486918233211772
35.77889447236181	0.03166293832984151
36.18090452261307	0.02663176718996645
36.582914572864325	0.02139938713861837
36.98492462311558	0.017998284837102238
37.38693467336684	0.017210750650647633
37.788944723618094	0.01793896752188346
38.19095477386935	0.018759981694019535
38.59296482412061	0.01978240407400555
38.99497487437186	0.022845893084823092
39.39698492462312	0.0282610135584269
39.798994974874375	0.034438976722032874
40.20100502512563	0.03997676325013569
40.60301507537689	0.04339853521375435
41.005025125628144	0.043847918259228943
41.4070351758794	0.04143383555194926
41.80904522613066	0.036985743286725374
42.21105527638191	0.03175070883459491
42.61306532663317	0.027609077391957483
43.015075376884425	0.026446043050549428
43.41708542713568	0.027262859690695185
43.81909547738694	0.028602102445771688
44.221105527638194	0.029728304016600243
44.62311557788945	0.030453138023841947
45.02512562814071	0.031554311511023586
45.42713567839196	0.03345291206956153
45.82914572864322	0.03584136127649936
46.231155778894475	0.037914600820386286
46.63316582914573	0.038722084929982234
47.03517587939699	0.038107968248336455
47.437185929648244	0.036805799257953645
47.8391959798995	0.035224133209031144
48.24120603015076	0.03450210715768327
48.64321608040201	0.0354481256184817
49.04522613065327	0.03781996690023136
49.447236180904525	0.04096315278626065
49.84924623115578	0.043819570091396434
50.25125628140704	0.04577979432399176
50.653266331658294	0.04627624148874283
51.05527638190955	0.045793611014988314
51.45728643216081	0.0443915323718269
51.85929648241206	0.04293402370918657
52.26130653266332	0.041948074684113226
52.663316582914575	0.041595307304239125
53.06532663316583	0.042003663465046207
53.46733668341709	0.04305214201907756
53.869346733668344	0.04491607842639144
54.2713567839196	0.04762194058897041
54.67336683417086	0.052000010386379344
55.07537688442211	0.057175708266071976
55.47738693467337	0.062205539427829235
55.879396984924625	0.06627657682868689
56.28140703517588	0.0684143654437401
56.68341708542714	0.06806645086372722
57.085427135678394	0.06597975434514719
57.48743718592965	0.0629176116423066
57.88944723618091	0.05928165331484875
58.29145728643216	0.05590177880808896
58.69346733668342	0.05315376692555884
59.095477386934675	0.05043178805234057
59.49748743718593	0.04817205793283665
59.89949748743719	0.0467812660754466
60.301507537688444	0.047645109389834926
60.7035175879397	0.05175520994409362
61.10552763819096	0.058350652087201214
61.50753768844221	0.06552540338767078
61.90954773869347	0.07134748478051253
62.311557788944725	0.07416944044943818
62.71356783919598	0.07302038714732244
63.11557788944724	0.06811449904446991
63.517587939698494	0.0605929144208087
63.91959798994975	0.05213404600316114
64.32160804020101	0.04453969843569442
64.72361809045226	0.038745882507753245
65.12562814070353	0.034924429008429195
65.52763819095478	0.032944495502172
65.92964824120604	0.03313889333342534
66.33165829145729	0.03673630114014181
66.73366834170855	0.04365443381809694
67.1356783919598	0.05189749577814638
67.53768844221106	0.0588446475322682
67.93969849246231	0.06294963803900996
68.34170854271358	0.06308296382515007
68.74371859296483	0.05930785278304984
69.14572864321609	0.05249880756692563
69.54773869346734	0.04440895267842548
69.9497487437186	0.037310024092218064
70.35175879396985	0.03224753098436724
70.75376884422111	0.029248222431349648
71.15577889447236	0.028086643376126662
71.55778894472363	0.028895662887328498
71.95979899497488	0.03235659120927838
72.36180904522614	0.037827757943983936
72.76381909547739	0.04449797836523221
73.16582914572865	0.05077746827491573
73.5678391959799	0.05529427932054067
73.96984924623116	0.057311002038479594
74.37185929648241	0.05625435209479486
74.77386934673368	0.0530682541089641
75.17587939698493	0.0482033226804132
75.57788944723619	0.043020057945601584
75.97989949748744	0.03863156911407741
76.3819095477387	0.035332967271413315
76.78391959798995	0.033712740101184496
77.18592964824121	0.03334163381853547
77.58793969849246	0.03484258234492407
77.98994974874373	0.03821284098512402
78.39195979899498	0.043140094212945956
78.79396984924624	0.048380621027264724
79.19597989949749	0.05272366631746964
79.59798994974875	0.05526117201599793
80.0	0.05536989475222862
