0.0	0.019892200758791705
0.4020100502512563	0.01809111919476719
0.8040201005025126	0.0138253213084675
1.206030150753769	0.008031279873340933
1.6080402010050252	0.005505028486218167
2.0100502512562817	0.009907306638717162
2.412060301507538	0.014417201440625738
2.814070351758794	0.016299815924423512
3.2160804020100504	0.014921486717851531
3.6180904522613067	0.010873136417169988
4.020100502512563	0.004720735580008214
4.42211055276382	0.004233289194995568
4.824120603015076	0.01132435330649095
5.226130653266332	0.017215322575236287
5.628140703517588	0.02083373321721744
6.030150753768845	0.021419371301082638
6.432160804020101	0.019062531262147638
6.834170854271357	0.01496129314589601
7.236180904522613	0.010938867458369254
7.63819095477387	0.010208601484819075
8.040201005025127	0.012660645423374927
8.442211055276383	0.014628352331701483
8.84422110552764	0.014237916889203717
9.246231155778895	0.011047639425032108
9.648241206030152	0.00639735549228711
10.050251256281408	0.006565505913444946
10.452261306532664	0.013957987298586258
10.85427135678392	0.02152123035981841
11.256281407035177	0.027221021593467527
11.658291457286433	0.030834575250762365
12.06030150753769	0.03123945408213959
12.462311557788945	0.0288147788273199
12.864321608040202	0.02440949105470201
13.266331658291458	0.018635445338344887
13.668341708542714	0.012432427061670758
14.07035175879397	0.007852631649027176
14.472361809045227	0.0053416466128570345
14.874371859296483	0.004731591120888499
15.27638190954774	0.007393572117861072
15.678391959798995	0.011543053684129593
16.080402010050253	0.015587771654999208
16.48241206030151	0.01795896322775374
16.884422110552766	0.020818196423658075
17.286432160804022	0.0305630981161246
17.68844221105528	0.04810832535206554
18.090452261306535	0.06686097797142769
18.49246231155779	0.07934243936776919
18.894472361809047	0.08055286495812389
19.296482412060303	0.06921533224033571
19.69849246231156	0.0484675305747769
20.100502512562816	0.025030955587755428
20.502512562814072	0.022595643799717173
20.90452261306533	0.04044851105851826
21.306532663316585	0.05412500753037486
21.70854271356784	0.05785330618964239
22.110552763819097	0.05314483077468213
22.512562814070353	0.04663434658214042
22.91457286432161	0.04989068992344204
23.316582914572866	0.06329921801056779
23.718592964824122	0.07802814877173164
24.12060301507538	0.08549449731205064
24.522613065326635	0.08246815422225176
24.92462311557789	0.06834984411784435
25.326633165829147	0.046195560956982025
25.728643216080403	0.022901814527353577
26.13065326633166	0.020376701606288784
26.532663316582916	0.03721512559341051
26.934673366834172	0.0496625855305174
27.33668341708543	0.054422467049978884
27.738693467336685	0.05509329784869775
28.14070351758794	0.05884479607425121
28.542713567839197	0.07002141751399338
28.944723618090453	0.0841046525507205
29.34673366834171	0.09419859351929025
29.748743718592966	0.095279998825787
30.150753768844222	0.08623330866534472
30.55276381909548	0.06774074998146647
30.954773869346734	0.0437249830087644
31.35678391959799	0.026007611007349753
31.758793969849247	0.03324378573877724
32.16080402010051	0.049954759827352035
32.56281407035176	0.06130631195877834
32.96482412060302	0.06492098447718883
33.366834170854275	0.06211709558456914
33.76884422110553	0.057152111257688286
34.17085427135679	0.05496362894175758
34.572864321608044	0.05843198280757169
34.9748743718593	0.06458930708375621
35.37688442211056	0.06846615647781937
35.77889447236181	0.06708341941901519
36.18090452261307	0.058187861368119466
36.582914572864325	0.04351332646229062
36.98492462311558	0.025869443645639045
37.38693467336684	0.015012245984133612
37.788944723618094	0.023389524087802475
38.19095477386935	0.03411218339569952
38.59296482412061	0.03854453417536287
38.99497487437186	0.03595887107615078
39.39698492462312	0.029459796607114397
39.798994974874375	0.02711402515452364
40.20100502512563	0.035341282505030776
40.60301507537689	0.04822853909331372
41.005025125628144	0.05809806876579695
41.4070351758794	0.061917538810066605
41.80904522613066	0.05873987855810877
42.21105527638191	0.04901967935385991
42.61306532663317	0.035465821823506036
43.015075376884425	0.02286410454541183
43.41708542713568	0.020927510051692515
43.81909547738694	0.028468306362782504
44.221105527638194	0.034705299970225326
44.62311557788945	0.035926851107100415
45.02512562814071	0.032737938513201566
45.42713567839196	0.02941431225741221
45.82914572864322	0.03300893996024083
46.231155778894475	0.04374738384443638
46.63316582914573	0.05577691934024102
47.03517587939699	0.0633590377111541
47.437185929648244	0.06461909832731354
47.8391959798995	0.057837504964549216
48.24120603015076	0.04483404943452686
48.64321608040201	0.028448033837477783
49.04522613065327	0.013088672700520604
49.447236180904525	0.009642644902075673
49.84924623115578	0.017549287488427164
50.25125628140704	0.022509821327076643
50.653266331658294	0.024490796322455967
51.05527638190955	0.028001643298743217
51.45728643216081	0.03850153173707102
51.85929648241206	0.053891431475971065
52.26130653266332	0.06926014093961953
52.663316582914575	0.0805650125313081
53.06532663316583	0.08548473551058385
53.46733668341709	0.08204284982669313
53.869346733668344	0.07064452282514311
54.2713567839196	0.053233433958848886
54.67336683417086	0.032713275019989094
55.07537688442211	0.013354954345056052
55.47738693467337	0.011765392898337178
55.879396984924625	0.022885741644124984
56.28140703517588	0.029474855093672137
56.68341708542714	0.031821723633251586
57.085427135678394	0.03439217684496045
57.48743718592965	0.04115419636475253
57.88944723618091	0.0517862414504501
58.29145728643216	0.0620338683892821
58.69346733668342	0.06855183701097455
59.095477386934675	0.06843627968760609
59.49748743718593	0.060997749371232465
59.89949748743719	0.04681457733308343
60.301507537688444	0.02845708656541754
60.7035175879397	0.009938948103145936
61.10552763819096	0.01133333112748423
61.50753768844221	0.0229851659911194
61.90954773869347	0.02895533386755873
62.311557788944725	0.029680806979535797
62.71356783919598	0.02929047389332228
63.11557788944724	0.03413922796480852
63.517587939698494	0.04500991074548823
63.91959798994975	0.056845103580890864
64.32160804020101	0.06502131430373337
64.72361809045226	0.06674960325468156
65.12562814070353	0.06076491938911625
65.52763819095478	0.04761807904251787
65.92964824120604	0.029723113905703962
66.33165829145729	0.009789013587598313
66.73366834170855	0.008377360350351002
67.1356783919598	0.02197524375135239
67.53768844221106	0.028621832343596464
67.93969849246231	0.028367803208737948
68.34170854271358	0.02318931981526306
68.74371859296483	0.02016754417344662
69.14572864321609	0.0276600712002892
69.54773869346734	0.04014780875190456
69.9497487437186	0.05081641620513957
70.35175879396985	0.056270382182993114
70.75376884422111	0.05530844057764339
71.15577889447236	0.04840308525489259
71.55778894472363	0.037457132618935365
71.95979899497488	0.026152563358601978
72.36180904522614	0.01966063191014445
72.76381909547739	0.019483315874779854
73.16582914572865	0.019929817214297173
73.5678391959799	0.015896760250966268
73.96984924623116	0.007828044433703085
74.37185929648241	0.00963263677807526
74.77386934673368	0.02465026123410235
75.17587939698493	0.039927802556477765
75.57788944723619	0.052453346066721786
75.97989949748744	0.05977929488959359
76.3819095477387	0.06119794988910845
76.78391959798995	0.05703337829578605
77.18592964824121	0.0485263043881691
77.58793969849246	0.038093201754071784
77.98994974874373	0.02775767061812736
78.39195979899498	0.020055804893302456
78.79396984924624	0.01452699642302846
79.19597989949749	0.00979299381869092
79.59798994974875	0.006777331864416344
80.0	0.014422006195130347
