0.0	0.014157705346673677
0.4020100502512563	0.013048584109682205
0.8040201005025126	0.011107128952821978
1.206030150753769	0.009052703300344038
1.6080402010050252	0.00877657699891771
2.0100502512562817	0.010049971614959968
2.412060301507538	0.011669426975397327
2.814070351758794	0.012178584673785176
3.2160804020100504	0.010657999897216382
3.6180904522613067	0.007739439307322378
4.020100502512563	0.004285851726868226
4.42211055276382	0.004321581922680341
4.824120603015076	0.008488093801308164
5.226130653266332	0.012326775506536335
5.628140703517588	0.015141647346131775
6.030150753768845	0.016403995339367226
6.432160804020101	0.016482344864948643
6.834170854271357	0.015774434935892732
7.236180904522613	0.015102194006168556
7.63819095477387	0.01500744624096965
8.040201005025127	0.015158114626108157
8.442211055276383	0.014319786609299423
8.84422110552764	0.012425926082560323
9.246231155778895	0.009065082035399456
9.648241206030152	0.00427899198104123
10.050251256281408	0.0026775210761500632
10.452261306532664	0.008094901871058994
10.85427135678392	0.013158059018522513
11.256281407035177	0.01668654049589305
11.658291457286433	0.01851746060144544
12.06030150753769	0.01834209527080452
12.462311557788945	0.016606673076792762
12.864321608040202	0.014725466564189781
13.266331658291458	0.01489442930294764
13.668341708542714	0.018882850233442404
14.07035175879397	0.022953309361140317
14.472361809045227	0.02392984377262368
14.874371859296483	0.019391304784654898
15.27638190954774	0.00921413264160061
15.678391959798995	0.00749494496004857
16.080402010050253	0.025093202048885682
16.48241206030151	0.042327349492869655
16.884422110552766	0.05552169163340516
17.286432160804022	0.06069409605085853
17.68844221105528	0.05599138345032116
18.090452261306535	0.041955819928338176
18.49246231155779	0.025614606286716503
18.894472361809047	0.026317820981463725
19.296482412060303	0.04276188107919355
19.69849246231156	0.0571032748044768
20.100502512562816	0.06217192518524911
20.502512562814072	0.05559815169629316
20.90452261306533	0.03870048057645152
21.306532663316585	0.013934128079750252
21.70854271356784	0.012855053883386055
22.110552763819097	0.03724995065610751
22.512562814070353	0.05555877812044389
22.91457286432161	0.06498249775606087
23.316582914572866	0.06361520565957476
23.718592964824122	0.05271506633603553
24.12060301507538	0.03541417948312832
24.522613065326635	0.019974922731602965
24.92462311557789	0.025174861614241168
25.326633165829147	0.04110215285915444
25.728643216080403	0.05302908165218634
26.13065326633166	0.05660356421472518
26.532663316582916	0.049686098612321934
26.934673366834172	0.034437531000964375
27.33668341708543	0.012411471271894436
27.738693467336685	0.012665956557030558
28.14070351758794	0.03519505619281113
28.542713567839197	0.0517037814369633
28.944723618090453	0.05936499813134362
29.34673366834171	0.05659744724043546
29.748743718592966	0.04386906401137709
30.150753768844222	0.023744220473953727
30.55276381909548	0.008988448475054664
30.954773869346734	0.027231424478056866
31.35678391959799	0.044324641135653514
31.758793969849247	0.052580654108335324
32.16080402010051	0.0508078426944499
32.56281407035176	0.038625456377526936
32.96482412060302	0.018147335932064294
33.366834170854275	0.006900049942875705
33.76884422110553	0.03153500238351213
34.17085427135679	0.05106004736537469
34.572864321608044	0.06134165874846673
34.9748743718593	0.060994664506915285
35.37688442211056	0.04939961867758727
35.77889447236181	0.029053508036935544
36.18090452261307	0.004739306557973959
36.582914572864325	0.02264849558654593
36.98492462311558	0.04393367140567746
37.38693467336684	0.05728506288357804
37.788944723618094	0.06083699329855661
38.19095477386935	0.05389946366339926
38.59296482412061	0.03913486328721576
38.99497487437186	0.022465890896737693
39.39698492462312	0.023458914972346003
39.798994974874375	0.040456503479114676
40.20100502512563	0.055302556007483614
40.60301507537689	0.06278908510162184
41.005025125628144	0.06098524288711395
41.4070351758794	0.050005386922856075
41.80904522613066	0.03322693908996888
42.21105527638191	0.01818352515110723
42.61306532663317	0.02371019494128932
43.015075376884425	0.03876315798470376
43.41708542713568	0.04897500427293284
43.81909547738694	0.05132692219436809
44.221105527638194	0.044749453690093116
44.62311557788945	0.032254953189249064
45.02512562814071	0.023699369650563577
45.42713567839196	0.03375329607157786
45.82914572864322	0.05076058887586889
46.231155778894475	0.06394059518839434
46.63316582914573	0.06922490718892112
47.03517587939699	0.0652813541797734
47.437185929648244	0.054327372472854976
47.8391959798995	0.04009849189603641
48.24120603015076	0.031182140104313805
48.64321608040201	0.03398269075212855
49.04522613065327	0.041164079748969476
49.447236180904525	0.04478866717860581
49.84924623115578	0.04208302506649533
50.25125628140704	0.03476208532069563
50.653266331658294	0.029855563076780067
51.05527638190955	0.03585851406851706
51.45728643216081	0.04862607530657902
51.85929648241206	0.06064010677743183
52.26130653266332	0.06719788749776079
52.663316582914575	0.06715108544205592
53.06532663316583	0.06144127509028011
53.46733668341709	0.05319537048702995
53.869346733668344	0.04727502623205393
54.2713567839196	0.0482804224084243
54.67336683417086	0.05506829221047874
55.07537688442211	0.06222720815184148
55.47738693467337	0.06562756081117282
55.879396984924625	0.06460515889989923
56.28140703517588	0.05960748748793689
56.68341708542714	0.05393260326648473
57.085427135678394	0.05155691235232183
57.48743718592965	0.05435471452606394
57.88944723618091	0.0596311171544916
58.29145728643216	0.06359598330658796
58.69346733668342	0.06328964736503037
59.095477386934675	0.057531754701789464
59.49748743718593	0.0492254777893883
59.89949748743719	0.04295627581903819
60.301507537688444	0.04524597117937433
60.7035175879397	0.05376290357206524
61.10552763819096	0.06192860037725546
61.50753768844221	0.06510692015161985
61.90954773869347	0.061864553106353304
62.311557788944725	0.053561320441144214
62.71356783919598	0.043856514579981756
63.11557788944724	0.03910392799153481
63.517587939698494	0.043051008323488446
63.91959798994975	0.05045846900030636
64.32160804020101	0.0551613172405492
64.72361809045226	0.05462291983984111
65.12562814070353	0.049896423122122564
65.52763819095478	0.04485076891449794
65.92964824120604	0.044597153199683784
66.33165829145729	0.05081963704658783
66.73366834170855	0.05857131430728722
67.1356783919598	0.06313024632330103
67.53768844221106	0.06179416054107282
67.93969849246231	0.0545961778996432
68.34170854271358	0.04400053783505091
68.74371859296483	0.03597010803799705
69.14572864321609	0.03768410362101089
69.54773869346734	0.04692942239265063
69.9497487437186	0.05538559157198357
70.35175879396985	0.05903586018831804
70.75376884422111	0.05672610756631259
71.15577889447236	0.05100410351186252
71.55778894472363	0.046251695289655274
71.95979899497488	0.04725087852148703
72.36180904522614	0.05365732354007731
72.76381909547739	0.06003993899561024
73.16582914572865	0.06276273146751901
73.5678391959799	0.059358362096478726
73.96984924623116	0.05088809453745321
74.37185929648241	0.04035798087569842
74.77386934673368	0.03556314717950426
75.17587939698493	0.04176206167120229
75.57788944723619	0.052871854159867795
75.97989949748744	0.061669826564474096
76.3819095477387	0.06483355977885291
76.78391959798995	0.061906729856439954
77.18592964824121	0.054624739131386046
77.58793969849246	0.04736018861618133
77.98994974874373	0.04527990355021742
78.39195979899498	0.04917095863900408
78.79396984924624	0.05396237414379479
79.19597989949749	0.0551632761484531
79.59798994974875	0.05061902566819924
80.0	0.04139034651812991
