0.0	0.011164441480338261
0.4020100502512563	0.008698308017394105
0.8040201005025126	0.004735321230190139
1.206030150753769	0.0002576279865427146
1.6080402010050252	0.004000972394684383
2.0100502512562817	0.00740706520187428
2.412060301507538	0.009215256440040748
2.814070351758794	0.0092493461753804
3.2160804020100504	0.007192774677312298
3.6180904522613067	0.003972867255987478
4.020100502512563	0.00028296280866679736
4.42211055276382	0.004373093364218107
4.824120603015076	0.007595394426881524
5.226130653266332	0.009481063234335358
5.628140703517588	0.009626775795725035
6.030150753768845	0.007728225066907226
6.432160804020101	0.00444229265861407
6.834170854271357	0.0005829251669879611
7.236180904522613	0.004312419670194362
7.63819095477387	0.00794726902136392
8.040201005025127	0.010374709288598906
8.442211055276383	0.011035727384243372
8.84422110552764	0.0097782351052702
9.246231155778895	0.006878520429136882
9.648241206030152	0.0032215357073905027
10.050251256281408	0.0019304558716218942
10.452261306532664	0.005041217601586127
10.85427135678392	0.007443866991998098
11.256281407035177	0.00845192142942021
11.658291457286433	0.00808651619045748
12.06030150753769	0.007140279041799881
12.462311557788945	0.007535826671306385
12.864321608040202	0.010383614338187233
13.266331658291458	0.01412009093363717
13.668341708542714	0.017621656631583556
14.07035175879397	0.020063754658507064
14.472361809045227	0.021288600358157408
14.874371859296483	0.021186383892674625
15.27638190954774	0.02031111208102105
15.678391959798995	0.01902752130285499
16.080402010050253	0.018166272743445646
16.48241206030151	0.0179661717766397
16.884422110552766	0.018348830887759064
17.286432160804022	0.018560233191988604
17.68844221105528	0.018446721462132734
18.090452261306535	0.017200983466465807
18.49246231155779	0.015384674098973334
18.894472361809047	0.01343568210136642
19.296482412060303	0.012049518245604598
19.69849246231156	0.010836227247542407
20.100502512562816	0.011017001181602822
20.502512562814072	0.012314102681746469
20.90452261306533	0.015147223874537047
21.306532663316585	0.018870428339238417
21.70854271356784	0.023127315129623967
22.110552763819097	0.027222687830793964
22.512562814070353	0.030158249867498245
22.91457286432161	0.0316349377390555
23.316582914572866	0.031642659585725486
23.718592964824122	0.03007818452129074
24.12060301507538	0.02746821758078157
24.522613065326635	0.024362506437617067
24.92462311557789	0.021644968136678613
25.326633165829147	0.019592231380173707
25.728643216080403	0.018077112883581947
26.13065326633166	0.017869484233853823
26.532663316582916	0.018856493684366375
26.934673366834172	0.021051690973737994
27.33668341708543	0.02419074452392627
27.738693467336685	0.027771211939774935
28.14070351758794	0.03140413886949346
28.542713567839197	0.034834516389140396
28.944723618090453	0.037488694280572284
29.34673366834171	0.03901244021751958
29.748743718592966	0.03928517417904591
30.150753768844222	0.038501657254257894
30.55276381909548	0.0371371962381169
30.954773869346734	0.035723888091997655
31.35678391959799	0.03443865119294977
31.758793969849247	0.03399406763849626
32.16080402010051	0.03452475699755311
32.56281407035176	0.03650896121143264
32.96482412060302	0.04043565061052682
33.366834170854275	0.04597260872997619
33.76884422110553	0.05292825236900227
34.17085427135679	0.0597338362311462
34.572864321608044	0.06535152707599792
34.9748743718593	0.06874669453731799
35.37688442211056	0.06962690862272505
35.77889447236181	0.06823420857977489
36.18090452261307	0.06527549372843496
36.582914572864325	0.06180123356460637
36.98492462311558	0.0588874773788315
37.38693467336684	0.05666672434126067
37.788944723618094	0.05550336410558815
38.19095477386935	0.055318856378744265
38.59296482412061	0.05582120507409435
38.99497487437186	0.057163967337562585
39.39698492462312	0.05941856219873184
39.798994974874375	0.06155729544213363
40.20100502512563	0.06393992823767472
40.60301507537689	0.06561197176185338
41.005025125628144	0.0663838848476619
41.4070351758794	0.06670629834944179
41.80904522613066	0.06623291831608144
42.21105527638191	0.06551170422471157
42.61306532663317	0.06438386822506606
43.015075376884425	0.06352773184050495
43.41708542713568	0.06251004226865284
43.81909547738694	0.061079438357767836
44.221105527638194	0.05934149246515817
44.62311557788945	0.05749056526666725
45.02512562814071	0.055671070915368256
45.42713567839196	0.05439288418298246
45.82914572864322	0.05371052654948462
46.231155778894475	0.053831102373119354
46.63316582914573	0.05460491952326689
47.03517587939699	0.0558613811156244
47.437185929648244	0.057189929184158626
47.8391959798995	0.0583745167213444
48.24120603015076	0.059267901760575635
48.64321608040201	0.059823435206626155
49.04522613065327	0.0596157416824037
49.447236180904525	0.05891303900969748
49.84924623115578	0.05759599494187541
50.25125628140704	0.05577565555184927
50.653266331658294	0.05396395406935782
51.05527638190955	0.05207255418214614
51.45728643216081	0.05036163854875307
51.85929648241206	0.04917365724851659
52.26130653266332	0.048537903675828095
52.663316582914575	0.04843458816488285
53.06532663316583	0.049020277532282205
53.46733668341709	0.050190000135784216
53.869346733668344	0.05189242572321351
54.2713567839196	0.054038408750670244
54.67336683417086	0.05627776796494379
55.07537688442211	0.05777286047157022
55.47738693467337	0.05834374732805536
55.879396984924625	0.057622812785406416
56.28140703517588	0.056035432869750955
56.68341708542714	0.053510262266969165
57.085427135678394	0.05081597992608977
57.48743718592965	0.04824401695833842
57.88944723618091	0.046416300256816576
58.29145728643216	0.0457061550930438
58.69346733668342	0.04606816901956391
59.095477386934675	0.04772382433153061
59.49748743718593	0.05027155747416055
59.89949748743719	0.05317441393305968
60.301507537688444	0.055839725644187634
60.7035175879397	0.05800436045784461
61.10552763819096	0.059322396543536327
61.50753768844221	0.05931338960862113
61.90954773869347	0.05839576674544107
62.311557788944725	0.056377592697410606
62.71356783919598	0.05380574641506024
63.11557788944724	0.0509888067071856
63.517587939698494	0.048706362545760475
63.91959798994975	0.047345839922443886
64.32160804020101	0.04732285938908651
64.72361809045226	0.048821525865541573
65.12562814070353	0.05149062800562045
65.52763819095478	0.05445062753906667
65.92964824120604	0.05733980654568719
66.33165829145729	0.059640025265342664
66.73366834170855	0.06106503228003255
67.1356783919598	0.06161704038879671
67.53768844221106	0.06117743479026946
67.93969849246231	0.05983280772269008
68.34170854271358	0.057880953447534335
68.74371859296483	0.05555762508437166
69.14572864321609	0.0532908166885452
69.54773869346734	0.05159407223252466
69.9497487437186	0.050964029147985965
70.35175879396985	0.051376447132794024
70.75376884422111	0.052697556228280894
71.15577889447236	0.0545705372813016
71.55778894472363	0.05676416073986738
71.95979899497488	0.05857411589140231
72.36180904522614	0.05987894425683969
72.76381909547739	0.060572523306974116
73.16582914572865	0.06031295911289688
73.5678391959799	0.05894182472017902
73.96984924623116	0.0567597169073058
74.37185929648241	0.05430274168570659
74.77386934673368	0.052080006339658626
75.17587939698493	0.05041957619749097
75.57788944723619	0.049315600631886405
75.97989949748744	0.049377137064561066
76.3819095477387	0.05013700440851565
76.78391959798995	0.0514339424752545
77.18592964824121	0.052786548289806445
77.58793969849246	0.0541418098279827
77.98994974874373	0.05519207152525944
78.39195979899498	0.05578799839210452
78.79396984924624	0.0560261367568449
79.19597989949749	0.0557873214610208
79.59798994974875	0.05547267931793058
80.0	0.055050788702544005
