0.0	0.0047873348043215806
0.4020100502512563	0.0052179105735889715
0.8040201005025126	0.00494313031114517
1.206030150753769	0.003831038051219821
1.6080402010050252	0.0021546207558942017
2.0100502512562817	0.0007860036279469726
2.412060301507538	0.0021010782367703405
2.814070351758794	0.003333480544044816
3.2160804020100504	0.003925133006744182
3.6180904522613067	0.003862475462306722
4.020100502512563	0.0028322989658031697
4.42211055276382	0.0012538187038341952
4.824120603015076	0.0010134197507038006
5.226130653266332	0.003062422197143133
5.628140703517588	0.004580000699210092
6.030150753768845	0.005626786767412036
6.432160804020101	0.005781179999630563
6.834170854271357	0.005164801158385012
7.236180904522613	0.003941058781373087
7.63819095477387	0.002938388841981145
8.040201005025127	0.0025191041092928424
8.442211055276383	0.002984794263381589
8.84422110552764	0.003230716224108453
9.246231155778895	0.0028558310358982554
9.648241206030152	0.0023028150625608867
10.050251256281408	0.002325250182315613
10.452261306532664	0.004076121046632874
10.85427135678392	0.006211496992645372
11.256281407035177	0.008189399512172717
11.658291457286433	0.009862886166250497
12.06030150753769	0.0110735302077364
12.462311557788945	0.011638714275477895
12.864321608040202	0.011862054024378867
13.266331658291458	0.011316003505251467
13.668341708542714	0.010654667365352848
14.07035175879397	0.0100425630854259
14.472361809045227	0.009572158637713699
14.874371859296483	0.009629888900443861
15.27638190954774	0.009921641691093741
15.678391959798995	0.010797274230527454
16.080402010050253	0.012028328164705214
16.48241206030151	0.01381998686306174
16.884422110552766	0.015674514643293055
17.286432160804022	0.017869351488332044
17.68844221105528	0.019457037253371702
18.090452261306535	0.020519500528630507
18.49246231155779	0.02053588810635631
18.894472361809047	0.019523025924752736
19.296482412060303	0.017204254481105474
19.69849246231156	0.014468125340055265
20.100502512562816	0.01153833755914951
20.502512562814072	0.009465045966619321
20.90452261306533	0.008815444316911128
21.306532663316585	0.009799974593048613
21.70854271356784	0.011945168479318261
22.110552763819097	0.01494593708569568
22.512562814070353	0.018276496291432374
22.91457286432161	0.02110680994211641
23.316582914572866	0.02340680795152348
23.718592964824122	0.024545651932082375
24.12060301507538	0.024050218182633337
24.522613065326635	0.022233005713782342
24.92462311557789	0.019283094035771088
25.326633165829147	0.016021382259977585
25.728643216080403	0.012952003012063517
26.13065326633166	0.011789635179543756
26.532663316582916	0.01241358739077265
26.934673366834172	0.014321783570775518
27.33668341708543	0.016373884490382917
27.738693467336685	0.018165311657671494
28.14070351758794	0.019998010473891326
28.542713567839197	0.021234461090431096
28.944723618090453	0.02204843823733947
29.34673366834171	0.02213337789926238
29.748743718592966	0.021878233470553524
30.150753768844222	0.020671229055247077
30.55276381909548	0.01920556380332031
30.954773869346734	0.01820101814622836
31.35678391959799	0.018358958774570125
31.758793969849247	0.019569509347682455
32.16080402010051	0.02181629600465034
32.56281407035176	0.024016681676588197
32.96482412060302	0.02547309954091183
33.366834170854275	0.02651612488382244
33.76884422110553	0.027186467881237165
34.17085427135679	0.02782996977829582
34.572864321608044	0.02841491877797291
34.9748743718593	0.028930469047319392
35.37688442211056	0.02910533912575556
35.77889447236181	0.02853921414172343
36.18090452261307	0.02783082301892305
36.582914572864325	0.027664458627835526
36.98492462311558	0.028218188887256218
37.38693467336684	0.02996311508826362
37.788944723618094	0.03234468883802195
38.19095477386935	0.035235464373832806
38.59296482412061	0.03812023658085317
38.99497487437186	0.040776969443858356
39.39698492462312	0.042592521414829936
39.798994974874375	0.04367805358618874
40.20100502512563	0.04392360019861511
40.60301507537689	0.04348493161207096
41.005025125628144	0.04237121541976918
41.4070351758794	0.04101039867692004
41.80904522613066	0.03984964848232099
42.21105527638191	0.03942449256295689
42.61306532663317	0.040395940196252214
43.015075376884425	0.04281917825064745
43.41708542713568	0.046592751391216436
43.81909547738694	0.05101590338930055
44.221105527638194	0.05559240292580784
44.62311557788945	0.059503695825611505
45.02512562814071	0.062473184505969045
45.42713567839196	0.06418146294250734
45.82914572864322	0.0646945071209957
46.231155778894475	0.0641624569288853
46.63316582914573	0.06302182878358861
47.03517587939699	0.06157359965697549
47.437185929648244	0.06053597576434957
47.8391959798995	0.059991527346735386
48.24120603015076	0.06012795665475594
48.64321608040201	0.060569108769685354
49.04522613065327	0.060959706581033946
49.447236180904525	0.061086019508749
49.84924623115578	0.060716445377271645
50.25125628140704	0.060333879977580586
50.653266331658294	0.06007072632263623
51.05527638190955	0.05997313616838542
51.45728643216081	0.06015443726006013
51.85929648241206	0.06054612033496137
52.26130653266332	0.06117388418879014
52.663316582914575	0.06142016017823195
53.06532663316583	0.06134291447496015
53.46733668341709	0.06043964102673257
53.869346733668344	0.058867964505461265
54.2713567839196	0.05665045241083451
54.67336683417086	0.05369228305240179
55.07537688442211	0.050670716428462347
55.47738693467337	0.04817446401189987
55.879396984924625	0.046292464165785585
56.28140703517588	0.045398476639395585
56.68341708542714	0.04549116492155901
57.085427135678394	0.04624819999709506
57.48743718592965	0.046888572793644515
57.88944723618091	0.047687225577609335
58.29145728643216	0.048345638733060345
58.69346733668342	0.04900693789843587
59.095477386934675	0.04948951425670938
59.49748743718593	0.04989049646944809
59.89949748743719	0.05000311345217721
60.301507537688444	0.050110850355954695
60.7035175879397	0.05007012365860808
61.10552763819096	0.05013436623446704
61.50753768844221	0.05043778062166313
61.90954773869347	0.05090046608559941
62.311557788944725	0.051288475129341295
62.71356783919598	0.05161557414085366
63.11557788944724	0.05173219299299797
63.517587939698494	0.05169822616227511
63.91959798994975	0.05199857799452131
64.32160804020101	0.05230932989085611
64.72361809045226	0.05276326337497975
65.12562814070353	0.053611790176860186
65.52763819095478	0.05431416337398635
65.92964824120604	0.055142697274231156
66.33165829145729	0.05609843486334619
66.73366834170855	0.05693714516837188
67.1356783919598	0.057671920198917384
67.53768844221106	0.0580902551745975
67.93969849246231	0.058150327960691174
68.34170854271358	0.05785620870109036
68.74371859296483	0.057042382456703525
69.14572864321609	0.05619448236990454
69.54773869346734	0.055260547798097845
69.9497487437186	0.05466551345533127
70.35175879396985	0.054588534434171956
70.75376884422111	0.054846142033983004
71.15577889447236	0.055629071930931875
71.55778894472363	0.056566983438967565
71.95979899497488	0.05755725516438807
72.36180904522614	0.05828343791339631
72.76381909547739	0.05855560348678858
73.16582914572865	0.05823803409581089
73.5678391959799	0.05725475405278615
73.96984924623116	0.05555721951850887
74.37185929648241	0.05369394487746596
74.77386934673368	0.05162641124735219
75.17587939698493	0.05008956071116102
75.57788944723619	0.04937110217805064
75.97989949748744	0.049523778600067556
76.3819095477387	0.05067646787555373
76.78391959798995	0.052628226494328335
77.18592964824121	0.05461596930167091
77.58793969849246	0.05650630632191998
77.98994974874373	0.057370315103665595
78.39195979899498	0.05728769977410567
78.79396984924624	0.05614283958579054
79.19597989949749	0.054139863764484694
79.59798994974875	0.052042927056746756
80.0	0.05023933734234395
