0.0	0.015869528962432246
0.4020100502512563	0.016263767923632922
0.8040201005025126	0.014139440664695992
1.206030150753769	0.009953639057087857
1.6080402010050252	0.0046426484064976525
2.0100502512562817	0.003365126975764263
2.412060301507538	0.007673807226069858
2.814070351758794	0.010805668551251446
3.2160804020100504	0.011339525767371062
3.6180904522613067	0.009293618879018473
4.020100502512563	0.004917053935966543
4.42211055276382	0.0016602902163292577
4.824120603015076	0.008222702535142871
5.226130653266332	0.014352850991083712
5.628140703517588	0.01912044647520503
6.030150753768845	0.021533243035364386
6.432160804020101	0.02137806385605434
6.834170854271357	0.01888892436217875
7.236180904522613	0.014688460248647792
7.63819095477387	0.010040302495120433
8.040201005025127	0.006465073884565557
8.442211055276383	0.005365794378839873
8.84422110552764	0.005286627420592835
9.246231155778895	0.004915658419519993
9.648241206030152	0.006252431032590244
10.050251256281408	0.011144493338450901
10.452261306532664	0.01805065075492209
10.85427135678392	0.025530185528451287
11.256281407035177	0.032080782401228095
11.658291457286433	0.03685989505900256
12.06030150753769	0.03933732103758211
12.462311557788945	0.03999231634285267
12.864321608040202	0.038211662471626315
13.266331658291458	0.034683414473466526
13.668341708542714	0.030997757898108103
14.07035175879397	0.027904128863555266
14.472361809045227	0.02511494120859372
14.874371859296483	0.02076830990386353
15.27638190954774	0.013958671663812646
15.678391959798995	0.004870740994260508
16.080402010050253	0.004645233660302311
16.48241206030151	0.013750633035236942
16.884422110552766	0.023105073158553483
17.286432160804022	0.0326410468607789
17.68844221105528	0.0434097704582213
18.090452261306535	0.05240930294656686
18.49246231155779	0.058958325774446
18.894472361809047	0.06298622863347554
19.296482412060303	0.061562611983213035
19.69849246231156	0.05510065896552002
20.100502512562816	0.04476693943367089
20.502512562814072	0.03221568249956044
20.90452261306533	0.020190110267929065
21.306532663316585	0.011159439820178071
21.70854271356784	0.007430677288135944
22.110552763819097	0.008515453850444813
22.512562814070353	0.012313126471613272
22.91457286432161	0.020330674014221346
23.316582914572866	0.030599499310880462
23.718592964824122	0.042422279989745966
24.12060301507538	0.052061702354546116
24.522613065326635	0.057469163312859506
24.92462311557789	0.05798697160358239
25.326633165829147	0.05293283429697828
25.728643216080403	0.04425563680703771
26.13065326633166	0.03341041227896826
26.532663316582916	0.022907056135501522
26.934673366834172	0.013648629958385037
27.33668341708543	0.006398230176123601
27.738693467336685	0.006593965366310907
28.14070351758794	0.016437047045468858
28.542713567839197	0.029421395870791685
28.944723618090453	0.04412411985927772
29.34673366834171	0.05850821384089535
29.748743718592966	0.06953617053957219
30.150753768844222	0.07593826138074762
30.55276381909548	0.07670091121805436
30.954773869346734	0.07213178125706686
31.35678391959799	0.06483049755447085
31.758793969849247	0.05681988225360581
32.16080402010051	0.05037661511247641
32.56281407035176	0.045622308513273
32.96482412060302	0.04142260505842752
33.366834170854275	0.03834396142846394
33.76884422110553	0.03852353580431332
34.17085427135679	0.04490455448075234
34.572864321608044	0.05572400876055385
34.9748743718593	0.06821348522181056
35.37688442211056	0.0783155576099181
35.77889447236181	0.08484226567191075
36.18090452261307	0.08533188997550994
36.582914572864325	0.08075081421534906
36.98492462311558	0.07225943086495472
37.38693467336684	0.06280003970372236
37.788944723618094	0.05468444806018378
38.19095477386935	0.04916920921460667
38.59296482412061	0.04585636820780008
38.99497487437186	0.0427684357609748
39.39698492462312	0.04060285667037815
39.798994974874375	0.04117835170331335
40.20100502512563	0.045306713877032494
40.60301507537689	0.05292497553169667
41.005025125628144	0.0611866862387801
41.4070351758794	0.06743243665997155
41.80904522613066	0.06963918360985347
42.21105527638191	0.06747029256267391
42.61306532663317	0.06183802591965215
43.015075376884425	0.05472521452798649
43.41708542713568	0.048712542052006695
43.81909547738694	0.04528542995527731
44.221105527638194	0.0431665458887853
44.62311557788945	0.04084445609622156
45.02512562814071	0.03677292540592117
45.42713567839196	0.03196493553493235
45.82914572864322	0.027962255828810578
46.231155778894475	0.028781462679885284
46.63316582914573	0.03406851790914291
47.03517587939699	0.04127027615394067
47.437185929648244	0.047045572834616786
47.8391959798995	0.04970822206656686
48.24120603015076	0.049987932801163454
48.64321608040201	0.048811131880662176
49.04522613065327	0.046758453860876126
49.447236180904525	0.045964670458135404
49.84924623115578	0.04564366470780097
50.25125628140704	0.04507043752196641
50.653266331658294	0.043032181385840716
51.05527638190955	0.03956202883542773
51.45728643216081	0.03551015038789299
51.85929648241206	0.03269711882243122
52.26130653266332	0.033896141377029815
52.663316582914575	0.039385482445825216
53.06532663316583	0.04598524336626225
53.46733668341709	0.051113781125552
53.869346733668344	0.05339339158173142
54.2713567839196	0.053109660281335055
54.67336683417086	0.05170907179443934
55.07537688442211	0.05066069301368485
55.47738693467337	0.0513198845708745
55.879396984924625	0.05299931668999162
56.28140703517588	0.05485786521890208
56.68341708542714	0.055422237582070155
57.085427135678394	0.05394642748757552
57.48743718592965	0.05090611830293155
57.88944723618091	0.047573028218899166
58.29145728643216	0.04587598546619549
58.69346733668342	0.04648489124597239
59.095477386934675	0.048211715272163294
59.49748743718593	0.04985469755641897
59.89949748743719	0.05014729697861192
60.301507537688444	0.04929321688190611
60.7035175879397	0.04835926938821744
61.10552763819096	0.048825956659143556
61.50753768844221	0.051451498466181855
61.90954773869347	0.0554404436855784
62.311557788944725	0.05868702786528189
62.71356783919598	0.059705978136719406
63.11557788944724	0.05817930778275996
63.517587939698494	0.05443593272681881
63.91959798994975	0.05007525731370257
64.32160804020101	0.046507001099435286
64.72361809045226	0.04498405679403969
65.12562814070353	0.04480379213113382
65.52763819095478	0.044975338511775195
65.92964824120604	0.04497002720461289
66.33165829145729	0.04530824182883757
66.73366834170855	0.047056778188143675
67.1356783919598	0.05094121421794906
67.53768844221106	0.05582870995336333
67.93969849246231	0.06036656183462734
68.34170854271358	0.06254899230120789
68.74371859296483	0.061860877402796166
69.14572864321609	0.05770271680769129
69.54773869346734	0.05077318169525898
69.9497487437186	0.04292883928591272
70.35175879396985	0.03629969390933715
70.75376884422111	0.03333380232952775
71.15577889447236	0.03414598537418227
71.55778894472363	0.03657886978762648
71.95979899497488	0.03916821844185778
72.36180904522614	0.04187930400676096
72.76381909547739	0.04515323266499967
73.16582914572865	0.04917140512684759
73.5678391959799	0.05301483553490928
73.96984924623116	0.05562559477172417
74.37185929648241	0.05600533631764456
74.77386934673368	0.053767405985628125
75.17587939698493	0.04894363441359258
75.57788944723619	0.042826561823799354
75.97989949748744	0.03673095744860689
76.3819095477387	0.0321857870877175
76.78391959798995	0.030983014591653195
77.18592964824121	0.0325488696054759
77.58793969849246	0.03544312942284787
77.98994974874373	0.038510126348334776
78.39195979899498	0.04162627537961752
78.79396984924624	0.04518169449813485
79.19597989949749	0.048593985078786824
79.59798994974875	0.05168978789270068
80.0	0.053462432387843505
