0.0	0.024335017092405646
0.4020100502512563	0.022668483150743154
0.8040201005025126	0.017111052945823126
1.206030150753769	0.008977896142752583
1.6080402010050252	0.0016235491785961803
2.0100502512562817	0.009491615514373589
2.412060301507538	0.01595328561720516
2.814070351758794	0.018972253642104503
3.2160804020100504	0.017951468246429837
3.6180904522613067	0.012925993271909787
4.020100502512563	0.005077186945728201
4.42211055276382	0.005037891497491461
4.824120603015076	0.014350200512897917
5.226130653266332	0.021818397221027325
5.628140703517588	0.02616280744224635
6.030150753768845	0.02629422560041822
6.432160804020101	0.022699759856492342
6.834170854271357	0.015807367963392296
7.236180904522613	0.006925975362997551
7.63819095477387	0.002228751258444122
8.040201005025127	0.00934305076320351
8.442211055276383	0.01347037709294389
8.84422110552764	0.013770690635498347
9.246231155778895	0.010075191529637154
9.648241206030152	0.0036229817211193205
10.050251256281408	0.007904757257000057
10.452261306532664	0.017657135502097087
10.85427135678392	0.026572519308426377
11.256281407035177	0.032836128911011286
11.658291457286433	0.03534964836121536
12.06030150753769	0.03378036403463253
12.462311557788945	0.02864772104493437
12.864321608040202	0.020821952413231728
13.266331658291458	0.012081799100841775
13.668341708542714	0.004158320514148167
14.07035175879397	0.0015024706215345895
14.472361809045227	0.0038286107247254494
14.874371859296483	0.0027712035513425487
15.27638190954774	0.004024222809258715
15.678391959798995	0.011729063709701806
16.080402010050253	0.020915927347508623
16.48241206030151	0.030129544190291218
16.884422110552766	0.03771782648353496
17.286432160804022	0.042387649564701826
17.68844221105528	0.04341519276309255
18.090452261306535	0.04093221262136105
18.49246231155779	0.035678616892977556
18.894472361809047	0.02859849720003633
19.296482412060303	0.02116130966150058
19.69849246231156	0.015219018105102594
20.100502512562816	0.011760943585047156
20.502512562814072	0.011664151966290491
20.90452261306533	0.01458456396857867
21.306532663316585	0.020569751393610364
21.70854271356784	0.028733824313116225
22.110552763819097	0.038190539196023235
22.512562814070353	0.04757739771605772
22.91457286432161	0.05539544288415429
23.316582914572866	0.060692918330009026
23.718592964824122	0.06287728960218941
24.12060301507538	0.06159962618880808
24.522613065326635	0.057336293012273706
24.92462311557789	0.05083801874793559
25.326633165829147	0.04344681656364795
25.728643216080403	0.03630166602919695
26.13065326633166	0.03122248718936895
26.532663316582916	0.028950367118399028
26.934673366834172	0.029964023519413185
27.33668341708543	0.03468746073010165
27.738693467336685	0.042976849189063
28.14070351758794	0.05369124607473234
28.542713567839197	0.06507359462510744
28.944723618090453	0.07583667476327796
29.34673366834171	0.08391587129298993
29.748743718592966	0.08797652780409289
30.150753768844222	0.08755060772051365
30.55276381909548	0.08265940902888133
30.954773869346734	0.07451721788434404
31.35678391959799	0.06458405854694248
31.758793969849247	0.054683648954279664
32.16080402010051	0.04652548569063437
32.56281407035176	0.04207833058620365
32.96482412060302	0.04173791188245467
33.366834170854275	0.045116933212409886
33.76884422110553	0.05199564554756238
34.17085427135679	0.061332433531542066
34.572864321608044	0.07151678368662687
34.9748743718593	0.08061175782190527
35.37688442211056	0.08660098080316281
35.77889447236181	0.08825741890914977
36.18090452261307	0.0850744340591486
36.582914572864325	0.07735402720294851
36.98492462311558	0.06681615284438033
37.38693467336684	0.054897440120607245
37.788944723618094	0.04384244651677956
38.19095477386935	0.035154303117253885
38.59296482412061	0.03066130832795565
38.99497487437186	0.030637034181520206
39.39698492462312	0.035192711611459024
39.798994974874375	0.04315916407222056
40.20100502512563	0.05290248001867729
40.60301507537689	0.0621588061708374
41.005025125628144	0.06951638754013988
41.4070351758794	0.07313930949050985
41.80904522613066	0.07270645068777067
42.21105527638191	0.0681506172759622
42.61306532663317	0.060268826993663184
43.015075376884425	0.050336774249054785
43.41708542713568	0.04033557583599554
43.81909547738694	0.03214189204053528
44.221105527638194	0.027024265174580498
44.62311557788945	0.02551306533415055
45.02512562814071	0.027811730462585654
45.42713567839196	0.033324358628496004
45.82914572864322	0.0412897530219401
46.231155778894475	0.05030618037014439
46.63316582914573	0.05851928520034523
47.03517587939699	0.06457992317553725
47.437185929648244	0.06731422719617444
47.8391959798995	0.06643683004982079
48.24120603015076	0.061734516910830664
48.64321608040201	0.05441857185366912
49.04522613065327	0.04518236657375609
49.447236180904525	0.03645792594638348
49.84924623115578	0.0293760799639435
50.25125628140704	0.025722747163017562
50.653266331658294	0.025554109858173385
51.05527638190955	0.029011812864603755
51.45728643216081	0.035303677524350444
51.85929648241206	0.04371412554751756
52.26130653266332	0.05264273077703593
52.663316582914575	0.06060968769064377
53.06532663316583	0.06602966085466914
53.46733668341709	0.06789414527681431
53.869346733668344	0.06593898994877082
54.2713567839196	0.06048745332106914
54.67336683417086	0.05230439915546866
55.07537688442211	0.04318899549791887
55.47738693467337	0.03487699471734889
55.879396984924625	0.02908749178948602
56.28140703517588	0.02689352549138697
56.68341708542714	0.028559894570829802
57.085427135678394	0.03305468788882775
57.48743718592965	0.03990541313520619
57.88944723618091	0.04846924744868802
58.29145728643216	0.05703999031904654
58.69346733668342	0.06420252814329133
59.095477386934675	0.06863981056477313
59.49748743718593	0.06914918773982864
59.89949748743719	0.06537748235503724
60.301507537688444	0.058220427307950885
60.7035175879397	0.04862901146929292
61.10552763819096	0.038917341610101054
61.50753768844221	0.03112978106043327
61.90954773869347	0.027159392180843532
62.311557788944725	0.027022693570960026
62.71356783919598	0.030443777730674575
63.11557788944724	0.03657463982664936
63.517587939698494	0.04494725394269328
63.91959798994975	0.05444729953219492
64.32160804020101	0.06316815256719335
64.72361809045226	0.06936846211046248
65.12562814070353	0.07174591986879304
65.52763819095478	0.06946466730994501
65.92964824120604	0.06303694025703911
66.33165829145729	0.05351151156995759
66.73366834170855	0.04289621401526157
67.1356783919598	0.03349338336500725
67.53768844221106	0.027912189883077504
67.93969849246231	0.02709753946115436
68.34170854271358	0.030077326453349755
68.74371859296483	0.035635125153009
69.14572864321609	0.043550570647693264
69.54773869346734	0.052607288846256095
69.9497487437186	0.061339508992232214
70.35175879396985	0.06781561689409595
70.75376884422111	0.0711351584463131
71.15577889447236	0.07014006367634508
71.55778894472363	0.0651070119950306
71.95979899497488	0.05702779385620986
72.36180904522614	0.04756638405390694
72.76381909547739	0.03893575553474512
73.16582914572865	0.03323457086973963
73.5678391959799	0.03166083773421097
73.96984924623116	0.034188550152927724
74.37185929648241	0.0394515878673983
74.77386934673368	0.046980227335503846
75.17587939698493	0.055676568642027455
75.57788944723619	0.06399774052518552
75.97989949748744	0.07099520388844795
76.3819095477387	0.07465902950055994
76.78391959798995	0.07495170572435268
77.18592964824121	0.0714042450453824
77.58793969849246	0.06493710905872951
77.98994974874373	0.056909833425340575
78.39195979899498	0.04924857410844244
78.79396984924624	0.043497250648880645
79.19597989949749	0.04112368599824029
79.59798994974875	0.042339433295497546
80.0	0.045862939471323715
