0.0	0.005230110406769378
0.4020100502512563	0.005568943629757967
0.8040201005025126	0.0055449797012819095
1.206030150753769	0.005269605406264923
1.6080402010050252	0.004263662285370851
2.0100502512562817	0.003636383848402991
2.412060301507538	0.003287816524914745
2.814070351758794	0.0033326362940299553
3.2160804020100504	0.0037889141101078486
3.6180904522613067	0.0036796680785027096
4.020100502512563	0.003305888150356666
4.42211055276382	0.0033445080796729483
4.824120603015076	0.0038346258252615487
5.226130653266332	0.004923386878129644
5.628140703517588	0.006268724902606724
6.030150753768845	0.007306295148820892
6.432160804020101	0.00788136546727713
6.834170854271357	0.007845865601319339
7.236180904522613	0.007249959197119194
7.63819095477387	0.006351816533047457
8.040201005025127	0.005190460348530336
8.442211055276383	0.003837616657348132
8.84422110552764	0.002462636309807861
9.246231155778895	0.0009184389301657494
9.648241206030152	0.0008910530809856293
10.050251256281408	0.0027190071755039016
10.452261306532664	0.004891386463629027
10.85427135678392	0.006956069745686286
11.256281407035177	0.008984503802822424
11.658291457286433	0.010652957352235246
12.06030150753769	0.011734173917015527
12.462311557788945	0.012166864489652643
12.864321608040202	0.011774471068603536
13.266331658291458	0.010626048887463239
13.668341708542714	0.008968341054944024
14.07035175879397	0.006858150635720652
14.472361809045227	0.005149396977640606
14.874371859296483	0.003775877790732944
15.27638190954774	0.003966960700777264
15.678391959798995	0.005159398636359852
16.080402010050253	0.0072405303617214855
16.48241206030151	0.00962147676745526
16.884422110552766	0.012207945690710114
17.286432160804022	0.014810080604474796
17.68844221105528	0.016882706628236717
18.090452261306535	0.01840501577121325
18.49246231155779	0.01900517693952367
18.894472361809047	0.018573883518762074
19.296482412060303	0.017074845068606848
19.69849246231156	0.015097163339947733
20.100502512562816	0.013050537305016032
20.502512562814072	0.011337595772245662
20.90452261306533	0.01081292952553186
21.306532663316585	0.012304538563548014
21.70854271356784	0.015293419078592213
22.110552763819097	0.018923176899544782
22.512562814070353	0.02305295698402242
22.91457286432161	0.026557404625081292
23.316582914572866	0.029474127741503285
23.718592964824122	0.031508597762503816
24.12060301507538	0.0324408359686965
24.522613065326635	0.032392194611244624
24.92462311557789	0.031620258178694606
25.326633165829147	0.030687024772811617
25.728643216080403	0.029594501995552032
26.13065326633166	0.029131664274712782
26.532663316582916	0.029238531152973573
26.934673366834172	0.030161621162943974
27.33668341708543	0.03130403018787995
27.738693467336685	0.03210672229726983
28.14070351758794	0.03208899915660075
28.542713567839197	0.031096734439669687
28.944723618090453	0.02959732078102153
29.34673366834171	0.028312038005578844
29.748743718592966	0.027462990815133863
30.150753768844222	0.02786573274391365
30.55276381909548	0.029336288804810047
30.954773869346734	0.03157557223953699
31.35678391959799	0.03415367880858384
31.758793969849247	0.036540000925095545
32.16080402010051	0.03823131592917005
32.56281407035176	0.03853115804895273
32.96482412060302	0.037510061630875856
33.366834170854275	0.0351912986723348
33.76884422110553	0.032238997738845296
34.17085427135679	0.028673290295517802
34.572864321608044	0.025700740761159736
34.9748743718593	0.023496476297125302
35.37688442211056	0.022592192879978268
35.77889447236181	0.02314223933895621
36.18090452261307	0.02492678640870873
36.582914572864325	0.027417517867805774
36.98492462311558	0.030292934930227465
37.38693467336684	0.03325462017215447
37.788944723618094	0.03550758997394329
38.19095477386935	0.036585893191798446
38.59296482412061	0.036299112604741834
38.99497487437186	0.034944511028445605
39.39698492462312	0.032353390551043915
39.798994974874375	0.02928441384948624
40.20100502512563	0.026335808019252248
40.60301507537689	0.023744265004607624
41.005025125628144	0.022248093486048476
41.4070351758794	0.021673935135034482
41.80904522613066	0.022629675763078477
42.21105527638191	0.025033340272014797
42.61306532663317	0.028546111819274477
43.015075376884425	0.032884246396917796
43.41708542713568	0.037303912167490315
43.81909547738694	0.04135813088409563
44.221105527638194	0.044104217293261014
44.62311557788945	0.045491834079838686
45.02512562814071	0.04554603748136969
45.42713567839196	0.04431466399734975
45.82914572864322	0.042443876165109654
46.231155778894475	0.040286129741546564
46.63316582914573	0.03861150348179247
47.03517587939699	0.03803858162612095
47.437185929648244	0.038603241524482176
47.8391959798995	0.04064127127366445
48.24120603015076	0.043929472555098395
48.64321608040201	0.04828108945342484
49.04522613065327	0.05313512040249826
49.447236180904525	0.057645718185588626
49.84924623115578	0.06136475963410558
50.25125628140704	0.0637339963578135
50.653266331658294	0.06465247835919884
51.05527638190955	0.06409693314652795
51.45728643216081	0.06244973526915228
51.85929648241206	0.05993093824987154
52.26130653266332	0.05701342965991822
52.663316582914575	0.053920730665495055
53.06532663316583	0.05087864157297963
53.46733668341709	0.048799276222513885
53.869346733668344	0.04771157544488143
54.2713567839196	0.04760818296721729
54.67336683417086	0.04894710196179484
55.07537688442211	0.05139606893839001
55.47738693467337	0.0550259091017357
55.879396984924625	0.05920767352008736
56.28140703517588	0.06348277661315047
56.68341708542714	0.06699658949858892
57.085427135678394	0.06864988902901566
57.48743718592965	0.06818804653318736
57.88944723618091	0.06523317216651456
58.29145728643216	0.06016144857686586
58.69346733668342	0.05375237399128073
59.095477386934675	0.046972806699832684
59.49748743718593	0.041270071792102216
59.89949748743719	0.03740630046409325
60.301507537688444	0.03606782311416679
60.7035175879397	0.03747182421616378
61.10552763819096	0.041003758078656014
61.50753768844221	0.04630007494980149
61.90954773869347	0.05218572080593342
62.311557788944725	0.057703463455482926
62.71356783919598	0.06167006106973607
63.11557788944724	0.06367812574436185
63.517587939698494	0.06292699211616368
63.91959798994975	0.060060759517765426
64.32160804020101	0.05541035923790055
64.72361809045226	0.05028970145887487
65.12562814070353	0.0454263697166563
65.52763819095478	0.042352735810451986
65.92964824120604	0.04121632315691556
66.33165829145729	0.041902154103246596
66.73366834170855	0.04455448293249455
67.1356783919598	0.04824378395520202
67.53768844221106	0.052383834463895516
67.93969849246231	0.056396194540296596
68.34170854271358	0.05970616073278664
68.74371859296483	0.061852680200142465
69.14572864321609	0.06266959971635253
69.54773869346734	0.061880202227414846
69.9497487437186	0.05969110970545312
70.35175879396985	0.05663835591361216
70.75376884422111	0.052953174124697265
71.15577889447236	0.04983800349902055
71.55778894472363	0.047322107712605685
71.95979899497488	0.046020777160399984
72.36180904522614	0.04616904253659526
72.76381909547739	0.047766126316587894
73.16582914572865	0.050389374726938815
73.5678391959799	0.053727937739170686
73.96984924623116	0.05685464470617051
74.37185929648241	0.059129100783619715
74.77386934673368	0.05995671468582133
75.17587939698493	0.05944519781846769
75.57788944723619	0.05746378698785755
75.97989949748744	0.05444481650537014
76.3819095477387	0.05129548624379021
76.78391959798995	0.04834397714304726
77.18592964824121	0.04618979222934888
77.58793969849246	0.045239585971805496
77.98994974874373	0.04530698639539667
78.39195979899498	0.04637621083468883
78.79396984924624	0.04796760523314037
79.19597989949749	0.05014116352628832
79.59798994974875	0.05229029472996449
80.0	0.054194521700697364
