0.0	0.014735616098998844
0.4020100502512563	0.013958103558524278
0.8040201005025126	0.010805030721205065
1.206030150753769	0.006713741551151123
1.6080402010050252	0.003849628649185726
2.0100502512562817	0.006290841194701867
2.412060301507538	0.009783290102538835
2.814070351758794	0.011195600738351774
3.2160804020100504	0.010656798817348451
3.6180904522613067	0.007826099963195988
4.020100502512563	0.003223067549989733
4.42211055276382	0.0032225569549677036
4.824120603015076	0.008616772083159915
5.226130653266332	0.013305513412154312
5.628140703517588	0.01597541650617502
6.030150753768845	0.016621375518427607
6.432160804020101	0.014916744417040315
6.834170854271357	0.011471166246086044
7.236180904522613	0.00796499731355115
7.63819095477387	0.0061411978148557134
8.040201005025127	0.007542061655399749
8.442211055276383	0.00912361290004889
8.84422110552764	0.00885057072483653
9.246231155778895	0.00637841150872584
9.648241206030152	0.0026349871197134537
10.050251256281408	0.004794511704534021
10.452261306532664	0.010675563804684046
10.85427135678392	0.01651376670437419
11.256281407035177	0.020517941876926654
11.658291457286433	0.022508227240460553
12.06030150753769	0.022440710450331396
12.462311557788945	0.020401727394226438
12.864321608040202	0.017204057648620708
13.266331658291458	0.01411666369805622
13.668341708542714	0.012092571508006713
14.07035175879397	0.01124215057588817
14.472361809045227	0.01024151599744849
14.874371859296483	0.009045178660050167
15.27638190954774	0.008045156008707156
15.678391959798995	0.009693401159623872
16.080402010050253	0.014193877515543116
16.48241206030151	0.01961693357179105
16.884422110552766	0.024331013272247685
17.286432160804022	0.027666813054000934
17.68844221105528	0.02903880009591312
18.090452261306535	0.02864647058757752
18.49246231155779	0.026741704413862182
18.894472361809047	0.0243740416804221
19.296482412060303	0.022054157969734582
19.69849246231156	0.02029756407405571
20.100502512562816	0.019147137005148522
20.502512562814072	0.018844847633958172
20.90452261306533	0.020277055182363255
21.306532663316585	0.024066827904765935
21.70854271356784	0.029799109759977294
22.110552763819097	0.03632585306374051
22.512562814070353	0.042273389893311204
22.91457286432161	0.04661662690251742
23.316582914572866	0.04863365842528142
23.718592964824122	0.048661359223790925
24.12060301507538	0.04648072027504922
24.522613065326635	0.043429423817168966
24.92462311557789	0.03988486883336016
25.326633165829147	0.036720192889446064
25.728643216080403	0.034477336400175015
26.13065326633166	0.03284149107643602
26.532663316582916	0.031703601355998326
26.934673366834172	0.03158023862444613
27.33668341708543	0.03233612106482437
27.738693467336685	0.03442351228400285
28.14070351758794	0.03761132085673694
28.542713567839197	0.04141777284023182
28.944723618090453	0.04508381710683172
29.34673366834171	0.04802812825457843
29.748743718592966	0.05004379031526762
30.150753768844222	0.0506856463034586
30.55276381909548	0.050302869468758823
30.954773869346734	0.04887750746936239
31.35678391959799	0.04679034586538292
31.758793969849247	0.044031983625677416
32.16080402010051	0.04081506733660443
32.56281407035176	0.0376279233583417
32.96482412060302	0.0346778035599558
33.366834170854275	0.03326207649867024
33.76884422110553	0.03358053956258149
34.17085427135679	0.035466059991060825
34.572864321608044	0.03837058988498142
34.9748743718593	0.04129701728602595
35.37688442211056	0.043648029796643284
35.77889447236181	0.045132110867515896
36.18090452261307	0.04592743215767892
36.582914572864325	0.045864301209974465
36.98492462311558	0.04524558000300915
37.38693467336684	0.043933162084978626
37.788944723618094	0.04233335291142613
38.19095477386935	0.040491467525454135
38.59296482412061	0.03858059539154965
38.99497487437186	0.037002194921547486
39.39698492462312	0.03662070936761029
39.798994974874375	0.03757120343595113
40.20100502512563	0.04003525208791364
40.60301507537689	0.04312093841521039
41.005025125628144	0.04638803985353807
41.4070351758794	0.04932408452432778
41.80904522613066	0.0515124458340641
42.21105527638191	0.05296565598209513
42.61306532663317	0.054164660516261356
43.015075376884425	0.05557986063459887
43.41708542713568	0.05663950490900445
43.81909547738694	0.057514372143578366
44.221105527638194	0.05774463714036878
44.62311557788945	0.05732661498928304
45.02512562814071	0.05651493601774656
45.42713567839196	0.055525268325602076
45.82914572864322	0.055594616085303375
46.231155778894475	0.05635176373059584
46.63316582914573	0.05797101546688014
47.03517587939699	0.05969160955413568
47.437185929648244	0.06092024632739033
47.8391959798995	0.061557543992055916
48.24120603015076	0.06142594770531915
48.64321608040201	0.06097960591393514
49.04522613065327	0.06066844767433567
49.447236180904525	0.060828747921929584
49.84924623115578	0.06046556779512615
50.25125628140704	0.05968318160136811
50.653266331658294	0.058534210630357776
51.05527638190955	0.056790575800447385
51.45728643216081	0.05551179660700813
51.85929648241206	0.05582963621387678
52.26130653266332	0.0568521700937933
52.663316582914575	0.05854206446945167
53.06532663316583	0.05967940855610017
53.46733668341709	0.05986282425038599
53.869346733668344	0.05941103832102914
54.2713567839196	0.0581273466298276
54.67336683417086	0.05667835303690608
55.07537688442211	0.05545763026520543
55.47738693467337	0.053948509364381426
55.879396984924625	0.05257657554664482
56.28140703517588	0.05099574046328196
56.68341708542714	0.049044846298686155
57.085427135678394	0.047911771662032934
57.48743718592965	0.04757566955622679
57.88944723618091	0.04855868569845011
58.29145728643216	0.05026439407825313
58.69346733668342	0.05256297765913305
59.095477386934675	0.05424340568199345
59.49748743718593	0.05541524394676737
59.89949748743719	0.05571558284170378
60.301507537688444	0.05558609589201392
60.7035175879397	0.0549891475621974
61.10552763819096	0.0542387917583335
61.50753768844221	0.05337148813505057
61.90954773869347	0.05261205580552064
62.311557788944725	0.05191750700154997
62.71356783919598	0.05113304561339403
63.11557788944724	0.05062494993391746
63.517587939698494	0.05062190445361571
63.91959798994975	0.05108720694653227
64.32160804020101	0.05196357333021688
64.72361809045226	0.053088743328947606
65.12562814070353	0.05387549774186038
65.52763819095478	0.05423432091172205
65.92964824120604	0.054580063499273544
66.33165829145729	0.0547146800345986
66.73366834170855	0.05483867757457341
67.1356783919598	0.054791768720342915
67.53768844221106	0.054829240167815686
67.93969849246231	0.054339618197343106
68.34170854271358	0.05313107205307464
68.74371859296483	0.05152029645242392
69.14572864321609	0.04995556003720813
69.54773869346734	0.04866122629530288
69.9497487437186	0.04859288802734159
70.35175879396985	0.049646190326582025
70.75376884422111	0.05162602521236516
71.15577889447236	0.0536641114370792
71.55778894472363	0.05519549484345766
71.95979899497488	0.056009846425578325
72.36180904522614	0.05590152396834271
72.76381909547739	0.05503332153201669
73.16582914572865	0.053678391271793316
73.5678391959799	0.05211718490887155
73.96984924623116	0.05014863156335806
74.37185929648241	0.04821637815302499
74.77386934673368	0.04661684581007391
75.17587939698493	0.0458684628209532
75.57788944723619	0.04630324693126838
75.97989949748744	0.048276058358032774
76.3819095477387	0.05150399629347811
76.78391959798995	0.054879125439983634
77.18592964824121	0.05782059020356404
77.58793969849246	0.059576478324610015
77.98994974874373	0.059961846083199453
78.39195979899498	0.058990360650956294
78.79396984924624	0.05686585481365532
79.19597989949749	0.054460962324408294
79.59798994974875	0.05165862551928522
80.0	0.04917898217912711
