0.0	0.017530922208175946
0.4020100502512563	0.01643617807199567
0.8040201005025126	0.012851553967778467
1.206030150753769	0.007147097554554141
1.6080402010050252	0.0012590090896931212
2.0100502512562817	0.005662490896021578
2.412060301507538	0.01014514680149703
2.814070351758794	0.01219721857179662
3.2160804020100504	0.011697613758123636
3.6180904522613067	0.008256690883639745
4.020100502512563	0.00279856345535195
4.42211055276382	0.0038369247643103613
4.824120603015076	0.01039061220493266
5.226130653266332	0.015454886415074138
5.628140703517588	0.018402625046066556
6.030150753768845	0.018706296243171494
6.432160804020101	0.01596384145272527
6.834170854271357	0.011368900701928156
7.236180904522613	0.005398071299771189
7.63819095477387	0.0015297210186584194
8.040201005025127	0.00593092440007027
8.442211055276383	0.008817748935498037
8.84422110552764	0.009040888501665467
9.246231155778895	0.006235234490099621
9.648241206030152	0.0015917468904000282
10.050251256281408	0.005663139554675947
10.452261306532664	0.01262045709913812
10.85427135678392	0.018620173729962396
11.256281407035177	0.02271464458857034
11.658291457286433	0.024191957661467697
12.06030150753769	0.022634679497997166
12.462311557788945	0.01870439698024364
12.864321608040202	0.013052993945297856
13.266331658291458	0.007391366979738634
13.668341708542714	0.004667542371815665
14.07035175879397	0.006814101289719923
14.472361809045227	0.008653092708035815
14.874371859296483	0.00831349962804533
15.27638190954774	0.007125786835156851
15.678391959798995	0.00886883883369358
16.080402010050253	0.014678792768471765
16.48241206030151	0.021766855430068007
16.884422110552766	0.02815881379510874
17.286432160804022	0.03279272782735296
17.68844221105528	0.03445858011135824
18.090452261306535	0.03338703612369833
18.49246231155779	0.03001581726472623
18.894472361809047	0.0257214612219124
19.296482412060303	0.022510248163280795
19.69849246231156	0.02194664185377937
20.100502512562816	0.023606503349638413
20.502512562814072	0.025803741605557345
20.90452261306533	0.027790992734486392
21.306532663316585	0.030278283820235258
21.70854271356784	0.03383014539474568
22.110552763819097	0.03868817346306921
22.512562814070353	0.0441993753450478
22.91457286432161	0.048957992203902054
23.316582914572866	0.051928138892991936
23.718592964824122	0.052535891856574465
24.12060301507538	0.05136194757712502
24.522613065326635	0.04904454018375658
24.92462311557789	0.04715261078140137
25.326633165829147	0.046773238945176966
25.728643216080403	0.04800439636910494
26.13065326633166	0.05053272333259207
26.532663316582916	0.05404908859701726
26.934673366834172	0.05848598898582959
27.33668341708543	0.06315003117263737
27.738693467336685	0.06786339592290327
28.14070351758794	0.07192815297530675
28.542713567839197	0.0739988813928194
28.944723618090453	0.07391669923411762
29.34673366834171	0.07150628547752629
29.748743718592966	0.06730548069549444
30.150753768844222	0.06250784162296313
30.55276381909548	0.058286414032056165
30.954773869346734	0.056008407807655994
31.35678391959799	0.056289456423335174
31.758793969849247	0.058449521649882895
32.16080402010051	0.06170892422398148
32.56281407035176	0.06506742073782805
32.96482412060302	0.06766248222625942
33.366834170854275	0.06898266559204382
33.76884422110553	0.06916639254536888
34.17085427135679	0.06830807415041926
34.572864321608044	0.0663832423954149
34.9748743718593	0.06370861049985206
35.37688442211056	0.06064496684241986
35.77889447236181	0.0572196189600588
36.18090452261307	0.05402909947876351
36.582914572864325	0.05144597338355352
36.98492462311558	0.05020137107934771
37.38693467336684	0.050584795927082614
37.788944723618094	0.052298959377937035
38.19095477386935	0.05484953206909608
38.59296482412061	0.05727551811079257
38.99497487437186	0.05889895347183958
39.39698492462312	0.059691119787245936
39.798994974874375	0.06007333081078477
40.20100502512563	0.060192902453459964
40.60301507537689	0.06049756718722617
41.005025125628144	0.060828774400975505
41.4070351758794	0.06053427692186978
41.80904522613066	0.059109441509038144
42.21105527638191	0.056599130657263096
42.61306532663317	0.05326206028295597
43.015075376884425	0.04989331453659222
43.41708542713568	0.047143612705335576
43.81909547738694	0.04495965623255801
44.221105527638194	0.04416115624276255
44.62311557788945	0.044057038557220166
45.02512562814071	0.04479072284124781
45.42713567839196	0.047180368617334
45.82914572864322	0.05176202756771201
46.231155778894475	0.05722015198513778
46.63316582914573	0.06277985690215923
47.03517587939699	0.06668154320621167
47.437185929648244	0.06766571510455412
47.8391959798995	0.0654533765878749
48.24120603015076	0.060414936471125516
48.64321608040201	0.053214285712716455
49.04522613065327	0.045688324539136196
49.447236180904525	0.039103281126493396
49.84924623115578	0.03470906727543392
50.25125628140704	0.032630389265762796
50.653266331658294	0.03315884873671738
51.05527638190955	0.03646784811598105
51.45728643216081	0.042268439253397086
51.85929648241206	0.049559556861476735
52.26130653266332	0.056741989147374494
52.663316582914575	0.06225083235493174
53.06532663316583	0.06484326068441856
53.46733668341709	0.06397194038033197
53.869346733668344	0.059591854183138546
54.2713567839196	0.052438410891582056
54.67336683417086	0.04412351647890165
55.07537688442211	0.03640780578462442
55.47738693467337	0.030673964222561717
55.879396984924625	0.028391289211899727
56.28140703517588	0.029729250313584848
56.68341708542714	0.034019007385106874
57.085427135678394	0.04093545185098408
57.48743718592965	0.0489790833042161
57.88944723618091	0.05699515653315642
58.29145728643216	0.0634427992143951
58.69346733668342	0.06753881765894967
59.095477386934675	0.06877466533363912
59.49748743718593	0.06692527877328049
59.89949748743719	0.06248015859490778
60.301507537688444	0.05613475152484926
60.7035175879397	0.048672281491514494
61.10552763819096	0.04172648350668216
61.50753768844221	0.03626963083548636
61.90954773869347	0.033735797932580684
62.311557788944725	0.034282252270683884
62.71356783919598	0.038222947191807286
63.11557788944724	0.04466482912052945
63.517587939698494	0.052584329887021095
63.91959798994975	0.060675795797817476
64.32160804020101	0.06755907901393861
64.72361809045226	0.07222058916745414
65.12562814070353	0.07396715081399405
65.52763819095478	0.07243337004256
65.92964824120604	0.06794224792990639
66.33165829145729	0.061359702527619894
66.73366834170855	0.053630512534569706
67.1356783919598	0.046237616012543184
67.53768844221106	0.04072027829738019
67.93969849246231	0.038348971949876264
68.34170854271358	0.03924727967682204
68.74371859296483	0.04328475355986399
69.14572864321609	0.04990268505604918
69.54773869346734	0.05759831226650486
69.9497487437186	0.0650824485848044
70.35175879396985	0.07125506310759816
70.75376884422111	0.07470911757475912
71.15577889447236	0.07488644905038147
71.55778894472363	0.07174480055453893
71.95979899497488	0.06566649505240055
72.36180904522614	0.057507568990236436
72.76381909547739	0.04870581435612341
73.16582914572865	0.040618790125822715
73.5678391959799	0.03475712297653003
73.96984924623116	0.03207881182078605
74.37185929648241	0.03305462513854364
74.77386934673368	0.037786031165001836
75.17587939698493	0.04498304431351279
75.57788944723619	0.053396910945174535
75.97989949748744	0.06117209705342789
76.3819095477387	0.06714313472198528
76.78391959798995	0.06987239221852067
77.18592964824121	0.06912380814640937
77.58793969849246	0.06457783935604573
77.98994974874373	0.05727270399277039
78.39195979899498	0.048414038741849054
78.79396984924624	0.04006888522213
79.19597989949749	0.03341783622482676
79.59798994974875	0.029676026513144382
80.0	0.02947298743927907
