0.0	0.016764150414449487
0.4020100502512563	0.0156546541286515
0.8040201005025126	0.012437908094168235
1.206030150753769	0.007717839822528482
1.6080402010050252	0.0048198309177801355
2.0100502512562817	0.007934285438818656
2.412060301507538	0.011751746233971913
2.814070351758794	0.013638329413992855
3.2160804020100504	0.013016589187953911
3.6180904522613067	0.00971818184747929
4.020100502512563	0.00438070807724549
4.42211055276382	0.0024353873285691925
4.824120603015076	0.008741346289040644
5.226130653266332	0.013994736144580822
5.628140703517588	0.017302949971408414
6.030150753768845	0.017756866955222293
6.432160804020101	0.01600533659419438
6.834170854271357	0.01250442333773826
7.236180904522613	0.009163653182082015
7.63819095477387	0.008916094274204318
8.040201005025127	0.01140536224794274
8.442211055276383	0.013531669759888135
8.84422110552764	0.013257986729688878
9.246231155778895	0.01063438661129332
9.648241206030152	0.007046951417610021
10.050251256281408	0.006382747535867257
10.452261306532664	0.011412801703996533
10.85427135678392	0.017253078335083334
11.256281407035177	0.021439023483861668
11.658291457286433	0.02352491550556874
12.06030150753769	0.02320410654169929
12.462311557788945	0.020866189677842602
12.864321608040202	0.01804969591064297
13.266331658291458	0.01616536199396665
13.668341708542714	0.016215370607196473
14.07035175879397	0.0172118368229039
14.472361809045227	0.017543588203541963
14.874371859296483	0.016282154978733764
15.27638190954774	0.013532077524872382
15.678391959798995	0.010683976293201298
16.080402010050253	0.011213438620090978
16.48241206030151	0.015407902493025857
16.884422110552766	0.020504877381900308
17.286432160804022	0.024428330009557804
17.68844221105528	0.02690510103211426
18.090452261306535	0.027774570003644267
18.49246231155779	0.027106877371644033
18.894472361809047	0.025743486833418226
19.296482412060303	0.02442479857445205
19.69849246231156	0.023718282422883312
20.100502512562816	0.023448992550739862
20.502512562814072	0.022907498409362355
20.90452261306533	0.021522841524192995
21.306532663316585	0.019374771312543407
21.70854271356784	0.017212993750322918
22.110552763819097	0.017162384607739306
22.512562814070353	0.020027990777061685
22.91457286432161	0.024024708871190105
23.316582914572866	0.02754697655710441
23.718592964824122	0.029402362213609135
24.12060301507538	0.029405256579024625
24.522613065326635	0.02841345416095436
24.92462311557789	0.027327334951319247
25.326633165829147	0.027254923739937764
25.728643216080403	0.02775914894671075
26.13065326633166	0.027974129088837174
26.532663316582916	0.027267962430685667
26.934673366834172	0.02535277867524003
27.33668341708543	0.023167061958072797
27.738693467336685	0.02210556296484647
28.14070351758794	0.023030897947314326
28.542713567839197	0.025964376586490496
28.944723618090453	0.029497879273989204
29.34673366834171	0.03255958393222273
29.748743718592966	0.034250185140876875
30.150753768844222	0.03509350450742238
30.55276381909548	0.03569993691789455
30.954773869346734	0.03683441470617718
31.35678391959799	0.03845852481987319
31.758793969849247	0.039782055722627836
32.16080402010051	0.040346677183517754
32.56281407035176	0.03954722540569229
32.96482412060302	0.037586154992023633
33.366834170854275	0.03535749082887858
33.76884422110553	0.03447358037405749
34.17085427135679	0.03543314666534334
34.572864321608044	0.038191803913594585
34.9748743718593	0.04165545087338739
35.37688442211056	0.04511395981265524
35.77889447236181	0.048396281313802164
36.18090452261307	0.051672260999910694
36.582914572864325	0.054833312569529724
36.98492462311558	0.05819862675117765
37.38693467336684	0.06094027380707388
37.788944723618094	0.062890172324214
38.19095477386935	0.0632790843757199
38.59296482412061	0.06184977133965042
38.99497487437186	0.05926913715525204
39.39698492462312	0.05630129288850152
39.798994974874375	0.053924991029295335
40.20100502512563	0.05241037270430611
40.60301507537689	0.052011672013912116
41.005025125628144	0.052293703912078285
41.4070351758794	0.05253567782765324
41.80904522613066	0.052735731272741095
42.21105527638191	0.05297898148110004
42.61306532663317	0.05448125539837654
43.015075376884425	0.05739939459471022
43.41708542713568	0.06177778403389844
43.81909547738694	0.06574828374046085
44.221105527638194	0.06815697782830342
44.62311557788945	0.06783973169852385
45.02512562814071	0.06489014197842813
45.42713567839196	0.06014659844896839
45.82914572864322	0.054635455712476425
46.231155778894475	0.04983037538387253
46.63316582914573	0.04627528178257674
47.03517587939699	0.04439198359036588
47.437185929648244	0.04340377901662999
47.8391959798995	0.04342456778414101
48.24120603015076	0.04476427228970817
48.64321608040201	0.047844452265511206
49.04522613065327	0.051970690096955575
49.447236180904525	0.05613052862418846
49.84924623115578	0.05900512976772868
50.25125628140704	0.059886504948887156
50.653266331658294	0.058442604019316016
51.05527638190955	0.05491250764053346
51.45728643216081	0.05023688397042555
51.85929648241206	0.045719435053104086
52.26130653266332	0.042181638869086734
52.663316582914575	0.04032838749864123
53.06532663316583	0.0398461208799407
53.46733668341709	0.04022946719010703
53.869346733668344	0.041511855075982276
54.2713567839196	0.04403335561797085
54.67336683417086	0.04787857797955171
55.07537688442211	0.05243465280056083
55.47738693467337	0.0569226713484043
55.879396984924625	0.06003696746203877
56.28140703517588	0.06101498405421807
56.68341708542714	0.0600404205804473
57.085427135678394	0.05701098374882908
57.48743718592965	0.05320121579031898
57.88944723618091	0.04900708623228573
58.29145728643216	0.04615426152754854
58.69346733668342	0.044397845945781146
59.095477386934675	0.04395073768591764
59.49748743718593	0.04445228034911959
59.89949748743719	0.04598381063314193
60.301507537688444	0.04826158961038375
60.7035175879397	0.051499646448739764
61.10552763819096	0.05508822318190618
61.50753768844221	0.0586330152865992
61.90954773869347	0.06142852968888372
62.311557788944725	0.062418094406410815
62.71356783919598	0.06158654555037596
63.11557788944724	0.05903519264297323
63.517587939698494	0.05539945667585951
63.91959798994975	0.051321252006947
64.32160804020101	0.04777506103626181
64.72361809045226	0.045002401693581974
65.12562814070353	0.04314935101853924
65.52763819095478	0.04233313171584702
65.92964824120604	0.04281208086193121
66.33165829145729	0.045017704244473586
66.73366834170855	0.04934813058799281
67.1356783919598	0.05464563547783149
67.53768844221106	0.0598018106203814
67.93969849246231	0.0638314051827936
68.34170854271358	0.06590315814688255
68.74371859296483	0.0652716511033064
69.14572864321609	0.06271776977769625
69.54773869346734	0.05854023731050525
69.9497487437186	0.05350458284998592
70.35175879396985	0.048411015795702055
70.75376884422111	0.04408707233840476
71.15577889447236	0.041126229961707374
71.55778894472363	0.040433611076954666
71.95979899497488	0.042285142567944405
72.36180904522614	0.0468362760523227
72.76381909547739	0.05341456564891432
73.16582914572865	0.06034095832973985
73.5678391959799	0.06612346569902852
73.96984924623116	0.06960752624200264
74.37185929648241	0.07014501708671964
74.77386934673368	0.0675247407047673
75.17587939698493	0.06214618163870472
75.57788944723619	0.05550920483993611
75.97989949748744	0.04843448726137298
76.3819095477387	0.042491493558835726
76.78391959798995	0.038338975602278884
77.18592964824121	0.03687142254720097
77.58793969849246	0.038057732360898266
77.98994974874373	0.04203152437607001
78.39195979899498	0.04817670791036015
78.79396984924624	0.05556070611665485
79.19597989949749	0.06258986596709523
79.59798994974875	0.06815436035388564
80.0	0.0707873806479048
