0.0	0.011181194310260585
0.4020100502512563	0.010630742994368591
0.8040201005025126	0.008895729966482477
1.206030150753769	0.006473538562791802
1.6080402010050252	0.00521166095122157
2.0100502512562817	0.006316274639899898
2.412060301507538	0.008141544398199552
2.814070351758794	0.008962746535900385
3.2160804020100504	0.008440335814428143
3.6180904522613067	0.00609467033699807
4.020100502512563	0.0026283627138843696
4.42211055276382	0.001970050892518267
4.824120603015076	0.006379619159725047
5.226130653266332	0.009979143019782545
5.628140703517588	0.012601135616645626
6.030150753768845	0.013789864221927952
6.432160804020101	0.013278225352237796
6.834170854271357	0.012339805433290583
7.236180904522613	0.011108135948571955
7.63819095477387	0.010488565649451748
8.040201005025127	0.010747888733320454
8.442211055276383	0.010606625581248481
8.84422110552764	0.009887868840812249
9.246231155778895	0.008122768010814749
9.648241206030152	0.006804510502417929
10.050251256281408	0.0082048423497357
10.452261306532664	0.012080757164483537
10.85427135678392	0.016750439386851015
11.256281407035177	0.02070513492465077
11.658291457286433	0.023438209870203956
12.06030150753769	0.025007057577382797
12.462311557788945	0.025359984321567452
12.864321608040202	0.025005881230486297
13.266331658291458	0.024322997797663122
13.668341708542714	0.023788112369592652
14.07035175879397	0.02323609838878752
14.472361809045227	0.022922361952096033
14.874371859296483	0.022949987366029562
15.27638190954774	0.023631000353118513
15.678391959798995	0.025145117208965458
16.080402010050253	0.027028343349174012
16.48241206030151	0.028808988895683667
16.884422110552766	0.029442858029230478
17.286432160804022	0.02857314025643413
17.68844221105528	0.0261020448149027
18.090452261306535	0.022461049901760434
18.49246231155779	0.018962511825231086
18.894472361809047	0.016929209256407663
19.296482412060303	0.016810596084809455
19.69849246231156	0.018517528129712683
20.100502512562816	0.021779169735635758
20.502512562814072	0.025300385494085354
20.90452261306533	0.028755736295584283
21.306532663316585	0.031137165217303947
21.70854271356784	0.032110481665212666
22.110552763819097	0.03183185112061753
22.512562814070353	0.030277548783578294
22.91457286432161	0.02780721964224155
23.316582914572866	0.025049030299317283
23.718592964824122	0.02213060924932054
24.12060301507538	0.019320630295662087
24.522613065326635	0.016959207250060282
24.92462311557789	0.014929093157205097
25.326633165829147	0.014115905794340647
25.728643216080403	0.014782774460023082
26.13065326633166	0.016955122928157047
26.532663316582916	0.020087054697603142
26.934673366834172	0.023440813557143832
27.33668341708543	0.02600533855586904
27.738693467336685	0.027673254656014546
28.14070351758794	0.028083892690463706
28.542713567839197	0.027443231968835014
28.944723618090453	0.02612722108664855
29.34673366834171	0.024389664212375223
29.748743718592966	0.02316168109607394
30.150753768844222	0.02205895156754149
30.55276381909548	0.02068186238576218
30.954773869346734	0.018737667258906597
31.35678391959799	0.017162830445673207
31.758793969849247	0.01829888148932049
32.16080402010051	0.022841610534510306
32.56281407035176	0.028734991365680522
32.96482412060302	0.03391858232778716
33.366834170854275	0.03738919887751873
33.76884422110553	0.03855676886605384
34.17085427135679	0.037765360903810115
34.572864321608044	0.036092636039307305
34.9748743718593	0.03462420397438955
35.37688442211056	0.03397316447352597
35.77889447236181	0.03381581493703334
36.18090452261307	0.03346469516890894
36.582914572864325	0.03252553390731988
36.98492462311558	0.03101080743105522
37.38693467336684	0.029980465395104672
37.788944723618094	0.030214428013446166
38.19095477386935	0.0316272008980979
38.59296482412061	0.033671481166141305
38.99497487437186	0.03522171201468901
39.39698492462312	0.03557573237052039
39.798994974874375	0.0348333168387611
40.20100502512563	0.03423361878384871
40.60301507537689	0.03421411242593276
41.005025125628144	0.03565034918651464
41.4070351758794	0.0378237817414576
41.80904522613066	0.039787129892772985
42.21105527638191	0.0414430629986041
42.61306532663317	0.04255853917803916
43.015075376884425	0.04340830935608775
43.41708542713568	0.04397338999690621
43.81909547738694	0.04427404706622258
44.221105527638194	0.04393304862386004
44.62311557788945	0.042653208032036864
45.02512562814071	0.04120917133351927
45.42713567839196	0.0402798178159844
45.82914572864322	0.04056161075744753
46.231155778894475	0.04262556993374741
46.63316582914573	0.04602726910748461
47.03517587939699	0.05011827464554284
47.437185929648244	0.05415259118845482
47.8391959798995	0.057791452525760775
48.24120603015076	0.060554388964958294
48.64321608040201	0.061950632735150626
49.04522613065327	0.061958974063094564
49.447236180904525	0.06044778482045673
49.84924623115578	0.05809694951354878
50.25125628140704	0.055081282385072
50.653266331658294	0.05210414645520337
51.05527638190955	0.04935783351160992
51.45728643216081	0.046985955234654486
51.85929648241206	0.04517726970661007
52.26130653266332	0.04400418632066857
52.663316582914575	0.043944997731039846
53.06532663316583	0.04553442450973785
53.46733668341709	0.04868609821575433
53.869346733668344	0.05355533760671931
54.2713567839196	0.05834123537103747
54.67336683417086	0.06276711992395609
55.07537688442211	0.06531953764189626
55.47738693467337	0.06537060947074334
55.879396984924625	0.06262146906530647
56.28140703517588	0.05724260505536891
56.68341708542714	0.050201429489937
57.085427135678394	0.04264908412025355
57.48743718592965	0.03569207546109291
57.88944723618091	0.030792307826597493
58.29145728643216	0.02889687879178121
58.69346733668342	0.030493578941901335
59.095477386934675	0.035073438148030434
59.49748743718593	0.041338328310440556
59.89949748743719	0.048064007357178015
60.301507537688444	0.05376342941707742
60.7035175879397	0.05739486302542811
61.10552763819096	0.0582398926271788
61.50753768844221	0.05600089107573597
61.90954773869347	0.051754993421111416
62.311557788944725	0.045851325576600495
62.71356783919598	0.039955967412126835
63.11557788944724	0.03502919902081879
63.517587939698494	0.0323184200157816
63.91959798994975	0.03232689751787293
64.32160804020101	0.03494980304823934
64.72361809045226	0.03932975752195192
65.12562814070353	0.0446636092692962
65.52763819095478	0.0491560156475272
65.92964824120604	0.052033190704952124
66.33165829145729	0.05307972046425423
66.73366834170855	0.052546421974951255
67.1356783919598	0.05067408217125928
67.53768844221106	0.048034523299027694
67.93969849246231	0.04539796648738405
68.34170854271358	0.043021278806335175
68.74371859296483	0.04159227904746944
69.14572864321609	0.04097511514694257
69.54773869346734	0.04160217670525108
69.9497487437186	0.04360042339493297
70.35175879396985	0.04648931003570338
70.75376884422111	0.0497151642709241
71.15577889447236	0.05287143646786356
71.55778894472363	0.055150365516705935
71.95979899497488	0.056105781561575675
72.36180904522614	0.05547804751706749
72.76381909547739	0.053196715070930586
73.16582914572865	0.049849819641402685
73.5678391959799	0.04646714993188901
73.96984924623116	0.04318512761202524
74.37185929648241	0.04099967071447128
74.77386934673368	0.040153567154205864
75.17587939698493	0.040760083554865975
75.57788944723619	0.042722660992576426
75.97989949748744	0.04543154403021342
76.3819095477387	0.04853158949221931
76.78391959798995	0.051167176610468636
77.18592964824121	0.05269412385293661
77.58793969849246	0.05310408669700609
77.98994974874373	0.05208413725801676
78.39195979899498	0.05024662261630432
78.79396984924624	0.04819176533080857
79.19597989949749	0.04634712574622166
79.59798994974875	0.045307991524960886
80.0	0.04507774363647015
