0.0	0.005319611032152153
0.4020100502512563	0.0022000714011556457
0.8040201005025126	0.0028435004856069697
1.206030150753769	0.005820647045400732
1.6080402010050252	0.007919189168846114
2.0100502512562817	0.008619688177642507
2.412060301507538	0.007807307029806344
2.814070351758794	0.005711019279156663
3.2160804020100504	0.002709755735551007
3.6180904522613067	0.00039434322158860783
4.020100502512563	0.0033493671258268366
4.42211055276382	0.005419680468249102
4.824120603015076	0.005943061514759132
5.226130653266332	0.005092204861999873
5.628140703517588	0.0037473958437773867
6.030150753768845	0.003653983977352339
6.432160804020101	0.006281294729901019
6.834170854271357	0.009405406440523217
7.236180904522613	0.01190938591239589
7.63819095477387	0.013249701014505118
8.040201005025127	0.01311120594676165
8.442211055276383	0.011618071124113264
8.84422110552764	0.009260714786409899
9.246231155778895	0.006642284882222961
9.648241206030152	0.005045570613432726
10.050251256281408	0.005047053929724632
10.452261306532664	0.006310869559924943
10.85427135678392	0.007653073646021305
11.256281407035177	0.009441521822783402
11.658291457286433	0.011591465016781422
12.06030150753769	0.014278284055224341
12.462311557788945	0.0171277836023387
12.864321608040202	0.019791562504833174
13.266331658291458	0.021699847998959666
13.668341708542714	0.02279140070281809
14.07035175879397	0.02266352310810961
14.472361809045227	0.02147188395578257
14.874371859296483	0.019854069316518626
15.27638190954774	0.018249316319171253
15.678391959798995	0.017042024572704324
16.080402010050253	0.0167026817540567
16.48241206030151	0.016664888758388507
16.884422110552766	0.01746488433709864
17.286432160804022	0.018294492681465692
17.68844221105528	0.019325205830360986
18.090452261306535	0.020701792579548232
18.49246231155779	0.022131372292484512
18.894472361809047	0.023413873854986736
19.296482412060303	0.024098369701429784
19.69849246231156	0.024419738215314943
20.100502512562816	0.024336004231947216
20.502512562814072	0.023909758127078594
20.90452261306533	0.023885704990945104
21.306532663316585	0.024228506923250383
21.70854271356784	0.025386396562543566
22.110552763819097	0.026756124283370826
22.512562814070353	0.027901698133583057
22.91457286432161	0.028565337103061743
23.316582914572866	0.028948969288031624
23.718592964824122	0.028813737424130265
24.12060301507538	0.0284506945316223
24.522613065326635	0.028033390896115895
24.92462311557789	0.027620522491729527
25.326633165829147	0.027333041891084348
25.728643216080403	0.027144896540787843
26.13065326633166	0.027584932670803038
26.532663316582916	0.028492150153574775
26.934673366834172	0.03016527472445495
27.33668341708543	0.03214460967330125
27.738693467336685	0.03418512557444735
28.14070351758794	0.03570732913247561
28.542713567839197	0.03647099367820666
28.944723618090453	0.03687702812416772
29.34673366834171	0.03667607256201005
29.748743718592966	0.0362262286199445
30.150753768844222	0.03579672364972429
30.55276381909548	0.03609022552895389
30.954773869346734	0.03712161388636787
31.35678391959799	0.03914115850440454
31.758793969849247	0.042267178344858235
32.16080402010051	0.04629725103216721
32.56281407035176	0.051017416418314344
32.96482412060302	0.05567377143497123
33.366834170854275	0.05992364813753641
33.76884422110553	0.0628251680887219
34.17085427135679	0.06406053648941896
34.572864321608044	0.06397756331964224
34.9748743718593	0.0624490961149858
35.37688442211056	0.06015607154517326
35.77889447236181	0.057662886601445675
36.18090452261307	0.055618277428626094
36.582914572864325	0.05440243219218575
36.98492462311558	0.054045823646766036
37.38693467336684	0.05467849891603101
37.788944723618094	0.05619703349772479
38.19095477386935	0.05836292527354888
38.59296482412061	0.060883315770066816
38.99497487437186	0.06325922175254152
39.39698492462312	0.06514395228212791
39.798994974874375	0.06650871209547456
40.20100502512563	0.06704285092871579
40.60301507537689	0.06669433666308613
41.005025125628144	0.0662457617448523
41.4070351758794	0.06520317227173586
41.80904522613066	0.06391266680106268
42.21105527638191	0.06267443393568856
42.61306532663317	0.06170865896539744
43.015075376884425	0.0610149782324272
43.41708542713568	0.060695825805981415
43.81909547738694	0.06060464565990681
44.221105527638194	0.0605647684060613
44.62311557788945	0.06031769181804333
45.02512562814071	0.06015240043638985
45.42713567839196	0.05963918761018157
45.82914572864322	0.05919822176936916
46.231155778894475	0.0589468824838895
46.63316582914573	0.05899003587315018
47.03517587939699	0.05922778282837086
47.437185929648244	0.05983574241060411
47.8391959798995	0.060269180584490635
48.24120603015076	0.060099523328382344
48.64321608040201	0.05967636445778827
49.04522613065327	0.0585471898693018
49.447236180904525	0.05701279686901184
49.84924623115578	0.05513242275602601
50.25125628140704	0.053408792735909635
50.653266331658294	0.05214253410786087
51.05527638190955	0.05143671754531355
51.45728643216081	0.05160220943045831
51.85929648241206	0.05255109671696897
52.26130653266332	0.05371597135170292
52.663316582914575	0.055170868653140526
53.06532663316583	0.056223788108172724
53.46733668341709	0.05683292743468408
53.869346733668344	0.05698160510095991
54.2713567839196	0.05619156618191483
54.67336683417086	0.055061008807157065
55.07537688442211	0.053671432180701306
55.47738693467337	0.05186063033699775
55.879396984924625	0.05034421271105658
56.28140703517588	0.04920434010651922
56.68341708542714	0.0487625474322091
57.085427135678394	0.04911314525539075
57.48743718592965	0.050308820886062
57.88944723618091	0.05196194832344793
58.29145728643216	0.05394716301570692
58.69346733668342	0.05592284716418934
59.095477386934675	0.05713055920331196
59.49748743718593	0.057564654524443905
59.89949748743719	0.057028135162241
60.301507537688444	0.05571106324789142
60.7035175879397	0.053497733790682886
61.10552763819096	0.05126076323557013
61.50753768844221	0.049194407346518004
61.90954773869347	0.04784695992714153
62.311557788944725	0.04766741139529986
62.71356783919598	0.04828527757887778
63.11557788944724	0.049933692704488754
63.517587939698494	0.0518142545447858
63.91959798994975	0.05403892487470774
64.32160804020101	0.055951448638013365
64.72361809045226	0.057036258490920366
65.12562814070353	0.057533627291794606
65.52763819095478	0.0574239677713302
65.92964824120604	0.056765402611326746
66.33165829145729	0.055757178734618454
66.73366834170855	0.0547972256783088
67.1356783919598	0.05390406443589478
67.53768844221106	0.05341572827171119
67.93969849246231	0.05336575252393194
68.34170854271358	0.05368322652500053
68.74371859296483	0.05423449082408606
69.14572864321609	0.05490558208717459
69.54773869346734	0.055553954682273775
69.9497487437186	0.056104958414257014
70.35175879396985	0.05668931239502454
70.75376884422111	0.05708527797180123
71.15577889447236	0.05769793122725188
71.55778894472363	0.058084657508072825
71.95979899497488	0.05867912603510056
72.36180904522614	0.058799161181201265
72.76381909547739	0.05870214421443835
73.16582914572865	0.05829226509624512
73.5678391959799	0.05754435265227524
73.96984924623116	0.056557677406738005
74.37185929648241	0.05555453928982872
74.77386934673368	0.05453899359204922
75.17587939698493	0.05384950602805436
75.57788944723619	0.053738702680917946
75.97989949748744	0.054433551243952785
76.3819095477387	0.05564766746802097
76.78391959798995	0.05694376431747896
77.18592964824121	0.05814267136566968
77.58793969849246	0.05885476245796384
77.98994974874373	0.0589813959576543
78.39195979899498	0.05827887132451002
78.79396984924624	0.05714753740500028
79.19597989949749	0.05558738245387701
79.59798994974875	0.05396103777075537
80.0	0.052742967743200586
