0.0	0.007267684794192436
0.4020100502512563	0.007220020893642343
0.8040201005025126	0.006374532145067771
1.206030150753769	0.004455630849891345
1.6080402010050252	0.0028015385721043883
2.0100502512562817	0.003106515503803316
2.412060301507538	0.004473007738578715
2.814070351758794	0.005486865817848167
3.2160804020100504	0.005391824168847208
3.6180904522613067	0.004348154652680377
4.020100502512563	0.0023294858570420936
4.42211055276382	0.0012174802098360487
4.824120603015076	0.003756131161294357
5.226130653266332	0.006243274046861589
5.628140703517588	0.008051940539656483
6.030150753768845	0.008762550772057627
6.432160804020101	0.008605411984078644
6.834170854271357	0.007589309849020054
7.236180904522613	0.006170560599730963
7.63819095477387	0.004937853645959867
8.040201005025127	0.004456888383467543
8.442211055276383	0.004502915495117166
8.84422110552764	0.004443932744302353
9.246231155778895	0.003830785531118459
9.648241206030152	0.0024046195891577827
10.050251256281408	0.0007953091906556687
10.452261306532664	0.0013341716953000418
10.85427135678392	0.0033494231358707953
11.256281407035177	0.00452017695144072
11.658291457286433	0.0049616626167431396
12.06030150753769	0.004403046310151896
12.462311557788945	0.0034044146398906953
12.864321608040202	0.0030382061718133187
13.266331658291458	0.005192272469840969
13.668341708542714	0.008620126257322742
14.07035175879397	0.012478810674184443
14.472361809045227	0.015425749755991442
14.874371859296483	0.0169075011365669
15.27638190954774	0.017322422235767788
15.678391959798995	0.01543596547767013
16.080402010050253	0.01292839546514889
16.48241206030151	0.011256366164679083
16.884422110552766	0.01041093478065767
17.286432160804022	0.010019244073942361
17.68844221105528	0.008274362499989248
18.090452261306535	0.0023992502576594622
18.49246231155779	0.009668675419495397
18.894472361809047	0.021718755200200102
19.296482412060303	0.03365296919443566
19.69849246231156	0.045362652392400706
20.100502512562816	0.052174882688636584
20.502512562814072	0.05328510214889194
20.90452261306533	0.048959806756810234
21.306532663316585	0.041020987677568184
21.70854271356784	0.03218805601522737
22.110552763819097	0.026319386537837407
22.512562814070353	0.02347487432255021
22.91457286432161	0.02110214767507505
23.316582914572866	0.01829555237173326
23.718592964824122	0.01875776469098303
24.12060301507538	0.02580133911653614
24.522613065326635	0.03607726942934018
24.92462311557789	0.04548346147423869
25.326633165829147	0.05141117639331755
25.728643216080403	0.052838655706927896
26.13065326633166	0.05055979451600845
26.532663316582916	0.045207204897035426
26.934673366834172	0.03912366733263346
27.33668341708543	0.03488694267074795
27.738693467336685	0.034253383623788144
28.14070351758794	0.03593921705280066
28.542713567839197	0.0378615388605494
28.944723618090453	0.03804407745622072
29.34673366834171	0.03786834783793635
29.748743718592966	0.03958785007323477
30.150753768844222	0.04292570216273569
30.55276381909548	0.04634189716328715
30.954773869346734	0.047814747519075565
31.35678391959799	0.04667643239537525
31.758793969849247	0.042389134799079506
32.16080402010051	0.036708023891752664
32.56281407035176	0.03185185771425387
32.96482412060302	0.030608923995366806
33.366834170854275	0.03266400177812126
33.76884422110553	0.035594870649684
34.17085427135679	0.038206809890315156
34.572864321608044	0.040940164550373324
34.9748743718593	0.045085030802792206
35.37688442211056	0.05020102571983224
35.77889447236181	0.054665364866384646
36.18090452261307	0.056939917185658384
36.582914572864325	0.055356339624205275
36.98492462311558	0.049967453560107344
37.38693467336684	0.04200736156507233
37.788944723618094	0.03396590869811653
38.19095477386935	0.02884054924036361
38.59296482412061	0.02787359832717536
38.99497487437186	0.03162377088698425
39.39698492462312	0.037511852857212535
39.798994974874375	0.044800161000828495
40.20100502512563	0.05340283183055532
40.60301507537689	0.06107441974117002
41.005025125628144	0.06633272635742377
41.4070351758794	0.06715509198069367
41.80904522613066	0.06370480719407746
42.21105527638191	0.05589296961250047
42.61306532663317	0.04620287010684544
43.015075376884425	0.036829448459713025
43.41708542713568	0.029304607271573767
43.81909547738694	0.026232410187715504
44.221105527638194	0.027895733808409307
44.62311557788945	0.03290470839833943
45.02512562814071	0.039793763179326355
45.42713567839196	0.046968384446874574
45.82914572864322	0.0530133703419971
46.231155778894475	0.05651272289740809
46.63316582914573	0.05735942824799754
47.03517587939699	0.05485215323074862
47.437185929648244	0.049588567002424526
47.8391959798995	0.042935745838966366
48.24120603015076	0.03597013012108956
48.64321608040201	0.03050725681788278
49.04522613065327	0.027033394560825513
49.447236180904525	0.02668689481803483
49.84924623115578	0.02947673512737483
50.25125628140704	0.03483706003384043
50.653266331658294	0.040929345736109304
51.05527638190955	0.04659330870475173
51.45728643216081	0.05049046891210692
51.85929648241206	0.051727029721601245
52.26130653266332	0.05048568514899658
52.663316582914575	0.047748059584310165
53.06532663316583	0.04383861338543174
53.46733668341709	0.039906200749975536
53.869346733668344	0.03664781158070379
54.2713567839196	0.03439509864253171
54.67336683417086	0.034088143410148306
55.07537688442211	0.035414886992072354
55.47738693467337	0.038268642414542135
55.879396984924625	0.041011088310480455
56.28140703517588	0.042775803373354966
56.68341708542714	0.0431740592591066
57.085427135678394	0.04197209798227111
57.48743718592965	0.039694813421119884
57.88944723618091	0.036756449764202406
58.29145728643216	0.034537341678821006
58.69346733668342	0.03328355765863446
59.095477386934675	0.0328311302117769
59.49748743718593	0.03383127138194923
59.89949748743719	0.03539948320346276
60.301507537688444	0.03769277034972342
60.7035175879397	0.04041422364816481
61.10552763819096	0.043120851997972505
61.50753768844221	0.04467898168709363
61.90954773869347	0.045668778341044755
62.311557788944725	0.0447330675079209
62.71356783919598	0.04260363011376861
63.11557788944724	0.039052397240384576
63.517587939698494	0.03476360311949241
63.91959798994975	0.030208902838239828
64.32160804020101	0.027508685587887743
64.72361809045226	0.027060004972611285
65.12562814070353	0.029365152174766956
65.52763819095478	0.03299594329496796
65.92964824120604	0.036833472585154445
66.33165829145729	0.039761222254452555
66.73366834170855	0.04151097294688137
67.1356783919598	0.0421701864124885
67.53768844221106	0.04215386652883454
67.93969849246231	0.041277077666386004
68.34170854271358	0.04001871522770752
68.74371859296483	0.03867269395181447
69.14572864321609	0.03816035425292767
69.54773869346734	0.03834863391300215
69.9497487437186	0.03958740293629116
70.35175879396985	0.041705180730014314
70.75376884422111	0.044148674943426496
71.15577889447236	0.04613120817345936
71.55778894472363	0.04644997835135629
71.95979899497488	0.04543894139020786
72.36180904522614	0.04342459572750419
72.76381909547739	0.04121398071704975
73.16582914572865	0.03970215037454213
73.5678391959799	0.03911314600588524
73.96984924623116	0.03954053375855027
74.37185929648241	0.04078470441747941
74.77386934673368	0.043027126134621424
75.17587939698493	0.045566611790150834
75.57788944723619	0.04841664282971775
75.97989949748744	0.051073171478199064
76.3819095477387	0.05218282045715957
76.78391959798995	0.05153453497289253
77.18592964824121	0.04893896045210891
77.58793969849246	0.04477139483329104
77.98994974874373	0.039690544691154635
78.39195979899498	0.034916343334178986
78.79396984924624	0.03127007770253177
79.19597989949749	0.030249050795480154
79.59798994974875	0.031910686038213634
80.0	0.03541054769187834
