0.0	0.02849264977994285
0.4020100502512563	0.025801917931164826
0.8040201005025126	0.01878773105650191
1.206030150753769	0.008862801314622304
1.6080402010050252	0.002446954708959584
2.0100502512562817	0.012333617466855198
2.412060301507538	0.0196520978422813
2.814070351758794	0.022744230564842833
3.2160804020100504	0.021081731691605148
3.6180904522613067	0.014958844434008276
4.020100502512563	0.005441290825370282
4.42211055276382	0.005767593554186956
4.824120603015076	0.016598125297189563
5.226130653266332	0.025127089714377254
5.628140703517588	0.0297342008291629
6.030150753768845	0.029759968143861993
6.432160804020101	0.025127154590889135
6.834170854271357	0.01683379014784435
7.236180904522613	0.006880270548639239
7.63819095477387	0.004547606745697357
8.040201005025127	0.012621937758835374
8.442211055276383	0.017168260295353146
8.84422110552764	0.017336589249379485
9.246231155778895	0.01292117897394108
9.648241206030152	0.004573351416440907
10.050251256281408	0.007823941793940513
10.452261306532664	0.019596512189323834
10.85427135678392	0.029922066399570617
11.256281407035177	0.03696353962397744
11.658291457286433	0.039721164199466225
12.06030150753769	0.03742052530336619
12.462311557788945	0.031135222095683573
12.864321608040202	0.022062919034158336
13.266331658291458	0.012702008781184604
13.668341708542714	0.006800224621968352
14.07035175879397	0.010071496547120654
14.472361809045227	0.013963201793397656
14.874371859296483	0.015246764072996393
15.27638190954774	0.014078220590196432
15.678391959798995	0.011555345856768356
16.080402010050253	0.01159611261218772
16.48241206030151	0.01731740419625924
16.884422110552766	0.025754246549816867
17.286432160804022	0.033874366944704935
17.68844221105528	0.04034105143679587
18.090452261306535	0.042836292023062314
18.49246231155779	0.041265429735895164
18.894472361809047	0.03491604666170585
19.296482412060303	0.02491042808396323
19.69849246231156	0.01712148237073225
20.100502512562816	0.020992797994319377
20.502512562814072	0.030516934675556485
20.90452261306533	0.03845464434707036
21.306532663316585	0.04184454448884532
21.70854271356784	0.039597313316043145
22.110552763819097	0.0334743860303644
22.512562814070353	0.027516758432657724
22.91457286432161	0.02759885889970154
23.316582914572866	0.034413917560990256
23.718592964824122	0.040137817632033265
24.12060301507538	0.040954202837761064
24.522613065326635	0.03505610984206825
24.92462311557789	0.024696138727588943
25.326633165829147	0.01657444745165168
25.728643216080403	0.02162855000119554
26.13065326633166	0.03463077133062317
26.532663316582916	0.04613584814318654
26.934673366834172	0.05297614305789874
27.33668341708543	0.0537371891352915
27.738693467336685	0.04793227192999075
28.14070351758794	0.03759783143502659
28.542713567839197	0.02739874363231007
28.944723618090453	0.02362475425912621
29.34673366834171	0.02635103551656226
29.748743718592966	0.02893265149603298
30.150753768844222	0.0263494452968722
30.55276381909548	0.017610750943014737
30.954773869346734	0.0030658326657768075
31.35678391959799	0.016427477430459893
31.758793969849247	0.03567131503003272
32.16080402010051	0.052272428337020484
32.56281407035176	0.06365665778564927
32.96482412060302	0.06748416085956582
33.366834170854275	0.06328927740564012
33.76884422110553	0.052307977988686236
34.17085427135679	0.036040499457787804
34.572864321608044	0.01868292222953059
34.9748743718593	0.00808849632953464
35.37688442211056	0.01610838314726807
35.77889447236181	0.022462155388687805
36.18090452261307	0.02409196787956976
36.582914572864325	0.02328322614384363
36.98492462311558	0.0267776107204079
37.38693467336684	0.037265877480027645
37.788944723618094	0.05034315616131395
38.19095477386935	0.062476323914076856
38.59296482412061	0.06940404596882908
38.99497487437186	0.07045218693118846
39.39698492462312	0.06404836592063883
39.798994974874375	0.05159536082894632
40.20100502512563	0.03660905265975404
40.60301507537689	0.02671168123069016
41.005025125628144	0.029046126257928247
41.4070351758794	0.038502492784893434
41.80904522613066	0.0473342429376066
42.21105527638191	0.05422299161107389
42.61306532663317	0.05977923071628642
43.015075376884425	0.06547602315708151
43.41708542713568	0.07068409579197053
43.81909547738694	0.07403403320872756
44.221105527638194	0.07344212468019895
44.62311557788945	0.0677252294679834
45.02512562814071	0.05705129521360941
45.42713567839196	0.04362102003332
45.82914572864322	0.03309059153845606
46.231155778894475	0.03354162764852444
46.63316582914573	0.044008380362953944
47.03517587939699	0.05548319361301154
47.437185929648244	0.06310321759828137
47.8391959798995	0.06550894871663925
48.24120603015076	0.06321954848604647
48.64321608040201	0.0580560657088286
49.04522613065327	0.05232787856124717
49.447236180904525	0.04693811565843402
49.84924623115578	0.04163271507193338
50.25125628140704	0.035128164489850726
50.653266331658294	0.026597443153688154
51.05527638190955	0.016233076161718835
51.45728643216081	0.011731080603596615
51.85929648241206	0.021363891338142912
52.26130653266332	0.03416955946371053
52.663316582914575	0.04517433013632772
53.06532663316583	0.05163614725267136
53.46733668341709	0.053374417724868006
53.869346733668344	0.05004213214063097
54.2713567839196	0.04261058252325188
54.67336683417086	0.03244325575323053
55.07537688442211	0.021851967710582794
55.47738693467337	0.01345871122383974
55.879396984924625	0.010527829339727474
56.28140703517588	0.011822972703821788
56.68341708542714	0.014749622794549153
57.085427135678394	0.019777251598385056
57.48743718592965	0.027009722240051742
57.88944723618091	0.035154500736484684
58.29145728643216	0.042228239268793204
58.69346733668342	0.046726751913244144
59.095477386934675	0.047797808254869054
59.49748743718593	0.04470924066013138
59.89949748743719	0.0374536810080715
60.301507537688444	0.026529928948887654
60.7035175879397	0.013514157281312411
61.10552763819096	0.0035190454482051637
61.50753768844221	0.015485740348593907
61.90954773869347	0.02634954335805232
62.311557788944725	0.033951118225749186
62.71356783919598	0.03766046486680602
63.11557788944724	0.03844766285506512
63.517587939698494	0.037695031103253555
63.91959798994975	0.036521100931048864
64.32160804020101	0.03576787789974932
64.72361809045226	0.03487371422927668
65.12562814070353	0.03201153646717578
65.52763819095478	0.025822070112259614
65.92964824120604	0.01601002396666861
66.33165829145729	0.006730920127765089
66.73366834170855	0.016023375747080973
67.1356783919598	0.03052617951773647
67.53768844221106	0.04311311628792142
67.93969849246231	0.05170327079892736
68.34170854271358	0.05509496164287062
68.74371859296483	0.05309715665608118
69.14572864321609	0.04651587664100143
69.54773869346734	0.03701497708476138
69.9497487437186	0.026994338521625316
70.35175879396985	0.018883558635918743
70.75376884422111	0.013492688635326242
71.15577889447236	0.008818158741123485
71.55778894472363	0.002755460598811964
71.95979899497488	0.00845756544013929
72.36180904522614	0.021043024294733082
72.76381909547739	0.03464770963678767
73.16582914572865	0.04723796685242296
73.5678391959799	0.05669479645582313
73.96984924623116	0.06127286753254889
74.37185929648241	0.06017930984076834
74.77386934673368	0.05370769532974442
75.17587939698493	0.04283693335572763
75.57788944723619	0.029814371108535898
75.97989949748744	0.016468751662895124
76.3819095477387	0.008457299213701187
76.78391959798995	0.012494059454774987
77.18592964824121	0.019503803422416432
77.58793969849246	0.026726728266459582
77.98994974874373	0.03452146978889352
78.39195979899498	0.04329991273928689
78.79396984924624	0.05188358279552911
79.19597989949749	0.058359389922157154
79.59798994974875	0.06068247607395436
80.0	0.0581027452861355
