0.0	0.012315412471403508
0.4020100502512563	0.011371698595796757
0.8040201005025126	0.00893539871823025
1.206030150753769	0.0059799677580856326
1.6080402010050252	0.004713277648138175
2.0100502512562817	0.006646445628342346
2.412060301507538	0.008888877953936553
2.814070351758794	0.00989515225142205
3.2160804020100504	0.009023053021259698
3.6180904522613067	0.006432259187134279
4.020100502512563	0.0030686335103796004
4.42211055276382	0.0029611156099906047
4.824120603015076	0.007063130829145346
5.226130653266332	0.010588735751018838
5.628140703517588	0.012749710798049929
6.030150753768845	0.013200172646976293
6.432160804020101	0.011869922450941366
6.834170854271357	0.010008094099523517
7.236180904522613	0.008509323597514423
7.63819095477387	0.008285199795968609
8.040201005025127	0.009509367381428957
8.442211055276383	0.01024818809112962
8.84422110552764	0.009345367534293582
9.246231155778895	0.007054577777499893
9.648241206030152	0.00394539911386744
10.050251256281408	0.0047003775047617016
10.452261306532664	0.009232259342462381
10.85427135678392	0.01382718329553661
11.256281407035177	0.017530896886430336
11.658291457286433	0.0198026386354295
12.06030150753769	0.02057202714771546
12.462311557788945	0.020278431647504695
12.864321608040202	0.019312474171337083
13.266331658291458	0.018434297143529146
13.668341708542714	0.01763884204081034
14.07035175879397	0.01741655251240281
14.472361809045227	0.017603327706817808
14.874371859296483	0.018362494050895697
15.27638190954774	0.020148384656664138
15.678391959798995	0.02343363645234988
16.080402010050253	0.027677348708508243
16.48241206030151	0.03210691565057487
16.884422110552766	0.035130173515269494
17.286432160804022	0.036020533265604796
17.68844221105528	0.03402106121564857
18.090452261306535	0.029257397216445664
18.49246231155779	0.022891532111425812
18.894472361809047	0.017444248516134277
19.296482412060303	0.015415046180787303
19.69849246231156	0.016490308487686952
20.100502512562816	0.018289014776246615
20.502512562814072	0.01987035870057524
20.90452261306533	0.021958921926901156
21.306532663316585	0.026466144361867124
21.70854271356784	0.03263747089997945
22.110552763819097	0.03862873876329084
22.512562814070353	0.042348041867791494
22.91457286432161	0.04280886287436485
23.316582914572866	0.03942213869060006
23.718592964824122	0.032841949395798695
24.12060301507538	0.02487476399814651
24.522613065326635	0.018931838141571983
24.92462311557789	0.018680746376632706
25.326633165829147	0.022092064605522533
25.728643216080403	0.024835407103749527
26.13065326633166	0.02556721955444029
26.532663316582916	0.02482380759763795
26.934673366834172	0.025277641528256716
27.33668341708543	0.028577793852573714
27.738693467336685	0.03354886097946307
28.14070351758794	0.03796708751968123
28.542713567839197	0.0400245371437186
28.944723618090453	0.03895561610576076
29.34673366834171	0.03487792393689328
29.748743718592966	0.029104874127928792
30.150753768844222	0.024060353190811647
30.55276381909548	0.022390305381310593
30.954773869346734	0.024513207413568015
31.35678391959799	0.027657734425859316
31.758793969849247	0.029749907157153976
32.16080402010051	0.03013913444309868
32.56281407035176	0.02945761684081668
32.96482412060302	0.0295119319248482
33.366834170854275	0.031496342987536306
33.76884422110553	0.03533599524691242
34.17085427135679	0.0399106973885302
34.572864321608044	0.04365923629073158
34.9748743718593	0.04539334788008952
35.37688442211056	0.04500076809407873
35.77889447236181	0.04280472755189909
36.18090452261307	0.04012952260460956
36.582914572864325	0.038469038158942745
36.98492462311558	0.0385591942482452
37.38693467336684	0.0404839169988399
37.788944723618094	0.04297559506571628
38.19095477386935	0.04486937723699667
38.59296482412061	0.0462091371222106
38.99497487437186	0.047513443877365065
39.39698492462312	0.0499114367522365
39.798994974874375	0.05351333385498157
40.20100502512563	0.05774090556237621
40.60301507537689	0.061494641137744374
41.005025125628144	0.06385167108324882
41.4070351758794	0.06412025623448545
41.80904522613066	0.06269362177384431
42.21105527638191	0.06039188255104318
42.61306532663317	0.05769155083503273
43.015075376884425	0.05563441748020288
43.41708542713568	0.054496371253210676
43.81909547738694	0.053640760182122174
44.221105527638194	0.052594869260259226
44.62311557788945	0.051344174335939685
45.02512562814071	0.05021073831304266
45.42713567839196	0.05066103854299568
45.82914572864322	0.053880731773079525
46.231155778894475	0.059506482993796385
46.63316582914573	0.06553882393162355
47.03517587939699	0.06990377720534632
47.437185929648244	0.07096344675301043
47.8391959798995	0.06846931141069815
48.24120603015076	0.06290806001456471
48.64321608040201	0.05649201576822617
49.04522613065327	0.050585006636721074
49.447236180904525	0.04637844622287589
49.84924623115578	0.043359010469810395
50.25125628140704	0.04012967755203506
50.653266331658294	0.03654775205496843
51.05527638190955	0.03463428794346669
51.45728643216081	0.03723266088067737
51.85929648241206	0.04439756091946724
52.26130653266332	0.05282684385809141
52.663316582914575	0.059798693943595126
53.06532663316583	0.06288407643623098
53.46733668341709	0.06191706901721229
53.869346733668344	0.0571465627564237
54.2713567839196	0.05027974344397228
54.67336683417086	0.043531668137158155
55.07537688442211	0.038432794855335836
55.47738693467337	0.03550118117702204
55.879396984924625	0.03356251610646089
56.28140703517588	0.032280727453503404
56.68341708542714	0.03269867918027753
57.085427135678394	0.036263688538159256
57.48743718592965	0.04319631772923236
57.88944723618091	0.05126485200558967
58.29145728643216	0.05809646056459171
58.69346733668342	0.062019946629187916
59.095477386934675	0.062375633976271105
59.49748743718593	0.05941596774553863
59.89949748743719	0.05398154373206933
60.301507537688444	0.0476550481767668
60.7035175879397	0.04205867522625718
61.10552763819096	0.038356915584115726
61.50753768844221	0.036186115278617266
61.90954773869347	0.03559246112006239
62.311557788944725	0.03574149323887145
62.71356783919598	0.037822136540743755
63.11557788944724	0.0420628118739333
63.517587939698494	0.04789742748341234
63.91959798994975	0.053991916741896975
64.32160804020101	0.05842532105997276
64.72361809045226	0.06041200784576713
65.12562814070353	0.05918234640403077
65.52763819095478	0.055443793498036055
65.92964824120604	0.049714348659805646
66.33165829145729	0.043910094881538686
66.73366834170855	0.03904452502909227
67.1356783919598	0.03555431258763854
67.53768844221106	0.03369721251185056
67.93969849246231	0.03280089423944279
68.34170854271358	0.03280488018929368
68.74371859296483	0.03470998579778506
69.14572864321609	0.03890451415265159
69.54773869346734	0.04496355148421872
69.9497487437186	0.051152856181607996
70.35175879396985	0.055829843885133804
70.75376884422111	0.058073504037291813
71.15577889447236	0.057087914973102505
71.55778894472363	0.05348778995234925
71.95979899497488	0.04835192707636008
72.36180904522614	0.04241983607249354
72.76381909547739	0.03725836589338803
73.16582914572865	0.03305653846657336
73.5678391959799	0.03039286834878836
73.96984924623116	0.02937980756492884
74.37185929648241	0.030677460740944955
74.77386934673368	0.03514241991490529
75.17587939698493	0.04189217177929499
75.57788944723619	0.04971017709996279
75.97989949748744	0.05659572023212561
76.3819095477387	0.06134340724966142
76.78391959798995	0.06287429023525591
77.18592964824121	0.06071684650793703
77.58793969849246	0.05546583880692235
77.98994974874373	0.047857884442256346
78.39195979899498	0.03970735154140296
78.79396984924624	0.03266078994008177
79.19597989949749	0.027609661299855252
79.59798994974875	0.025229193102527712
80.0	0.025985728621878573
