0.0	0.012164606000843663
0.4020100502512563	0.010614724285471808
0.8040201005025126	0.007953809699853664
1.206030150753769	0.006428565587213044
1.6080402010050252	0.00735094281501798
2.0100502512562817	0.009594168699460694
2.412060301507538	0.010946809955001935
2.814070351758794	0.011001987794915185
3.2160804020100504	0.009355410748423427
3.6180904522613067	0.006435342800150697
4.020100502512563	0.0030503654219447224
4.42211055276382	0.003966407462448018
4.824120603015076	0.0073520172267915835
5.226130653266332	0.009941506533863904
5.628140703517588	0.011350949076732057
6.030150753768845	0.011574350716625948
6.432160804020101	0.011216824981750435
6.834170854271357	0.011391549855986609
7.236180904522613	0.01236498480347305
7.63819095477387	0.013772650507005898
8.040201005025127	0.014748528575974394
8.442211055276383	0.014587545672165261
8.84422110552764	0.01287520401597487
9.246231155778895	0.009575083391431174
9.648241206030152	0.006516352333977593
10.050251256281408	0.0065519382539924245
10.452261306532664	0.010737462375916284
10.85427135678392	0.015505833701726387
11.256281407035177	0.019423845426014254
11.658291457286433	0.022173841124183954
12.06030150753769	0.023725049153137143
12.462311557788945	0.024346339127638603
12.864321608040202	0.02461788752375896
13.266331658291458	0.024562636741870175
13.668341708542714	0.024009019747306744
14.07035175879397	0.0230600462867536
14.472361809045227	0.02157134872031494
14.874371859296483	0.019863993309422727
15.27638190954774	0.018252669047109114
15.678391959798995	0.017976887417470923
16.080402010050253	0.019960306658572655
16.48241206030151	0.024294895514450795
16.884422110552766	0.029791118460232874
17.286432160804022	0.035346294100648976
17.68844221105528	0.04043609161942461
18.090452261306535	0.04445895977583812
18.49246231155779	0.04736461747801357
18.894472361809047	0.04884264679495275
19.296482412060303	0.049171543882881766
19.69849246231156	0.048396522406405726
20.100502512562816	0.04706492719582851
20.502512562814072	0.04543850087906244
20.90452261306533	0.04412420024732548
21.306532663316585	0.04372254838261461
21.70854271356784	0.04475656486675271
22.110552763819097	0.04801062498745044
22.512562814070353	0.05314160325685868
22.91457286432161	0.05935797924424467
23.316582914572866	0.06575845242898415
23.718592964824122	0.07120762369315063
24.12060301507538	0.07467734447072152
24.522613065326635	0.07539586253864997
24.92462311557789	0.07282957636158635
25.326633165829147	0.06740144533584516
25.728643216080403	0.05990296620545369
26.13065326633166	0.05143544397197094
26.532663316582916	0.0435318524485036
26.934673366834172	0.037962241917342314
27.33668341708543	0.03576858523673611
27.738693467336685	0.03833928971784632
28.14070351758794	0.04562421319002427
28.542713567839197	0.05545780283985152
28.944723618090453	0.06577732329203832
29.34673366834171	0.07423542755689615
29.748743718592966	0.07839818364719282
30.150753768844222	0.07772236687956871
30.55276381909548	0.07185441910712871
30.954773869346734	0.06203876203399877
31.35678391959799	0.050197376033618346
31.758793969849247	0.0382984571703795
32.16080402010051	0.02881510617615595
32.56281407035176	0.022445673468502604
32.96482412060302	0.0195394766125278
33.366834170854275	0.020463321732659134
33.76884422110553	0.025642607530711355
34.17085427135679	0.03423076865787867
34.572864321608044	0.0438156572351677
34.9748743718593	0.05236749947584777
35.37688442211056	0.058070747351104644
35.77889447236181	0.06029742951130619
36.18090452261307	0.05849338428340932
36.582914572864325	0.053711505664970835
36.98492462311558	0.04695108164238969
37.38693467336684	0.03974763450194083
37.788944723618094	0.03363167753875317
38.19095477386935	0.02905653574872295
38.59296482412061	0.026933898517932903
38.99497487437186	0.027798534858621243
39.39698492462312	0.03162715514743507
39.798994974874375	0.03844845578639246
40.20100502512563	0.046976796933969736
40.60301507537689	0.05520346592825979
41.005025125628144	0.06195016974894951
41.4070351758794	0.06597387904615366
41.80904522613066	0.06707247508698276
42.21105527638191	0.06488045237195637
42.61306532663317	0.06020096219487433
43.015075376884425	0.054181982945762465
43.41708542713568	0.04780896942475157
43.81909547738694	0.04215998838520972
44.221105527638194	0.038155069133999846
44.62311557788945	0.03636188661948285
45.02512562814071	0.03760253590856366
45.42713567839196	0.04209501582552064
45.82914572864322	0.04877791811912964
46.231155778894475	0.05653273507951526
46.63316582914573	0.06390994992809756
47.03517587939699	0.06961633886150057
47.437185929648244	0.07289103822691964
47.8391959798995	0.07347360647467926
48.24120603015076	0.07125993058497018
48.64321608040201	0.06671555142414667
49.04522613065327	0.06043377070947352
49.447236180904525	0.05321656227141848
49.84924623115578	0.04654907995888754
50.25125628140704	0.041301945573002805
50.653266331658294	0.038152797677042424
51.05527638190955	0.03764618886466933
51.45728643216081	0.04006301589873087
51.85929648241206	0.04507814000923804
52.26130653266332	0.05224399450891515
52.663316582914575	0.06034117663008757
53.06532663316583	0.06735059195506696
53.46733668341709	0.07215237076728323
53.869346733668344	0.07318323691650956
54.2713567839196	0.06985480788736108
54.67336683417086	0.06274587090581094
55.07537688442211	0.053376081701138015
55.47738693467337	0.043379511762358866
55.879396984924625	0.034862519951505286
56.28140703517588	0.029289650317661398
56.68341708542714	0.02751982706186007
57.085427135678394	0.029439821594372077
57.48743718592965	0.03491088718395845
57.88944723618091	0.04379183108290613
58.29145728643216	0.05423430357279117
58.69346733668342	0.06432337048421902
59.095477386934675	0.07188248884022447
59.49748743718593	0.07525739025838665
59.89949748743719	0.07395863890378022
60.301507537688444	0.06779342225074719
60.7035175879397	0.058251465787306646
61.10552763819096	0.047023524076785825
61.50753768844221	0.03653725120411543
61.90954773869347	0.029033456258193285
62.311557788944725	0.02543371760941495
62.71356783919598	0.02574380931320258
63.11557788944724	0.02980892353676414
63.517587939698494	0.037905405969001785
63.91959798994975	0.04870227299119563
64.32160804020101	0.06009400484854911
64.72361809045226	0.06954031736941879
65.12562814070353	0.07486106856299815
65.52763819095478	0.07496634812808742
65.92964824120604	0.0699547981434423
66.33165829145729	0.06059133806434301
66.73366834170855	0.048885580577848524
67.1356783919598	0.03762747660535799
67.53768844221106	0.029122933276339653
67.93969849246231	0.02546583990138837
68.34170854271358	0.02606736385817666
68.74371859296483	0.03007106967924053
69.14572864321609	0.03705358122979582
69.54773869346734	0.0465730047404528
69.9497487437186	0.05701609895447903
70.35175879396985	0.06625591477687395
70.75376884422111	0.07246180298036133
71.15577889447236	0.07405605799573642
71.55778894472363	0.07092032167634062
71.95979899497488	0.063670581643017
72.36180904522614	0.05353105267051568
72.76381909547739	0.042922609165440204
73.16582914572865	0.034237570480007126
73.5678391959799	0.029706708848200175
73.96984924623116	0.029319515505510495
74.37185929648241	0.0321467868992119
74.77386934673368	0.037172007555305246
75.17587939698493	0.04448046107158468
75.57788944723619	0.053110470509721994
75.97989949748744	0.061465942340111934
76.3819095477387	0.06793187271541909
76.78391959798995	0.07095297937140435
77.18592964824121	0.07022352724702541
77.58793969849246	0.06544561764597163
77.98994974874373	0.05792767948213634
78.39195979899498	0.04882711891683021
78.79396984924624	0.04016555596154237
79.19597989949749	0.03377710921746968
79.59798994974875	0.031021708098950475
80.0	0.0317693842875982
