0.0	0.011429066777979578
0.4020100502512563	0.00760747094687781
0.8040201005025126	0.0027177746674810098
1.206030150753769	0.003988975470946033
1.6080402010050252	0.00896800138269806
2.0100502512562817	0.012537981500371909
2.412060301507538	0.014366217143417107
2.814070351758794	0.013519200604664416
3.2160804020100504	0.010452770959157453
3.6180904522613067	0.006061041274220819
4.020100502512563	0.0012562473960146285
4.42211055276382	0.003919202037019237
4.824120603015076	0.007139591274194418
5.226130653266332	0.008582779541552855
5.628140703517588	0.0076242726165224985
6.030150753768845	0.004616238607747283
6.432160804020101	0.002260459974497665
6.834170854271357	0.0068559958383836595
7.236180904522613	0.012538952152156013
7.63819095477387	0.01712783610695974
8.040201005025127	0.02011432216389074
8.442211055276383	0.02097028803686097
8.84422110552764	0.01954141065499846
9.246231155778895	0.01639302982029766
9.648241206030152	0.012286533523650098
10.050251256281408	0.008050346247398886
10.452261306532664	0.004775137387364436
10.85427135678392	0.003059835933428298
11.256281407035177	0.003376274305867246
11.658291457286433	0.005496042861204213
12.06030150753769	0.009753807801423094
12.462311557788945	0.015537789132398245
12.864321608040202	0.02168509242785984
13.266331658291458	0.027409266913591957
13.668341708542714	0.03149849091776433
14.07035175879397	0.03337807816892628
14.472361809045227	0.03284846063142852
14.874371859296483	0.02994148420777374
15.27638190954774	0.02535220134818924
15.678391959798995	0.020099604813766776
16.080402010050253	0.015675712707823856
16.48241206030151	0.012805909395787152
16.884422110552766	0.011887082463207797
17.286432160804022	0.013515097615982125
17.68844221105528	0.017600290461006828
18.090452261306535	0.02387768897594149
18.49246231155779	0.03134505225192978
18.894472361809047	0.03861044895199979
19.296482412060303	0.04484289600797716
19.69849246231156	0.049376433179500315
20.100502512562816	0.051440477968934396
20.502512562814072	0.0511075660202315
20.90452261306533	0.04873688699088531
21.306532663316585	0.04486080193583249
21.70854271356784	0.040282526005167206
22.110552763819097	0.0360781848754411
22.512562814070353	0.0331627120803553
22.91457286432161	0.03213547836750288
23.316582914572866	0.033947207909656864
23.718592964824122	0.038617159585168266
24.12060301507538	0.045708783780856264
24.522613065326635	0.0540792632432769
24.92462311557789	0.06279095300484447
25.326633165829147	0.07052384669830004
25.728643216080403	0.07634931478879091
26.13065326633166	0.0792251541014659
26.532663316582916	0.07894831737142893
26.934673366834172	0.0754175546858121
27.33668341708543	0.06913550000950118
27.738693467336685	0.06086800626141575
28.14070351758794	0.05190854907314918
28.542713567839197	0.04358060383470975
28.944723618090453	0.03711759237932465
29.34673366834171	0.03399827961379988
29.748743718592966	0.035015072940267476
30.150753768844222	0.040319137013682185
30.55276381909548	0.04967827471770536
30.954773869346734	0.06129356187368956
31.35678391959799	0.0727368643925331
31.758793969849247	0.08179724785261436
32.16080402010051	0.08629719361252136
32.56281407035176	0.08555752175477543
32.96482412060302	0.07916442406339452
33.366834170854275	0.06810997080432059
33.76884422110553	0.054430286223535004
34.17085427135679	0.04033248789759249
34.572864321608044	0.028325467671323584
34.9748743718593	0.020746618835598488
35.37688442211056	0.01877473872121913
35.77889447236181	0.02264842385222003
36.18090452261307	0.031040540847393168
36.582914572864325	0.04269892883800415
36.98492462311558	0.05504165977517604
37.38693467336684	0.06600352667615159
37.788944723618094	0.07344120437896154
38.19095477386935	0.0760845115590622
38.59296482412061	0.07338726790129825
38.99497487437186	0.06601788450583988
39.39698492462312	0.055736728336225186
39.798994974874375	0.04436042286356717
40.20100502512563	0.03409088461567713
40.60301507537689	0.02721079762419485
41.005025125628144	0.024559939042491076
41.4070351758794	0.026413038632595975
41.80904522613066	0.0323675403240601
42.21105527638191	0.04143257030986573
42.61306532663317	0.05159217085671055
43.015075376884425	0.060966850221737943
43.41708542713568	0.06814545670185418
43.81909547738694	0.07158485522711582
44.221105527638194	0.07104418198236565
44.62311557788945	0.06700308516458492
45.02512562814071	0.060580971582760365
45.42713567839196	0.05295171151344412
45.82914572864322	0.04549670155760902
46.231155778894475	0.039705129308966296
46.63316582914573	0.03644390631150745
47.03517587939699	0.03620998739113064
47.437185929648244	0.03883403962356651
47.8391959798995	0.04379366182785567
48.24120603015076	0.050202405484935785
48.64321608040201	0.057019699425974534
49.04522613065327	0.06320086756084212
49.447236180904525	0.06761949557659822
49.84924623115578	0.06955344956004854
50.25125628140704	0.06863223983892927
50.653266331658294	0.06497487456434752
51.05527638190955	0.05902990547841395
51.45728643216081	0.05174055555799253
51.85929648241206	0.04447000591092078
52.26130653266332	0.03846675627740227
52.663316582914575	0.035023881265778295
53.06532663316583	0.03446404673736652
53.46733668341709	0.036655832076244774
53.869346733668344	0.04132073856734372
54.2713567839196	0.0476517607777908
54.67336683417086	0.05476908968756865
55.07537688442211	0.06135050162107856
55.47738693467337	0.0663554278152753
55.879396984924625	0.06899547232784181
56.28140703517588	0.06859127716282955
56.68341708542714	0.06517992857351776
57.085427135678394	0.059106456210723614
57.48743718592965	0.05139459372290417
57.88944723618091	0.04396795069800298
58.29145728643216	0.038295964385271726
58.69346733668342	0.035642248443866695
59.095477386934675	0.03608216411194442
59.49748743718593	0.03924149574119141
59.89949748743719	0.04478603502729484
60.301507537688444	0.05171588418148607
60.7035175879397	0.059046429977328584
61.10552763819096	0.06560079560178914
61.50753768844221	0.0701580191629838
61.90954773869347	0.07141171746172434
62.311557788944725	0.06896314105598071
62.71356783919598	0.0630879111322615
63.11557788944724	0.05482717396965788
63.517587939698494	0.04551066564509475
63.91959798994975	0.0370997119881373
64.32160804020101	0.031848566355004604
64.72361809045226	0.030365792015732123
65.12562814070353	0.03246787029900901
65.52763819095478	0.03735512621094502
65.92964824120604	0.04439214801995554
66.33165829145729	0.05276552543664631
66.73366834170855	0.06099187260495108
67.1356783919598	0.06738640520431251
67.53768844221106	0.07118810864377838
67.93969849246231	0.0709848481754842
68.34170854271358	0.06686012715675727
68.74371859296483	0.059593494810787996
69.14572864321609	0.050773784646894506
69.54773869346734	0.04229972434200386
69.9497487437186	0.036449083007242984
70.35175879396985	0.03421649655934356
70.75376884422111	0.03559670309434129
71.15577889447236	0.03941122299571693
71.55778894472363	0.04510434047340784
71.95979899497488	0.05219198713786426
72.36180904522614	0.059547626388327966
72.76381909547739	0.06594651736397064
73.16582914572865	0.06999856251808576
73.5678391959799	0.07068408675477564
73.96984924623116	0.06798761761914981
74.37185929648241	0.061879158267185416
74.77386934673368	0.0537219403702881
75.17587939698493	0.045035990184262374
75.57788944723619	0.03797279340533875
75.97989949748744	0.03420334890130663
76.3819095477387	0.03424735918809012
76.78391959798995	0.03740282546215691
77.18592964824121	0.04254243387732588
77.58793969849246	0.0491964921828129
77.98994974874373	0.056795399443442016
78.39195979899498	0.06406438385103316
78.79396984924624	0.07000636977016583
79.19597989949749	0.07319093110785346
79.59798994974875	0.07304420912709474
80.0	0.06943596548077845
