0.0	0.012657625332431439
0.4020100502512563	0.01256091846338025
0.8040201005025126	0.010284163019006644
1.206030150753769	0.006348844544057079
1.6080402010050252	0.0015169583326491854
2.0100502512562817	0.0035268809671614625
2.412060301507538	0.0075022210651873675
2.814070351758794	0.009678830603662406
3.2160804020100504	0.010052507177587417
3.6180904522613067	0.008082517439632815
4.020100502512563	0.004210543106736955
4.42211055276382	0.0010227561461544534
4.824120603015076	0.005795318273448722
5.226130653266332	0.010370339214451076
5.628140703517588	0.01342922493277754
6.030150753768845	0.014368562552450123
6.432160804020101	0.013217813370068837
6.834170854271357	0.009952758055555863
7.236180904522613	0.005558203740593222
7.63819095477387	0.000930613528823385
8.040201005025127	0.0038113374374782994
8.442211055276383	0.006621899295950549
8.84422110552764	0.007463332973872175
9.246231155778895	0.006079965177737317
9.648241206030152	0.002611638548547297
10.050251256281408	0.002328303606431276
10.452261306532664	0.007661775682097864
10.85427135678392	0.012678835505649558
11.256281407035177	0.016586585742643947
11.658291457286433	0.01827804087857299
12.06030150753769	0.01780035134159704
12.462311557788945	0.015252405335146674
12.864321608040202	0.011091588682362642
13.266331658291458	0.006427143433698152
13.668341708542714	0.003591071089048628
14.07035175879397	0.005034144840163644
14.472361809045227	0.007080421706718729
14.874371859296483	0.007652584952506853
15.27638190954774	0.006894240081540934
15.678391959798995	0.006656641375275217
16.080402010050253	0.00878109891044557
16.48241206030151	0.012511795606132145
16.884422110552766	0.016023242386008593
17.286432160804022	0.018532028610011863
17.68844221105528	0.019270936398884796
18.090452261306535	0.018254423449157765
18.49246231155779	0.01577890587456097
18.894472361809047	0.012740874856450188
19.296482412060303	0.010134910900792906
19.69849246231156	0.009383468138308208
20.100502512562816	0.010952591041716812
20.502512562814072	0.013167034636166735
20.90452261306533	0.015742041108820177
21.306532663316585	0.01832273864005496
21.70854271356784	0.02060655424367932
22.110552763819097	0.02314898619554769
22.512562814070353	0.025794096959011626
22.91457286432161	0.028200447005676577
23.316582914572866	0.029746026511130636
23.718592964824122	0.030371421641873286
24.12060301507538	0.02976095727946504
24.522613065326635	0.02802808498158152
24.92462311557789	0.025995640101641716
25.326633165829147	0.024297096240501494
25.728643216080403	0.02370111991205525
26.13065326633166	0.02421165594685795
26.532663316582916	0.025398703681324075
26.934673366834172	0.026523397119261584
27.33668341708543	0.027078479372161603
27.738693467336685	0.02737994299077475
28.14070351758794	0.027813441095148456
28.542713567839197	0.02882282273020261
28.944723618090453	0.030039276603733005
29.34673366834171	0.031238133304904898
29.748743718592966	0.03200293129484864
30.150753768844222	0.03160139707301164
30.55276381909548	0.030786637845081555
30.954773869346734	0.029791986510173073
31.35678391959799	0.029416063934341014
31.758793969849247	0.02975978340219824
32.16080402010051	0.031125273066434356
32.56281407035176	0.03265086902442628
32.96482412060302	0.03364434192374792
33.366834170854275	0.03396963305927728
33.76884422110553	0.033628052471688444
34.17085427135679	0.03291532300367911
34.572864321608044	0.032393803130889666
34.9748743718593	0.03196454249654545
35.37688442211056	0.03169794174502451
35.77889447236181	0.03108644524110467
36.18090452261307	0.030474180606271366
36.582914572864325	0.030102390139706274
36.98492462311558	0.03063642137675322
37.38693467336684	0.03242505140672866
37.788944723618094	0.035124558894813786
38.19095477386935	0.03798332978329769
38.59296482412061	0.04056206148353889
38.99497487437186	0.04239615607395253
39.39698492462312	0.04308781336554816
39.798994974874375	0.04287945003620771
40.20100502512563	0.04159764499036431
40.60301507537689	0.0397962503745775
41.005025125628144	0.03788767955253946
41.4070351758794	0.03630072518550852
41.80904522613066	0.03550840346837959
42.21105527638191	0.036478324989053325
42.61306532663317	0.03945808405132848
43.015075376884425	0.04429070404824302
43.41708542713568	0.05047566236866038
43.81909547738694	0.05667807700510187
44.221105527638194	0.062083438792018684
44.62311557788945	0.06562182349518346
45.02512562814071	0.06697039915143756
45.42713567839196	0.06600584592715499
45.82914572864322	0.06322996778500156
46.231155778894475	0.059443611905520236
46.63316582914573	0.055463982015689285
47.03517587939699	0.05222881028084542
47.437185929648244	0.05035510085219489
47.8391959798995	0.05039402674769281
48.24120603015076	0.05198469098089944
48.64321608040201	0.055052547665350914
49.04522613065327	0.05899158956142429
49.447236180904525	0.0628157478453285
49.84924623115578	0.066347675317668
50.25125628140704	0.0684349367940951
50.653266331658294	0.06915988284220806
51.05527638190955	0.06862055116955043
51.45728643216081	0.06671200138515587
51.85929648241206	0.06390296939164768
52.26130653266332	0.06074679366942818
52.663316582914575	0.05784297284715806
53.06532663316583	0.05579003103686364
53.46733668341709	0.054432242135294504
53.869346733668344	0.05411569932750217
54.2713567839196	0.05451180734860739
54.67336683417086	0.05571480770191428
55.07537688442211	0.05729543548103115
55.47738693467337	0.05897227996815385
55.879396984924625	0.06066679040289752
56.28140703517588	0.06186346986149173
56.68341708542714	0.06233769671258914
57.085427135678394	0.06200680770650829
57.48743718592965	0.06070031581845816
57.88944723618091	0.05868349886314089
58.29145728643216	0.05604952523574049
58.69346733668342	0.053600619147270503
59.095477386934675	0.051317994053638585
59.49748743718593	0.049779352774920564
59.89949748743719	0.04894135581866104
60.301507537688444	0.04909594353600192
60.7035175879397	0.05003655168965483
61.10552763819096	0.05184136396991877
61.50753768844221	0.05424299825095279
61.90954773869347	0.056787675874154085
62.311557788944725	0.059211738450230034
62.71356783919598	0.06131816370609124
63.11557788944724	0.06239228237378065
63.517587939698494	0.062439601897613994
63.91959798994975	0.06117679247100116
64.32160804020101	0.05900098279042705
64.72361809045226	0.05623588876226206
65.12562814070353	0.053550615155465844
65.52763819095478	0.05148701027257282
65.92964824120604	0.05030690829173136
66.33165829145729	0.050271286422952456
66.73366834170855	0.05119406734293942
67.1356783919598	0.05320325659711004
67.53768844221106	0.05585063959034871
67.93969849246231	0.05854080905352364
68.34170854271358	0.06095786643645289
68.74371859296483	0.0628505782996444
69.14572864321609	0.06362821469464983
69.54773869346734	0.06324732238545686
69.9497487437186	0.06140634322261742
70.35175879396985	0.058659251376314225
70.75376884422111	0.05544588432715336
71.15577889447236	0.05207303567562971
71.55778894472363	0.0497266585367621
71.95979899497488	0.04822420030170422
72.36180904522614	0.048407397286596064
72.76381909547739	0.049748004825975925
73.16582914572865	0.0524139913453152
73.5678391959799	0.055616476430687026
73.96984924623116	0.05913879344648829
74.37185929648241	0.06202971884004984
74.77386934673368	0.06387842499389904
75.17587939698493	0.06407711178293184
75.57788944723619	0.06255722610719247
75.97989949748744	0.05970265983198614
76.3819095477387	0.05593271666685327
76.78391959798995	0.052222311604592966
77.18592964824121	0.04939077359602998
77.58793969849246	0.04824728088580139
77.98994974874373	0.04908726713581612
78.39195979899498	0.05157195023609538
78.79396984924624	0.055571104959738535
79.19597989949749	0.06014849975489393
79.59798994974875	0.06455853488243982
80.0	0.06793758568822843
