0.0	0.025272662113628015
0.4020100502512563	0.020510238176307982
0.8040201005025126	0.012418201259742637
1.206030150753769	0.0026992331952558554
1.6080402010050252	0.0074364994114796065
2.0100502512562817	0.015719102259533987
2.412060301507538	0.020851699990253974
2.814070351758794	0.021782073533770648
3.2160804020100504	0.018514414915433687
3.6180904522613067	0.0116477248430296
4.020100502512563	0.0027573239204107198
4.42211055276382	0.0074320814742837495
4.824120603015076	0.015784783157979817
5.226130653266332	0.02126834743794692
5.628140703517588	0.022619373366810518
6.030150753768845	0.019759878083227423
6.432160804020101	0.013396372049047372
6.834170854271357	0.004198083327069014
7.236180904522613	0.005868198636404102
7.63819095477387	0.014837856671638661
8.040201005025127	0.021326950647515185
8.442211055276383	0.023912590556710724
8.84422110552764	0.02234125195626972
9.246231155778895	0.01669005988349011
9.648241206030152	0.00825804122167853
10.050251256281408	0.0028042535124436943
10.452261306532664	0.011249103209129833
10.85427135678392	0.018404035744766043
11.256281407035177	0.022165490904941538
11.658291457286433	0.02179154600735758
12.06030150753769	0.017760400942080725
12.462311557788945	0.01060396279606179
12.864321608040202	0.0021581875502985634
13.266331658291458	0.007123131320650811
13.668341708542714	0.014181684677325382
14.07035175879397	0.018258350082929243
14.472361809045227	0.018498890458550004
14.874371859296483	0.015178829963922207
15.27638190954774	0.009043216318438125
15.678391959798995	0.005940564676526804
16.080402010050253	0.013359742551007048
16.48241206030151	0.02197711448207377
16.884422110552766	0.028350554096203878
17.286432160804022	0.0315192802465795
17.68844221105528	0.03078939754310036
18.090452261306535	0.02654090347898664
18.49246231155779	0.019892899542652328
18.894472361809047	0.012274488209112807
19.296482412060303	0.007587608217470056
19.69849246231156	0.008751334012163967
20.100502512562816	0.011105974127326886
20.502512562814072	0.011773697157492291
20.90452261306533	0.012551615189521931
21.306532663316585	0.016468553479915566
21.70854271356784	0.024179578961282984
22.110552763819097	0.032969023200623886
22.512562814070353	0.04089449503385146
22.91457286432161	0.046063534480335636
23.316582914572866	0.047788746032049224
23.718592964824122	0.04588843839148178
24.12060301507538	0.040506922176451285
24.522613065326635	0.03258427166197359
24.92462311557789	0.02385368364475294
25.326633165829147	0.015460176896312402
25.728643216080403	0.009526801611323289
26.13065326633166	0.008015221188304163
26.532663316582916	0.01097901084843923
26.934673366834172	0.016312284504596812
27.33668341708543	0.02373743889646983
27.738693467336685	0.032624572595680155
28.14070351758794	0.04147444328958343
28.542713567839197	0.049184531584861656
28.944723618090453	0.05435122064934619
29.34673366834171	0.05632480111249322
29.748743718592966	0.05448903396852034
30.150753768844222	0.04968523053536518
30.55276381909548	0.042600176611521975
30.954773869346734	0.03439550438296084
31.35678391959799	0.026525430654036203
31.758793969849247	0.02042844721735882
32.16080402010051	0.017169379215392515
32.56281407035176	0.017844808235750274
32.96482412060302	0.02280273549241202
33.366834170854275	0.03101178901283455
33.76884422110553	0.04087146271206006
34.17085427135679	0.05095291993040474
34.572864321608044	0.059997378577409846
34.9748743718593	0.06642875341271628
35.37688442211056	0.06977547021595755
35.77889447236181	0.06950486032995762
36.18090452261307	0.06586804325680476
36.582914572864325	0.059988479541586315
36.98492462311558	0.05311261816862615
37.38693467336684	0.04705507075813153
37.788944723618094	0.04322099811687624
38.19095477386935	0.04223474423900548
38.59296482412061	0.04473466658401706
38.99497487437186	0.050409470159991
39.39698492462312	0.057689170245484936
39.798994974874375	0.06504153485852265
40.20100502512563	0.07078698376231145
40.60301507537689	0.07374035500164601
41.005025125628144	0.07385955839668823
41.4070351758794	0.07171976646793134
41.80904522613066	0.06787448951650485
42.21105527638191	0.06305903258054066
42.61306532663317	0.05872913923298338
43.015075376884425	0.05454790523301204
43.41708542713568	0.05134655883393874
43.81909547738694	0.04923685193227185
44.221105527638194	0.04868352687520318
44.62311557788945	0.049497758930525146
45.02512562814071	0.05158025128980563
45.42713567839196	0.054298684838438006
45.82914572864322	0.056833131706529025
46.231155778894475	0.058678100279409985
46.63316582914573	0.059326378494133636
47.03517587939699	0.058708863786880526
47.437185929648244	0.05656446211399143
47.8391959798995	0.05314635354716214
48.24120603015076	0.0489300628468961
48.64321608040201	0.044361464521028716
49.04522613065327	0.03993901176420911
49.447236180904525	0.0364968217117871
49.84924623115578	0.03476606876164648
50.25125628140704	0.035322580691207375
50.653266331658294	0.03814591157247891
51.05527638190955	0.04317389642343229
51.45728643216081	0.04962358741704921
51.85929648241206	0.056211808253054475
52.26130653266332	0.06207449263866248
52.663316582914575	0.06585593753751438
53.06532663316583	0.06717981649694792
53.46733668341709	0.06589351671689433
53.869346733668344	0.0623172702844346
54.2713567839196	0.05696337569524287
54.67336683417086	0.05119589681097404
55.07537688442211	0.045831864490917786
55.47738693467337	0.04200194195292402
55.879396984924625	0.040328350627959225
56.28140703517588	0.041489461872658485
56.68341708542714	0.04519518358474596
57.085427135678394	0.050937664958679615
57.48743718592965	0.057495521557188435
57.88944723618091	0.06399936386558466
58.29145728643216	0.06930614814220867
58.69346733668342	0.07256568599179325
59.095477386934675	0.07335005820764608
59.49748743718593	0.07138372819751981
59.89949748743719	0.06693950743007726
60.301507537688444	0.060657512972798214
60.7035175879397	0.053424325265689354
61.10552763819096	0.04685390435270455
61.50753768844221	0.04210885200908761
61.90954773869347	0.04030439434027922
62.311557788944725	0.0420243087498804
62.71356783919598	0.04663997682989217
63.11557788944724	0.05366978983293589
63.517587939698494	0.061062460539474436
63.91959798994975	0.0679498903554487
64.32160804020101	0.07243864654696691
64.72361809045226	0.0739968184561147
65.12562814070353	0.07180547283094424
65.52763819095478	0.06643924796854435
65.92964824120604	0.05879849888141901
66.33165829145729	0.05055597855354495
66.73366834170855	0.043038266105269354
67.1356783919598	0.03770011098117321
67.53768844221106	0.0355676335774502
67.93969849246231	0.037244306191201795
68.34170854271358	0.042027948514148414
68.74371859296483	0.04863642674031533
69.14572864321609	0.056078947927804455
69.54773869346734	0.06305556372220902
69.9497487437186	0.06803298999058643
70.35175879396985	0.07005877810140096
70.75376884422111	0.06876022214165607
71.15577889447236	0.0644919001465932
71.55778894472363	0.05809331123889189
71.95979899497488	0.05057633979735164
72.36180904522614	0.04339222106255253
72.76381909547739	0.03784361062772863
73.16582914572865	0.03495645646291378
73.5678391959799	0.034956088832773506
73.96984924623116	0.03810685613624725
74.37185929648241	0.043294937191096006
74.77386934673368	0.04961952784155592
75.17587939698493	0.055797225867439904
75.57788944723619	0.06066131926038115
75.97989949748744	0.06354973414669271
76.3819095477387	0.0634856432689902
76.78391959798995	0.06128464709232093
77.18592964824121	0.056904695604845956
77.58793969849246	0.0515827181656097
77.98994974874373	0.04592110838805678
78.39195979899498	0.041055524148634254
78.79396984924624	0.0376543436269392
79.19597989949749	0.03651230698391289
79.59798994974875	0.03765168389713206
80.0	0.04066490775734073
