0.0	0.0056139239563392845
0.4020100502512563	0.004492545358951713
0.8040201005025126	0.0037718539212514947
1.206030150753769	0.004009154214039835
1.6080402010050252	0.004983603976717343
2.0100502512562817	0.005847022473520119
2.412060301507538	0.006065910242955343
2.814070351758794	0.005525464897136315
3.2160804020100504	0.0046243863083910725
3.6180904522613067	0.0034054860736135403
4.020100502512563	0.0026883853905844265
4.42211055276382	0.0031571075250895865
4.824120603015076	0.0038458177486704005
5.226130653266332	0.00427794918179533
5.628140703517588	0.004237077058432685
6.030150753768845	0.004049861100988735
6.432160804020101	0.004498414478427261
6.834170854271357	0.005778709735234861
7.236180904522613	0.007194083022926555
7.63819095477387	0.008258792885601298
8.040201005025127	0.008915874457191966
8.442211055276383	0.008474322694759702
8.84422110552764	0.007311484069171206
9.246231155778895	0.005798625539251703
9.648241206030152	0.0037657957725543674
10.050251256281408	0.0015135559328223395
10.452261306532664	0.0003484167277129678
10.85427135678392	0.0018309861837093578
11.256281407035177	0.003115777355030565
11.658291457286433	0.004486457820186383
12.06030150753769	0.006016994526951778
12.462311557788945	0.007396120653563443
12.864321608040202	0.008934337840355293
13.266331658291458	0.009858881080280267
13.668341708542714	0.010206374915249708
14.07035175879397	0.009517092791907766
14.472361809045227	0.007952110409279222
14.874371859296483	0.0053234885652319675
15.27638190954774	0.0030784700734631633
15.678391959798995	0.003979441803408677
16.080402010050253	0.006450701122264329
16.48241206030151	0.00794908114278891
16.884422110552766	0.00813085879686701
17.286432160804022	0.006730534293361694
17.68844221105528	0.003517956125581786
18.090452261306535	0.0006641499359524201
18.49246231155779	0.004925386059594339
18.894472361809047	0.008965505849923214
19.296482412060303	0.011909150700090392
19.69849246231156	0.01321491815195606
20.100502512562816	0.0126679760379979
20.502512562814072	0.010526195850710142
20.90452261306533	0.008910827548567183
21.306532663316585	0.009974972057432963
21.70854271356784	0.013156215203748873
22.110552763819097	0.016240258736613406
22.512562814070353	0.018064789800646706
22.91457286432161	0.017699848269942142
23.316582914572866	0.015617538210753937
23.718592964824122	0.012702568885934962
24.12060301507538	0.010493684254961458
24.522613065326635	0.010715832328233296
24.92462311557789	0.01287463266206984
25.326633165829147	0.015364957904389034
25.728643216080403	0.01703863216611848
26.13065326633166	0.01828215040926018
26.532663316582916	0.01928521695240907
26.934673366834172	0.020580886781694747
27.33668341708543	0.02213863255407307
27.738693467336685	0.02368072088181678
28.14070351758794	0.02489124223534573
28.542713567839197	0.024684794142732513
28.944723618090453	0.023328176732571752
29.34673366834171	0.021411122544743692
29.748743718592966	0.019890638358952765
30.150753768844222	0.020066325905189954
30.55276381909548	0.02173494719451525
30.954773869346734	0.02399354109765479
31.35678391959799	0.025936683450086512
31.758793969849247	0.02728932093282473
32.16080402010051	0.028412673648545984
32.56281407035176	0.029817497990129154
32.96482412060302	0.03173448418102845
33.366834170854275	0.03371994536483351
33.76884422110553	0.03519700938873974
34.17085427135679	0.03554879137818622
34.572864321608044	0.034476342553774846
34.9748743718593	0.03289808650044301
35.37688442211056	0.0313323297499371
35.77889447236181	0.0304507902257108
36.18090452261307	0.030729843561103996
36.582914572864325	0.031665322409232866
36.98492462311558	0.03307270445395063
37.38693467336684	0.03455443911019436
37.788944723618094	0.03632503423391434
38.19095477386935	0.03850666124391443
38.59296482412061	0.04101655420728013
38.99497487437186	0.04370749688802751
39.39698492462312	0.0465669515095405
39.798994974874375	0.04871721053258232
40.20100502512563	0.05041893055247566
40.60301507537689	0.051670216036707815
41.005025125628144	0.05240281690928013
41.4070351758794	0.05313081257125994
41.80904522613066	0.053603530319053086
42.21105527638191	0.05437670882363158
42.61306532663317	0.05528405135546353
43.015075376884425	0.05677324202223236
43.41708542713568	0.05846635049689314
43.81909547738694	0.060147868330535245
44.221105527638194	0.061811001508364015
44.62311557788945	0.06296613441314587
45.02512562814071	0.06328751491154924
45.42713567839196	0.06264004412238756
45.82914572864322	0.06111997454025694
46.231155778894475	0.0588417084878048
46.63316582914573	0.05660670367733124
47.03517587939699	0.05486855016434977
47.437185929648244	0.054331454634667806
47.8391959798995	0.054819951888805875
48.24120603015076	0.05639374803358531
48.64321608040201	0.058802357767560154
49.04522613065327	0.06111894021390801
49.447236180904525	0.06290157764310285
49.84924623115578	0.06390168980622574
50.25125628140704	0.0632773911027991
50.653266331658294	0.06153334917809562
51.05527638190955	0.059028940764026316
51.45728643216081	0.0561632652798713
51.85929648241206	0.05331136706493245
52.26130653266332	0.05127795662116904
52.663316582914575	0.050039705424330186
53.06532663316583	0.04949556273291651
53.46733668341709	0.050021549654455086
53.869346733668344	0.05137941955465512
54.2713567839196	0.053505721530900566
54.67336683417086	0.05560651852321299
55.07537688442211	0.05731978532638621
55.47738693467337	0.058335169676267305
55.879396984924625	0.057881513828243004
56.28140703517588	0.05649463267788858
56.68341708542714	0.05441781347087552
57.085427135678394	0.05191443202913054
57.48743718592965	0.049735754945074984
57.88944723618091	0.04830141173966546
58.29145728643216	0.04756777612773482
58.69346733668342	0.04761541094428393
59.095477386934675	0.04850925935850777
59.49748743718593	0.049721872167047196
59.89949748743719	0.05111599076124022
60.301507537688444	0.0529349812791846
60.7035175879397	0.05455432430835623
61.10552763819096	0.0557676985360581
61.50753768844221	0.05638386517475632
61.90954773869347	0.05626470390413281
62.311557788944725	0.055491425323292744
62.71356783919598	0.05426885909567379
63.11557788944724	0.05263987693712095
63.517587939698494	0.051229840104752136
63.91959798994975	0.050594490487937537
64.32160804020101	0.05022537027941272
64.72361809045226	0.05033179362556197
65.12562814070353	0.05075211786910412
65.52763819095478	0.05140655265376768
65.92964824120604	0.0522991972915252
66.33165829145729	0.053400156281016554
66.73366834170855	0.05444622605434234
67.1356783919598	0.054930664018340944
67.53768844221106	0.05485972622084836
67.93969849246231	0.054341925423322744
68.34170854271358	0.053168809888925236
68.74371859296483	0.051986613145918535
69.14572864321609	0.05105464475004061
69.54773869346734	0.0506877045355603
69.9497487437186	0.050420510491270464
70.35175879396985	0.050233490498851265
70.75376884422111	0.050046388480662084
71.15577889447236	0.049790582674747584
71.55778894472363	0.04996034477173118
71.95979899497488	0.050448922750905234
72.36180904522614	0.05158853789883337
72.76381909547739	0.05320674533281248
73.16582914572865	0.054698604557101
73.5678391959799	0.0560220512683511
73.96984924623116	0.05708227077165869
74.37185929648241	0.05770215080818623
74.77386934673368	0.05749420506448483
75.17587939698493	0.056668482048144855
75.57788944723619	0.05506113048480064
75.97989949748744	0.05322372924962796
76.3819095477387	0.051187280038677674
76.78391959798995	0.04950307294238052
77.18592964824121	0.04859481433975834
77.58793969849246	0.04892695092674871
77.98994974874373	0.05063628886524587
78.39195979899498	0.05324904815645974
78.79396984924624	0.05665109469261881
79.19597989949749	0.059865022956451144
79.59798994974875	0.0621019438328677
80.0	0.06329307237645555
