0.0	0.03528515325398578
0.4020100502512563	0.03277925947196166
0.8040201005025126	0.025041608705502937
1.206030150753769	0.01363433620453797
1.6080402010050252	0.004186198785399909
2.0100502512562817	0.013406590555928646
2.412060301507538	0.022324983801733426
2.814070351758794	0.026602065321033576
3.2160804020100504	0.02517312836279386
3.6180904522613067	0.018100128465855597
4.020100502512563	0.00724256240948572
4.42211055276382	0.006959168063692787
4.824120603015076	0.019775904604952238
5.226130653266332	0.029904885768072004
5.628140703517588	0.035597148092470964
6.030150753768845	0.03556723630536739
6.432160804020101	0.030142380121675694
6.834170854271357	0.020376782749767973
7.236180904522613	0.008962550516360279
7.63819095477387	0.008405019383715654
8.040201005025127	0.017405353056606968
8.442211055276383	0.0229587165171082
8.84422110552764	0.023375598226713874
9.246231155778895	0.01794367218176917
9.648241206030152	0.007783007168835765
10.050251256281408	0.00558883148337031
10.452261306532664	0.01940216214856453
10.85427135678392	0.03132485148860768
11.256281407035177	0.03932958987869098
11.658291457286433	0.04179842419521452
12.06030150753769	0.03859832828268843
12.462311557788945	0.030832585195889863
12.864321608040202	0.02041425529647794
13.266331658291458	0.012285447241693476
13.668341708542714	0.014402535826798646
14.07035175879397	0.02001444374175471
14.472361809045227	0.02243044536526178
14.874371859296483	0.02071569416543894
15.27638190954774	0.01672805523413922
15.678391959798995	0.01634713850836744
16.080402010050253	0.02462702791474323
16.48241206030151	0.03614554869672779
16.884422110552766	0.04640192015091088
17.286432160804022	0.0529835792692695
17.68844221105528	0.05471417865402807
18.090452261306535	0.05138126082233883
18.49246231155779	0.04384424553178208
18.894472361809047	0.03375275874730134
19.296482412060303	0.024645794426779926
19.69849246231156	0.020988045211779036
20.100502512562816	0.023577901614109394
20.502512562814072	0.02707333628185151
20.90452261306533	0.028042800177303477
21.306532663316585	0.02620394938264472
21.70854271356784	0.024034020774400658
22.110552763819097	0.025608815162335475
22.512562814070353	0.03259606237711715
22.91457286432161	0.041485446257555174
23.316582914572866	0.04854315418162315
23.718592964824122	0.05147070486156987
24.12060301507538	0.04949219116412967
24.522613065326635	0.04260224598402845
24.92462311557789	0.033089979772161805
25.326633165829147	0.025295604461214316
25.728643216080403	0.025294357191527127
26.13065326633166	0.031541938268415254
26.532663316582916	0.03730725001985597
26.934673366834172	0.03966562362376359
27.33668341708543	0.03828269450880243
27.738693467336685	0.03541129228064579
28.14070351758794	0.034182352570992405
28.542713567839197	0.0367770227387017
28.944723618090453	0.041042786317752475
29.34673366834171	0.04367711388177582
29.748743718592966	0.042501614087563436
30.150753768844222	0.03730077851747515
30.55276381909548	0.030037158214780445
30.954773869346734	0.02615273590189811
31.35678391959799	0.030961216601009738
31.758793969849247	0.04041540663623957
32.16080402010051	0.04930315319403145
32.56281407035176	0.05452703627446035
32.96482412060302	0.05559533317727204
33.366834170854275	0.05321280549527009
33.76884422110553	0.049358143848870446
34.17085427135679	0.045576834364395157
34.572864321608044	0.04322877736816126
34.9748743718593	0.042120238801512236
35.37688442211056	0.0410101750259866
35.77889447236181	0.03867746091485679
36.18090452261307	0.036005424679607885
36.582914572864325	0.03559776734085872
36.98492462311558	0.04085683133100221
37.38693467336684	0.051164829237764664
37.788944723618094	0.0629867208242762
38.19095477386935	0.07290201781173591
38.59296482412061	0.07894054980887286
38.99497487437186	0.08042011040103202
39.39698492462312	0.07759780744056333
39.798994974874375	0.07168743184813066
40.20100502512563	0.06447992826928789
40.60301507537689	0.057818263202375916
41.005025125628144	0.05286057408938338
41.4070351758794	0.04993743260061732
41.80904522613066	0.04890711329926073
42.21105527638191	0.04974680906625308
42.61306532663317	0.05311176005555936
43.015075376884425	0.058757065179851964
43.41708542713568	0.06638125407379351
43.81909547738694	0.07398240286691357
44.221105527638194	0.07981926485184276
44.62311557788945	0.08308801760428548
45.02512562814071	0.08266180112714
45.42713567839196	0.07889178063397673
45.82914572864322	0.07234656694092463
46.231155778894475	0.0644988560139624
46.63316582914573	0.0568162406327941
47.03517587939699	0.05140953783699398
47.437185929648244	0.048340560033899097
47.8391959798995	0.04719830116681025
48.24120603015076	0.04714174487393593
48.64321608040201	0.04847163712247682
49.04522613065327	0.051513462048128525
49.447236180904525	0.05694507035487791
49.84924623115578	0.06402547935278201
50.25125628140704	0.07079350937733357
50.653266331658294	0.07527828989727028
51.05527638190955	0.07616150503829261
51.45728643216081	0.07300451612136098
51.85929648241206	0.06625254463461581
52.26130653266332	0.05734771270618407
52.663316582914575	0.048970173981098084
53.06532663316583	0.04307492519303006
53.46733668341709	0.04042963354291286
53.869346733668344	0.03977122693681544
54.2713567839196	0.040237656328479914
54.67336683417086	0.04244116748870867
55.07537688442211	0.047419117471590895
55.47738693467337	0.05570420210194005
55.879396984924625	0.0649593591017917
56.28140703517588	0.07283507300245923
56.68341708542714	0.07700039549192053
57.085427135678394	0.07640895733869045
57.48743718592965	0.07121052137275774
57.88944723618091	0.06277301027419264
58.29145728643216	0.053368616195127803
58.69346733668342	0.045463760284138705
59.095477386934675	0.040904786222291406
59.49748743718593	0.03950693530100638
59.89949748743719	0.03995641785988592
60.301507537688444	0.041782219988931314
60.7035175879397	0.04588918609988619
61.10552763819096	0.05281830938275665
61.50753768844221	0.061187118585502485
61.90954773869347	0.06936404615593461
62.311557788944725	0.07498738916565097
62.71356783919598	0.07678810963865668
63.11557788944724	0.07426673865909882
63.517587939698494	0.06766625610071642
63.91959798994975	0.05869714807101417
64.32160804020101	0.049822880841957795
64.72361809045226	0.043093700825096073
65.12562814070353	0.039586795458438
65.52763819095478	0.03839797656337536
65.92964824120604	0.03868882085418297
66.33165829145729	0.0410229297506032
66.73366834170855	0.04610337299431546
67.1356783919598	0.05403463475895742
67.53768844221106	0.06333746545257762
67.93969849246231	0.07141161612014975
68.34170854271358	0.07658062232989282
68.74371859296483	0.07702961633467201
69.14572864321609	0.07318332009837246
69.54773869346734	0.06575661674527702
69.9497487437186	0.05627591042905622
70.35175879396985	0.047145839937860215
70.75376884422111	0.040438266122562475
71.15577889447236	0.037279335534379746
71.55778894472363	0.03706748858710558
71.95979899497488	0.0390626824094588
72.36180904522614	0.04372098266635908
72.76381909547739	0.05120646577449624
73.16582914572865	0.06060781214420086
73.5678391959799	0.0698611096089198
73.96984924623116	0.07666346926750314
74.37185929648241	0.07952657025293801
74.77386934673368	0.07775368178556862
75.17587939698493	0.07177960264398268
75.57788944723619	0.0625535467584871
75.97989949748744	0.052371157698064066
76.3819095477387	0.043502608063574665
76.78391959798995	0.038223068557389425
77.18592964824121	0.03734462716224635
77.58793969849246	0.0392862897146226
77.98994974874373	0.04296305972416633
78.39195979899498	0.04862479971055793
78.79396984924624	0.055981513606315744
79.19597989949749	0.06412301968491466
79.59798994974875	0.07162501457113438
80.0	0.07655993368205315
