0.0	0.021081827947005805
0.4020100502512563	0.01868608998973488
0.8040201005025126	0.013273667509864149
1.206030150753769	0.0060115750948085645
1.6080402010050252	0.0033826913579587314
2.0100502512562817	0.010330028533436255
2.412060301507538	0.015484595131296634
2.814070351758794	0.017371770910812486
3.2160804020100504	0.01592974555380943
3.6180904522613067	0.011186401395247276
4.020100502512563	0.003993618122803498
4.42211055276382	0.004119111060452766
4.824120603015076	0.011711634612014892
5.226130653266332	0.017390349562594967
5.628140703517588	0.02002347902491581
6.030150753768845	0.01931785769503212
6.432160804020101	0.015387790128000891
6.834170854271357	0.00891120764745836
7.236180904522613	0.0038369623542806805
7.63819095477387	0.008640536409810792
8.040201005025127	0.01438315108223143
8.442211055276383	0.01766575850615143
8.84422110552764	0.017734906045130495
9.246231155778895	0.01422565279456188
9.648241206030152	0.008368652546705215
10.050251256281408	0.0011210982620281204
10.452261306532664	0.006431923872395115
10.85427135678392	0.012501237553548395
11.256281407035177	0.01597324068794121
11.658291457286433	0.016225431356282217
12.06030150753769	0.012912773270667232
12.462311557788945	0.007115964076290807
12.864321608040202	0.004215252119070992
13.266331658291458	0.011195406665334874
13.668341708542714	0.018961550633754095
14.07035175879397	0.02433465870080716
14.472361809045227	0.02680729907107835
14.874371859296483	0.02591353769570952
15.27638190954774	0.022181674580556605
15.678391959798995	0.016000588925528202
16.080402010050253	0.009800206029911501
16.48241206030151	0.0073690942340291585
16.884422110552766	0.010527983420019208
17.286432160804022	0.013638575347704388
17.68844221105528	0.014690957120758751
18.090452261306535	0.01377374828363086
18.49246231155779	0.012223071964090972
18.894472361809047	0.012082759586846455
19.296482412060303	0.014063319220423023
19.69849246231156	0.016575271859172534
20.100502512562816	0.017994071855229235
20.502512562814072	0.017751462464222826
20.90452261306533	0.015947774166936362
21.306532663316585	0.012948479687764131
21.70854271356784	0.010427184370356266
22.110552763819097	0.011267664884174135
22.512562814070353	0.014908101729752049
22.91457286432161	0.018805223280339477
23.316582914572866	0.021401811963143606
23.718592964824122	0.022101838569131612
24.12060301507538	0.020716370449978132
24.522613065326635	0.017538226356979582
24.92462311557789	0.012686639748390993
25.326633165829147	0.008082244578475421
25.728643216080403	0.004968830811303349
26.13065326633166	0.004684186750338328
26.532663316582916	0.004630111642381262
26.934673366834172	0.0027582477468855882
27.33668341708543	0.0016759887156575545
27.738693467336685	0.007873365335801928
28.14070351758794	0.01481547396700843
28.542713567839197	0.02178772896562335
28.944723618090453	0.027486459775316618
29.34673366834171	0.03089103618786953
29.748743718592966	0.03151060615501659
30.150753768844222	0.029485669549467415
30.55276381909548	0.025247821469235942
30.954773869346734	0.019777626392577023
31.35678391959799	0.014309726211587825
31.758793969849247	0.011021329828278742
32.16080402010051	0.011051110512968835
32.56281407035176	0.012569823807944091
32.96482412060302	0.013888896956119407
33.366834170854275	0.015436883860814094
33.76884422110553	0.018669945435957194
34.17085427135679	0.024079588465361186
34.572864321608044	0.03106745644875595
34.9748743718593	0.0378009191474028
35.37688442211056	0.04263908162116216
35.77889447236181	0.04486698635572891
36.18090452261307	0.04400096717952495
36.582914572864325	0.04032882288481546
36.98492462311558	0.035131359745262866
37.38693467336684	0.030158098411899925
37.788944723618094	0.026993975712556025
38.19095477386935	0.025867821368854176
38.59296482412061	0.02595386376739047
38.99497487437186	0.026509140646271412
39.39698492462312	0.02836864518952765
39.798994974874375	0.032284232756885155
40.20100502512563	0.03800394806451834
40.60301507537689	0.04408672543251706
41.005025125628144	0.04900592135291727
41.4070351758794	0.05208344889435264
41.80904522613066	0.05271466362835053
42.21105527638191	0.05132831834452366
42.61306532663317	0.04861167741649503
43.015075376884425	0.0457512211011153
43.41708542713568	0.04328410783413068
43.81909547738694	0.04136918724838494
44.221105527638194	0.040130892392849254
44.62311557788945	0.0398081430573236
45.02512562814071	0.040748093542959066
45.42713567839196	0.04362679455136893
45.82914572864322	0.048703696966410095
46.231155778894475	0.05515014209255773
46.63316582914573	0.06191097918437101
47.03517587939699	0.06774674847990661
47.437185929648244	0.07165089057806585
47.8391959798995	0.07310245328448325
48.24120603015076	0.07190421511478831
48.64321608040201	0.06825336004903469
49.04522613065327	0.06292971767338208
49.447236180904525	0.05706150835689946
49.84924623115578	0.05137864212629797
50.25125628140704	0.04689192064510895
50.653266331658294	0.04421510451181473
51.05527638190955	0.04383439094631925
51.45728643216081	0.04571023688085777
51.85929648241206	0.04977406561009094
52.26130653266332	0.0554113599643876
52.663316582914575	0.06133525886418093
53.06532663316583	0.06619325134306103
53.46733668341709	0.06829200169356472
53.869346733668344	0.06792829634852512
54.2713567839196	0.06468331528834277
54.67336683417086	0.0594246917214605
55.07537688442211	0.05310772646012109
55.47738693467337	0.04738402698172299
55.879396984924625	0.0435121569919984
56.28140703517588	0.0418285769169619
56.68341708542714	0.04164547341295326
57.085427135678394	0.043156816292594394
57.48743718592965	0.0462016692142957
57.88944723618091	0.050552569825269345
58.29145728643216	0.05572240932030472
58.69346733668342	0.06038186711830131
59.095477386934675	0.06365852730296265
59.49748743718593	0.06441005141686147
59.89949748743719	0.06215053877240441
60.301507537688444	0.057546382484059765
60.7035175879397	0.0521132207773942
61.10552763819096	0.04710250160157906
61.50753768844221	0.044238703458726276
61.90954773869347	0.0439671888014201
62.311557788944725	0.04561193647751242
62.71356783919598	0.048386529224075055
63.11557788944724	0.051471806627088126
63.517587939698494	0.055118353144840905
63.91959798994975	0.058876804254206515
64.32160804020101	0.06214466822935977
64.72361809045226	0.06427616594607125
65.12562814070353	0.06463237476031945
65.52763819095478	0.0630303749831325
65.92964824120604	0.05989398924570699
66.33165829145729	0.05617493891590162
66.73366834170855	0.05290886500381775
67.1356783919598	0.05104888016787038
67.53768844221106	0.05114360714631453
67.93969849246231	0.05250011099190015
68.34170854271358	0.05432850441023881
68.74371859296483	0.055807705020904416
69.14572864321609	0.05676472609355734
69.54773869346734	0.0572518212777268
69.9497487437186	0.05764062254797869
70.35175879396985	0.05787116582835229
70.75376884422111	0.05792618626538376
71.15577889447236	0.05759665343787309
71.55778894472363	0.056424974013907205
71.95979899497488	0.05463499699533547
72.36180904522614	0.05257904855519589
72.76381909547739	0.05086095735264763
73.16582914572865	0.05042232306153849
73.5678391959799	0.051373544310606735
73.96984924623116	0.052940040121031665
74.37185929648241	0.054312427318394384
74.77386934673368	0.05473556535002707
75.17587939698493	0.053962091837430205
75.57788944723619	0.05238388940430814
75.97989949748744	0.05099163030451479
76.3819095477387	0.05042781745205429
76.78391959798995	0.050914528288522075
77.18592964824121	0.05175248034196496
77.58793969849246	0.052308526829529314
77.98994974874373	0.05206791476669463
78.39195979899498	0.051461216898876505
78.79396984924624	0.05100398143872511
79.19597989949749	0.05099944194110632
79.59798994974875	0.05183141242088213
80.0	0.0530961444038654
