0.0	0.014307467149135288
0.4020100502512563	0.012310542239029316
0.8040201005025126	0.008409696296435844
1.206030150753769	0.0034292848315314074
1.6080402010050252	0.0031476512550487655
2.0100502512562817	0.007852484190119807
2.412060301507538	0.011036688251053656
2.814070351758794	0.01208966783338188
3.2160804020100504	0.010871888179078673
3.6180904522613067	0.007319194541384777
4.020100502512563	0.002329148130101256
4.42211055276382	0.003465289379008654
4.824120603015076	0.008713172742254836
5.226130653266332	0.012704389410300884
5.628140703517588	0.014451957643282831
6.030150753768845	0.013864850990692179
6.432160804020101	0.011277131498263645
6.834170854271357	0.00710722678849837
7.236180904522613	0.0037285320896905416
7.63819095477387	0.005698228792413659
8.040201005025127	0.009093566983807541
8.442211055276383	0.010808655102351189
8.84422110552764	0.009915324495176831
9.246231155778895	0.00696421971676543
9.648241206030152	0.0027325506188656604
10.050251256281408	0.006224747972057893
10.452261306532664	0.012621207715279989
10.85427135678392	0.018544897665825434
11.256281407035177	0.02297501880621699
11.658291457286433	0.025273077528890908
12.06030150753769	0.025740910326369205
12.462311557788945	0.02475713719629995
12.864321608040202	0.022727019690374932
13.266331658291458	0.02116578153436528
13.668341708542714	0.020901366572886836
14.07035175879397	0.02177553367931532
14.472361809045227	0.024149107424357406
14.874371859296483	0.02833292702620424
15.27638190954774	0.03256023194961004
15.678391959798995	0.03372765917681781
16.080402010050253	0.02931926794720694
16.48241206030151	0.01882542731229523
16.884422110552766	0.011604197808572879
17.286432160804022	0.024298100526006124
17.68844221105528	0.038873706659662645
18.090452261306535	0.045419711936232926
18.49246231155779	0.040758702207017994
18.894472361809047	0.02763198775659088
19.296482412060303	0.022883496954072435
19.69849246231156	0.042004360669153466
20.100502512562816	0.06464090032141002
20.502512562814072	0.07968854619132906
20.90452261306533	0.08348910281120536
21.306532663316585	0.07545065491061029
21.70854271356784	0.0583233713725417
22.110552763819097	0.03924338596980114
22.512562814070353	0.03610743292140876
22.91457286432161	0.05216638036647181
23.316582914572866	0.0675905884048037
23.718592964824122	0.07326808253353927
24.12060301507538	0.06711351091205804
24.522613065326635	0.05050892820768203
24.92462311557789	0.029615380625402105
25.326633165829147	0.02584200228556454
25.728643216080403	0.04401250859867875
26.13065326633166	0.06049125734868693
26.532663316582916	0.06763118772663883
26.934673366834172	0.06446969648233532
27.33668341708543	0.05392859702526874
27.738693467336685	0.04731632533353529
28.14070351758794	0.0542181466242301
28.542713567839197	0.07037132188692193
28.944723618090453	0.08338581178783783
29.34673366834171	0.08681590224482447
29.748743718592966	0.0789257940416625
30.150753768844222	0.061716987360400044
30.55276381909548	0.04095091118340685
30.954773869346734	0.0300115392323539
31.35678391959799	0.039802444645045496
31.758793969849247	0.05364387628931563
32.16080402010051	0.0612759909692195
32.56281407035176	0.0599792635909307
32.96482412060302	0.05232137908245915
33.366834170854275	0.04415891584933446
33.76884422110553	0.046642960066317345
34.17085427135679	0.0593492986861164
34.572864321608044	0.072493072203118
34.9748743718593	0.07901728420175938
35.37688442211056	0.07595603262896745
35.77889447236181	0.06342105971578735
36.18090452261307	0.04445759258695682
36.582914572864325	0.025963599862707555
36.98492462311558	0.02327425147049792
37.38693467336684	0.03365926955367981
37.788944723618094	0.04049275048407641
38.19095477386935	0.03904332440819144
38.59296482412061	0.03020598669978239
38.99497487437186	0.020235098130189477
39.39698492462312	0.025705312622183556
39.798994974874375	0.04284156956825149
40.20100502512563	0.05887382140823949
40.60301507537689	0.06837700393934776
41.005025125628144	0.06960430192690359
41.4070351758794	0.06204391493045138
41.80904522613066	0.04702672482305236
42.21105527638191	0.027906017363309683
42.61306532663317	0.013327580279117918
43.015075376884425	0.02193712551176794
43.41708542713568	0.03417821798559427
43.81909547738694	0.03979725281287633
44.221105527638194	0.03758855174930929
44.62311557788945	0.029703368228681443
45.02512562814071	0.024812167579920583
45.42713567839196	0.0331722409044761
45.82914572864322	0.0477927289400964
46.231155778894475	0.06067243746659619
46.63316582914573	0.06764076354057083
47.03517587939699	0.06679989903135565
47.437185929648244	0.057785431821806274
47.8391959798995	0.04270580097258882
48.24120603015076	0.024658157803541296
48.64321608040201	0.014233928234672807
49.04522613065327	0.024327479474028676
49.447236180904525	0.035349796537514036
49.84924623115578	0.03914460487390867
50.25125628140704	0.036259781412812685
50.653266331658294	0.02955996819798325
51.05527638190955	0.02810991630686893
51.45728643216081	0.03761430360989505
51.85929648241206	0.05115682390881524
52.26130653266332	0.061755608358263415
52.663316582914575	0.06576124390949496
53.06532663316583	0.0614951929341264
53.46733668341709	0.04989762533050723
53.869346733668344	0.033723814518583
54.2713567839196	0.021206460074531815
54.67336683417086	0.025334701623291954
55.07537688442211	0.0371281723639031
55.47738693467337	0.0447722302764551
55.879396984924625	0.045867970049801636
56.28140703517588	0.041417340715646574
56.68341708542714	0.03587991253068895
57.085427135678394	0.036996148934762024
57.48743718592965	0.04686680665571256
57.88944723618091	0.05853869614333573
58.29145728643216	0.06633264528926955
58.69346733668342	0.06681415524391722
59.095477386934675	0.0593861390154128
59.49748743718593	0.04539881298970978
59.89949748743719	0.02870016226144357
60.301507537688444	0.018785647817580974
60.7035175879397	0.025970663783254667
61.10552763819096	0.0368702681521725
61.50753768844221	0.04288996408614116
61.90954773869347	0.04343625028161937
62.311557788944725	0.041038974288704885
62.71356783919598	0.042589990492869795
63.11557788944724	0.051907126609665954
63.517587939698494	0.06492790896862519
63.91959798994975	0.07591670818796356
64.32160804020101	0.08053076355074178
64.72361809045226	0.07702333333546593
65.12562814070353	0.06594507223214
65.52763819095478	0.049284232155366606
65.92964824120604	0.031161147911278702
66.33165829145729	0.01848812256857284
66.73366834170855	0.020264597031441324
67.1356783919598	0.026479183139018952
67.53768844221106	0.02943575045452527
67.93969849246231	0.030548929050187145
68.34170854271358	0.03536098658421604
68.74371859296483	0.04651505511473171
69.14572864321609	0.06028885192933266
69.54773869346734	0.0720218689447115
69.9497487437186	0.07851268258558522
70.35175879396985	0.07798304813184823
70.75376884422111	0.07003834676476209
71.15577889447236	0.05616422869864575
71.55778894472363	0.03856877540460074
71.95979899497488	0.020881301576086503
72.36180904522614	0.009477662521369137
72.76381909547739	0.013079507456522577
73.16582914572865	0.017379282519838342
73.5678391959799	0.01775793357435116
73.96984924623116	0.01967443873452382
74.37185929648241	0.029526969251874147
74.77386934673368	0.04437396232379218
75.17587939698493	0.05901691268227782
75.57788944723619	0.06990445869519121
75.97989949748744	0.07464721628978851
76.3819095477387	0.07206661262691626
76.78391959798995	0.06301709659812212
77.18592964824121	0.048935738875651544
77.58793969849246	0.03242826625835656
77.98994974874373	0.017583788417186948
78.39195979899498	0.011121475389741462
78.79396984924624	0.012752531679088821
79.19597989949749	0.01154158696753702
79.59798994974875	0.0050668894191641094
80.0	0.010804185702448914
