0.0	0.032202128758486756
0.4020100502512563	0.029697560492517455
0.8040201005025126	0.022336756324589015
1.206030150753769	0.011515836174754237
1.6080402010050252	0.001249502958323365
2.0100502512562817	0.012137188388141023
2.412060301507538	0.02043572898722216
2.814070351758794	0.024385531526675008
3.2160804020100504	0.02274030371067587
3.6180904522613067	0.01616649699366115
4.020100502512563	0.005849289039818892
4.42211055276382	0.006497295064970587
4.824120603015076	0.01848769981352388
5.226130653266332	0.027914271570474734
5.628140703517588	0.03308846635880582
6.030150753768845	0.03292382759017676
6.432160804020101	0.027734653093209105
6.834170854271357	0.018356281537389933
7.236180904522613	0.006811853685016252
7.63819095477387	0.004831142135362415
8.040201005025127	0.01408966344556081
8.442211055276383	0.019401146108497434
8.84422110552764	0.019263441407280858
9.246231155778895	0.014065485423827209
9.648241206030152	0.004513067537738444
10.050251256281408	0.00819556570583541
10.452261306532664	0.020669196644011872
10.85427135678392	0.031000808742998133
11.256281407035177	0.03704794685676401
11.658291457286433	0.037906756161481224
12.06030150753769	0.03342945017294794
12.462311557788945	0.024771668126284955
12.864321608040202	0.014424922059004563
13.266331658291458	0.009504600090848915
13.668341708542714	0.01538439604835331
14.07035175879397	0.020941443740358882
14.472361809045227	0.022033017510780354
14.874371859296483	0.01815911073150069
15.27638190954774	0.01059046565605222
15.678391959798995	0.008965817881920909
16.080402010050253	0.019655702640314226
16.48241206030151	0.03132927875259832
16.884422110552766	0.04013254846670293
17.286432160804022	0.044409648578574185
17.68844221105528	0.04381411085342405
18.090452261306535	0.03911228961228874
18.49246231155779	0.03215781523510849
18.894472361809047	0.02628115265875718
19.296482412060303	0.02502357279989149
19.69849246231156	0.02737917454392576
20.100502512562816	0.029520722027741413
20.502512562814072	0.02929188142337779
20.90452261306533	0.02643190430105143
21.306532663316585	0.023516178251558238
21.70854271356784	0.025410436482411692
22.110552763819097	0.03269730661614836
22.512562814070353	0.04177367231970134
22.91457286432161	0.04906333798245423
23.316582914572866	0.0528459477474856
23.718592964824122	0.05277052361572648
24.12060301507538	0.04901195218970357
24.522613065326635	0.04334754564067782
24.92462311557789	0.03863055217022697
25.326633165829147	0.03659962989054652
25.728643216080403	0.03733038575051865
26.13065326633166	0.03850635471885716
26.532663316582916	0.03859330152956888
26.934673366834172	0.03836513187703498
27.33668341708543	0.04028895764389451
27.738693467336685	0.046359215106262334
28.14070351758794	0.05588707039706129
28.542713567839197	0.06588497487109182
28.944723618090453	0.07376549038122314
29.34673366834171	0.0774402443792019
29.748743718592966	0.07702614553019776
30.150753768844222	0.07289363028477644
30.55276381909548	0.06656441987410057
30.954773869346734	0.06014103909295736
31.35678391959799	0.05569451191238556
31.758793969849247	0.0531781879543598
32.16080402010051	0.05206331009953533
32.56281407035176	0.05113748770093751
32.96482412060302	0.05068194543394613
33.366834170854275	0.05205681070143009
33.76884422110553	0.05617359592128516
34.17085427135679	0.06261910674609844
34.572864321608044	0.06921481889192702
34.9748743718593	0.07370854127728346
35.37688442211056	0.07511415437755783
35.77889447236181	0.07293740331399419
36.18090452261307	0.06741706017136682
36.582914572864325	0.06064936400432815
36.98492462311558	0.05462881128721747
37.38693467336684	0.051064786083104566
37.788944723618094	0.051027938841765944
38.19095477386935	0.05241550554894048
38.59296482412061	0.05349505148590862
38.99497487437186	0.05363450570144691
39.39698492462312	0.05378609220212701
39.798994974874375	0.05546898580010634
40.20100502512563	0.059063848299031
40.60301507537689	0.06348169746166271
41.005025125628144	0.06706295747535865
41.4070351758794	0.06795828292727142
41.80904522613066	0.06527518771630926
42.21105527638191	0.05969929362152611
42.61306532663317	0.05333691624247444
43.015075376884425	0.048696850593906514
43.41708542713568	0.04731480041884237
43.81909547738694	0.048601549964241694
44.221105527638194	0.05053374195826519
44.62311557788945	0.051551821351945325
45.02512562814071	0.051880684279495916
45.42713567839196	0.05297216029136274
45.82914572864322	0.05616198507941541
46.231155778894475	0.061126836690216915
46.63316582914573	0.06646446006128295
47.03517587939699	0.06983761184487107
47.437185929648244	0.06999136961815339
47.8391959798995	0.0664605937278444
48.24120603015076	0.060047379050641704
48.64321608040201	0.053095433475431275
49.04522613065327	0.04792267195377367
49.447236180904525	0.04628261150269714
49.84924623115578	0.04718410772854795
50.25125628140704	0.048773364087205354
50.653266331658294	0.049944516942087305
51.05527638190955	0.050944548632422426
51.45728643216081	0.0535111700675306
51.85929648241206	0.05818790530680271
52.26130653266332	0.06411488137139681
52.663316582914575	0.0696042340614631
53.06532663316583	0.0724828237245935
53.46733668341709	0.0715059925540563
53.869346733668344	0.06671264673697742
54.2713567839196	0.05953141862638828
54.67336683417086	0.05192553021239347
55.07537688442211	0.04650453986051295
55.47738693467337	0.044676382750947416
55.879396984924625	0.04545094704339666
56.28140703517588	0.047130482056181824
56.68341708542714	0.04848522667142005
57.085427135678394	0.05051300085968054
57.48743718592965	0.05459404180717019
57.88944723618091	0.06084590759884691
58.29145728643216	0.06766303798793556
58.69346733668342	0.07294820612567829
59.095477386934675	0.0750449119892424
59.49748743718593	0.07345351316790552
59.89949748743719	0.06808188858409155
60.301507537688444	0.06026448799447829
60.7035175879397	0.05213615250425463
61.10552763819096	0.04628742205155352
61.50753768844221	0.04397200323454974
61.90954773869347	0.04469760128823392
62.311557788944725	0.046850533155850985
62.71356783919598	0.04963477510951465
63.11557788944724	0.053369227786445
63.517587939698494	0.05830187040418037
63.91959798994975	0.06445965966258894
64.32160804020101	0.07066922358074301
64.72361809045226	0.07522197989370664
65.12562814070353	0.07630894049294201
65.52763819095478	0.07390320512853525
65.92964824120604	0.067984274393208
66.33165829145729	0.05983555192944452
66.73366834170855	0.051492634887927956
67.1356783919598	0.045194689931398885
67.53768844221106	0.04271740498870434
67.93969849246231	0.04371137027682394
68.34170854271358	0.046621471655671265
68.74371859296483	0.05010497076588179
69.14572864321609	0.05433884776754233
69.54773869346734	0.05928263474100258
69.9497487437186	0.06488924111212609
70.35175879396985	0.07014249750237264
70.75376884422111	0.0738280501739588
71.15577889447236	0.07478689324215053
71.55778894472363	0.07267440414902032
71.95979899497488	0.06746811663365103
72.36180904522614	0.05992245045688074
72.76381909547739	0.052070889739488056
73.16582914572865	0.04550706059977761
73.5678391959799	0.04275065009109106
73.96984924623116	0.04363289348354311
74.37185929648241	0.04684173237219237
74.77386934673368	0.05115937604639374
75.17587939698493	0.056076946432278105
75.57788944723619	0.06136017592359068
75.97989949748744	0.06678202196402323
76.3819095477387	0.0718645256039736
76.78391959798995	0.07514056047676013
77.18592964824121	0.07567043683284022
77.58793969849246	0.07309617140653041
77.98994974874373	0.0673498739543994
78.39195979899498	0.059123741351782375
78.79396984924624	0.05026347605687651
79.19597989949749	0.04312426880436519
79.59798994974875	0.0400548712138121
80.0	0.04129033578947317
