0.0	0.029804520134118558
0.4020100502512563	0.0240986935149922
0.8040201005025126	0.01456200263658464
1.206030150753769	0.0033861663018481757
1.6080402010050252	0.00951414724490627
2.0100502512562817	0.019107887589866847
2.412060301507538	0.024750778006796658
2.814070351758794	0.02526865440152224
3.2160804020100504	0.021055405203780447
3.6180904522613067	0.012548715690246362
4.020100502512563	0.001157433834152638
4.42211055276382	0.010422802069287312
4.824120603015076	0.020389445216009085
5.226130653266332	0.02687939221316224
5.628140703517588	0.02835979413027744
6.030150753768845	0.0249140325686806
6.432160804020101	0.017105400226612315
6.834170854271357	0.007497169251260205
7.236180904522613	0.008931148532546503
7.63819095477387	0.01863994122814274
8.040201005025127	0.025785724174707043
8.442211055276383	0.02840418221831949
8.84422110552764	0.025986065989028313
9.246231155778895	0.019054741100996437
9.648241206030152	0.00954306480007595
10.050251256281408	0.007684895813146496
10.452261306532664	0.016960376807072526
10.85427135678392	0.024903800759252033
11.256281407035177	0.028521530602844812
11.658291457286433	0.02718947491768615
12.06030150753769	0.02172327334871163
12.462311557788945	0.014927440401787262
12.864321608040202	0.014064567180441717
13.266331658291458	0.021311656185484317
13.668341708542714	0.029167148824017646
14.07035175879397	0.03377654727679831
14.472361809045227	0.034143749899539715
14.874371859296483	0.030110766952500617
15.27638190954774	0.023462326372977158
15.678391959798995	0.01800587090676869
16.080402010050253	0.018320213378246897
16.48241206030151	0.023389781928626292
16.884422110552766	0.027652913455943368
17.286432160804022	0.02865824450694478
17.68844221105528	0.025977274802613786
18.090452261306535	0.020842936669650085
18.49246231155779	0.018444600539219716
18.894472361809047	0.023223195504856256
19.296482412060303	0.03202438408351437
19.69849246231156	0.0397543117969832
20.100502512562816	0.044338063912697616
20.502512562814072	0.045276251091176396
20.90452261306533	0.0433433575580818
21.306532663316585	0.03974100456321229
21.70854271356784	0.036793571218732384
22.110552763819097	0.03527712520837539
22.512562814070353	0.03527984284988832
22.91457286432161	0.03489621687464979
23.316582914572866	0.03370794266865323
23.718592964824122	0.03170382911042317
24.12060301507538	0.03096513601632566
24.522613065326635	0.033337980791527014
24.92462311557789	0.03915308569933182
25.326633165829147	0.04637007140429143
25.728643216080403	0.05287329287145485
26.13065326633166	0.05716842973324957
26.532663316582916	0.05887041944808778
26.934673366834172	0.05795882851455471
27.33668341708543	0.05522576846277194
27.738693467336685	0.05187667403026536
28.14070351758794	0.04899708935981924
28.542713567839197	0.04727522309749064
28.944723618090453	0.04676494293145261
29.34673366834171	0.04781080339621112
29.748743718592966	0.050323343397615725
30.150753768844222	0.054438610293627565
30.55276381909548	0.06055735935467031
30.954773869346734	0.06724739315813452
31.35678391959799	0.07293291685617646
31.758793969849247	0.07645392517769287
32.16080402010051	0.0765862417365641
32.56281407035176	0.07323870721591769
32.96482412060302	0.06726605313760262
33.366834170854275	0.059761518847550786
33.76884422110553	0.0526034067476604
34.17085427135679	0.04748637602318283
34.572864321608044	0.045260012623246665
34.9748743718593	0.0457925222551724
35.37688442211056	0.04804161912515323
35.77889447236181	0.0516140263698769
36.18090452261307	0.056162810623979875
36.582914572864325	0.06091319486152608
36.98492462311558	0.06565679260466882
37.38693467336684	0.06957466517849856
37.788944723618094	0.07114007871839165
38.19095477386935	0.0700243785796971
38.59296482412061	0.06629352215966164
38.99497487437186	0.060085011838099965
39.39698492462312	0.0527430265308497
39.798994974874375	0.046080223633973606
40.20100502512563	0.042038000869754344
40.60301507537689	0.041219424909064044
41.005025125628144	0.042945590833084205
41.4070351758794	0.046340858723711784
41.80904522613066	0.050328622359574984
42.21105527638191	0.05520141648540109
42.61306532663317	0.0603726949306051
43.015075376884425	0.0654881102860035
43.41708542713568	0.06929420990848181
43.81909547738694	0.07061462247623342
44.221105527638194	0.06889009288196193
44.62311557788945	0.0639153586412125
45.02512562814071	0.056570613895389255
45.42713567839196	0.0482090823310092
45.82914572864322	0.040939722272076096
46.231155778894475	0.03726511379137491
46.63316582914573	0.0377512869722515
47.03517587939699	0.041552433036631045
47.437185929648244	0.0470306818118949
47.8391959798995	0.0532949546646995
48.24120603015076	0.059786293468027475
48.64321608040201	0.06576100200779217
49.04522613065327	0.07060501805714177
49.447236180904525	0.07303009707969851
49.84924623115578	0.07282777244588105
50.25125628140704	0.06921777174734131
50.653266331658294	0.0627338297789776
51.05527638190955	0.05443557867388819
51.45728643216081	0.04580525598329284
51.85929648241206	0.038965391509390115
52.26130653266332	0.035869611099234026
52.663316582914575	0.03668568451526318
53.06532663316583	0.040596594201083636
53.46733668341709	0.0458055264315189
53.869346733668344	0.05107546360258911
54.2713567839196	0.0566858254005921
54.67336683417086	0.06162931262488408
55.07537688442211	0.06613495549186914
55.47738693467337	0.06876856475664202
55.879396984924625	0.06888388520511327
56.28140703517588	0.0659782806285607
56.68341708542714	0.0601816822346381
57.085427135678394	0.052577023469499565
57.48743718592965	0.04448370895106611
57.88944723618091	0.03774862044179866
58.29145728643216	0.03430103301237987
58.69346733668342	0.03473092972457548
59.095477386934675	0.03826445087514303
59.49748743718593	0.04384361959677533
59.89949748743719	0.05033596220020349
60.301507537688444	0.05741016737314645
60.7035175879397	0.06418537881835615
61.10552763819096	0.06941134180836528
61.50753768844221	0.07205579080136557
61.90954773869347	0.07120386933584073
62.311557788944725	0.06684535084988
62.71356783919598	0.05980801711225205
63.11557788944724	0.05091891563443714
63.517587939698494	0.04199231584000768
63.91959798994975	0.034743460376475285
64.32160804020101	0.031729316016274975
64.72361809045226	0.03352601985141462
65.12562814070353	0.038995925646709964
65.52763819095478	0.04703415436453688
65.92964824120604	0.05597768405552779
66.33165829145729	0.06431726059520713
66.73366834170855	0.07074391974253788
67.1356783919598	0.07461060321244901
67.53768844221106	0.07493208110965756
67.93969849246231	0.07151767007550208
68.34170854271358	0.06538837713512584
68.74371859296483	0.057353946424588874
69.14572864321609	0.04859898576734885
69.54773869346734	0.04069017991991542
69.9497487437186	0.03533251775390561
70.35175879396985	0.03379907443814085
70.75376884422111	0.03686535166625639
71.15577889447236	0.04333864880008999
71.55778894472363	0.05170129742237729
71.95979899497488	0.060223741658361564
72.36180904522614	0.06740157932590066
72.76381909547739	0.07212481403880722
73.16582914572865	0.07396980201086915
73.5678391959799	0.0723497875586725
73.96984924623116	0.06801509238419748
74.37185929648241	0.06154437901159182
74.77386934673368	0.05400342740579045
75.17587939698493	0.04624675052513367
75.57788944723619	0.03958837565955693
75.97989949748744	0.035002283561885845
76.3819095477387	0.03378139111397033
76.78391959798995	0.036378289940811964
77.18592964824121	0.04228072889682345
77.58793969849246	0.04991572239406895
77.98994974874373	0.057245622616933
78.39195979899498	0.06347169793461369
78.79396984924624	0.06733252709198131
79.19597989949749	0.06856064571274993
79.59798994974875	0.0672582024221712
80.0	0.0637152077408724
