0.0	0.030333687240566266
0.4020100502512563	0.02884060935275041
0.8040201005025126	0.022727580631029327
1.206030150753769	0.012899428056918683
1.6080402010050252	0.0020791648531090505
2.0100502512562817	0.01032189681155536
2.412060301507538	0.018938695307062277
2.814070351758794	0.023427864690220047
3.2160804020100504	0.022759577137913913
3.6180904522613067	0.017273514080021264
4.020100502512563	0.007614180056428314
4.42211055276382	0.004323878621082561
4.824120603015076	0.016200760634823865
5.226130653266332	0.025874418828462947
5.628140703517588	0.031991598808507216
6.030150753768845	0.033087355341631236
6.432160804020101	0.028998796375283974
6.834170854271357	0.02086114549661424
7.236180904522613	0.010577526796025341
7.63819095477387	0.005435587313497687
8.040201005025127	0.013099998081636342
8.442211055276383	0.018710651058425568
8.84422110552764	0.019943067077766514
9.246231155778895	0.016270124254342776
9.648241206030152	0.008631158736515652
10.050251256281408	0.005298689152333846
10.452261306532664	0.01603200933942959
10.85427135678392	0.026494531806757766
11.256281407035177	0.03387102154440169
11.658291457286433	0.0365324418829205
12.06030150753769	0.03438107237639526
12.462311557788945	0.028480835211987097
12.864321608040202	0.0221121189368107
13.266331658291458	0.020592903019084816
13.668341708542714	0.02498950921838481
14.07035175879397	0.030186178030629812
14.472361809045227	0.03198438190612317
14.874371859296483	0.028854234078062202
15.27638190954774	0.02129833309726057
15.678391959798995	0.012267416726705874
16.080402010050253	0.012785241895433513
16.48241206030151	0.023478486024875497
16.884422110552766	0.03377854438117237
17.286432160804022	0.04057356549183804
17.68844221105528	0.04273219752551051
18.090452261306535	0.0407951874793869
18.49246231155779	0.036675170767385384
18.894472361809047	0.032821676468022434
19.296482412060303	0.031579442714411446
19.69849246231156	0.032820295731067456
20.100502512562816	0.03400610821614765
20.502512562814072	0.032906496566937574
20.90452261306533	0.028365515790374003
21.306532663316585	0.0215345508193793
21.70854271356784	0.016291300338972754
22.110552763819097	0.01921760306277296
22.512562814070353	0.027568827547964823
22.91457286432161	0.03567096252176568
23.316582914572866	0.040959165321251115
23.718592964824122	0.04315633189177011
24.12060301507538	0.042818093194199394
24.522613065326635	0.04084499818289773
24.92462311557789	0.0383535505481233
25.326633165829147	0.036212405488543965
25.728643216080403	0.03347994220695545
26.13065326633166	0.029987439156058886
26.532663316582916	0.025010823034980638
26.934673366834172	0.018741327796290664
27.33668341708543	0.012488332279376211
27.738693467336685	0.012363609579234065
28.14070351758794	0.019754833656082684
28.542713567839197	0.028856723323135897
28.944723618090453	0.03665729654228515
29.34673366834171	0.041920066347844696
29.748743718592966	0.04405142728809973
30.150753768844222	0.04359727937484196
30.55276381909548	0.04143526122442679
30.954773869346734	0.03883841626119882
31.35678391959799	0.03682027376413043
31.758793969849247	0.03521555660561233
32.16080402010051	0.0335304909828511
32.56281407035176	0.02991422492770887
32.96482412060302	0.02426968053330817
33.366834170854275	0.017765719367460082
33.76884422110553	0.014066424019538976
34.17085427135679	0.017522240675872977
34.572864321608044	0.025233982584180047
34.9748743718593	0.03309420645414167
35.37688442211056	0.03961569053842271
35.77889447236181	0.04406074104789073
36.18090452261307	0.04665713549990503
36.582914572864325	0.04783430905115248
36.98492462311558	0.04793013574680023
37.38693467336684	0.04727577866941556
37.788944723618094	0.04534250381812399
38.19095477386935	0.0421554377456315
38.59296482412061	0.03793329348851121
38.99497487437186	0.03320189679010696
39.39698492462312	0.02941467376290689
39.798994974874375	0.02821778669488394
40.20100502512563	0.031128442278970724
40.60301507537689	0.03692060489382293
41.005025125628144	0.044184202967393324
41.4070351758794	0.05143799208104351
41.80904522613066	0.05789318578603879
42.21105527638191	0.06311224705967436
42.61306532663317	0.06683375602545162
43.015075376884425	0.06892813718147307
43.41708542713568	0.06966557169529937
43.81909547738694	0.06897656768742842
44.221105527638194	0.06714803476829986
44.62311557788945	0.06474713416790626
45.02512562814071	0.06174685735007947
45.42713567839196	0.05878137034885374
45.82914572864322	0.05636566667712206
46.231155778894475	0.05491464517150285
46.63316582914573	0.054689770027355714
47.03517587939699	0.05535410107686632
47.437185929648244	0.056661743686947055
47.8391959798995	0.058524391012103535
48.24120603015076	0.06057668505619475
48.64321608040201	0.06342414210821545
49.04522613065327	0.06652950591830367
49.447236180904525	0.06937687312689131
49.84924623115578	0.07171526007849327
50.25125628140704	0.07246947763061132
50.653266331658294	0.07133369425910628
51.05527638190955	0.0680870525523422
51.45728643216081	0.06287778773375591
51.85929648241206	0.05668170180817265
52.26130653266332	0.05032292867677137
52.663316582914575	0.04514108113851349
53.06532663316583	0.04203211083226303
53.46733668341709	0.041054545139653655
53.869346733668344	0.04218892118274946
54.2713567839196	0.045218170686288306
54.67336683417086	0.04953545599729545
55.07537688442211	0.05489435111322079
55.47738693467337	0.06034116731107997
55.879396984924625	0.06487054275162493
56.28140703517588	0.06738021615060251
56.68341708542714	0.06762023241641477
57.085427135678394	0.06523214543350692
57.48743718592965	0.060081961227380395
57.88944723618091	0.053486061813527684
58.29145728643216	0.046620603400702613
58.69346733668342	0.04094071989106191
59.095477386934675	0.0377318189787797
59.49748743718593	0.03766898766800358
59.89949748743719	0.040118279638573694
60.301507537688444	0.04458967211491953
60.7035175879397	0.050235635329808515
61.10552763819096	0.05625092422232496
61.50753768844221	0.06169235555751408
61.90954773869347	0.06582326505735671
62.311557788944725	0.06771743123336672
62.71356783919598	0.06702542755639904
63.11557788944724	0.06381649116938423
63.517587939698494	0.05864101956326773
63.91959798994975	0.05210965055726622
64.32160804020101	0.045728991016020674
64.72361809045226	0.04047439054818556
65.12562814070353	0.037935916822219425
65.52763819095478	0.03840927985027677
65.92964824120604	0.041647774840034
66.33165829145729	0.04670671572739136
66.73366834170855	0.052883409296285364
67.1356783919598	0.0593494834002584
67.53768844221106	0.06503388200728985
67.93969849246231	0.06883336287469274
68.34170854271358	0.0698536184400732
68.74371859296483	0.06766045441851613
69.14572864321609	0.0625988314837478
69.54773869346734	0.0552625756239246
69.9497487437186	0.04699921723906795
70.35175879396985	0.0395149375372999
70.75376884422111	0.034599776749697005
71.15577889447236	0.033529181346693054
71.55778894472363	0.036538780815303526
71.95979899497488	0.04209887167708763
72.36180904522614	0.0491521538474199
72.76381909547739	0.05629639296353807
73.16582914572865	0.062264933931580765
73.5678391959799	0.06653087352177108
73.96984924623116	0.06820486598015336
74.37185929648241	0.06725638830687683
74.77386934673368	0.06401471722641411
75.17587939698493	0.058576599319440724
75.57788944723619	0.05208622658074251
75.97989949748744	0.04562404970562914
76.3819095477387	0.04015649687136878
76.78391959798995	0.03743702853684466
77.18592964824121	0.03793777112682208
77.58793969849246	0.04157839095483577
77.98994974874373	0.04721054004112665
78.39195979899498	0.05378330758144299
78.79396984924624	0.059918670676459417
79.19597989949749	0.06459480360929377
79.59798994974875	0.06732282323843172
80.0	0.06736941012572072
