0.0	0.01660958976629704
0.4020100502512563	0.01566338100787167
0.8040201005025126	0.012037437650436755
1.206030150753769	0.006729574100836665
1.6080402010050252	0.001120263244155845
2.0100502512562817	0.0059424472466889835
2.412060301507538	0.01036897035542724
2.814070351758794	0.012650557496841502
3.2160804020100504	0.012197413497601459
3.6180904522613067	0.008982004603335958
4.020100502512563	0.0036528869946109896
4.42211055276382	0.002673718606613852
4.824120603015076	0.009169629513963825
5.226130653266332	0.01437800944608209
5.628140703517588	0.017338123463138646
6.030150753768845	0.0177780949798153
6.432160804020101	0.015640585340038503
6.834170854271357	0.011152616122439007
7.236180904522613	0.0056445366953869775
7.63819095477387	0.002639876936189203
8.040201005025127	0.006633270350476846
8.442211055276383	0.009509973908862924
8.84422110552764	0.009920222061592989
9.246231155778895	0.007615566630898664
9.648241206030152	0.0031652872354460395
10.050251256281408	0.004556997784432942
10.452261306532664	0.01140814916473791
10.85427135678392	0.01786736200919254
11.256281407035177	0.022661966155602793
11.658291457286433	0.024908963485978337
12.06030150753769	0.02446812393752702
12.462311557788945	0.021421757959387187
12.864321608040202	0.016610453258049742
13.266331658291458	0.011229914790642207
13.668341708542714	0.006532720827304351
14.07035175879397	0.004206190233113709
14.472361809045227	0.00403280132856257
14.874371859296483	0.0044251653300666945
15.27638190954774	0.006104395708177221
15.678391959798995	0.010059744541876563
16.080402010050253	0.01512492173492099
16.48241206030151	0.02036760323262916
16.884422110552766	0.02458940492989587
17.286432160804022	0.027377541059025366
17.68844221105528	0.02836832158962787
18.090452261306535	0.027555020317567534
18.49246231155779	0.025106113329124248
18.894472361809047	0.02136274704659561
19.296482412060303	0.017352843010700926
19.69849246231156	0.01401562818703261
20.100502512562816	0.011926919731518576
20.502512562814072	0.011644966714863047
20.90452261306533	0.013019273861439095
21.306532663316585	0.015786139384653706
21.70854271356784	0.01991681388515319
22.110552763819097	0.024670516070537867
22.512562814070353	0.029413374340935106
22.91457286432161	0.033423865289835555
23.316582914572866	0.03597343822060088
23.718592964824122	0.03671812738165498
24.12060301507538	0.03587149987698198
24.522613065326635	0.033541102731546195
24.92462311557789	0.03000869494291338
25.326633165829147	0.026387895810121288
25.728643216080403	0.023212817448184292
26.13065326633166	0.021284973949519215
26.532663316582916	0.020477535359757874
26.934673366834172	0.021250623534822374
27.33668341708543	0.0232749738570028
27.738693467336685	0.026326646575345686
28.14070351758794	0.029531609668404613
28.542713567839197	0.03262854318062957
28.944723618090453	0.03547873310112722
29.34673366834171	0.037682491949696015
29.748743718592966	0.03942941635417367
30.150753768844222	0.04009397846833712
30.55276381909548	0.03999232329663954
30.954773869346734	0.0393641271776426
31.35678391959799	0.038430105633436254
31.758793969849247	0.0376786845003569
32.16080402010051	0.037136653775608326
32.56281407035176	0.037432048226258424
32.96482412060302	0.03846659426042645
33.366834170854275	0.04024214764374101
33.76884422110553	0.0426939917132269
34.17085427135679	0.04567973873264079
34.572864321608044	0.04882617346051557
34.9748743718593	0.05199575826121374
35.37688442211056	0.05500554033442716
35.77889447236181	0.057661240017999785
36.18090452261307	0.059859608268773214
36.582914572864325	0.06136796047208868
36.98492462311558	0.06229511559315615
37.38693467336684	0.06248497761716395
37.788944723618094	0.06214473323796641
38.19095477386935	0.06118694016211087
38.59296482412061	0.059919240541324005
38.99497487437186	0.05809310776235316
39.39698492462312	0.05602373262444965
39.798994974874375	0.05360931432535896
40.20100502512563	0.05061505927229134
40.60301507537689	0.04781122933312231
41.005025125628144	0.046100642017934026
41.4070351758794	0.046156588998745675
41.80904522613066	0.048980851502516534
42.21105527638191	0.054001574057974865
42.61306532663317	0.060204589636314865
43.015075376884425	0.06627347428139939
43.41708542713568	0.07073949978800062
43.81909547738694	0.07198520655439236
44.221105527638194	0.06965345341862682
44.62311557788945	0.06389222146615274
45.02512562814071	0.05576458137504593
45.42713567839196	0.046790627976100486
45.82914572864322	0.03848440184420975
46.231155778894475	0.03287271474314628
46.63316582914573	0.030376650489203804
47.03517587939699	0.0317630630106537
47.437185929648244	0.03614660796058755
47.8391959798995	0.042469040131430144
48.24120603015076	0.04945919872395443
48.64321608040201	0.05553169113397791
49.04522613065327	0.05950157651103912
49.447236180904525	0.06055649646508673
49.84924623115578	0.058711983606443606
50.25125628140704	0.05448219294772303
50.653266331658294	0.048992127061085286
51.05527638190955	0.04329972504312089
51.45728643216081	0.038633954210873914
51.85929648241206	0.03604970735794148
52.26130653266332	0.03547299105481163
52.663316582914575	0.0369660866219553
53.06532663316583	0.039934846066398175
53.46733668341709	0.04326502120618095
53.869346733668344	0.04648544637471525
54.2713567839196	0.04936944516556885
54.67336683417086	0.0511948779424687
55.07537688442211	0.05230225256878991
55.47738693467337	0.05236204133814827
55.879396984924625	0.0516035381459535
56.28140703517588	0.050252842046627465
56.68341708542714	0.04872970695715605
57.085427135678394	0.04734944164141876
57.48743718592965	0.04656061965003142
57.88944723618091	0.0461564796064957
58.29145728643216	0.04639314156162269
58.69346733668342	0.04704293497340144
59.095477386934675	0.048000932753635865
59.49748743718593	0.04911155166216012
59.89949748743719	0.05004113067668227
60.301507537688444	0.050807205614946026
60.7035175879397	0.05153603520806678
61.10552763819096	0.05189496748016013
61.50753768844221	0.05206440614664039
61.90954773869347	0.05204422614312071
62.311557788944725	0.051977709502521716
62.71356783919598	0.051746911673558604
63.11557788944724	0.050956928176974135
63.517587939698494	0.04988155817063702
63.91959798994975	0.048415927545433855
64.32160804020101	0.04662048401751908
64.72361809045226	0.04471705031976193
65.12562814070353	0.04343470643826684
65.52763819095478	0.04294536116191748
65.92964824120604	0.04337506257930434
66.33165829145729	0.04491656020015671
66.73366834170855	0.04730256715301674
67.1356783919598	0.05023617091514913
67.53768844221106	0.05330134150029252
67.93969849246231	0.0557630399930671
68.34170854271358	0.0571836500486657
68.74371859296483	0.05718928640666021
69.14572864321609	0.05570617432120326
69.54773869346734	0.052948526700896635
69.9497487437186	0.049571387847957
70.35175879396985	0.046176099922057644
70.75376884422111	0.043429883602670534
71.15577889447236	0.04217739871208688
71.55778894472363	0.04244035502338682
71.95979899497488	0.044438319583212184
72.36180904522614	0.047685207583171685
72.76381909547739	0.05147897773308051
73.16582914572865	0.05507279184674822
73.5678391959799	0.0578641717995305
73.96984924623116	0.058961350190357906
74.37185929648241	0.05852089616099265
74.77386934673368	0.056423634467589946
75.17587939698493	0.05296651151515386
75.57788944723619	0.04894393452702075
75.97989949748744	0.04493158570601789
76.3819095477387	0.041849292197749646
76.78391959798995	0.0400108571518751
77.18592964824121	0.03971965347852345
77.58793969849246	0.041329035024467144
77.98994974874373	0.04444710386031306
78.39195979899498	0.04847607921931243
78.79396984924624	0.05304268957715217
79.19597989949749	0.057282480570066505
79.59798994974875	0.06031346839926247
80.0	0.06177951186184259
