0.0	0.023575722349243815
0.4020100502512563	0.019827735866206835
0.8040201005025126	0.012754940417934374
1.206030150753769	0.004075020767968793
1.6080402010050252	0.006301102607001727
2.0100502512562817	0.01412940605168712
2.412060301507538	0.01939989255880973
2.814070351758794	0.02063252822720344
3.2160804020100504	0.017907834682571254
3.6180904522613067	0.011793809018773698
4.020100502512563	0.0032100083007637337
4.42211055276382	0.006205262657746138
4.824120603015076	0.014646420810367395
5.226130653266332	0.020597787338568402
5.628140703517588	0.022919887834636714
6.030150753768845	0.02142956408445735
6.432160804020101	0.016143661103861034
6.834170854271357	0.00861053940535479
7.236180904522613	0.005500074018575735
7.63819095477387	0.01221421615993483
8.040201005025127	0.018454647506480952
8.442211055276383	0.021656723073626698
8.84422110552764	0.020695694454464095
9.246231155778895	0.016059730867018413
9.648241206030152	0.00978414584489416
10.050251256281408	0.0074791770698236434
10.452261306532664	0.014687312651523777
10.85427135678392	0.02268006421421773
11.256281407035177	0.0278422445998462
11.658291457286433	0.030019413849928078
12.06030150753769	0.028907961923387644
12.462311557788945	0.025895906029692033
12.864321608040202	0.023352722062738453
13.266331658291458	0.02335429885351249
13.668341708542714	0.025431451876216614
14.07035175879397	0.02895302226945396
14.472361809045227	0.03198713817974329
14.874371859296483	0.035010075408676886
15.27638190954774	0.040424943072244104
15.678391959798995	0.04584589246610883
16.080402010050253	0.04678906151001041
16.48241206030151	0.04197276405780968
16.884422110552766	0.029430479630858496
17.286432160804022	0.010871231061029486
17.68844221105528	0.011389126854592662
18.090452261306535	0.030398352223541675
18.49246231155779	0.04182741161998351
18.894472361809047	0.042261291363121414
19.296482412060303	0.036804514805420165
19.69849246231156	0.038811429067178126
20.100502512562816	0.05712257364355213
20.502512562814072	0.08027307682210909
20.90452261306533	0.0976410606962102
21.306532663316585	0.10415319449028833
21.70854271356784	0.09673796316245117
22.110552763819097	0.07753994294751357
22.512562814070353	0.051545974698887144
22.91457286432161	0.03444567817815587
23.316582914572866	0.0444753248110934
23.718592964824122	0.06240289552725964
24.12060301507538	0.07242273175823903
24.522613065326635	0.07122262091499235
24.92462311557789	0.06093352136012582
25.326633165829147	0.051106692145380085
25.728643216080403	0.05613214872835233
26.13065326633166	0.07512266699544723
26.532663316582916	0.09451717922249707
26.934673366834172	0.10441896258531083
27.33668341708543	0.10165142338879159
27.738693467336685	0.08575358513837789
28.14070351758794	0.06059038833894621
28.542713567839197	0.034684416275873785
28.944723618090453	0.031985724503534804
29.34673366834171	0.051824179975931396
29.748743718592966	0.06810368131711679
30.150753768844222	0.07242658804456412
30.55276381909548	0.0637954190718529
30.954773869346734	0.044507950973789914
31.35678391959799	0.022480215025702376
31.758793969849247	0.026031425407685483
32.16080402010051	0.04860211017153418
32.56281407035176	0.06521756437296125
32.96482412060302	0.07045402403346954
33.366834170854275	0.06343716841507442
33.76884422110553	0.04549570285226354
34.17085427135679	0.020397681352464468
34.572864321608044	0.011834037741827202
34.9748743718593	0.03588716452640255
35.37688442211056	0.053831099376327594
35.77889447236181	0.060266252758415885
36.18090452261307	0.05420205084908356
36.582914572864325	0.036955560491786735
36.98492462311558	0.016917144972572
37.38693467336684	0.029427840772821012
37.788944723618094	0.05627114960862506
38.19095477386935	0.07817026503616205
38.59296482412061	0.090310696755309
38.99497487437186	0.09150981171208047
39.39698492462312	0.08185219346161461
39.798994974874375	0.06423079091991334
40.20100502512563	0.042371428266367056
40.60301507537689	0.025478311747044534
41.005025125628144	0.025277161436904134
41.4070351758794	0.03210629366774166
41.80904522613066	0.03113178598442482
42.21105527638191	0.019252247978263894
42.61306532663317	0.0027978652307484226
43.015075376884425	0.030666792716558283
43.41708542713568	0.05913118526505952
43.81909547738694	0.08291984739649731
44.221105527638194	0.09719670177127175
44.62311557788945	0.0997072707229045
45.02512562814071	0.08988306279764925
45.42713567839196	0.07027461614977826
45.82914572864322	0.04532672679931154
46.231155778894475	0.022074752210355188
46.63316582914573	0.01837505964455676
47.03517587939699	0.028988737422144674
47.437185929648244	0.03234217063428931
47.8391959798995	0.025183202658104475
48.24120603015076	0.011577694761049463
48.64321608040201	0.020108974746862816
49.04522613065327	0.043066293760138694
49.447236180904525	0.06314935744836679
49.84924623115578	0.07574841853547239
50.25125628140704	0.07780746215367793
50.653266331658294	0.06907961890688483
51.05527638190955	0.05130159539410151
51.45728643216081	0.027612434865595354
51.85929648241206	0.008148346714109314
52.26130653266332	0.023178800890972923
52.663316582914575	0.038249086116300623
53.06532663316583	0.044163295335848486
53.46733668341709	0.03949472276511551
53.869346733668344	0.026747247790076135
54.2713567839196	0.014818613101182312
54.67336683417086	0.025671867272497866
55.07537688442211	0.04315978762727885
55.47738693467337	0.05533833044511756
55.879396984924625	0.058814207776939256
56.28140703517588	0.05260221830455192
56.68341708542714	0.03856915003102022
57.085427135678394	0.02173940799673126
57.48743718592965	0.017407143866327506
57.88944723618091	0.03053546473246383
58.29145728643216	0.041940212746472035
58.69346733668342	0.04619204582918339
59.095477386934675	0.044034170347900185
59.49748743718593	0.039506459436704625
59.89949748743719	0.04077890017164133
60.301507537688444	0.05068490176379209
60.7035175879397	0.06325961362965589
61.10552763819096	0.07254826028345943
61.50753768844221	0.07508998511194019
61.90954773869347	0.06977680804046135
62.311557788944725	0.057090277045126446
62.71356783919598	0.039556809444844125
63.11557788944724	0.02236108097946727
63.517587939698494	0.01740088847599425
63.91959798994975	0.026134058608587873
64.32160804020101	0.033003008826890654
64.72361809045226	0.03412896311905893
65.12562814070353	0.03024452970025924
65.52763819095478	0.026086054806948172
65.92964824120604	0.028596474171688
66.33165829145729	0.03716687478171991
66.73366834170855	0.04555117900919869
67.1356783919598	0.049670727404428114
67.53768844221106	0.04780724480991751
67.93969849246231	0.039481358697051876
68.34170854271358	0.0260625176624446
68.74371859296483	0.009459295702161682
69.14572864321609	0.008662869949188662
69.54773869346734	0.023871147748978815
69.9497487437186	0.03505718004113658
70.35175879396985	0.04109407297251917
70.75376884422111	0.04119745380389104
71.15577889447236	0.03699987542148226
71.55778894472363	0.03012683234954273
71.95979899497488	0.023348384580911277
72.36180904522614	0.018662131466687864
72.76381909547739	0.015740872364820403
73.16582914572865	0.011548180926498867
73.5678391959799	0.005018824789146976
73.96984924623116	0.010200407137416038
74.37185929648241	0.024726410546947415
74.77386934673368	0.0402284540249354
75.17587939698493	0.05414125042127591
75.57788944723619	0.06386191430116424
75.97989949748744	0.06771959854391829
76.3819095477387	0.06531744938870496
76.78391959798995	0.057348337370470806
77.18592964824121	0.046016694683559796
77.58793969849246	0.034756462594980095
77.98994974874373	0.026728495489331806
78.39195979899498	0.02330307515852687
78.79396984924624	0.021161517733160003
79.19597989949749	0.016665675852243798
79.59798994974875	0.010030327150711024
80.0	0.012208861480563361
