0.0	0.006958408272105231
0.4020100502512563	0.007187746713724433
0.8040201005025126	0.0062911084709744
1.206030150753769	0.004748227317086998
1.6080402010050252	0.0030730921929629845
2.0100502512562817	0.0022397738933581266
2.412060301507538	0.0030934230059462787
2.814070351758794	0.004141917475295658
3.2160804020100504	0.004227178865277599
3.6180904522613067	0.003566837211169666
4.020100502512563	0.001870899431719158
4.42211055276382	0.0013815129861697924
4.824120603015076	0.0032477496595313244
5.226130653266332	0.005614898688268761
5.628140703517588	0.007281445833346141
6.030150753768845	0.008099562406959837
6.432160804020101	0.008029014919628416
6.834170854271357	0.00706779480720437
7.236180904522613	0.0053119695254900175
7.63819095477387	0.0035548909033270197
8.040201005025127	0.0025349622588809405
8.442211055276383	0.0025249131006158483
8.84422110552764	0.002620264567590983
9.246231155778895	0.0018425654380316435
9.648241206030152	0.0005737252516941806
10.050251256281408	0.0014057738820108594
10.452261306532664	0.0036385838322722
10.85427135678392	0.005695149999466355
11.256281407035177	0.007404646967270957
11.658291457286433	0.007978922136500349
12.06030150753769	0.007547487003294625
12.462311557788945	0.006126922774410708
12.864321608040202	0.003944872139070104
13.266331658291458	0.0025433551903025612
13.668341708542714	0.00432914796295445
14.07035175879397	0.0072414368990654275
14.472361809045227	0.009734671553850468
14.874371859296483	0.011319075304465818
15.27638190954774	0.011560286974501096
15.678391959798995	0.01054835759183775
16.080402010050253	0.008570953126528578
16.48241206030151	0.006449844765318337
16.884422110552766	0.005060402865341652
17.286432160804022	0.004808526825489971
17.68844221105528	0.00516135441951745
18.090452261306535	0.0055635505396080046
18.49246231155779	0.006902753164611125
18.894472361809047	0.009281561126663625
19.296482412060303	0.012039968811870813
19.69849246231156	0.014390643439661125
20.100502512562816	0.01542092239930452
20.502512562814072	0.014908971440345689
20.90452261306533	0.01302620095599187
21.306532663316585	0.010417228080615999
21.70854271356784	0.007772058545597538
22.110552763819097	0.005688313136463015
22.512562814070353	0.00461974539337993
22.91457286432161	0.003970795404875981
23.316582914572866	0.004771670325411877
23.718592964824122	0.007590807455111467
24.12060301507538	0.01121378198414619
24.522613065326635	0.014534317335616132
24.92462311557789	0.016989675294719987
25.326633165829147	0.017709299600414254
25.728643216080403	0.016997593636735538
26.13065326633166	0.01505770771866596
26.532663316582916	0.01289801800830669
26.934673366834172	0.011337606756026852
27.33668341708543	0.011168575043758486
27.738693467336685	0.011859472186962181
28.14070351758794	0.011858448536035186
28.542713567839197	0.01110786761312367
28.944723618090453	0.009460981423599423
29.34673366834171	0.007424098963262756
29.748743718592966	0.006209582384687961
30.150753768844222	0.007072954515233659
30.55276381909548	0.009439015777356643
30.954773869346734	0.012015298797118197
31.35678391959799	0.01389402467736495
31.758793969849247	0.015290630403354637
32.16080402010051	0.016428538681371598
32.56281407035176	0.017424549953318418
32.96482412060302	0.01850036074891287
33.366834170854275	0.019265979584355337
33.76884422110553	0.019363766197350078
34.17085427135679	0.018756278592849784
34.572864321608044	0.01712521028279502
34.9748743718593	0.014762806059742459
35.37688442211056	0.01240188146655076
35.77889447236181	0.010880724726458367
36.18090452261307	0.011178591227295333
36.582914572864325	0.013015930650835636
36.98492462311558	0.015796423807827052
37.38693467336684	0.01876298785740023
37.788944723618094	0.021463598355875604
38.19095477386935	0.02403784127772594
38.59296482412061	0.0262121363164284
38.99497487437186	0.02822044780921975
39.39698492462312	0.029635693973786875
39.798994974874375	0.0302632803237385
40.20100502512563	0.029685082031598586
40.60301507537689	0.027847536632579557
41.005025125628144	0.0250517807587311
41.4070351758794	0.02219328914192572
41.80904522613066	0.02023327218917368
42.21105527638191	0.01985824525912907
42.61306532663317	0.020951762997156845
43.015075376884425	0.02286656778343062
43.41708542713568	0.025260208248315846
43.81909547738694	0.02826631887046584
44.221105527638194	0.03168278000211983
44.62311557788945	0.03535579555569669
45.02512562814071	0.038455383413425144
45.42713567839196	0.04026955295545885
45.82914572864322	0.04056658417620999
46.231155778894475	0.03912062414743865
46.63316582914573	0.03631043589474125
47.03517587939699	0.03296004549139735
47.437185929648244	0.030051461790782146
47.8391959798995	0.02832881804346027
48.24120603015076	0.028196785643290166
48.64321608040201	0.02973984980197016
49.04522613065327	0.032684213223880154
49.447236180904525	0.036872684067749656
49.84924623115578	0.04237689804429901
50.25125628140704	0.04847653794675415
50.653266331658294	0.05460182875224691
51.05527638190955	0.05954052070732181
51.45728643216081	0.062222327174886946
51.85929648241206	0.06242908725572418
52.26130653266332	0.06030837164709156
52.663316582914575	0.05622043984320337
53.06532663316583	0.05193485072004973
53.46733668341709	0.0483478251022615
53.869346733668344	0.046597029412125256
54.2713567839196	0.04702523346086056
54.67336683417086	0.049223528907516384
55.07537688442211	0.052589965957035925
55.47738693467337	0.056307081385880406
55.879396984924625	0.05995686954199703
56.28140703517588	0.06255189206181294
56.68341708542714	0.06358703683818231
57.085427135678394	0.0633522089246043
57.48743718592965	0.062097699915480434
57.88944723618091	0.06024963800512029
58.29145728643216	0.058016714470680256
58.69346733668342	0.05600577449456452
59.095477386934675	0.054264179907957136
59.49748743718593	0.05333997844517389
59.89949748743719	0.053677237610317785
60.301507537688444	0.05468263484515943
60.7035175879397	0.05602158036256192
61.10552763819096	0.05750170153788801
61.50753768844221	0.05830416742676257
61.90954773869347	0.058573886891805205
62.311557788944725	0.058426074065843735
62.71356783919598	0.057774741213320824
63.11557788944724	0.05681346138337216
63.517587939698494	0.05538202049909635
63.91959798994975	0.05352598193247907
64.32160804020101	0.05150715795837783
64.72361809045226	0.049482598294328536
65.12562814070353	0.048175075510811335
65.52763819095478	0.04773110244904229
65.92964824120604	0.048240075659217944
66.33165829145729	0.04967172245670236
66.73366834170855	0.05150061945039954
67.1356783919598	0.05335141832858228
67.53768844221106	0.05470324125977213
67.93969849246231	0.05531296681385942
68.34170854271358	0.05529918228476131
68.74371859296483	0.054752443551318156
69.14572864321609	0.053687600053043814
69.54773869346734	0.052479032487298724
69.9497487437186	0.05096680770560794
70.35175879396985	0.0493106713436956
70.75376884422111	0.04817715407117803
71.15577889447236	0.04718232494877103
71.55778894472363	0.047322984890439214
71.95979899497488	0.04849832031103793
72.36180904522614	0.05046692174129711
72.76381909547739	0.05271333470222491
73.16582914572865	0.05480384761358612
73.5678391959799	0.05634206507525571
73.96984924623116	0.05710322496128127
74.37185929648241	0.05743182588582816
74.77386934673368	0.05708575306481507
75.17587939698493	0.05628394681268002
75.57788944723619	0.05494693816219276
75.97989949748744	0.053555814848273174
76.3819095477387	0.05190562456907126
76.78391959798995	0.0506921363467415
77.18592964824121	0.04986682127349707
77.58793969849246	0.049777357492898064
77.98994974874373	0.05037256384712259
78.39195979899498	0.05156287592519125
78.79396984924624	0.05300221909104611
79.19597989949749	0.05445778468238671
79.59798994974875	0.05595051975594527
80.0	0.05703853899553252
