0.0	0.023395653261070452
0.4020100502512563	0.02126349827226439
0.8040201005025126	0.015745242875078374
1.206030150753769	0.007658058874810475
1.6080402010050252	0.0013967711922177788
2.0100502512562817	0.009824666583707443
2.412060301507538	0.015973437211113634
2.814070351758794	0.018637867264212078
3.2160804020100504	0.01756913119222301
3.6180904522613067	0.012702294224943775
4.020100502512563	0.004908362507925101
4.42211055276382	0.004238305656717426
4.824120603015076	0.01316030471221762
5.226130653266332	0.020379548037451532
5.628140703517588	0.02457764139871016
6.030150753768845	0.024811002249200218
6.432160804020101	0.02153487484752089
6.834170854271357	0.015186396458515966
7.236180904522613	0.006778401564754279
7.63819095477387	0.00212129238332584
8.040201005025127	0.008771974542571132
8.442211055276383	0.013082602311797304
8.84422110552764	0.013932847306955726
9.246231155778895	0.010843556589354911
9.648241206030152	0.004922599605636394
10.050251256281408	0.00614716187451726
10.452261306532664	0.014821972058727914
10.85427135678392	0.023615719012239484
11.256281407035177	0.03015175467887904
11.658291457286433	0.033577020123665965
12.06030150753769	0.03332297431119828
12.462311557788945	0.03004784559534824
12.864321608040202	0.025060022977788914
13.266331658291458	0.020420578272282518
13.668341708542714	0.01845965847350501
14.07035175879397	0.020096394283628655
14.472361809045227	0.023425563443228138
14.874371859296483	0.026889785378364894
15.27638190954774	0.027194242602171254
15.678391959798995	0.02250719893732831
16.080402010050253	0.013461629815316564
16.48241206030151	0.011468933271152226
16.884422110552766	0.022956686859191743
17.286432160804022	0.03259670006466632
17.68844221105528	0.03781275104668227
18.090452261306535	0.03834631853564491
18.49246231155779	0.03910669235774568
18.894472361809047	0.04387827365738367
19.296482412060303	0.05201497299950368
19.69849246231156	0.05939596335618062
20.100502512562816	0.06317155388518877
20.502512562814072	0.061918414484898675
20.90452261306533	0.05623710105594325
21.306532663316585	0.04813148386299807
21.70854271356784	0.0404788337681392
22.110552763819097	0.0367810033829921
22.512562814070353	0.03842155448954313
22.91457286432161	0.04274560963150325
23.316582914572866	0.04570907925341407
23.718592964824122	0.04380392477876541
24.12060301507538	0.03729602931877188
24.522613065326635	0.028162878693337307
24.92462311557789	0.020992092074821195
25.326633165829147	0.020008917418609568
25.728643216080403	0.02289657225683451
26.13065326633166	0.025044133758524868
26.532663316582916	0.025656309945741456
26.934673366834172	0.025749024975751565
27.33668341708543	0.027851051366389913
27.738693467336685	0.036322911292863296
28.14070351758794	0.04788714961550153
28.542713567839197	0.05903039009089282
28.944723618090453	0.0663355090123515
29.34673366834171	0.06741995959910957
29.748743718592966	0.062376619513172395
30.150753768844222	0.05313250718652409
30.55276381909548	0.04314411524156438
30.954773869346734	0.03552054298558152
31.35678391959799	0.029457068770724328
31.758793969849247	0.023898769119973146
32.16080402010051	0.015592828408552856
32.56281407035176	0.0032744966709423395
32.96482412060302	0.013051841086246288
33.366834170854275	0.03083839261417118
33.76884422110553	0.04787853561809423
34.17085427135679	0.06238135593335251
34.572864321608044	0.07143272199400445
34.9748743718593	0.07476593130735837
35.37688442211056	0.07309205295800075
35.77889447236181	0.06891580096539986
36.18090452261307	0.06572864769291127
36.582914572864325	0.06350754268736752
36.98492462311558	0.06154242955811486
37.38693467336684	0.05775759104533239
37.788944723618094	0.05168126843812361
38.19095477386935	0.04328994640551668
38.59296482412061	0.03290324451227493
38.99497487437186	0.02506598084070486
39.39698492462312	0.025743074160825795
39.798994974874375	0.03470148551001434
40.20100502512563	0.046236699649990665
40.60301507537689	0.056281991913127695
41.005025125628144	0.0630826115151444
41.4070351758794	0.0667346309867177
41.80904522613066	0.06731859623550082
42.21105527638191	0.06674059520529096
42.61306532663317	0.06628094451832078
43.015075376884425	0.06666994211363207
43.41708542713568	0.06741018935450102
43.81909547738694	0.06678384755762096
44.221105527638194	0.06383453466937195
44.62311557788945	0.056949741718570944
45.02512562814071	0.046906185857846255
45.42713567839196	0.03642899009447171
45.82914572864322	0.029806688645694045
46.231155778894475	0.029794880247860138
46.63316582914573	0.033579721944103615
47.03517587939699	0.03776594972242263
47.437185929648244	0.04040449978006329
47.8391959798995	0.04366789497101467
48.24120603015076	0.04889446059114712
48.64321608040201	0.05591734784702555
49.04522613065327	0.06287793806763545
49.447236180904525	0.06668116554735878
49.84924623115578	0.06578759804357907
50.25125628140704	0.059881186753074786
50.653266331658294	0.05030916668515245
51.05527638190955	0.03873372788607943
51.45728643216081	0.027356644745938907
51.85929648241206	0.017743101967593683
52.26130653266332	0.010608874848008926
52.663316582914575	0.005491046418279349
53.06532663316583	0.009706460360818169
53.46733668341709	0.02052112039040341
53.869346733668344	0.03313563853086433
54.2713567839196	0.04565560967687465
54.67336683417086	0.05521654128809189
55.07537688442211	0.06092362448017703
55.47738693467337	0.06138061552131193
55.879396984924625	0.05792741679184019
56.28140703517588	0.0522413504416784
56.68341708542714	0.04653439483644854
57.085427135678394	0.04271803646203593
57.48743718592965	0.04085520976523901
57.88944723618091	0.039421852720309195
58.29145728643216	0.036735556084796936
58.69346733668342	0.032378095366385376
59.095477386934675	0.027012973009512574
59.49748743718593	0.023969194874481892
59.89949748743719	0.02596508555994196
60.301507537688444	0.03212847011192101
60.7035175879397	0.03909673799848031
61.10552763819096	0.045008875706698974
61.50753768844221	0.04887631374281826
61.90954773869347	0.05115571888334007
62.311557788944725	0.052236639437930624
62.71356783919598	0.05274863049877361
63.11557788944724	0.0537692625015959
63.517587939698494	0.05577537956614327
63.91959798994975	0.0576056268079051
64.32160804020101	0.05800540645769846
64.72361809045226	0.05564014191174547
65.12562814070353	0.0502415897269479
65.52763819095478	0.04268030904568433
65.92964824120604	0.0344857325969812
66.33165829145729	0.02770651605493988
66.73366834170855	0.024743947503967592
67.1356783919598	0.025054064369378966
67.53768844221106	0.027513803990396674
67.93969849246231	0.031894396137258446
68.34170854271358	0.03794324764782634
68.74371859296483	0.045796612459655044
69.14572864321609	0.05350722293700807
69.54773869346734	0.059935450495808805
69.9497487437186	0.06321273396052692
70.35175879396985	0.06276687026145099
70.75376884422111	0.05895728371581007
71.15577889447236	0.053029486245151566
71.55778894472363	0.04590141475539767
71.95979899497488	0.03885774918732633
72.36180904522614	0.0327688699957151
72.76381909547739	0.028090278546993235
73.16582914572865	0.02507509370855838
73.5678391959799	0.024244848905124454
73.96984924623116	0.026859259193604608
74.37185929648241	0.03168030003430404
74.77386934673368	0.03740665226883021
75.17587939698493	0.04258750505653933
75.57788944723619	0.04610188168835625
75.97989949748744	0.047908137814323154
76.3819095477387	0.04856517435752313
76.78391959798995	0.04823709437951075
77.18592964824121	0.04766228605439689
77.58793969849246	0.0470871159699273
77.98994974874373	0.04631176436043456
78.39195979899498	0.04536386241597866
78.79396984924624	0.04367113986076194
79.19597989949749	0.040939895118612464
79.59798994974875	0.03688391135253183
80.0	0.03187694814970549
