0.0	0.009737188879358549
0.4020100502512563	0.009525193064405977
0.8040201005025126	0.007925675630768155
1.206030150753769	0.005410808573630406
1.6080402010050252	0.0026951136569576357
2.0100502512562817	0.002445057114010812
2.412060301507538	0.004186577687239365
2.814070351758794	0.005338095731798759
3.2160804020100504	0.0051876432071334844
3.6180904522613067	0.00352853743698096
4.020100502512563	0.0010305897083053217
4.42211055276382	0.0028227369354747343
4.824120603015076	0.006389786379507187
5.226130653266332	0.009236709285987915
5.628140703517588	0.01117106504370761
6.030150753768845	0.011722299768485673
6.432160804020101	0.011021522136456878
6.834170854271357	0.00918769834062648
7.236180904522613	0.006685541482401971
7.63819095477387	0.0045310222113324325
8.040201005025127	0.0034059474251686775
8.442211055276383	0.0031676645270285546
8.84422110552764	0.0028304269280449972
9.246231155778895	0.0018506131888851476
9.648241206030152	0.002919660302617172
10.050251256281408	0.006201133396190385
10.452261306532664	0.010202757332438587
10.85427135678392	0.013847333164994924
11.256281407035177	0.01670403129807623
11.658291457286433	0.0182590155036833
12.06030150753769	0.018655907043079515
12.462311557788945	0.017646621105438513
12.864321608040202	0.015843304292688504
13.266331658291458	0.013924791028062877
13.668341708542714	0.012333872416914799
14.07035175879397	0.011511098911560703
14.472361809045227	0.011017587404936777
14.874371859296483	0.01069230005800026
15.27638190954774	0.010418747379421354
15.678391959798995	0.011100563713215559
16.080402010050253	0.013256096826889116
16.48241206030151	0.01675180226364343
16.884422110552766	0.020662173363732612
17.286432160804022	0.024396972842542684
17.68844221105528	0.02745436288597237
18.090452261306535	0.029105291382610095
18.49246231155779	0.029255850275123417
18.894472361809047	0.028398854916546125
19.296482412060303	0.027156375645829213
19.69849246231156	0.026474679636179648
20.100502512562816	0.026301233798346417
20.502512562814072	0.026723032669932544
20.90452261306533	0.027461659379750997
21.306532663316585	0.028619583865477076
21.70854271356784	0.030378058920485684
22.110552763819097	0.03284032120315644
22.512562814070353	0.0359226318832888
22.91457286432161	0.039161641188464005
23.316582914572866	0.042179411601763736
23.718592964824122	0.04406065318975726
24.12060301507538	0.04524300580481337
24.522613065326635	0.04557013186444924
24.92462311557789	0.04547558475597754
25.326633165829147	0.04546575474468723
25.728643216080403	0.045945080025504466
26.13065326633166	0.04663432569150467
26.532663316582916	0.04791222177822862
26.934673366834172	0.04949854525473481
27.33668341708543	0.05164817428442879
27.738693467336685	0.054197578244875866
28.14070351758794	0.057558111493831055
28.542713567839197	0.061458745108515275
28.944723618090453	0.06537675746140878
29.34673366834171	0.06842192925001926
29.748743718592966	0.07018739055438299
30.150753768844222	0.07010491719051032
30.55276381909548	0.06809722763545037
30.954773869346734	0.06483195140222028
31.35678391959799	0.060929801778885836
31.758793969849247	0.05697630282655749
32.16080402010051	0.05406939056053345
32.56281407035176	0.05231813401201375
32.96482412060302	0.0518407593176611
33.366834170854275	0.05253935831858976
33.76884422110553	0.05455966817635294
34.17085427135679	0.05767779320557577
34.572864321608044	0.06100135416549947
34.9748743718593	0.06382319420162955
35.37688442211056	0.06535670283858841
35.77889447236181	0.06505638976365496
36.18090452261307	0.0626463968613112
36.582914572864325	0.05867273358496108
36.98492462311558	0.05383248615538372
37.38693467336684	0.04926797094900943
37.788944723618094	0.04559105972436023
38.19095477386935	0.04360472468369496
38.59296482412061	0.042649573991296874
38.99497487437186	0.042369131191366115
39.39698492462312	0.04337490904486775
39.798994974874375	0.04547747723098442
40.20100502512563	0.048817087074200474
40.60301507537689	0.05308767907337797
41.005025125628144	0.057226069062876514
41.4070351758794	0.060574178733431926
41.80904522613066	0.062448516898600225
42.21105527638191	0.06235694466852628
42.61306532663317	0.06082949669311771
43.015075376884425	0.057855614708091974
43.41708542713568	0.054502614500525425
43.81909547738694	0.05085008997788794
44.221105527638194	0.04781092433565352
44.62311557788945	0.04542506562662059
45.02512562814071	0.044617363432146645
45.42713567839196	0.045308585839531165
45.82914572864322	0.048055960183669075
46.231155778894475	0.0525453199446092
46.63316582914573	0.058148514266586335
47.03517587939699	0.06346010441399853
47.437185929648244	0.06785567296393502
47.8391959798995	0.06985939463511984
48.24120603015076	0.06953251227670715
48.64321608040201	0.06721634338479315
49.04522613065327	0.06327250494964096
49.447236180904525	0.05880167585691178
49.84924623115578	0.054293634498263854
50.25125628140704	0.050688259429935156
50.653266331658294	0.04834021983279744
51.05527638190955	0.047527098151829886
51.45728643216081	0.04868611981968575
51.85929648241206	0.051909687232560044
52.26130653266332	0.05679030046469966
52.663316582914575	0.06242658055891692
53.06532663316583	0.0675637990213168
53.46733668341709	0.07117138032282241
53.869346733668344	0.0719620539915792
54.2713567839196	0.06997211306561642
54.67336683417086	0.0651616995998788
55.07537688442211	0.058596452523609774
55.47738693467337	0.05097598274407019
55.879396984924625	0.04411450928714945
56.28140703517588	0.03957353454963887
56.68341708542714	0.0375691230723983
57.085427135678394	0.03871809399337336
57.48743718592965	0.04277345338850053
57.88944723618091	0.04942896973077883
58.29145728643216	0.05762237001372271
58.69346733668342	0.06572625071995962
59.095477386934675	0.07164648309423771
59.49748743718593	0.07428193243292489
59.89949748743719	0.07287120277469163
60.301507537688444	0.06785113186120757
60.7035175879397	0.06012034727846495
61.10552763819096	0.05136875943427407
61.50753768844221	0.043321773719041265
61.90954773869347	0.03803126884292728
62.311557788944725	0.0359026939600451
62.71356783919598	0.03715850855788459
63.11557788944724	0.04123351758807868
63.517587939698494	0.047271659889626214
63.91959798994975	0.054111556922030866
64.32160804020101	0.060740015462727635
64.72361809045226	0.06579938747566529
65.12562814070353	0.06841562666940351
65.52763819095478	0.06810246447676324
65.92964824120604	0.06480131478720294
66.33165829145729	0.059244990344865876
66.73366834170855	0.05220577618953245
67.1356783919598	0.04514655939621453
67.53768844221106	0.03925582370663063
67.93969849246231	0.03611049145278038
68.34170854271358	0.03595420768950291
68.74371859296483	0.03881924614146613
69.14572864321609	0.043554112785742644
69.54773869346734	0.04973965511183352
69.9497487437186	0.056158921418020244
70.35175879396985	0.06190551382265815
70.75376884422111	0.06571786680792822
71.15577889447236	0.06716607879221076
71.55778894472363	0.06589801794223485
71.95979899497488	0.06260506136227349
72.36180904522614	0.05735696005936421
72.76381909547739	0.051159159884125616
73.16582914572865	0.04520140441712881
73.5678391959799	0.040445519747122495
73.96984924623116	0.037606950283685374
74.37185929648241	0.03748805571109088
74.77386934673368	0.03967201275331629
75.17587939698493	0.04357666867313423
75.57788944723619	0.0486654811048219
75.97989949748744	0.05411556136634719
76.3819095477387	0.05861254018321693
76.78391959798995	0.06203444479265184
77.18592964824121	0.06368198333677962
77.58793969849246	0.06324746249130073
77.98994974874373	0.06069935461164143
78.39195979899498	0.05644910758132911
78.79396984924624	0.05112374178599545
79.19597989949749	0.045629906781680926
79.59798994974875	0.041032477224732196
80.0	0.038378734307946916
