0.0	0.03756648372751937
0.4020100502512563	0.035450462751869714
0.8040201005025126	0.027267016656762583
1.206030150753769	0.014951178922244587
1.6080402010050252	0.0014806512949784377
2.0100502512562817	0.013388645921317558
2.412060301507538	0.02380669598928317
2.814070351758794	0.02880259265145039
3.2160804020100504	0.027522099431836818
3.6180904522613067	0.020336431998883287
4.020100502512563	0.008296526456116672
4.42211055276382	0.006332520165151297
4.824120603015076	0.020734968233905873
5.226130653266332	0.032521647539962284
5.628140703517588	0.039250413461602185
6.030150753768845	0.03996653162229367
6.432160804020101	0.03452907501899697
6.834170854271357	0.024090396120732233
7.236180904522613	0.01089484124345839
7.63819095477387	0.0039359899399959205
8.040201005025127	0.014891927666568125
8.442211055276383	0.02152877261328017
8.84422110552764	0.022543928351548517
9.246231155778895	0.01724034764200673
9.648241206030152	0.006353663531534953
10.050251256281408	0.007827248290447005
10.452261306532664	0.023181385328105493
10.85427135678392	0.03683219070097225
11.256281407035177	0.04654360116251956
11.658291457286433	0.05092258642717993
12.06030150753769	0.049046601248535986
12.462311557788945	0.04189434171355033
12.864321608040202	0.03082116834907947
13.266331658291458	0.018033259203757937
13.668341708542714	0.007973136140690599
14.07035175879397	0.009132226289434192
14.472361809045227	0.01300045509088355
14.874371859296483	0.012501506159043285
15.27638190954774	0.006909139913982697
15.678391959798995	0.006114362418487373
16.080402010050253	0.018913343990680606
16.48241206030151	0.03323568284579032
16.884422110552766	0.04596709154663813
17.286432160804022	0.05488613964286969
17.68844221105528	0.05860845666384702
18.090452261306535	0.05709564225581729
18.49246231155779	0.05036136486347257
18.894472361809047	0.0397808203089003
19.296482412060303	0.027842261765087806
19.69849246231156	0.01664860213168646
20.100502512562816	0.009488122999269214
20.502512562814072	0.007960317226382678
20.90452261306533	0.008338763462405875
21.306532663316585	0.01242883748692531
21.70854271356784	0.02267594821480329
22.110552763819097	0.036451990939782984
22.512562814070353	0.051012102375570065
22.91457286432161	0.06342896092131263
23.316582914572866	0.07166528073171881
23.718592964824122	0.07416891224486877
24.12060301507538	0.07062666551188956
24.522613065326635	0.06193619464686669
24.92462311557789	0.049803505872290474
25.326633165829147	0.03689185020950468
25.728643216080403	0.025764860779677413
26.13065326633166	0.018929449114753406
26.532663316582916	0.01769162229884858
26.934673366834172	0.021816217290199977
27.33668341708543	0.03168449521561498
27.738693467336685	0.04597227110477288
28.14070351758794	0.06250919803411849
28.542713567839197	0.07820599396200152
28.944723618090453	0.09071111519696143
29.34673366834171	0.09759967543483652
29.748743718592966	0.09770061626214838
30.150753768844222	0.09114050191036074
30.55276381909548	0.07874795501094557
30.954773869346734	0.06316889402374778
31.35678391959799	0.047010371638836874
31.758793969849247	0.033150280467773866
32.16080402010051	0.024523092419131576
32.56281407035176	0.022884397088659934
32.96482412060302	0.028237334193620473
33.366834170854275	0.03905337069986664
33.76884422110553	0.053282966363638516
34.17085427135679	0.06816849282056842
34.572864321608044	0.08135645429097636
34.9748743718593	0.09022002384869152
35.37688442211056	0.09332880517926168
35.77889447236181	0.09023199662741888
36.18090452261307	0.08117939688839669
36.582914572864325	0.06748832520920539
36.98492462311558	0.05163644632581972
37.38693467336684	0.03615150453952523
37.788944723618094	0.02426200063346717
38.19095477386935	0.019201601404764825
38.59296482412061	0.02064348071076534
38.99497487437186	0.026188495860180044
39.39698492462312	0.03502089888226524
39.798994974874375	0.04650404023607449
40.20100502512563	0.05874344202823366
40.60301507537689	0.06988045250336428
41.005025125628144	0.07740121471533125
41.4070351758794	0.08022639309651015
41.80904522613066	0.07774448918239388
42.21105527638191	0.06995292331639634
42.61306532663317	0.058474929041958314
43.015075376884425	0.044592196819919175
43.41708542713568	0.031415996667308724
43.81909547738694	0.02156933631187831
44.221105527638194	0.017452609620645924
44.62311557788945	0.018506571161955324
45.02512562814071	0.023151216111852856
45.42713567839196	0.03207092078670569
45.82914572864322	0.044261931561260945
46.231155778894475	0.057719364997853836
46.63316582914573	0.06995309407645649
47.03517587939699	0.0787430568645199
47.437185929648244	0.08239299615970261
47.8391959798995	0.0801506140617724
48.24120603015076	0.07217024961977937
48.64321608040201	0.059781861545909365
49.04522613065327	0.045106948594623636
49.447236180904525	0.031113805888551737
49.84924623115578	0.020525239594223133
50.25125628140704	0.015574351597727559
50.653266331658294	0.016340391641472475
51.05527638190955	0.02241990372495544
51.45728643216081	0.03422693591369557
51.85929648241206	0.04934947230759631
52.26130653266332	0.06541300767894791
52.663316582914575	0.07917860886769024
53.06532663316583	0.08809253966663369
53.46733668341709	0.0905898457509852
53.869346733668344	0.0858593486947115
54.2713567839196	0.0748146570461834
54.67336683417086	0.05950883653586016
55.07537688442211	0.042542726119679485
55.47738693467337	0.027218247428097846
55.879396984924625	0.016455335801972247
56.28140703517588	0.012302999989772783
56.68341708542714	0.015734299004433284
57.085427135678394	0.025916431487381326
57.48743718592965	0.04086539105733752
57.88944723618091	0.058360840460793165
58.29145728643216	0.07453816717174548
58.69346733668342	0.08678104271213123
59.095477386934675	0.09314356896374146
59.49748743718593	0.09260995153493905
59.89949748743719	0.08504900646975933
60.301507537688444	0.07200389768731524
60.7035175879397	0.0557290794361767
61.10552763819096	0.039256639782078384
61.50753768844221	0.02578788358382254
61.90954773869347	0.017573555111585832
62.311557788944725	0.016133999790024604
62.71356783919598	0.021708702679415215
63.11557788944724	0.0335554831575915
63.517587939698494	0.04928590385903113
63.91959798994975	0.06599537557530488
64.32160804020101	0.08038070836170678
64.72361809045226	0.08970572455774584
65.12562814070353	0.09229373463803808
65.52763819095478	0.0876026966506652
65.92964824120604	0.07660159325836949
66.33165829145729	0.06144440492098606
66.73366834170855	0.04516738542490155
67.1356783919598	0.03087482163799534
67.53768844221106	0.020938754333329004
67.93969849246231	0.01669967465467157
68.34170854271358	0.019110848193638307
68.74371859296483	0.028287681872231435
69.14572864321609	0.04266105294453206
69.54773869346734	0.05899514388931241
69.9497487437186	0.07391967702882596
70.35175879396985	0.08460783870233891
70.75376884422111	0.08954942776982044
71.15577889447236	0.08780128347172625
71.55778894472363	0.07986699207523229
71.95979899497488	0.06753459846648033
72.36180904522614	0.053328140314944386
72.76381909547739	0.03962104896644579
73.16582914572865	0.02905492141803979
73.5678391959799	0.022640284391784095
73.96984924623116	0.021491147015488266
74.37185929648241	0.0260944583638175
74.77386934673368	0.035974852442655775
75.17587939698493	0.04916929403549692
75.57788944723619	0.06284164857318202
75.97989949748744	0.07420537125665033
76.3819095477387	0.08161152286663369
76.78391959798995	0.08404280815285012
77.18592964824121	0.0807589411632763
77.58793969849246	0.07287680580033754
77.98994974874373	0.06183270623034581
78.39195979899498	0.04965199797744727
78.79396984924624	0.03831626812474333
79.19597989949749	0.029794542399178225
79.59798994974875	0.025115378738899064
80.0	0.024966894231920216
