0.0	0.01605813953788879
0.4020100502512563	0.014605726059834883
0.8040201005025126	0.010928160675452233
1.206030150753769	0.006020446198811128
1.6080402010050252	0.003722947987689041
2.0100502512562817	0.00745195105891063
2.412060301507538	0.01110701000870583
2.814070351758794	0.012597018510066369
3.2160804020100504	0.011542807747704213
3.6180904522613067	0.00821970888521744
4.020100502512563	0.0038657952170363524
4.42211055276382	0.005163334750523529
4.824120603015076	0.010468905677301936
5.226130653266332	0.015109212155594715
5.628140703517588	0.017593982867457822
6.030150753768845	0.017473479035685507
6.432160804020101	0.015179376086684529
6.834170854271357	0.011018031594466097
7.236180904522613	0.00663602888402018
7.63819095477387	0.005459050318967378
8.040201005025127	0.008030313483038159
8.442211055276383	0.009841828499641183
8.84422110552764	0.009482134385404883
9.246231155778895	0.006692855213705882
9.648241206030152	0.0018322706333524872
10.050251256281408	0.00462322583496441
10.452261306532664	0.011240346692284117
10.85427135678392	0.01710919562390139
11.256281407035177	0.021415704422781526
11.658291457286433	0.023434857087272366
12.06030150753769	0.02290456474243778
12.462311557788945	0.02053147507271304
12.864321608040202	0.016847636005782443
13.266331658291458	0.013868114251906764
13.668341708542714	0.012261102556256469
14.07035175879397	0.01254734897697674
14.472361809045227	0.012940729165741707
14.874371859296483	0.012505825384276265
15.27638190954774	0.011835094357866508
15.678391959798995	0.012470387298724659
16.080402010050253	0.01601853350288773
16.48241206030151	0.02136043241862102
16.884422110552766	0.02691939346862641
17.286432160804022	0.031716801166136274
17.68844221105528	0.035010101894241204
18.090452261306535	0.03630644773032306
18.49246231155779	0.03580323860800795
18.894472361809047	0.033951117305279464
19.296482412060303	0.030890207412177167
19.69849246231156	0.027159924676569802
20.100502512562816	0.022989716358712636
20.502512562814072	0.019029959662667177
20.90452261306533	0.015302560542243469
21.306532663316585	0.012225688286222083
21.70854271356784	0.010798091760950776
22.110552763819097	0.013057827759283
22.512562814070353	0.01836709531233479
22.91457286432161	0.025134992713943864
23.316582914572866	0.03193847181437123
23.718592964824122	0.037620018324047
24.12060301507538	0.0410192342002927
24.522613065326635	0.041709830240393306
24.92462311557789	0.03970433034884113
25.326633165829147	0.035127985166147194
25.728643216080403	0.029041420167972936
26.13065326633166	0.02215091216970939
26.532663316582916	0.01567715546646924
26.934673366834172	0.01036724457779829
27.33668341708543	0.006751416779203487
27.738693467336685	0.006790560315276585
28.14070351758794	0.010941337549820091
28.542713567839197	0.017205882388672038
28.944723618090453	0.02433557971005563
29.34673366834171	0.03099351593876696
29.748743718592966	0.03633549228451507
30.150753768844222	0.03938077753344203
30.55276381909548	0.03966987808287234
30.954773869346734	0.036834804479112165
31.35678391959799	0.0317957447967259
31.758793969849247	0.024858342457571847
32.16080402010051	0.01801164261229997
32.56281407035176	0.011879874534837815
32.96482412060302	0.008044474743402228
33.366834170854275	0.007482086980284866
33.76884422110553	0.010691692974868154
34.17085427135679	0.016091556084013043
34.572864321608044	0.02282328501848941
34.9748743718593	0.029795876916606408
35.37688442211056	0.035907915734764005
35.77889447236181	0.0400182115108096
36.18090452261307	0.041786022850212365
36.582914572864325	0.041000039681338876
36.98492462311558	0.03802946930157931
37.38693467336684	0.03369929034440049
37.788944723618094	0.028533585850281835
38.19095477386935	0.023589139087050064
38.59296482412061	0.019825971471156376
38.99497487437186	0.017933553263842997
39.39698492462312	0.018429184273309855
39.798994974874375	0.021749771094715403
40.20100502512563	0.02749077084901606
40.60301507537689	0.03476276333178619
41.005025125628144	0.042252446434627826
41.4070351758794	0.04854438473023151
41.80904522613066	0.05275294492091237
42.21105527638191	0.054101043922123185
42.61306532663317	0.052799995387905994
43.015075376884425	0.049158428401456025
43.41708542713568	0.04434602124495905
43.81909547738694	0.03968908640636594
44.221105527638194	0.03578621174541741
44.62311557788945	0.034001323569639516
45.02512562814071	0.03482109356320707
45.42713567839196	0.03864851129887799
45.82914572864322	0.04514728020523334
46.231155778894475	0.05351180566456959
46.63316582914573	0.062181946738231554
47.03517587939699	0.0698745011278878
47.437185929648244	0.07555284068800075
47.8391959798995	0.07772501784651928
48.24120603015076	0.07605647636909144
48.64321608040201	0.07080020883571123
49.04522613065327	0.06312606557294433
49.447236180904525	0.05406521987729089
49.84924623115578	0.04506823010140405
50.25125628140704	0.03739958078311086
50.653266331658294	0.033007212134786065
51.05527638190955	0.032962221639591345
51.45728643216081	0.03775145300289233
51.85929648241206	0.04662915498900928
52.26130653266332	0.05764980007533268
52.663316582914575	0.06868060481248091
53.06532663316583	0.07723482964128281
53.46733668341709	0.08150369550612044
53.869346733668344	0.08046581340575373
54.2713567839196	0.0746048276215262
54.67336683417086	0.06485691863423095
55.07537688442211	0.05275849847351653
55.47738693467337	0.04045276986265632
55.879396984924625	0.03018900077249993
56.28140703517588	0.023320700085733396
56.68341708542714	0.021209824905788374
57.085427135678394	0.02435372997764334
57.48743718592965	0.03183040266062754
57.88944723618091	0.04172061184426372
58.29145728643216	0.051947679192792376
58.69346733668342	0.06092851805905776
59.095477386934675	0.06679689555366909
59.49748743718593	0.06866643947723863
59.89949748743719	0.06639242612013471
60.301507537688444	0.06035425253494112
60.7035175879397	0.05178665150065418
61.10552763819096	0.042368955733654776
61.50753768844221	0.03391344552085959
61.90954773869347	0.028253982105009012
62.311557788944725	0.026498741056850635
62.71356783919598	0.0293136280532524
63.11557788944724	0.03497298208227649
63.517587939698494	0.04217564769821174
63.91959798994975	0.049607731308711225
64.32160804020101	0.05602584614536188
64.72361809045226	0.060787210594621374
65.12562814070353	0.0630140004380636
65.52763819095478	0.06294408302379045
65.92964824120604	0.06050739342379202
66.33165829145729	0.05625920651658835
66.73366834170855	0.05070715381987909
67.1356783919598	0.044732625251751854
67.53768844221106	0.04001373840327105
67.93969849246231	0.03737331778380429
68.34170854271358	0.03747825227801704
68.74371859296483	0.0402424031246862
69.14572864321609	0.04449950008343688
69.54773869346734	0.04934391949326784
69.9497487437186	0.054056409478139736
70.35175879396985	0.0583425559446045
70.75376884422111	0.061449100094478494
71.15577889447236	0.06269422998093611
71.55778894472363	0.06205359331250839
71.95979899497488	0.05914807664327872
72.36180904522614	0.05428908608454153
72.76381909547739	0.04819419573162218
73.16582914572865	0.0422331005312941
73.5678391959799	0.03824310552955107
73.96984924623116	0.03720408792215298
74.37185929648241	0.03908274123823024
74.77386934673368	0.04300571960933479
75.17587939698493	0.04759301521940564
75.57788944723619	0.05197389230031033
75.97989949748744	0.05581383895938845
76.3819095477387	0.05883538626744431
76.78391959798995	0.06070180403051741
77.18592964824121	0.060958566466441724
77.58793969849246	0.059291509092914516
77.98994974874373	0.05559512935528863
78.39195979899498	0.05048661623135277
78.79396984924624	0.04468898493152992
79.19597989949749	0.03994131991413104
79.59798994974875	0.03828273567140651
80.0	0.0399873241429417
