0.0	0.01888887113003166
0.4020100502512563	0.017354313953218455
0.8040201005025126	0.012954835350753932
1.206030150753769	0.006529771693582452
1.6080402010050252	0.0017517947282541968
2.0100502512562817	0.007791619383780221
2.412060301507538	0.012681224626348053
2.814070351758794	0.014851602556607122
3.2160804020100504	0.013974684239394703
3.6180904522613067	0.009990154102116018
4.020100502512563	0.0037449931883543805
4.42211055276382	0.00369104718808375
4.824120603015076	0.01101006862261842
5.226130653266332	0.016872150983070298
5.628140703517588	0.020064382304858273
6.030150753768845	0.02037980159928478
6.432160804020101	0.017702944664272306
6.834170854271357	0.012365617658747417
7.236180904522613	0.006200377470674119
7.63819095477387	0.0038208353793315357
8.040201005025127	0.008114130213312
8.442211055276383	0.011138316898673303
8.84422110552764	0.011505168037879685
9.246231155778895	0.008761469419970507
9.648241206030152	0.0041898656731816
10.050251256281408	0.005801766806834449
10.452261306532664	0.01300865898856474
10.85427135678392	0.019653256689477844
11.256281407035177	0.02433796116241837
11.658291457286433	0.025973810293907735
12.06030150753769	0.024435026069202913
12.462311557788945	0.020397845717388383
12.864321608040202	0.01623307406094551
13.266331658291458	0.015325535943698268
13.668341708542714	0.018568003825576586
14.07035175879397	0.023034263725730007
14.472361809045227	0.025963480179593428
14.874371859296483	0.026126550354248358
15.27638190954774	0.02250879991365879
15.678391959798995	0.01494709840828717
16.080402010050253	0.006721531644670148
16.48241206030151	0.01951801038889458
16.884422110552766	0.035556864458866064
17.286432160804022	0.04751093860349945
17.68844221105528	0.05250839999764547
18.090452261306535	0.050024066233191035
18.49246231155779	0.043302675258556036
18.894472361809047	0.04008143949019319
19.296482412060303	0.04565797213164423
19.69849246231156	0.054925684337252
20.100502512562816	0.06102490092191189
20.502512562814072	0.06114413584554516
20.90452261306533	0.05330911820413923
21.306532663316585	0.04046517560066089
21.70854271356784	0.028140326719799203
22.110552763819097	0.028848934239456316
22.512562814070353	0.04125849781789119
22.91457286432161	0.05306819539296011
23.316582914572866	0.06030312292396306
23.718592964824122	0.06287515374390146
24.12060301507538	0.06386807531632288
24.522613065326635	0.0681373016280511
24.92462311557789	0.07631150925807986
25.326633165829147	0.08446996210338378
25.728643216080403	0.08880497473607299
26.13065326633166	0.08670168641779999
26.532663316582916	0.07886400321716958
26.934673366834172	0.06656798014527461
27.33668341708543	0.05352661517310614
27.738693467336685	0.04543204807168451
28.14070351758794	0.04607783670059108
28.542713567839197	0.0528648562914094
28.944723618090453	0.06042084057767213
29.34673366834171	0.06604534741553583
29.748743718592966	0.06956792658378144
30.150753768844222	0.07216997159624088
30.55276381909548	0.07560848939463909
30.954773869346734	0.080281706073275
31.35678391959799	0.08473664727869964
31.758793969849247	0.0868684783302445
32.16080402010051	0.08438897077847277
32.56281407035176	0.07668046337964156
32.96482412060302	0.06359847926558673
33.366834170854275	0.04791521476486048
33.76884422110553	0.034514381783258684
34.17085427135679	0.032870603550463194
34.572864321608044	0.0422530934176216
34.9748743718593	0.052476057211005435
35.37688442211056	0.0578463247430271
35.77889447236181	0.057998848397881074
36.18090452261307	0.0535033631656537
36.582914572864325	0.04854714665407035
36.98492462311558	0.046852809830983846
37.38693467336684	0.04857934203073096
37.788944723618094	0.05134441258373244
38.19095477386935	0.05065418499963633
38.59296482412061	0.04466652350781718
38.99497487437186	0.033624416037657985
39.39698492462312	0.021008733989732954
39.798994974874375	0.01906819416901638
40.20100502512563	0.03082411498812751
40.60301507537689	0.043876638603617985
41.005025125628144	0.052772492477543675
41.4070351758794	0.055507626533795096
41.80904522613066	0.053459129689180665
42.21105527638191	0.0477815841286401
42.61306532663317	0.04220006898720793
43.015075376884425	0.0402545051859109
43.41708542713568	0.042232535798091345
43.81909547738694	0.04389911428184859
44.221105527638194	0.042638360745090795
44.62311557788945	0.03576994806421746
45.02512562814071	0.02411087011736173
45.42713567839196	0.011785662622708606
45.82914572864322	0.01687833053962829
46.231155778894475	0.03176031645407115
46.63316582914573	0.044760265397325555
47.03517587939699	0.05254580932837781
47.437185929648244	0.05503362774746386
47.8391959798995	0.05344926516923493
48.24120603015076	0.04960992698934863
48.64321608040201	0.04657222117884907
49.04522613065327	0.04612353912580856
49.447236180904525	0.047682510209549264
49.84924623115578	0.04844652800113964
50.25125628140704	0.04602106628422109
50.653266331658294	0.038939941850970876
51.05527638190955	0.02883168732971982
51.45728643216081	0.022529624300959214
51.85929648241206	0.02977605638692591
52.26130653266332	0.04421174828392811
52.663316582914575	0.05780735965159288
53.06532663316583	0.06679091222974784
53.46733668341709	0.06946301980702516
53.869346733668344	0.06624881066004382
54.2713567839196	0.058686990782311654
54.67336683417086	0.05055244565898072
55.07537688442211	0.045845753448108
55.47738693467337	0.04586190787001179
55.879396984924625	0.04712995475232655
56.28140703517588	0.04555365459978626
56.68341708542714	0.04062147253678791
57.085427135678394	0.034293298885304344
57.48743718592965	0.03263892780327466
57.88944723618091	0.03984221880574216
58.29145728643216	0.051132223770903686
58.69346733668342	0.060261094644810095
59.095477386934675	0.06435473347391868
59.49748743718593	0.06174997030970031
59.89949748743719	0.05352602293738447
60.301507537688444	0.042653243828398926
60.7035175879397	0.03423197293831355
61.10552763819096	0.03327236601478826
61.50753768844221	0.03748315364869295
61.90954773869347	0.041192896149837635
62.311557788944725	0.04072282887875626
62.71356783919598	0.03665846361195547
63.11557788944724	0.034243798564422855
63.517587939698494	0.03880191227640744
63.91959798994975	0.04964976704696419
64.32160804020101	0.06101941565309549
64.72361809045226	0.0687589236412366
65.12562814070353	0.07059171332946217
65.52763819095478	0.06590662813468531
65.92964824120604	0.056525215406435125
66.33165829145729	0.045168509473755204
66.73366834170855	0.035865886706759983
67.1356783919598	0.03249380989813371
67.53768844221106	0.03314256751380739
67.93969849246231	0.03408339293408365
68.34170854271358	0.033528555549009506
68.74371859296483	0.03407508793896802
69.14572864321609	0.04060620229142571
69.54773869346734	0.05324503806491941
69.9497487437186	0.0678911883133441
70.35175879396985	0.0801306167802401
70.75376884422111	0.08662715639386838
71.15577889447236	0.08582976021476289
71.55778894472363	0.07765573780852872
71.95979899497488	0.06375183079216128
72.36180904522614	0.04741850803721096
72.76381909547739	0.0330272274864597
73.16582914572865	0.02565662481109039
73.5678391959799	0.025875796330308138
73.96984924623116	0.028537575096055555
74.37185929648241	0.032399200035684673
74.77386934673368	0.0405974755020132
75.17587939698493	0.053870467732864594
75.57788944723619	0.06911743606848061
75.97989949748744	0.08251432691574992
76.3819095477387	0.09087517593584032
76.78391959798995	0.0922998377533175
77.18592964824121	0.08562137600809062
77.58793969849246	0.07249439107617177
77.98994974874373	0.055340088135011165
78.39195979899498	0.036647794679843256
78.79396984924624	0.020632933635697875
79.19597989949749	0.010804764081732272
79.59798994974875	0.011055125477068519
80.0	0.01556082263353109
