0.0	0.015104064225135622
0.4020100502512563	0.015337325583860325
0.8040201005025126	0.013021306458883131
1.206030150753769	0.008832574548461088
1.6080402010050252	0.004194593237255911
2.0100502512562817	0.003996270817253815
2.412060301507538	0.007871005162802158
2.814070351758794	0.01038379430670329
3.2160804020100504	0.010749401480077444
3.6180904522613067	0.008502530258816135
4.020100502512563	0.004108572942269528
4.42211055276382	0.00210612506459083
4.824120603015076	0.008152909444185376
5.226130653266332	0.01369679726889243
5.628140703517588	0.0175592791147867
6.030150753768845	0.01923643531371328
6.432160804020101	0.018483447477134075
6.834170854271357	0.01582193502642144
7.236180904522613	0.011937418449749795
7.63819095477387	0.008116641340859364
8.040201005025127	0.006681424538911021
8.442211055276383	0.007261407525000532
8.84422110552764	0.007796899188675965
9.246231155778895	0.006850327453113805
9.648241206030152	0.005847590077356302
10.050251256281408	0.008031242712696911
10.452261306532664	0.0129754188777158
10.85427135678392	0.018757639553190156
11.256281407035177	0.023080162158600627
11.658291457286433	0.02505272609966282
12.06030150753769	0.02409838465288831
12.462311557788945	0.020267024314721167
12.864321608040202	0.015292993481929132
13.266331658291458	0.012718461032781342
13.668341708542714	0.01459095266079875
14.07035175879397	0.016320806151586743
14.472361809045227	0.014774810127618809
14.874371859296483	0.010187464910881756
15.27638190954774	0.013632312325000529
15.678391959798995	0.025318172337202495
16.080402010050253	0.036573356964759995
16.48241206030151	0.043368047076868976
16.884422110552766	0.04475118346461314
17.286432160804022	0.041447490444287347
17.68844221105528	0.03628736386549199
18.090452261306535	0.03350627258627534
18.49246231155779	0.0368794781372354
18.894472361809047	0.04318416181796172
19.296482412060303	0.04734676683618942
19.69849246231156	0.046748572675416177
20.100502512562816	0.040091653076696925
20.502512562814072	0.02913939895444075
20.90452261306533	0.0180910133561454
21.306532663316585	0.01824350566423934
21.70854271356784	0.028449800665751913
22.110552763819097	0.037916412344557233
22.512562814070353	0.043049700462958966
22.91457286432161	0.044845466577811285
23.316582914572866	0.046777909772573886
23.718592964824122	0.05084390859350303
24.12060301507538	0.056701623408632315
24.522613065326635	0.06112062925484829
24.92462311557789	0.05971815870948638
25.326633165829147	0.05172456439318881
25.728643216080403	0.03821044931942389
26.13065326633166	0.022285682064069817
26.532663316582916	0.012468357225990856
26.934673366834172	0.02189207261821111
27.33668341708543	0.03303982255488015
27.738693467336685	0.04105598645943737
28.14070351758794	0.046642741000952226
28.542713567839197	0.05397237354790433
28.944723618090453	0.06347993623516587
29.34673366834171	0.07309508744219215
29.748743718592966	0.07941257345242785
30.150753768844222	0.07900783579554146
30.55276381909548	0.07148301075902953
30.954773869346734	0.05732763489817065
31.35678391959799	0.03942831378129332
31.758793969849247	0.02159805607281796
32.16080402010051	0.010563754667976339
32.56281407035176	0.01353140067415592
32.96482412060302	0.01660377611051483
33.366834170854275	0.015580064488886856
33.76884422110553	0.01620915069830605
34.17085427135679	0.02598716608270325
34.572864321608044	0.04014509490735588
34.9748743718593	0.05337407965021455
35.37688442211056	0.06130721873866914
35.77889447236181	0.0627374193449927
36.18090452261307	0.057141235463748496
36.582914572864325	0.04584148524090958
36.98492462311558	0.030821244706266827
37.38693467336684	0.015746713582231214
37.788944723618094	0.0073029655085004985
38.19095477386935	0.012463654180425245
38.59296482412061	0.016259544023346617
38.99497487437186	0.01397982287796384
39.39698492462312	0.006490202014941072
39.798994974874375	0.005710420121694686
40.20100502512563	0.018493830684030398
40.60301507537689	0.0304789643960153
41.005025125628144	0.03877184938963961
41.4070351758794	0.043085168442891564
41.80904522613066	0.04184161675433444
42.21105527638191	0.03652241568302565
42.61306532663317	0.0290948126438563
43.015075376884425	0.020695630141973922
43.41708542713568	0.014603346811588574
43.81909547738694	0.012015698136911685
44.221105527638194	0.011543360201380764
44.62311557788945	0.00937289415139321
45.02512562814071	0.004377563878126908
45.42713567839196	0.004649217864314129
45.82914572864322	0.014900354187709219
46.231155778894475	0.02580763723031651
46.63316582914573	0.03498661170922517
47.03517587939699	0.04196636436489793
47.437185929648244	0.04454303381187927
47.8391959798995	0.043721391095861
48.24120603015076	0.03873689616838866
48.64321608040201	0.03045100637551812
49.04522613065327	0.02030570788343416
49.447236180904525	0.010111990468239775
49.84924623115578	0.0052866682835316665
50.25125628140704	0.01016376231116819
50.653266331658294	0.01416657632759365
51.05527638190955	0.01627687382415157
51.45728643216081	0.01918315493641983
51.85929648241206	0.026210388905688713
52.26130653266332	0.0359846290404681
52.663316582914575	0.0452224123515003
53.06532663316583	0.052043432740645476
53.46733668341709	0.05435863734296211
53.869346733668344	0.05079739865524291
54.2713567839196	0.041719288027647516
54.67336683417086	0.028736870448336754
55.07537688442211	0.016681537178727408
55.47738693467337	0.016351110958233432
55.879396984924625	0.025197460261303768
56.28140703517588	0.032592767369759516
56.68341708542714	0.035171276742960736
57.085427135678394	0.0329178398968512
57.48743718592965	0.028211815090415527
57.88944723618091	0.024851588822366825
58.29145728643216	0.02723651707814042
58.69346733668342	0.033398649641019185
59.095477386934675	0.03841841380512218
59.49748743718593	0.03949882142768816
59.89949748743719	0.03556265162043158
60.301507537688444	0.02706024090077323
60.7035175879397	0.015022866189390255
61.10552763819096	0.0051381550135345365
61.50753768844221	0.013404264596940172
61.90954773869347	0.022317857597969476
62.311557788944725	0.027020866334550926
62.71356783919598	0.02668626948881992
63.11557788944724	0.02410245736164281
63.517587939698494	0.02422382987001642
63.91959798994975	0.029866659834085457
64.32160804020101	0.03802481777875723
64.72361809045226	0.04435155366817244
65.12562814070353	0.04606290586184337
65.52763819095478	0.042684547563340274
65.92964824120604	0.03499547003637128
66.33165829145729	0.024864754459225927
66.73366834170855	0.017015377459945323
67.1356783919598	0.01716031427115059
67.53768844221106	0.022203722172454577
67.93969849246231	0.026428005293170825
68.34170854271358	0.027858597537382547
68.74371859296483	0.0282682392316728
69.14572864321609	0.03068457205809218
69.54773869346734	0.03685639278267257
69.9497487437186	0.044435241498780115
70.35175879396985	0.05063418743474081
70.75376884422111	0.05329498835520582
71.15577889447236	0.05130662424305112
71.55778894472363	0.044838660300024445
71.95979899497488	0.035036799809317294
72.36180904522614	0.0238458794365455
72.76381909547739	0.014197091230407338
73.16582914572865	0.012252005430120894
73.5678391959799	0.016698576846940746
73.96984924623116	0.020877907900742617
74.37185929648241	0.023628967808718183
74.77386934673368	0.026879582495949933
75.17587939698493	0.03191905673206094
75.57788944723619	0.038999648522844585
75.97989949748744	0.04590129019065736
76.3819095477387	0.050384315620468335
76.78391959798995	0.05053358279226823
77.18592964824121	0.04632121530987803
77.58793969849246	0.03782047979821305
77.98994974874373	0.026225893223698386
78.39195979899498	0.013452772551614126
78.79396984924624	0.0017080274237781111
79.19597989949749	0.007203473271729562
79.59798994974875	0.011673576008686879
80.0	0.01161473268501052
