0.0	0.008271763092353487
0.4020100502512563	0.006921740651034668
0.8040201005025126	0.005224567023195274
1.206030150753769	0.003996042540517261
1.6080402010050252	0.004299320012235262
2.0100502512562817	0.005609316495458229
2.412060301507538	0.006588858536805521
2.814070351758794	0.006327326600812281
3.2160804020100504	0.005178986900635591
3.6180904522613067	0.0033431901650649806
4.020100502512563	0.002132989729958074
4.42211055276382	0.0036373688758914273
4.824120603015076	0.005845602183312355
5.226130653266332	0.007362622170387884
5.628140703517588	0.007925140351369191
6.030150753768845	0.00768246681652906
6.432160804020101	0.0068418871164833165
6.834170854271357	0.0064132030712198956
7.236180904522613	0.006738366226152264
7.63819095477387	0.007756442953135758
8.040201005025127	0.008544962194765741
8.442211055276383	0.00827051554172548
8.84422110552764	0.007150246150855957
9.246231155778895	0.0050771474258597986
9.648241206030152	0.002393530196604556
10.050251256281408	0.0006603391773102091
10.452261306532664	0.0032586260385004165
10.85427135678392	0.005352428594856606
11.256281407035177	0.006545256836519986
11.658291457286433	0.007120375552801606
12.06030150753769	0.0072073605724928425
12.462311557788945	0.0076426790842751184
12.864321608040202	0.008680040202718241
13.266331658291458	0.010550239102068927
13.668341708542714	0.012373953115280733
14.07035175879397	0.01355778139718633
14.472361809045227	0.01343979606298514
14.874371859296483	0.011906480028520202
15.27638190954774	0.009359483283305643
15.678391959798995	0.006201172521283832
16.080402010050253	0.004010252008177577
16.48241206030151	0.004640769878121559
16.884422110552766	0.006049053133751482
17.286432160804022	0.006757615006613024
17.68844221105528	0.00741978236159555
18.090452261306535	0.009197642387320508
18.49246231155779	0.012966326014025467
18.894472361809047	0.017854352352960314
19.296482412060303	0.022786013523563776
19.69849246231156	0.026528278117897867
20.100502512562816	0.02877780851732335
20.502512562814072	0.028732408743560957
20.90452261306533	0.026873845015934778
21.306532663316585	0.02336073309705172
21.70854271356784	0.019122393218526445
22.110552763819097	0.014785402715301165
22.512562814070353	0.011895843332177055
22.91457286432161	0.010582374930119797
23.316582914572866	0.010392006443888475
23.718592964824122	0.011460534344630808
24.12060301507538	0.01320864490701309
24.522613065326635	0.016336613645764046
24.92462311557789	0.019816160965447006
25.326633165829147	0.023065223491754945
25.728643216080403	0.02608976325144653
26.13065326633166	0.027833688835000668
26.532663316582916	0.028345133789810323
26.934673366834172	0.027156281674122124
27.33668341708543	0.024576585544273298
27.738693467336685	0.021228963646286854
28.14070351758794	0.017912795780165573
28.542713567839197	0.015170177327688375
28.944723618090453	0.013560602093156232
29.34673366834171	0.013256926079700474
29.748743718592966	0.013483048292913325
30.150753768844222	0.014733190585020461
30.55276381909548	0.017263776451414244
30.954773869346734	0.02083653107762657
31.35678391959799	0.024523820971840166
31.758793969849247	0.027466525564221515
32.16080402010051	0.0288678928704232
32.56281407035176	0.028464540821509555
32.96482412060302	0.026364453360695244
33.366834170854275	0.022990185046452352
33.76884422110553	0.019526701204936867
34.17085427135679	0.016772192024836936
34.572864321608044	0.015366087920224508
34.9748743718593	0.015097263451351137
35.37688442211056	0.015375404488788078
35.77889447236181	0.016710267047497916
36.18090452261307	0.01934817283176558
36.582914572864325	0.02267407413442418
36.98492462311558	0.025922588372332404
37.38693467336684	0.02869298196040791
37.788944723618094	0.029802597342307884
38.19095477386935	0.02961052719034124
38.59296482412061	0.028073663278450157
38.99497487437186	0.02603570331609074
39.39698492462312	0.023869086352817523
39.798994974874375	0.02217172067541992
40.20100502512563	0.021262438851178487
40.60301507537689	0.020762436704945673
41.005025125628144	0.020667736801880204
41.4070351758794	0.021291566591984147
41.80904522613066	0.022625134785295136
42.21105527638191	0.024880352072041267
42.61306532663317	0.0278167874274388
43.015075376884425	0.03118021311941636
43.41708542713568	0.03383256652043429
43.81909547738694	0.03513430358630575
44.221105527638194	0.03503865468601271
44.62311557788945	0.033591175760300865
45.02512562814071	0.03141565554428751
45.42713567839196	0.028883410931588704
45.82914572864322	0.026854894054397144
46.231155778894475	0.02531896607445982
46.63316582914573	0.02452229565195153
47.03517587939699	0.02419977103407137
47.437185929648244	0.024802390494822833
47.8391959798995	0.026794468617049604
48.24120603015076	0.029721296862368324
48.64321608040201	0.03291408960799021
49.04522613065327	0.035875343403961174
49.447236180904525	0.03809628770131411
49.84924623115578	0.03917657125532357
50.25125628140704	0.03907991677805051
50.653266331658294	0.03841848354779439
51.05527638190955	0.03731909366920398
51.45728643216081	0.036226639968389505
51.85929648241206	0.03527139529842782
52.26130653266332	0.03433979390317949
52.663316582914575	0.03386045805310849
53.06532663316583	0.034006380532760866
53.46733668341709	0.03503540635771691
53.869346733668344	0.03711573657410635
54.2713567839196	0.04035887082836493
54.67336683417086	0.044046962765285844
55.07537688442211	0.04749152248464712
55.47738693467337	0.05026231788334033
55.879396984924625	0.0523431418116729
56.28140703517588	0.053901574645946526
56.68341708542714	0.05491319625959409
57.085427135678394	0.05548919507839162
57.48743718592965	0.05608262252888081
57.88944723618091	0.056196474970883606
58.29145728643216	0.05624545133035667
58.69346733668342	0.05659619531969303
59.095477386934675	0.05700890477130673
59.49748743718593	0.05811675803541311
59.89949748743719	0.05971670756120867
60.301507537688444	0.06186877325061595
60.7035175879397	0.06393703313342036
61.10552763819096	0.06534432589708947
61.50753768844221	0.06605347063403197
61.90954773869347	0.0655643133713464
62.311557788944725	0.06388479171319697
62.71356783919598	0.06157623779618193
63.11557788944724	0.05928815721658505
63.517587939698494	0.05759261737974054
63.91959798994975	0.056670192021129474
64.32160804020101	0.056283969748240625
64.72361809045226	0.05681868653228187
65.12562814070353	0.05771312284395184
65.52763819095478	0.059186854456718896
65.92964824120604	0.061073537357761706
66.33165829145729	0.06279567554365609
66.73366834170855	0.0637897358330758
67.1356783919598	0.06352243690381307
67.53768844221106	0.06209287465156734
67.93969849246231	0.0595923059679417
68.34170854271358	0.056205469177011594
68.74371859296483	0.052876822816564376
69.14572864321609	0.049736862038965636
69.54773869346734	0.0474558112291393
69.9497487437186	0.046171949551249876
70.35175879396985	0.045650109031842724
70.75376884422111	0.04604733412092378
71.15577889447236	0.04751563992540235
71.55778894472363	0.0500558235587605
71.95979899497488	0.05301450578222956
72.36180904522614	0.056016706370217495
72.76381909547739	0.058528056591640544
73.16582914572865	0.0599543644271857
73.5678391959799	0.060106447666116156
73.96984924623116	0.058785643789761644
74.37185929648241	0.056735609202790735
74.77386934673368	0.053854315756971895
75.17587939698493	0.0509802821269175
75.57788944723619	0.04849588222859474
75.97989949748744	0.04671598363974215
76.3819095477387	0.04598054745085946
76.78391959798995	0.04655145550529847
77.18592964824121	0.048161906215266136
77.58793969849246	0.050648756109452096
77.98994974874373	0.05403256285515947
78.39195979899498	0.0573563817273328
78.79396984924624	0.0600783185252437
79.19597989949749	0.06187124077292625
79.59798994974875	0.06230118926472737
80.0	0.06118751908421101
