0.0	0.010618018482855544
0.4020100502512563	0.010564643089118987
0.8040201005025126	0.009320183394226933
1.206030150753769	0.007395397261432242
1.6080402010050252	0.005723666149479299
2.0100502512562817	0.005553200590873691
2.412060301507538	0.0064753054902212
2.814070351758794	0.007353813197270341
3.2160804020100504	0.007006916813494786
3.6180904522613067	0.005426670299292519
4.020100502512563	0.0034423867716064753
4.42211055276382	0.0031998648753163946
4.824120603015076	0.006031524249073245
5.226130653266332	0.009123974523896362
5.628140703517588	0.011601393008242488
6.030150753768845	0.012868459034459087
6.432160804020101	0.012917941091877855
6.834170854271357	0.011855007997332339
7.236180904522613	0.010079347327796546
7.63819095477387	0.008649836275676294
8.040201005025127	0.0075631764557551415
8.442211055276383	0.006830740507490963
8.84422110552764	0.005578307381380186
9.246231155778895	0.0033099952105753562
9.648241206030152	0.000828698607248787
10.050251256281408	0.005000239058066619
10.452261306532664	0.009900822436149256
10.85427135678392	0.014827131611682618
11.256281407035177	0.01896542818926883
11.658291457286433	0.021677324205091397
12.06030150753769	0.022523580418965412
12.462311557788945	0.021908566376176948
12.864321608040202	0.019523629609758224
13.266331658291458	0.016365712928782753
13.668341708542714	0.012896498617211182
14.07035175879397	0.009774050609202698
14.472361809045227	0.007972969002991144
14.874371859296483	0.008259052003159784
15.27638190954774	0.010619526623732358
15.678391959798995	0.014596629874467318
16.080402010050253	0.020078648331413994
16.48241206030151	0.025956709566775184
16.884422110552766	0.03150582330866825
17.286432160804022	0.03583273691919857
17.68844221105528	0.03856845516822936
18.090452261306535	0.0392516639532554
18.49246231155779	0.03823982118325956
18.894472361809047	0.035788232855908556
19.296482412060303	0.032727404947076835
19.69849246231156	0.029988284729917027
20.100502512562816	0.028792336257143003
20.502512562814072	0.029308255314463426
20.90452261306533	0.03183196932712522
21.306532663316585	0.03614678178664277
21.70854271356784	0.0419554649044783
22.110552763819097	0.04845613981929602
22.512562814070353	0.05465090428165868
22.91457286432161	0.05963310138547
23.316582914572866	0.06303466691536287
23.718592964824122	0.06462879310136742
24.12060301507538	0.06480613387944673
24.522613065326635	0.06394786386273782
24.92462311557789	0.06262713852124133
25.326633165829147	0.0613433088978767
25.728643216080403	0.06012131741824524
26.13065326633166	0.059127822141237865
26.532663316582916	0.05838096971894326
26.934673366834172	0.05777878353526959
27.33668341708543	0.05725908992153679
27.738693467336685	0.057128456803328356
28.14070351758794	0.057534907170745796
28.542713567839197	0.05875440057781012
28.944723618090453	0.060720642181334175
29.34673366834171	0.06335953005603587
29.748743718592966	0.06633428851544702
30.150753768844222	0.0690889706099642
30.55276381909548	0.07096689554021564
30.954773869346734	0.07135692258778456
31.35678391959799	0.07045896678846437
31.758793969849247	0.0677270088934973
32.16080402010051	0.06388184725438081
32.56281407035176	0.05946402464206012
32.96482412060302	0.05496957546567731
33.366834170854275	0.05159735285481828
33.76884422110553	0.04935221272460894
34.17085427135679	0.04873427484034231
34.572864321608044	0.04993745873204679
34.9748743718593	0.05247799753622514
35.37688442211056	0.055928893350179684
35.77889447236181	0.059465687720952565
36.18090452261307	0.06258218044898636
36.582914572864325	0.06440631248138551
36.98492462311558	0.0648133740039051
37.38693467336684	0.06353717065487018
37.788944723618094	0.06064998873910432
38.19095477386935	0.05701631090881852
38.59296482412061	0.05288807214574688
38.99497487437186	0.04912380092765251
39.39698492462312	0.04622815649460503
39.798994974874375	0.04473704275443025
40.20100502512563	0.04472310831844061
40.60301507537689	0.046386051491035814
41.005025125628144	0.049321814862517036
41.4070351758794	0.052884630568140946
41.80904522613066	0.05658104324587219
42.21105527638191	0.05966842325424312
42.61306532663317	0.0616792092072909
43.015075376884425	0.06223055242584726
43.41708542713568	0.06146688031167212
43.81909547738694	0.05903310006864191
44.221105527638194	0.055724763232426866
44.62311557788945	0.05213255057445952
45.02512562814071	0.04863511846834739
45.42713567839196	0.04608637258513319
45.82914572864322	0.04454735805274303
46.231155778894475	0.04462939988509713
46.63316582914573	0.046257134375523305
47.03517587939699	0.04894205687464302
47.437185929648244	0.052496649751039216
47.8391959798995	0.05617194866951673
48.24120603015076	0.05926239406197672
48.64321608040201	0.0609750213402382
49.04522613065327	0.06104795072844269
49.447236180904525	0.059388837712520494
49.84924623115578	0.056062276356076815
50.25125628140704	0.051752463688098584
50.653266331658294	0.04698442151413706
51.05527638190955	0.04331898484553989
51.45728643216081	0.040957659514494836
51.85929648241206	0.04089570446769471
52.26130653266332	0.04278354419648668
52.663316582914575	0.04644513202488053
53.06532663316583	0.05067182088656499
53.46733668341709	0.05496889966165593
53.869346733668344	0.05831327536593491
54.2713567839196	0.060280809683334935
54.67336683417086	0.06060735872792243
55.07537688442211	0.05923970770307384
55.47738693467337	0.05648976790335304
55.879396984924625	0.053119769237429434
56.28140703517588	0.04981260176529546
56.68341708542714	0.04754458746967001
57.085427135678394	0.04653238364995975
57.48743718592965	0.046757676564363165
57.88944723618091	0.04866722501844872
58.29145728643216	0.05145474399601683
58.69346733668342	0.05457653003179973
59.095477386934675	0.057540527654021886
59.49748743718593	0.0594580813683924
59.89949748743719	0.06010616208193882
60.301507537688444	0.059701359446760124
60.7035175879397	0.05826510039335575
61.10552763819096	0.05650588266283193
61.50753768844221	0.05480906529198001
61.90954773869347	0.05363320329586457
62.311557788944725	0.05326390721118279
62.71356783919598	0.05347013413318128
63.11557788944724	0.05432003474933641
63.517587939698494	0.05512396398454024
63.91959798994975	0.05616006342172791
64.32160804020101	0.056975056035193004
64.72361809045226	0.057478897679905536
65.12562814070353	0.057734667556190646
65.52763819095478	0.05823667380896337
65.92964824120604	0.05877132180574699
66.33165829145729	0.0594852826033869
66.73366834170855	0.060130628683191176
67.1356783919598	0.06064700405536111
67.53768844221106	0.06112432431239362
67.93969849246231	0.06112830698087118
68.34170854271358	0.060636346252904004
68.74371859296483	0.05969932959564019
69.14572864321609	0.05812951162894601
69.54773869346734	0.056577851039832094
69.9497487437186	0.05500820643813416
70.35175879396985	0.05407878294744424
70.75376884422111	0.053788104815752455
71.15577889447236	0.054457909029924846
71.55778894472363	0.05571778650343069
71.95979899497488	0.05705725610325289
72.36180904522614	0.058454755850484874
72.76381909547739	0.059368627325377496
73.16582914572865	0.05969972268132786
73.5678391959799	0.059041556896469706
73.96984924623116	0.05771841922064368
74.37185929648241	0.05564386865523232
74.77386934673368	0.053264069778238096
75.17587939698493	0.0509260046260865
75.57788944723619	0.04898098206805634
75.97989949748744	0.047669772310711546
76.3819095477387	0.04749571268470073
76.78391959798995	0.04858351750857607
77.18592964824121	0.050966782162677235
77.58793969849246	0.054074704973351054
77.98994974874373	0.057477930016569825
78.39195979899498	0.06028302570938857
78.79396984924624	0.06201635972255293
79.19597989949749	0.062323394995165426
79.59798994974875	0.06087593003595343
80.0	0.05836629644814284
