0.0	0.009705979433294706
0.4020100502512563	0.008443054985347115
0.8040201005025126	0.005929124429532219
1.206030150753769	0.0028109218308174657
1.6080402010050252	0.002141974690242854
2.0100502512562817	0.005059405760608318
2.412060301507538	0.007270507225568918
2.814070351758794	0.008037096671921016
3.2160804020100504	0.007326680169036366
3.6180904522613067	0.005097939996892654
4.020100502512563	0.0018028767714506893
4.42211055276382	0.0022578635622833537
4.824120603015076	0.005581237605057897
5.226130653266332	0.008380990251510281
5.628140703517588	0.009738147191481009
6.030150753768845	0.009436742173516106
6.432160804020101	0.007843521711598616
6.834170854271357	0.005214164143276811
7.236180904522613	0.0028908420804270836
7.63819095477387	0.0035898957829897985
8.040201005025127	0.005825563947773031
8.442211055276383	0.007146931186302938
8.84422110552764	0.006946985929728843
9.246231155778895	0.00508407472500808
9.648241206030152	0.0019495027434810383
10.050251256281408	0.0022161605435424754
10.452261306532664	0.005942874877199089
10.85427135678392	0.009695548195206318
11.256281407035177	0.012192837625680224
11.658291457286433	0.013058028489200024
12.06030150753769	0.012152077307000544
12.462311557788945	0.009944396643297689
12.864321608040202	0.007303797047113661
13.266331658291458	0.005516643557663585
13.668341708542714	0.0060510865067175965
14.07035175879397	0.008156839731391323
14.472361809045227	0.010587242803035739
14.874371859296483	0.011890064838884587
15.27638190954774	0.011165414673931489
15.678391959798995	0.008288026691198496
16.080402010050253	0.003545368400653416
16.48241206030151	0.006351869660162846
16.884422110552766	0.013369925795889503
17.286432160804022	0.018510318770683258
17.68844221105528	0.01870857523589355
18.090452261306535	0.014854304298847884
18.49246231155779	0.007073088510061375
18.894472361809047	0.005679900640952794
19.296482412060303	0.015808722312650316
19.69849246231156	0.023664402682721776
20.100502512562816	0.027892639737720316
20.502512562814072	0.026841070562528817
20.90452261306533	0.021744369455800775
21.306532663316585	0.013624049635765398
21.70854271356784	0.004146345991806609
22.110552763819097	0.007519479907084177
22.512562814070353	0.013649755465925872
22.91457286432161	0.016478082550539574
23.316582914572866	0.014992456483309907
23.718592964824122	0.00882987774605795
24.12060301507538	0.002790889801015762
24.522613065326635	0.012281186633504712
24.92462311557789	0.023458844131160957
25.326633165829147	0.03293512930009365
25.728643216080403	0.039804423441486915
26.13065326633166	0.04195011236514294
26.532663316582916	0.03945018883587434
26.934673366834172	0.032554420647155975
27.33668341708543	0.02293272171246121
27.738693467336685	0.016815114657250003
28.14070351758794	0.01881710955060354
28.542713567839197	0.024911906743464735
28.944723618090453	0.028976460729242953
29.34673366834171	0.028318117006341736
29.748743718592966	0.02231217870178357
30.150753768844222	0.0116049118948699
30.55276381909548	0.006156570990492299
30.954773869346734	0.020146588445179494
31.35678391959799	0.03377800930752009
31.758793969849247	0.04438306839423208
32.16080402010051	0.04967388018005666
32.56281407035176	0.04950877280339772
32.96482412060302	0.04432437188914751
33.366834170854275	0.036449144079221465
33.76884422110553	0.030879368499629765
34.17085427135679	0.03013726292397284
34.572864321608044	0.03242290406060303
34.9748743718593	0.033955421297159255
35.37688442211056	0.03176090486378351
35.77889447236181	0.024999630097915913
36.18090452261307	0.016313529674260842
36.582914572864325	0.013038887226362959
36.98492462311558	0.021296065901353096
37.38693467336684	0.03226671214201565
37.788944723618094	0.040797812692251384
38.19095477386935	0.04560985424395285
38.59296482412061	0.046405582624882744
38.99497487437186	0.04427590428978077
39.39698492462312	0.04056012767626032
39.798994974874375	0.038308666492438595
40.20100502512563	0.03887183744185949
40.60301507537689	0.040622361128445986
41.005025125628144	0.04119718976384421
41.4070351758794	0.03934402430213227
41.80904522613066	0.034645078668143675
42.21105527638191	0.02918363767630444
42.61306532663317	0.027487458938478225
43.015075376884425	0.03233755554882443
43.41708542713568	0.042219373809688016
43.81909547738694	0.05292481298910161
44.221105527638194	0.060970514435116065
44.62311557788945	0.06594977253845877
45.02512562814071	0.06780638903896226
45.42713567839196	0.06716255753975792
45.82914572864322	0.06615598633209704
46.231155778894475	0.06581622097153442
46.63316582914573	0.06484903203827916
47.03517587939699	0.06310667754416574
47.437185929648244	0.05858161998963063
47.8391959798995	0.05160298467125794
48.24120603015076	0.043751857628845495
48.64321608040201	0.036774028280497445
49.04522613065327	0.035283421940364955
49.447236180904525	0.04019548046233304
49.84924623115578	0.04756472309057845
50.25125628140704	0.05397051730160792
50.653266331658294	0.05776835697536793
51.05527638190955	0.060514538176683466
51.45728643216081	0.06296572601694757
51.85929648241206	0.06670906662567717
52.26130653266332	0.07040415366840984
52.663316582914575	0.07231056871641006
53.06532663316583	0.07061526165176182
53.46733668341709	0.06443687685718383
53.869346733668344	0.05404552141425567
54.2713567839196	0.04124783850206946
54.67336683417086	0.02863438400326861
55.07537688442211	0.02219001914874097
55.47738693467337	0.025691134010627375
55.879396984924625	0.033408745813261545
56.28140703517588	0.04042161426308843
56.68341708542714	0.04654744712219529
57.085427135678394	0.05236967425229348
57.48743718592965	0.05846371047742134
57.88944723618091	0.06425014378222113
58.29145728643216	0.06867373469809862
58.69346733668342	0.07013643917557195
59.095477386934675	0.06800813813757212
59.49748743718593	0.06180776480382434
59.89949748743719	0.05165198655906907
60.301507537688444	0.039046317381179405
60.7035175879397	0.026696671759868073
61.10552763819096	0.020626602023774122
61.50753768844221	0.02493869161935005
61.90954773869347	0.033819147205102214
62.311557788944725	0.04196443133312505
62.71356783919598	0.048139631503630646
63.11557788944724	0.05234360998774421
63.517587939698494	0.055595585165526415
63.91959798994975	0.059119210557745924
64.32160804020101	0.06306083622044359
64.72361809045226	0.0664526698883096
65.12562814070353	0.06741798434584942
65.52763819095478	0.06478507539322208
65.92964824120604	0.05781291184532147
66.33165829145729	0.04747349275307679
66.73366834170855	0.03584700289464575
67.1356783919598	0.028287612073028066
67.53768844221106	0.029011184211134928
67.93969849246231	0.03530738787533917
68.34170854271358	0.04148415252953794
68.74371859296483	0.04561977589706665
69.14572864321609	0.04798974389927764
69.54773869346734	0.050629559144451566
69.9497487437186	0.055277813446435654
70.35175879396985	0.061610748252443594
70.75376884422111	0.06695555633422909
71.15577889447236	0.0691898029997188
71.55778894472363	0.06663796349661395
71.95979899497488	0.05921939457923675
72.36180904522614	0.04832664530413196
72.76381909547739	0.03623985052728404
73.16582914572865	0.026195552054181465
73.5678391959799	0.022620529457011252
73.96984924623116	0.025754158420465023
74.37185929648241	0.031214499243995553
74.77386934673368	0.03723352648473076
75.17587939698493	0.0440542903192577
75.57788944723619	0.05193473045200738
75.97989949748744	0.06021962648247534
76.3819095477387	0.06713374078332911
76.78391959798995	0.07097541883126478
77.18592964824121	0.07044171635577881
77.58793969849246	0.06574393698841745
77.98994974874373	0.05760801024086957
78.39195979899498	0.047287397171443826
78.79396984924624	0.036568631412539944
79.19597989949749	0.027380734380026788
79.59798994974875	0.02152332837378921
80.0	0.022089649212956912
