0.0	0.03748468363067244
0.4020100502512563	0.032603962593530725
0.8040201005025126	0.022523949518408165
1.206030150753769	0.009495034891682175
1.6080402010050252	0.007800983583823163
2.0100502512562817	0.019872371631444626
2.412060301507538	0.028551883798550653
2.814070351758794	0.03164678791722911
3.2160804020100504	0.028446420714489735
3.6180904522613067	0.01955890144310006
4.020100502512563	0.0066732117946300615
4.42211055276382	0.008111914147354866
4.824120603015076	0.021459356942475402
5.226130653266332	0.03126404353309703
5.628140703517588	0.03562655842640314
6.030150753768845	0.03397130012106582
6.432160804020101	0.02673518400268174
6.834170854271357	0.015501151265535019
7.236180904522613	0.007697350711328571
7.63819095477387	0.01647442648226664
8.040201005025127	0.026435709787354898
8.442211055276383	0.03171671586329761
8.84422110552764	0.0312262465381431
9.246231155778895	0.024835421874858127
9.648241206030152	0.013698482031940778
10.050251256281408	0.004399887330962927
10.452261306532664	0.01615238066969922
10.85427135678392	0.027994726198737052
11.256281407035177	0.03592623525974765
11.658291457286433	0.03778568385861244
12.06030150753769	0.03372037276555382
12.462311557788945	0.025277140613902377
12.864321608040202	0.01611475050471052
13.266331658291458	0.015443478578329253
13.668341708542714	0.02392089490920133
14.07035175879397	0.031502328792350945
14.472361809045227	0.034631101225175494
14.874371859296483	0.03236998240111114
15.27638190954774	0.025158082506202502
15.678391959798995	0.01424508791169037
16.080402010050253	0.005466728339756345
16.48241206030151	0.01425478808748255
16.884422110552766	0.024394792483187714
17.286432160804022	0.030598619948369925
17.68844221105528	0.03199457713102552
18.090452261306535	0.02873165040197992
18.49246231155779	0.02277921309839078
18.894472361809047	0.018559483276597503
19.296482412060303	0.02224979972088347
19.69849246231156	0.030268944071016997
20.100502512562816	0.03745709578679997
20.502512562814072	0.04075102990427729
20.90452261306533	0.03954799558396236
21.306532663316585	0.03386872110230521
21.70854271356784	0.02484124390964764
22.110552763819097	0.014812160926133563
22.512562814070353	0.010032116309491678
22.91457286432161	0.014603271563254638
23.316582914572866	0.019411251663946045
23.718592964824122	0.020770854285903174
24.12060301507538	0.018347400160973634
24.522613065326635	0.016268815863005718
24.92462311557789	0.020690099701183483
25.326633165829147	0.03095941485372179
25.728643216080403	0.04198215978311064
26.13065326633166	0.05058789302393313
26.532663316582916	0.054463890870240096
26.934673366834172	0.052709389599666624
27.33668341708543	0.04589698532569607
27.738693467336685	0.03527527326204656
28.14070351758794	0.023441065749319343
28.542713567839197	0.015170792433850505
28.944723618090453	0.014972571307794466
29.34673366834171	0.018077599811756648
29.748743718592966	0.019171523338696837
30.150753768844222	0.01919820488504978
30.55276381909548	0.023678270302059146
30.954773869346734	0.034595984815631364
31.35678391959799	0.04867556130390721
31.758793969849247	0.0619321187333877
32.16080402010051	0.07142154633847685
32.56281407035176	0.07550481342218338
32.96482412060302	0.07338747120023145
33.366834170854275	0.06557279530085922
33.76884422110553	0.05430001910427658
34.17085427135679	0.041887992073748215
34.572864321608044	0.03193259854056189
34.9748743718593	0.026935428090417834
35.37688442211056	0.02645609616144729
35.77889447236181	0.029129881931594194
36.18090452261307	0.03665534358256652
36.582914572864325	0.0493878870592605
36.98492462311558	0.06517747291003739
37.38693467336684	0.08066303435572482
37.788944723618094	0.09283251404345842
38.19095477386935	0.09904533226983961
38.59296482412061	0.09783289496204002
38.99497487437186	0.08930111205709326
39.39698492462312	0.07470092650355176
39.798994974874375	0.056601883659665383
40.20100502512563	0.038882416731817845
40.60301507537689	0.026161824814828198
41.005025125628144	0.021391236829191272
41.4070351758794	0.022499653962301504
41.80904522613066	0.028155098418671653
42.21105527638191	0.039935085046361
42.61306532663317	0.05656198001219829
43.015075376884425	0.07406568518133291
43.41708542713568	0.08799413751491326
43.81909547738694	0.09549707691818707
44.221105527638194	0.09469673356615042
44.62311557788945	0.0859258428394987
45.02512562814071	0.07043504237082707
45.42713567839196	0.05113403562065518
45.82914572864322	0.030920538083627956
46.231155778894475	0.013529488840662953
46.63316582914573	0.0020060026994356927
47.03517587939699	0.003730279285348424
47.437185929648244	0.002415223398784809
47.8391959798995	0.01049292269823442
48.24120603015076	0.025446630461398067
48.64321608040201	0.04250038725170922
49.04522613065327	0.05817036565345598
49.447236180904525	0.0698056641899912
49.84924623115578	0.07549813091398745
50.25125628140704	0.07424974766157107
50.653266331658294	0.06643314035134952
51.05527638190955	0.053770870720850183
51.45728643216081	0.03851660937071265
51.85929648241206	0.024283281622777823
52.26130653266332	0.016113823800860055
52.663316582914575	0.01631218593415603
53.06532663316583	0.01727312280970008
53.46733668341709	0.015562859535929771
53.869346733668344	0.016406597363122756
54.2713567839196	0.025300251572600962
54.67336683417086	0.0386821149494076
55.07537688442211	0.051637365707791906
55.47738693467337	0.061583710463506136
55.879396984924625	0.06664930085953671
56.28140703517588	0.06604436899000486
56.68341708542714	0.060000697996914695
57.085427135678394	0.04970602180806543
57.48743718592965	0.03789211711110096
57.88944723618091	0.02834822506565678
58.29145728643216	0.02492941685602397
58.69346733668342	0.02614971420849071
59.095477386934675	0.026805487339446165
59.49748743718593	0.02542071572449181
59.89949748743719	0.025236779883383593
60.301507537688444	0.031089872409630022
60.7035175879397	0.04162181158585702
61.10552763819096	0.0523787399734845
61.50753768844221	0.05995573177272717
61.90954773869347	0.06232062216567562
62.311557788944725	0.05880226072657875
62.71356783919598	0.04997039261275835
63.11557788944724	0.03854422641848409
63.517587939698494	0.029012783571652247
63.91959798994975	0.0269404252036001
64.32160804020101	0.031273890715974015
64.72361809045226	0.03575920987869611
65.12562814070353	0.03726563798167294
65.52763819095478	0.03623851181202151
65.92964824120604	0.03516695216976361
66.33165829145729	0.037030511924312226
66.73366834170855	0.04239053638488212
67.1356783919598	0.04897687822598322
67.53768844221106	0.05333091370063635
67.93969849246231	0.05397599527319401
68.34170854271358	0.05034846296866424
68.74371859296483	0.043658282321979755
69.14572864321609	0.03726673697541072
69.54773869346734	0.03543829665101459
69.9497487437186	0.0396565248736933
70.35175879396985	0.04558698705048898
70.75376884422111	0.049918820051893194
71.15577889447236	0.050847322561880404
71.55778894472363	0.0484550171838657
71.95979899497488	0.04469951441401311
72.36180904522614	0.04196413692015915
72.76381909547739	0.04227250979327245
73.16582914572865	0.04517363690977842
73.5678391959799	0.04800197626044359
73.96984924623116	0.04859594596213492
74.37185929648241	0.04649997769281573
74.77386934673368	0.04313894852688207
75.17587939698493	0.041533072896752246
75.57788944723619	0.04415589326630565
75.97989949748744	0.05000687444367319
76.3819095477387	0.055906446807302654
76.78391959798995	0.05923538077001065
77.18592964824121	0.05867794804464299
77.58793969849246	0.054728931733902586
77.98994974874373	0.049517325822014124
78.39195979899498	0.04561832950366152
78.79396984924624	0.04556479880084937
79.19597989949749	0.04892167765915999
79.59798994974875	0.052891128292658865
80.0	0.05537086768419136
