0.0	0.01979271328880721
0.4020100502512563	0.01985895003623508
0.8040201005025126	0.01672481088681587
1.206030150753769	0.010934278183249307
1.6080402010050252	0.003949857016332962
2.0100502512562817	0.003949578748987723
2.412060301507538	0.009678629133651199
2.814070351758794	0.013172408134782872
3.2160804020100504	0.013507837776126283
3.6180904522613067	0.010434867703634217
4.020100502512563	0.0048312517416527565
4.42211055276382	0.0030177181941597416
4.824120603015076	0.010833159835395414
5.226130653266332	0.01775471454150186
5.628140703517588	0.02258498461041723
6.030150753768845	0.024124791871666284
6.432160804020101	0.022557591341413663
6.834170854271357	0.01816025676424756
7.236180904522613	0.011812293929147994
7.63819095477387	0.005413911854282685
8.040201005025127	0.0033198705428873925
8.442211055276383	0.006396073622679958
8.84422110552764	0.0072791910433945076
9.246231155778895	0.005043099154374092
9.648241206030152	0.0024386782796522637
10.050251256281408	0.008644898847270453
10.452261306532664	0.01678698233607794
10.85427135678392	0.024724482884700562
11.256281407035177	0.031038538127801087
11.658291457286433	0.03458699912961459
12.06030150753769	0.035385589444325405
12.462311557788945	0.033264956014617895
12.864321608040202	0.029447716862485117
13.266331658291458	0.024651756168836997
13.668341708542714	0.020298051000882493
14.07035175879397	0.017338192714382583
14.472361809045227	0.015901481025485817
14.874371859296483	0.016184254881284093
15.27638190954774	0.017454274641501538
15.678391959798995	0.019426998378498043
16.080402010050253	0.02201290553621835
16.48241206030151	0.02478213541647959
16.884422110552766	0.027448368255061868
17.286432160804022	0.02952040656377301
17.68844221105528	0.030589850624520548
18.090452261306535	0.030512095919054294
18.49246231155779	0.02962322178146919
18.894472361809047	0.027882084976630566
19.296482412060303	0.026173923288382424
19.69849246231156	0.024644158328113567
20.100502512562816	0.02391950574009933
20.502512562814072	0.023438877642405424
20.90452261306533	0.02305236763305812
21.306532663316585	0.022632417773621308
21.70854271356784	0.02200703554197219
22.110552763819097	0.021647751163469477
22.512562814070353	0.021805220184583085
22.91457286432161	0.02248010261823672
23.316582914572866	0.02314229873917573
23.718592964824122	0.02358166354150837
24.12060301507538	0.02301793970760898
24.522613065326635	0.021602342909868684
24.92462311557789	0.019849058569287537
25.326633165829147	0.01851507468968234
25.728643216080403	0.01815442430202174
26.13065326633166	0.018935438935871293
26.532663316582916	0.020015494121928774
26.934673366834172	0.020409532441563058
27.33668341708543	0.01994215846411165
27.738693467336685	0.018410036368887786
28.14070351758794	0.01579015176426218
28.542713567839197	0.013378596018791189
28.944723618090453	0.0118972254904374
29.34673366834171	0.012159405345050018
29.748743718592966	0.013437575860663058
30.150753768844222	0.015324304215884932
30.55276381909548	0.017431354852021026
30.954773869346734	0.020321307705027318
31.35678391959799	0.0233410308801996
31.758793969849247	0.026662736466582248
32.16080402010051	0.029297275985701716
32.56281407035176	0.031013808357522626
32.96482412060302	0.03138593479428325
33.366834170854275	0.030563358625160342
33.76884422110553	0.028451671402050006
34.17085427135679	0.025453241727750004
34.572864321608044	0.022361908991966765
34.9748743718593	0.01984534362222009
35.37688442211056	0.018436195410648094
35.77889447236181	0.01855739468400209
36.18090452261307	0.020221452055885318
36.582914572864325	0.023228690363187757
36.98492462311558	0.026859771142137785
37.38693467336684	0.030545808968100725
37.788944723618094	0.03378805957792676
38.19095477386935	0.035982188250862225
38.59296482412061	0.036730096287742146
38.99497487437186	0.035879838139550424
39.39698492462312	0.033586348064611075
39.798994974874375	0.030580655291741567
40.20100502512563	0.02711509393357057
40.60301507537689	0.024169939178275444
41.005025125628144	0.022535127242140376
41.4070351758794	0.023408552868425934
41.80904522613066	0.026768344093310803
42.21105527638191	0.03166804880660627
42.61306532663317	0.0363287531522858
43.015075376884425	0.04016867379431516
43.41708542713568	0.04188916070595925
43.81909547738694	0.04187149759774776
44.221105527638194	0.04089948116747116
44.62311557788945	0.03948196847322983
45.02512562814071	0.0385836837317386
45.42713567839196	0.03793290059519468
45.82914572864322	0.037512918068005476
46.231155778894475	0.03647692121623237
46.63316582914573	0.03538943378611217
47.03517587939699	0.03449307524778865
47.437185929648244	0.034547880124363745
47.8391959798995	0.0356800559665048
48.24120603015076	0.037512068005392245
48.64321608040201	0.03915002105494241
49.04522613065327	0.04048577162399096
49.447236180904525	0.0414113303960066
49.84924623115578	0.04270213531330298
50.25125628140704	0.044675970541208754
50.653266331658294	0.047319294381581375
51.05527638190955	0.04974562562392203
51.45728643216081	0.05183366693847811
51.85929648241206	0.05289469107511462
52.26130653266332	0.05305123823852056
52.663316582914575	0.05317418549100086
53.06532663316583	0.05366203067138381
53.46733668341709	0.05453399489771956
53.869346733668344	0.05592579580681735
54.2713567839196	0.057750917564114636
54.67336683417086	0.0599747674946959
55.07537688442211	0.06236636318959188
55.47738693467337	0.06438215700130288
55.879396984924625	0.06605279159464088
56.28140703517588	0.06668651270672335
56.68341708542714	0.06618286682960826
57.085427135678394	0.06456275069353686
57.48743718592965	0.061788270935246505
57.88944723618091	0.05888635372532301
58.29145728643216	0.056280510445624966
58.69346733668342	0.05467791080707794
59.095477386934675	0.05448551551188656
59.49748743718593	0.055356002853122664
59.89949748743719	0.05718951406211785
60.301507537688444	0.05932847997998973
60.7035175879397	0.06171849275014316
61.10552763819096	0.06370773900142299
61.50753768844221	0.06469430053133905
61.90954773869347	0.0643702222791853
62.311557788944725	0.06257005605927404
62.71356783919598	0.059517518126546674
63.11557788944724	0.05629763451210344
63.517587939698494	0.05365783547249595
63.91959798994975	0.05239844153614197
64.32160804020101	0.05208101206978076
64.72361809045226	0.051917250067413004
65.12562814070353	0.051774185448254864
65.52763819095478	0.051524037138101095
65.92964824120604	0.051509317370253695
66.33165829145729	0.05190044609714021
66.73366834170855	0.052653446153399286
67.1356783919598	0.05328897434326131
67.53768844221106	0.05322057135963169
67.93969849246231	0.0525933860495091
68.34170854271358	0.051398472939187326
68.74371859296483	0.050846979175474094
69.14572864321609	0.051280430896278525
69.54773869346734	0.05311797435181177
69.9497487437186	0.05574100210753343
70.35175879396985	0.05777838573347279
70.75376884422111	0.05856922957727649
71.15577889447236	0.05797201238285007
71.55778894472363	0.0557147861842654
71.95979899497488	0.05236050325156881
72.36180904522614	0.04898122287137346
72.76381909547739	0.04636363243707424
73.16582914572865	0.04521218463422595
73.5678391959799	0.04504567232616253
73.96984924623116	0.04599528783702851
74.37185929648241	0.04857430543629827
74.77386934673368	0.052851705346141434
75.17587939698493	0.05801447115972119
75.57788944723619	0.06278658825821402
75.97989949748744	0.06573752696731065
76.3819095477387	0.06604545167160732
76.78391959798995	0.06343455509260214
77.18592964824121	0.058630967521400165
77.58793969849246	0.05261982131516453
77.98994974874373	0.046833217612536684
78.39195979899498	0.042480899657911145
78.79396984924624	0.04036320005863066
79.19597989949749	0.04046465705510183
79.59798994974875	0.04283505464890353
80.0	0.04657001345396621
