0.0	0.011167225439495738
0.4020100502512563	0.012154169505849301
0.8040201005025126	0.010935145498911681
1.206030150753769	0.007994090354252479
1.6080402010050252	0.004048089405480218
2.0100502512562817	0.000733406484642119
2.412060301507538	0.00449301963779925
2.814070351758794	0.007148460823769616
3.2160804020100504	0.008080830606398985
3.6180904522613067	0.006936635113759242
4.020100502512563	0.0039207484283232215
4.42211055276382	0.0006026970269606314
4.824120603015076	0.00556064257006998
5.226130653266332	0.01043279783303561
5.628140703517588	0.014244314265146388
6.030150753768845	0.01651135494698993
6.432160804020101	0.016781539463474278
6.834170854271357	0.015179993394058825
7.236180904522613	0.012140920624181957
7.63819095477387	0.008379499602885681
8.040201005025127	0.004765824918428714
8.442211055276383	0.0020797552960376553
8.84422110552764	0.0011354291249669043
9.246231155778895	0.0017618193483773322
9.648241206030152	0.0044504217012037
10.050251256281408	0.00870161362014214
10.452261306532664	0.014347940353876274
10.85427135678392	0.02075729479919181
11.256281407035177	0.026257568864301854
11.658291457286433	0.030796433598878487
12.06030150753769	0.03345432237894454
12.462311557788945	0.03457149817136647
12.864321608040202	0.034439981060311126
13.266331658291458	0.03264475455236858
13.668341708542714	0.030120563315187483
14.07035175879397	0.027482946396768997
14.472361809045227	0.025565597470957758
14.874371859296483	0.025025242192761858
15.27638190954774	0.025573136056787998
15.678391959798995	0.02849558539063325
16.080402010050253	0.0342589682063822
16.48241206030151	0.04012581673509303
16.884422110552766	0.047153184792101586
17.286432160804022	0.05189406500842153
17.68844221105528	0.05188872729301258
18.090452261306535	0.047119645239844986
18.49246231155779	0.039344055656129626
18.894472361809047	0.03444831296171333
19.296482412060303	0.03513048959709318
19.69849246231156	0.03895550787480476
20.100502512562816	0.042731370393548095
20.502512562814072	0.04785236438105899
20.90452261306533	0.05503311549267258
21.306532663316585	0.06439527597654984
21.70854271356784	0.07235522800339632
22.110552763819097	0.07532049664497349
22.512562814070353	0.07112483565406244
22.91457286432161	0.060473177975090976
23.316582914572866	0.04412775382934013
23.718592964824122	0.02371888011271761
24.12060301507538	0.006440871740317983
24.522613065326635	0.02295856222814378
24.92462311557789	0.039527748774656916
25.326633165829147	0.04918652382211876
25.728643216080403	0.05023023459957576
26.13065326633166	0.04327641950035765
26.532663316582916	0.0309940511398177
26.934673366834172	0.019229263623217682
27.33668341708543	0.019593888364187184
27.738693467336685	0.027637061733151863
28.14070351758794	0.03306018485201623
28.542713567839197	0.03270822422905345
28.944723618090453	0.028748891938213332
29.34673366834171	0.02725409580982418
29.748743718592966	0.03402805511066986
30.150753768844222	0.04506419665016301
30.55276381909548	0.05497963881997851
30.954773869346734	0.05880019430326157
31.35678391959799	0.055371754119636254
31.758793969849247	0.04527847041070403
32.16080402010051	0.03015563330599024
32.56281407035176	0.013851201348336287
32.96482412060302	0.012210706463410426
33.366834170854275	0.02535685505473461
33.76884422110553	0.03668140627123416
34.17085427135679	0.044374918528881355
34.572864321608044	0.04865193183337771
34.9748743718593	0.051968045723060165
35.37688442211056	0.05412626604105484
35.77889447236181	0.05593090104981663
36.18090452261307	0.05621034854148595
36.582914572864325	0.05386081611739444
36.98492462311558	0.04807433878642003
37.38693467336684	0.038150772338245986
37.788944723618094	0.02509675888307116
38.19095477386935	0.013546698941966149
38.59296482412061	0.019082544165850222
38.99497487437186	0.03270515534057173
39.39698492462312	0.043847614797160005
39.798994974874375	0.04911019655899363
40.20100502512563	0.04812755796911346
40.60301507537689	0.042087446363940434
41.005025125628144	0.03332451615425585
41.4070351758794	0.02540195307318615
41.80904522613066	0.022779565375061
42.21105527638191	0.024986765786526404
42.61306532663317	0.027723863657101316
43.015075376884425	0.029476407046139713
43.41708542713568	0.03136123577623713
43.81909547738694	0.03565989928469607
44.221105527638194	0.04220279936122759
44.62311557788945	0.04834126348045506
45.02512562814071	0.05144989794221263
45.42713567839196	0.05078200404833153
45.82914572864322	0.046791577249525304
46.231155778894475	0.04051825360519436
46.63316582914573	0.032745607876688385
47.03517587939699	0.02450463480262293
47.437185929648244	0.018076629754546658
47.8391959798995	0.017661625957885715
48.24120603015076	0.023288421502977632
48.64321608040201	0.030757984531630866
49.04522613065327	0.038072211561487934
49.447236180904525	0.04389523912844011
49.84924623115578	0.047479838193880124
50.25125628140704	0.04742533105237993
50.653266331658294	0.04402909872257341
51.05527638190955	0.03807059587104325
51.45728643216081	0.031020381776416563
51.85929648241206	0.024152465242182147
52.26130653266332	0.01953458089065206
52.663316582914575	0.01933000149027341
53.06532663316583	0.023622721866220782
53.46733668341709	0.029854378707847566
53.869346733668344	0.03540962109838271
54.2713567839196	0.039571990814896076
54.67336683417086	0.041156408513293725
55.07537688442211	0.040181743694104884
55.47738693467337	0.03681713480262443
55.879396984924625	0.03154320130153678
56.28140703517588	0.0256159282645907
56.68341708542714	0.02168584367732411
57.085427135678394	0.021822549204106763
57.48743718592965	0.02646725180694239
57.88944723618091	0.032966321548675695
58.29145728643216	0.039560067333061624
58.69346733668342	0.0440673703861927
59.095477386934675	0.04575869322056696
59.49748743718593	0.043632161656055414
59.89949748743719	0.03862864120745543
60.301507537688444	0.03287358949745576
60.7035175879397	0.028951700107051115
61.10552763819096	0.027792431622178294
61.50753768844221	0.027360117175687537
61.90954773869347	0.025220374501563968
62.311557788944725	0.02156317769247952
62.71356783919598	0.02059385998053101
63.11557788944724	0.026873227308600877
63.517587939698494	0.03739169951054287
63.91959798994975	0.046895624562952334
64.32160804020101	0.05204750935652852
64.72361809045226	0.05149091211075729
65.12562814070353	0.04482992608189002
65.52763819095478	0.033166247446025476
65.92964824120604	0.019728681440695443
66.33165829145729	0.013642000488896324
66.73366834170855	0.02211265263719341
67.1356783919598	0.03228617100134824
67.53768844221106	0.03878437650304224
67.93969849246231	0.04116196783214345
68.34170854271358	0.040438352691703455
68.74371859296483	0.03848928411148977
69.14572864321609	0.0375757254373504
69.54773869346734	0.037343984937953746
69.9497487437186	0.03620307534124228
70.35175879396985	0.03230828807357674
70.75376884422111	0.024965770650650844
71.15577889447236	0.016675110873634186
71.55778894472363	0.016401055984660476
71.95979899497488	0.027200324663310578
72.36180904522614	0.039763163667555494
72.76381909547739	0.049165734161180516
73.16582914572865	0.05390843488680559
73.5678391959799	0.05265347507883008
73.96984924623116	0.046218219316136386
74.37185929648241	0.03576636579457597
74.77386934673368	0.02469088722575137
75.17587939698493	0.018056163007308414
75.57788944723619	0.01892833625142488
75.97989949748744	0.022197136059044522
76.3819095477387	0.023778815381226635
76.78391959798995	0.024945646756042855
77.18592964824121	0.02833615148708111
77.58793969849246	0.034809960024419315
77.98994974874373	0.041577709706686006
78.39195979899498	0.045944584432605226
78.79396984924624	0.04624920995672985
79.19597989949749	0.04137653429508012
79.59798994974875	0.03211874059854323
80.0	0.020081788386019643
