0.0	0.02300820381193881
0.4020100502512563	0.02303768417792593
0.8040201005025126	0.019273757145950348
1.206030150753769	0.01278843615183839
1.6080402010050252	0.0049345531496289225
2.0100502512562817	0.00511177836167459
2.412060301507538	0.011706684138678728
2.814070351758794	0.01567203554933616
3.2160804020100504	0.015834198936987193
3.6180904522613067	0.012293571800716965
4.020100502512563	0.005661619069445763
4.42211055276382	0.0036151671520518367
4.824120603015076	0.012827987058400579
5.226130653266332	0.0207813137450036
5.628140703517588	0.026293254987553083
6.030150753768845	0.028254233319434652
6.432160804020101	0.026391402143943248
6.834170854271357	0.02111583346706645
7.236180904522613	0.01366893119406839
7.63819095477387	0.0061601541700815705
8.040201005025127	0.0044463002350200315
8.442211055276383	0.008372021312553045
8.84422110552764	0.009665027350342624
9.246231155778895	0.007087321445855698
9.648241206030152	0.0012212828777040292
10.050251256281408	0.008103661514831311
10.452261306532664	0.017974755926245554
10.85427135678392	0.027224063213640008
11.256281407035177	0.03420321517324877
11.658291457286433	0.03737982336692059
12.06030150753769	0.036237176581238206
12.462311557788945	0.031169862930140124
12.864321608040202	0.022858436168924502
13.266331658291458	0.01322818320502529
13.668341708542714	0.0038093501899624403
14.07035175879397	0.003490870571028042
14.472361809045227	0.007059005592095735
14.874371859296483	0.006258659924939328
15.27638190954774	0.0019545849069288893
15.678391959798995	0.0074262944100597
16.080402010050253	0.017350854707906045
16.48241206030151	0.026945278102834536
16.884422110552766	0.03475719965964933
17.286432160804022	0.03942735331040016
17.68844221105528	0.040344136086917615
18.090452261306535	0.03762607393559203
18.49246231155779	0.031720442570114006
18.894472361809047	0.02408898319116622
19.296482412060303	0.015902007401424858
19.69849246231156	0.00897445978346913
20.100502512562816	0.005045435840134679
20.502512562814072	0.004047117483276868
20.90452261306533	0.0023426538240964626
21.306532663316585	0.004731873810945233
21.70854271356784	0.012082545721155196
22.110552763819097	0.020692244461293065
22.512562814070353	0.02901155645364332
22.91457286432161	0.035505328451379575
23.316582914572866	0.039024598706872166
23.718592964824122	0.03887803073153286
24.12060301507538	0.03530592264424414
24.522613065326635	0.029401448841761574
24.92462311557789	0.022193587239622444
25.326633165829147	0.01522574529828584
25.728643216080403	0.009579345276992019
26.13065326633166	0.005762492179660726
26.532663316582916	0.0035559067491309397
26.934673366834172	0.005129090000733847
27.33668341708543	0.011109128483389307
27.738693467336685	0.019005720005058197
28.14070351758794	0.0275531011970133
28.542713567839197	0.035272028779399014
28.944723618090453	0.0409735542529031
29.34673366834171	0.043929106415868044
29.748743718592966	0.04382279445673917
30.150753768844222	0.04099637781370176
30.55276381909548	0.03569632367531706
30.954773869346734	0.02897369954180353
31.35678391959799	0.02224397811132888
31.758793969849247	0.016216015822399482
32.16080402010051	0.012125898140267256
32.56281407035176	0.010542982534881465
32.96482412060302	0.012253482228291859
33.366834170854275	0.01728007650243807
33.76884422110553	0.024454274563104495
34.17085427135679	0.03241075532612111
34.572864321608044	0.04000523997812387
34.9748743718593	0.04583898659471121
35.37688442211056	0.049291858027143205
35.77889447236181	0.05010988002339869
36.18090452261307	0.048293030858764754
36.582914572864325	0.0443661776553444
36.98492462311558	0.0391821420894395
37.38693467336684	0.03357616746688102
37.788944723618094	0.028734000398417288
38.19095477386935	0.025567219055492557
38.59296482412061	0.02510141855943604
38.99497487437186	0.02782417015228907
39.39698492462312	0.03365492339352149
39.798994974874375	0.04178362295916507
40.20100502512563	0.050959060591329555
40.60301507537689	0.06018048734532137
41.005025125628144	0.06777416902219009
41.4070351758794	0.07267242839124352
41.80904522613066	0.07416440386697216
42.21105527638191	0.07212485384773779
42.61306532663317	0.06746807626214477
43.015075376884425	0.06076549182333228
43.41708542713568	0.054132451518881394
43.81909547738694	0.04863319663047633
44.221105527638194	0.04568328924530393
44.62311557788945	0.046161136090415264
45.02512562814071	0.04988842623308114
45.42713567839196	0.05641801455369092
45.82914572864322	0.0642072255927665
46.231155778894475	0.07144175095708379
46.63316582914573	0.07651778687574433
47.03517587939699	0.07849474208404716
47.437185929648244	0.07710715964046318
47.8391959798995	0.07290441601461306
48.24120603015076	0.06714932236202001
48.64321608040201	0.061061242923106517
49.04522613065327	0.05580632733655627
49.447236180904525	0.05228058277034162
49.84924623115578	0.050678250541605
50.25125628140704	0.05095453238532088
50.653266331658294	0.0529626353632179
51.05527638190955	0.055742837812526945
51.45728643216081	0.05910878550174424
51.85929648241206	0.06230765474640744
52.26130653266332	0.06475693107886633
52.663316582914575	0.06588019543728017
53.06532663316583	0.0649902916058647
53.46733668341709	0.062438896587392656
53.869346733668344	0.05810073626276233
54.2713567839196	0.05288759546217988
54.67336683417086	0.04770968872414129
55.07537688442211	0.0434687635552624
55.47738693467337	0.040541381219627776
55.879396984924625	0.03946147172407285
56.28140703517588	0.04034541804039029
56.68341708542714	0.04281748193362302
57.085427135678394	0.047208373043020155
57.48743718592965	0.05225615517731854
57.88944723618091	0.057568376339736146
58.29145728643216	0.06194417588271325
58.69346733668342	0.06432835129904232
59.095477386934675	0.0641073316778724
59.49748743718593	0.061211603582993566
59.89949748743719	0.056383176522722345
60.301507537688444	0.05040881304028859
60.7035175879397	0.044331997848635424
61.10552763819096	0.039600098716603936
61.50753768844221	0.036750957510950547
61.90954773869347	0.0361996657706357
62.311557788944725	0.03809161841477297
62.71356783919598	0.04252219937889333
63.11557788944724	0.048760084235596156
63.517587939698494	0.0557331195160836
63.91959798994975	0.06208367392994231
64.32160804020101	0.06640177443259228
64.72361809045226	0.06789740247677088
65.12562814070353	0.06616826264006456
65.52763819095478	0.06182579527435618
65.92964824120604	0.055588572917846316
66.33165829145729	0.04891193938667026
66.73366834170855	0.04290398526215941
67.1356783919598	0.038897790965515114
67.53768844221106	0.03708206760097398
67.93969849246231	0.03798047224730811
68.34170854271358	0.0413194789640782
68.74371859296483	0.04658311505346504
69.14572864321609	0.05301862324039813
69.54773869346734	0.05919498509064904
69.9497487437186	0.06414479427957197
70.35175879396985	0.06682733918868908
70.75376884422111	0.06678170247695814
71.15577889447236	0.0642840649694538
71.55778894472363	0.05941300642981524
71.95979899497488	0.05369446034490046
72.36180904522614	0.04754972214155536
72.76381909547739	0.04233007682819013
73.16582914572865	0.03877533943753442
73.5678391959799	0.037851366026582636
73.96984924623116	0.039245256026944605
74.37185929648241	0.042888427578766194
74.77386934673368	0.04848541563930407
75.17587939698493	0.054896492188095634
75.57788944723619	0.061147512643480985
75.97989949748744	0.06575742240478637
76.3819095477387	0.06819605020748055
76.78391959798995	0.06771064481875917
77.18592964824121	0.06425851082283568
77.58793969849246	0.05875081914119919
77.98994974874373	0.052052834236203646
78.39195979899498	0.045553833582684264
78.79396984924624	0.04032459346157268
79.19597989949749	0.03763710176337684
79.59798994974875	0.037419814133607475
80.0	0.03996309993227621
