0.0	0.002298356296736366
0.4020100502512563	0.003690979365791148
0.8040201005025126	0.0047431585191398526
1.206030150753769	0.005159575248850539
1.6080402010050252	0.00512610882342214
2.0100502512562817	0.004306944988577709
2.412060301507538	0.0033289179401401977
2.814070351758794	0.002297594616228491
3.2160804020100504	0.0012641832549400765
3.6180904522613067	0.0006528118925503767
4.020100502512563	0.0002687058726960746
4.42211055276382	0.0006402025909016986
4.824120603015076	0.0021306239669494137
5.226130653266332	0.004091946518181535
5.628140703517588	0.006221873607851248
6.030150753768845	0.00824119464421567
6.432160804020101	0.010122860348249215
6.834170854271357	0.011257136504624616
7.236180904522613	0.011584397674885293
7.63819095477387	0.011362342800003613
8.040201005025127	0.010896400932344525
8.442211055276383	0.010121299148992347
8.84422110552764	0.009162308470124354
9.246231155778895	0.00887471023902714
9.648241206030152	0.00945589785131082
10.050251256281408	0.010683411061036175
10.452261306532664	0.012660255609452293
10.85427135678392	0.015339739033008542
11.256281407035177	0.01811108190508208
11.658291457286433	0.020890794445240713
12.06030150753769	0.02333570235986085
12.462311557788945	0.024987342002373614
12.864321608040202	0.025842349569316338
13.266331658291458	0.025910715957793366
13.668341708542714	0.025173340353452707
14.07035175879397	0.023943660734724048
14.472361809045227	0.022445372915082938
14.874371859296483	0.02125015353718252
15.27638190954774	0.020843767269822462
15.678391959798995	0.0217319051068065
16.080402010050253	0.02383043584081703
16.48241206030151	0.02713664525216116
16.884422110552766	0.031174799877397314
17.286432160804022	0.036092302113739594
17.68844221105528	0.0413240057714371
18.090452261306535	0.04604806587549662
18.49246231155779	0.049888925180980696
18.894472361809047	0.052635939334497873
19.296482412060303	0.053799130974020934
19.69849246231156	0.05386580261242631
20.100502512562816	0.05274535670813333
20.502512562814072	0.0512801772160695
20.90452261306533	0.049730901826843046
21.306532663316585	0.04924719539260395
21.70854271356784	0.04996008238316104
22.110552763819097	0.052611229162373485
22.512562814070353	0.05668223721228057
22.91457286432161	0.061619838523073664
23.316582914572866	0.06660362890255829
23.718592964824122	0.07061468828259236
24.12060301507538	0.07260128341708792
24.522613065326635	0.07176178151225887
24.92462311557789	0.06814925958224297
25.326633165829147	0.062167803875291326
25.728643216080403	0.055074928064837936
26.13065326633166	0.04817692866749538
26.532663316582916	0.04313594133668901
26.934673366834172	0.04118180798063822
27.33668341708543	0.04298714403122393
27.738693467336685	0.047943733447042954
28.14070351758794	0.05502877197759346
28.542713567839197	0.062489161190435606
28.944723618090453	0.06892628699546186
29.34673366834171	0.07254752909804033
29.748743718592966	0.07248232093437587
30.150753768844222	0.06884297922815287
30.55276381909548	0.06186994200349029
30.954773869346734	0.05303748915549028
31.35678391959799	0.04385652349851336
31.758793969849247	0.03590181740076125
32.16080402010051	0.03067396660709786
32.56281407035176	0.028311641251923064
32.96482412060302	0.02958295492343846
33.366834170854275	0.03387353006029946
33.76884422110553	0.040389473014933744
34.17085427135679	0.047841357980572374
34.572864321608044	0.054806654747833194
34.9748743718593	0.05995501374455485
35.37688442211056	0.06265680899504626
35.77889447236181	0.06251049299818068
36.18090452261307	0.059744183163816
36.582914572864325	0.05533371408140449
36.98492462311558	0.049942759443642966
37.38693467336684	0.04474199141714584
37.788944723618094	0.04033228522265306
38.19095477386935	0.037828859545065624
38.59296482412061	0.0370174088456935
38.99497487437186	0.03816139946459342
39.39698492462312	0.041381456262532035
39.798994974874375	0.04559380055057315
40.20100502512563	0.0500710511862433
40.60301507537689	0.054257583412499144
41.005025125628144	0.05747408856060675
41.4070351758794	0.05942471550922178
41.80904522613066	0.060368604364837486
42.21105527638191	0.060061802394541855
42.61306532663317	0.058684778429610965
43.015075376884425	0.05672307953666067
43.41708542713568	0.05376860868314102
43.81909547738694	0.05088737992660771
44.221105527638194	0.04805900766433203
44.62311557788945	0.046085923669694946
45.02512562814071	0.04480410177319708
45.42713567839196	0.04504025357625374
45.82914572864322	0.04639912813830522
46.231155778894475	0.048866342894710174
46.63316582914573	0.05226718678477212
47.03517587939699	0.05619969304749486
47.437185929648244	0.05976432597046335
47.8391959798995	0.06295213727118104
48.24120603015076	0.06460943182991655
48.64321608040201	0.06467428297098722
49.04522613065327	0.062676499790694
49.447236180904525	0.058731060318551
49.84924623115578	0.053173458330611566
50.25125628140704	0.047625707727381734
50.653266331658294	0.042644959487216846
51.05527638190955	0.03935883933462604
51.45728643216081	0.038386499655596804
51.85929648241206	0.040496325595228755
52.26130653266332	0.04501843196195897
52.663316582914575	0.05153964320510682
53.06532663316583	0.05846102409890306
53.46733668341709	0.06469924402006536
53.869346733668344	0.06875223588579939
54.2713567839196	0.06959050127204895
54.67336683417086	0.0671595453143506
55.07537688442211	0.06160698198629096
55.47738693467337	0.05418638893679798
55.879396984924625	0.046352411118951026
56.28140703517588	0.03962618864018064
56.68341708542714	0.0352496008324446
57.085427135678394	0.03398466070296206
57.48743718592965	0.036181611944402045
57.88944723618091	0.04132314189435434
58.29145728643216	0.04849946958935393
58.69346733668342	0.055895681362691865
59.095477386934675	0.06248370263824844
59.49748743718593	0.06665653807508433
59.89949748743719	0.06753240136933301
60.301507537688444	0.06485571456167374
60.7035175879397	0.05922683257322679
61.10552763819096	0.051656536914390885
61.50753768844221	0.043681118456655996
61.90954773869347	0.036952692215342545
62.311557788944725	0.0327682942526757
62.71356783919598	0.03186033344771486
63.11557788944724	0.034312562485106515
63.517587939698494	0.039755466177525824
63.91959798994975	0.04723292605442747
64.32160804020101	0.05509389305092034
64.72361809045226	0.06185695280240437
65.12562814070353	0.06600914331729214
65.52763819095478	0.06700045755170685
65.92964824120604	0.06482607584868275
66.33165829145729	0.05990379492096866
66.73366834170855	0.05355250117706921
67.1356783919598	0.04693290983212163
67.53768844221106	0.04169346111284493
67.93969849246231	0.03852800643206896
68.34170854271358	0.037904256272333
68.74371859296483	0.03969325809470399
69.14572864321609	0.04308355939062385
69.54773869346734	0.047789849083673716
69.9497487437186	0.05264643358774318
70.35175879396985	0.057331905295171626
70.75376884422111	0.060398184922261886
71.15577889447236	0.061802342599575545
71.55778894472363	0.06095694811394009
71.95979899497488	0.05834863707404329
72.36180904522614	0.054183785839313214
72.76381909547739	0.04929395730467618
73.16582914572865	0.04470690994569153
73.5678391959799	0.04121152607143698
73.96984924623116	0.0389640405869351
74.37185929648241	0.03852153890536021
74.77386934673368	0.03962588496366505
75.17587939698493	0.04211567836097166
75.57788944723619	0.04577163581976386
75.97989949748744	0.04997411064796985
76.3819095477387	0.05418660407133451
76.78391959798995	0.05724422331611491
77.18592964824121	0.05892173919396536
77.58793969849246	0.05878692034348372
77.98994974874373	0.05696094557458722
78.39195979899498	0.05361263258741885
78.79396984924624	0.04985871259927858
79.19597989949749	0.046145933106127864
79.59798994974875	0.04330171214106021
80.0	0.041695823073135775
