0.0	0.02258815136958371
0.4020100502512563	0.021122231313800165
0.8040201005025126	0.016337132975386994
1.206030150753769	0.009151754087870348
1.6080402010050252	0.001679609069982602
2.0100502512562817	0.007287462549775793
2.412060301507538	0.013061906523749348
2.814070351758794	0.01577908560097069
3.2160804020100504	0.014906342227374119
3.6180904522613067	0.010472831812545685
4.020100502512563	0.0033951425543397662
4.42211055276382	0.005242462668732963
4.824120603015076	0.013851244650080929
5.226130653266332	0.020648359664634994
5.628140703517588	0.024706752636191587
6.030150753768845	0.024967156714153872
6.432160804020101	0.0218701990576483
6.834170854271357	0.015984311036774206
7.236180904522613	0.008566819437088133
7.63819095477387	0.004557850024671196
8.040201005025127	0.007959827716413058
8.442211055276383	0.010913929871208221
8.84422110552764	0.010554093455967393
9.246231155778895	0.0071330154314756655
9.648241206030152	0.004777402978958519
10.050251256281408	0.011418597625562747
10.452261306532664	0.020020320030698747
10.85427135678392	0.027367399527934117
11.256281407035177	0.03236986425537078
11.658291457286433	0.033805473211965344
12.06030150753769	0.032010587297970065
12.462311557788945	0.027339303274728406
12.864321608040202	0.021106091295209843
13.266331658291458	0.01568722638876401
13.668341708542714	0.013522527963906189
14.07035175879397	0.014440418570992247
14.472361809045227	0.015050950812522682
14.874371859296483	0.014092199936598895
15.27638190954774	0.013028422815103163
15.678391959798995	0.016379735866844686
16.080402010050253	0.023668542268863984
16.48241206030151	0.03238855461926832
16.884422110552766	0.039903089959776136
17.286432160804022	0.044600168585833225
17.68844221105528	0.045891384654587655
18.090452261306535	0.044356548524723934
18.49246231155779	0.04090591217468162
18.894472361809047	0.03741159140077814
19.296482412060303	0.035564642951171344
19.69849246231156	0.035180854701084126
20.100502512562816	0.03553992635360537
20.502512562814072	0.03571525044987995
20.90452261306533	0.035603740268109155
21.306532663316585	0.03695341378435846
21.70854271356784	0.04045691519703762
22.110552763819097	0.04570306086402268
22.512562814070353	0.05093123316782995
22.91457286432161	0.055119527995407494
23.316582914572866	0.05773012757826325
23.718592964824122	0.058811239807716895
24.12060301507538	0.058663104258156386
24.522613065326635	0.05833117208079698
24.92462311557789	0.05836691308351365
25.326633165829147	0.059389803913175644
25.728643216080403	0.06078700661564229
26.13065326633166	0.06174615242461353
26.532663316582916	0.062284079838778504
26.934673366834172	0.061826753791012545
27.33668341708543	0.06004545603970872
27.738693467336685	0.05791672687357523
28.14070351758794	0.05567760614383458
28.542713567839197	0.05365741036468895
28.944723618090453	0.05229271994864111
29.34673366834171	0.05137334705046639
29.748743718592966	0.05105869136205513
30.150753768844222	0.052101695320817286
30.55276381909548	0.0546036543992092
30.954773869346734	0.05817928621927833
31.35678391959799	0.06163599390868875
31.758793969849247	0.06392545800030017
32.16080402010051	0.06438106255028078
32.56281407035176	0.06265926237553603
32.96482412060302	0.05869535738004202
33.366834170854275	0.05340325568332081
33.76884422110553	0.047524040387626795
34.17085427135679	0.042185736793043244
34.572864321608044	0.038314940046255706
34.9748743718593	0.036585508324686614
35.37688442211056	0.03628286644583416
35.77889447236181	0.037473702293499625
36.18090452261307	0.04024770091638251
36.582914572864325	0.0446012620414074
36.98492462311558	0.04985125662480366
37.38693467336684	0.05495450639125763
37.788944723618094	0.05900024831892181
38.19095477386935	0.060698547040906325
38.59296482412061	0.05936076755888873
38.99497487437186	0.05552196249515436
39.39698492462312	0.049353026213080034
39.798994974874375	0.04189875278602377
40.20100502512563	0.035011836261090466
40.60301507537689	0.029671936120500435
41.005025125628144	0.026720216959215524
41.4070351758794	0.02669377174341473
41.80904522613066	0.02886906170672422
42.21105527638191	0.03334808746120431
42.61306532663317	0.04017368247157274
43.015075376884425	0.048194807593505376
43.41708542713568	0.056242108323020824
43.81909547738694	0.06262073615954748
44.221105527638194	0.06622098684066699
44.62311557788945	0.06598683456670909
45.02512562814071	0.0617954043127905
45.42713567839196	0.05435271074544259
45.82914572864322	0.04504056604105368
46.231155778894475	0.035695341411544075
46.63316582914573	0.02830185226405076
47.03517587939699	0.02420280360061294
47.437185929648244	0.024261257447910627
47.8391959798995	0.028273734282063295
48.24120603015076	0.03541695090682038
48.64321608040201	0.04489700247617691
49.04522613065327	0.05481276604971399
49.447236180904525	0.06316912756678575
49.84924623115578	0.0685371236780554
50.25125628140704	0.0693175964999159
50.653266331658294	0.06581407746459643
51.05527638190955	0.05841362829673694
51.45728643216081	0.04865601345468073
51.85929648241206	0.038356187626117796
52.26130653266332	0.029567536702051478
52.663316582914575	0.02377120708341396
53.06532663316583	0.021909349439714433
53.46733668341709	0.025032468440364747
53.869346733668344	0.03244484890527271
54.2713567839196	0.042697061363925225
54.67336683417086	0.05372921008322597
55.07537688442211	0.06328684695083196
55.47738693467337	0.07004376133203302
55.879396984924625	0.07294334870599684
56.28140703517588	0.07173870909115074
56.68341708542714	0.06717473395547931
57.085427135678394	0.06046565021281304
57.48743718592965	0.052872122178123926
57.88944723618091	0.04535735727276679
58.29145728643216	0.03939480885663403
58.69346733668342	0.03525672835965925
59.095477386934675	0.033942806375973474
59.49748743718593	0.036392989692102536
59.89949748743719	0.04250519036322645
60.301507537688444	0.05096096526347195
60.7035175879397	0.059883510898246804
61.10552763819096	0.06759370953987195
61.50753768844221	0.07279975010531464
61.90954773869347	0.07489321520327283
62.311557788944725	0.0734330138291803
62.71356783919598	0.06890759908121155
63.11557788944724	0.062457962788742195
63.517587939698494	0.05525425646579433
63.91959798994975	0.04851567424739556
64.32160804020101	0.04296270134231855
64.72361809045226	0.03937347405933169
65.12562814070353	0.03865366387378794
65.52763819095478	0.04124598113574643
65.92964824120604	0.047488097850378365
66.33165829145729	0.055706389095396935
66.73366834170855	0.06427110107361225
67.1356783919598	0.07110567732689843
67.53768844221106	0.07507169303756447
67.93969849246231	0.07583769320377
68.34170854271358	0.07332869802592111
68.74371859296483	0.06848070385144435
69.14572864321609	0.062105613924704574
69.54773869346734	0.05548142417705111
69.9497487437186	0.049891227505370575
70.35175879396985	0.04512020172869518
70.75376884422111	0.04204977451515405
71.15577889447236	0.040778539914036065
71.55778894472363	0.0422301333312893
71.95979899497488	0.04649480021737447
72.36180904522614	0.05290481691700947
72.76381909547739	0.05994707725861369
73.16582914572865	0.06562860524149496
73.5678391959799	0.06874165685053665
73.96984924623116	0.06873381416180699
74.37185929648241	0.06553346527084843
74.77386934673368	0.06013094910116109
75.17587939698493	0.05370924267075372
75.57788944723619	0.048555480024724054
75.97989949748744	0.045111673143834505
76.3819095477387	0.04360655447816507
76.78391959798995	0.04308826201426371
77.18592964824121	0.04358371963129233
77.58793969849246	0.0452530108428025
77.98994974874373	0.048830764231318505
78.39195979899498	0.053907478629950344
78.79396984924624	0.05894349537529529
79.19597989949749	0.06274295303431134
79.59798994974875	0.06402053766819053
80.0	0.06260527673077801
