0.0	0.005637382064702588
0.4020100502512563	0.004848879255961254
0.8040201005025126	0.003996872084191184
1.206030150753769	0.004078511666992684
1.6080402010050252	0.004921472856759324
2.0100502512562817	0.005821990529802688
2.412060301507538	0.006116082375955359
2.814070351758794	0.005910891385185686
3.2160804020100504	0.004632708876266955
3.6180904522613067	0.002742467737590955
4.020100502512563	0.000688380452653549
4.42211055276382	0.0017107565948982536
4.824120603015076	0.0033729042145187
5.226130653266332	0.0044055779673965725
5.628140703517588	0.005026232546149632
6.030150753768845	0.0053947879633903266
6.432160804020101	0.00561836504493571
6.834170854271357	0.006650620197257211
7.236180904522613	0.007826200300082114
7.63819095477387	0.00926282126018151
8.040201005025127	0.00992403201034121
8.442211055276383	0.010036637388893174
8.84422110552764	0.009392927354009992
9.246231155778895	0.008158514023080547
9.648241206030152	0.00670321822586528
10.050251256281408	0.005046363172823772
10.452261306532664	0.003949249861986445
10.85427135678392	0.003983098387392523
11.256281407035177	0.004897309942192422
11.658291457286433	0.006603939348612403
12.06030150753769	0.008915116958820916
12.462311557788945	0.011552415568146329
12.864321608040202	0.014631393522048128
13.266331658291458	0.017735710646513393
13.668341708542714	0.020489226215697754
14.07035175879397	0.022527786376886252
14.472361809045227	0.02376595758667043
14.874371859296483	0.02407018712041364
15.27638190954774	0.02382941595046311
15.678391959798995	0.023289085026271025
16.080402010050253	0.022718170319968093
16.48241206030151	0.02236617283783488
16.884422110552766	0.023090946449302163
17.286432160804022	0.024840944287879255
17.68844221105528	0.027727832641965565
18.090452261306535	0.031939677619020314
18.49246231155779	0.03687218664350619
18.894472361809047	0.042185248081843596
19.296482412060303	0.04758872736797321
19.69849246231156	0.05219117006130175
20.100502512562816	0.055900369556932526
20.502512562814072	0.05829976936818002
20.90452261306533	0.05961894680114445
21.306532663316585	0.05988644730290488
21.70854271356784	0.059683263261937944
22.110552763819097	0.05916802072869387
22.512562814070353	0.059261416094463594
22.91457286432161	0.060464418744464524
23.316582914572866	0.06269311825974559
23.718592964824122	0.06592937374952282
24.12060301507538	0.06925006158359837
24.522613065326635	0.07209785659511778
24.92462311557789	0.07383625772279143
25.326633165829147	0.07388727953270544
25.728643216080403	0.07227455975728672
26.13065326633166	0.06964092490553354
26.532663316582916	0.0668105402551734
26.934673366834172	0.06444226539867187
27.33668341708543	0.06288308181695881
27.738693467336685	0.06281667121367257
28.14070351758794	0.06353094156677438
28.542713567839197	0.06453250445247247
28.944723618090453	0.06583753543860653
29.34673366834171	0.06654246602034841
29.748743718592966	0.06666646706089173
30.150753768844222	0.06615476890868657
30.55276381909548	0.06462870611165046
30.954773869346734	0.062014206881928505
31.35678391959799	0.058511484895958685
31.758793969849247	0.05459515677034978
32.16080402010051	0.05093030826320023
32.56281407035176	0.04829486562875926
32.96482412060302	0.047262975643249765
33.366834170854275	0.0475707301873093
33.76884422110553	0.04798271414569871
34.17085427135679	0.048265046997977575
34.572864321608044	0.04816948644347306
34.9748743718593	0.047774830117374954
35.37688442211056	0.04698275925002786
35.77889447236181	0.0462567686910395
36.18090452261307	0.045556725747849684
36.582914572864325	0.04468141162681911
36.98492462311558	0.04325574553225267
37.38693467336684	0.04225769116446974
37.788944723618094	0.04187155515996696
38.19095477386935	0.04225637750347891
38.59296482412061	0.04347840696326478
38.99497487437186	0.045092870548001464
39.39698492462312	0.04646601936118431
39.798994974874375	0.04699673970660891
40.20100502512563	0.04699370029233095
40.60301507537689	0.04654953091521265
41.005025125628144	0.04599538546786566
41.4070351758794	0.04562663977011538
41.80904522613066	0.04543772967540827
42.21105527638191	0.04572413584124878
42.61306532663317	0.045827115226355686
43.015075376884425	0.04587040975438254
43.41708542713568	0.04584990808241516
43.81909547738694	0.045780950807653244
44.221105527638194	0.04586656464323018
44.62311557788945	0.04600029326596007
45.02512562814071	0.04632012310418239
45.42713567839196	0.046472353253619245
45.82914572864322	0.04672073744776377
46.231155778894475	0.047165573689840326
46.63316582914573	0.04794701165122648
47.03517587939699	0.049021218815563886
47.437185929648244	0.05018653807110742
47.8391959798995	0.05119729710283696
48.24120603015076	0.05160843996850513
48.64321608040201	0.05135560634444476
49.04522613065327	0.05016127744927769
49.447236180904525	0.04807014357199204
49.84924623115578	0.045821503627845594
50.25125628140704	0.04432651747123204
50.653266331658294	0.044032749605792114
51.05527638190955	0.045204043285878875
51.45728643216081	0.04764010401147865
51.85929648241206	0.05017118312830567
52.26130653266332	0.05250177907789925
52.663316582914575	0.05408602610560925
53.06532663316583	0.05471740988934696
53.46733668341709	0.054390254605748325
53.869346733668344	0.05315452289637738
54.2713567839196	0.050735984425805326
54.67336683417086	0.047795847964085196
55.07537688442211	0.04478647634163165
55.47738693467337	0.04228286976055248
55.879396984924625	0.04141354439816769
56.28140703517588	0.04273175489453931
56.68341708542714	0.045813298260977034
57.085427135678394	0.04996944036002661
57.48743718592965	0.053832542291451825
57.88944723618091	0.05631402320751907
58.29145728643216	0.05721145362568244
58.69346733668342	0.05643764569647641
59.095477386934675	0.05420185669427986
59.49748743718593	0.05075773251515313
59.89949748743719	0.046895591758229
60.301507537688444	0.0431399851391985
60.7035175879397	0.039979612171326596
61.10552763819096	0.038352116464014284
61.50753768844221	0.03867962660554525
61.90954773869347	0.04103246306698989
62.311557788944725	0.044969398747674624
62.71356783919598	0.04996950582209646
63.11557788944724	0.05445934725846539
63.517587939698494	0.05756196225771816
63.91959798994975	0.05875285429020605
64.32160804020101	0.0574576647889653
64.72361809045226	0.05424501220967368
65.12562814070353	0.049821540374613615
65.52763819095478	0.04496997049712354
65.92964824120604	0.040684248180081435
66.33165829145729	0.03778855799168994
66.73366834170855	0.03686683793273697
67.1356783919598	0.03825478408288848
67.53768844221106	0.04149155641219303
67.93969849246231	0.04611929166803854
68.34170854271358	0.05144077065425382
68.74371859296483	0.05610411011332054
69.14572864321609	0.059259203340432054
69.54773869346734	0.06017049502259355
69.9497487437186	0.058960677981948185
70.35175879396985	0.055823846108327455
70.75376884422111	0.05121268560083516
71.15577889447236	0.04639992034060878
71.55778894472363	0.04225788678792146
71.95979899497488	0.039871499765803176
72.36180904522614	0.03964797998177144
72.76381909547739	0.041434580374697175
73.16582914572865	0.044759946935278315
73.5678391959799	0.04906756613726456
73.96984924623116	0.05341270220427448
74.37185929648241	0.057352381876324555
74.77386934673368	0.060110595817611114
75.17587939698493	0.061303128417625766
75.57788944723619	0.06095975704717647
75.97989949748744	0.059024892374367574
76.3819095477387	0.055794818209815175
76.78391959798995	0.05187360303266121
77.18592964824121	0.04785155318061777
77.58793969849246	0.044832491043973875
77.98994974874373	0.04296584139686999
78.39195979899498	0.042419639965810274
78.79396984924624	0.04334943583203667
79.19597989949749	0.04572481276603229
79.59798994974875	0.04904650603343255
80.0	0.0529210988905899
