0.0	0.04209029451298245
0.4020100502512563	0.03751233274807736
0.8040201005025126	0.02695230400075363
1.206030150753769	0.012046627973518218
1.6080402010050252	0.006094625649790448
2.0100502512562817	0.020049029219521525
2.412060301507538	0.030528798401769437
2.814070351758794	0.0343961612314029
3.2160804020100504	0.03124008625676581
3.6180904522613067	0.021641905023160206
4.020100502512563	0.00731437244356155
4.42211055276382	0.009795058271328191
4.824120603015076	0.025238676179100483
5.226130653266332	0.03696104284284389
5.628140703517588	0.04260035162674469
6.030150753768845	0.041291629406761336
6.432160804020101	0.03318404354489214
6.834170854271357	0.020022388337683515
7.236180904522613	0.006011080230780367
7.63819095477387	0.01317938700911305
8.040201005025127	0.02492469550886846
8.442211055276383	0.031153051100591835
8.84422110552764	0.03023419419828305
9.246231155778895	0.022340847668497844
9.648241206030152	0.008799704278932473
10.050251256281408	0.008014515131689529
10.452261306532664	0.025030511510601677
10.85427135678392	0.03907055420373783
11.256281407035177	0.04765445797230499
11.658291457286433	0.04916838187916343
12.06030150753769	0.043294827477260954
12.462311557788945	0.03140854054725708
12.864321608040202	0.01548921138983939
13.266331658291458	0.0013803072850836302
13.668341708542714	0.015931103062887024
14.07035175879397	0.02562180504737019
14.472361809045227	0.028528424721111324
14.874371859296483	0.02396086630339584
15.27638190954774	0.012872460398409682
15.678391959798995	0.003793778628474926
16.080402010050253	0.021231716963202092
16.48241206030151	0.03783664285695899
16.884422110552766	0.050532859541199494
17.286432160804022	0.05694229650269933
17.68844221105528	0.056182463880259235
18.090452261306535	0.04849416782799827
18.49246231155779	0.03573125368231182
18.894472361809047	0.02145662284002948
19.296482412060303	0.012972248232547803
19.69849246231156	0.018005602018701036
20.100502512562816	0.02399542724042316
20.502512562814072	0.02466326776394896
20.90452261306533	0.019854615019828027
21.306532663316585	0.01509829124486752
21.70854271356784	0.02206921181460708
22.110552763819097	0.036331746034486315
22.512562814070353	0.05026846924500794
22.91457286432161	0.06009207185082412
23.316582914572866	0.06377738278763459
23.718592964824122	0.06115041410499482
24.12060301507538	0.05317292913327239
24.522613065326635	0.04278271553443714
24.92462311557789	0.03407158130528303
25.326633165829147	0.03056202561556092
25.728643216080403	0.03141745038161323
26.13065326633166	0.031755803464188395
26.532663316582916	0.029037981740170388
26.934673366834172	0.02523355729980426
27.33668341708543	0.02686712778380452
27.738693467336685	0.03730784137792739
28.14070351758794	0.05168480514255029
28.542713567839197	0.06481319312917307
28.944723618090453	0.07395855498245316
29.34673366834171	0.07831255918423746
29.748743718592966	0.07735812947906942
30.150753768844222	0.07243646099856114
30.55276381909548	0.06537285487065127
30.954773869346734	0.0586706621189705
31.35678391959799	0.05352037633606175
31.758793969849247	0.050508087364051504
32.16080402010051	0.04802870034467618
32.56281407035176	0.0462672646207978
32.96482412060302	0.04725030574744812
33.366834170854275	0.05303777433620536
33.76884422110553	0.06355851039522971
34.17085427135679	0.0757734413031271
34.572864321608044	0.08587937883410147
34.9748743718593	0.09171132299838224
35.37688442211056	0.09222938138024159
35.77889447236181	0.08769889289368585
36.18090452261307	0.07949356597839947
36.582914572864325	0.07026661336156667
36.98492462311558	0.06230849027633195
37.38693467336684	0.0569683928057486
37.788944723618094	0.05417703497599642
38.19095477386935	0.052884900242008245
38.59296482412061	0.05211203282808816
38.99497487437186	0.05351830332935614
39.39698492462312	0.058397720974346846
39.798994974874375	0.06650024699075173
40.20100502512563	0.07558818584396035
40.60301507537689	0.08269053441806214
41.005025125628144	0.08594143876047258
41.4070351758794	0.08443774047021135
41.80904522613066	0.07844161512285462
42.21105527638191	0.06954840319943574
42.61306532663317	0.05995974752705023
43.015075376884425	0.05222751653911153
43.41708542713568	0.04780340327462765
43.81909547738694	0.04596109142195316
44.221105527638194	0.04500534751063807
44.62311557788945	0.04442647061732785
45.02512562814071	0.04536331192962477
45.42713567839196	0.04938146768173145
45.82914572864322	0.05686872253255515
46.231155778894475	0.06530477754289914
46.63316582914573	0.07266476117570535
47.03517587939699	0.07646848111676322
47.437185929648244	0.07613162912428376
47.8391959798995	0.0715805577069015
48.24120603015076	0.0642219050124068
48.64321608040201	0.05595030028904219
49.04522613065327	0.04907536977146405
49.447236180904525	0.04522700610934935
49.84924623115578	0.04378132380966689
50.25125628140704	0.04298672712469901
50.653266331658294	0.04194937726336127
51.05527638190955	0.04261149595017462
51.45728643216081	0.0472732425111509
51.85929648241206	0.056249698687420156
52.26130653266332	0.06683394974216944
52.663316582914575	0.07594758155662908
53.06532663316583	0.08085178104755544
53.46733668341709	0.08053266110040806
53.869346733668344	0.07501415796207674
54.2713567839196	0.06597519577848435
54.67336683417086	0.05566457375462095
55.07537688442211	0.047322559342413764
55.47738693467337	0.042717674160713405
55.879396984924625	0.04107861313760714
56.28140703517588	0.040416271305573834
56.68341708542714	0.04014131748237042
57.085427135678394	0.042607976156988456
57.48743718592965	0.04966577607655453
57.88944723618091	0.06074788147601841
58.29145728643216	0.07276949800961749
58.69346733668342	0.08204060971481981
59.095477386934675	0.08633410935036283
59.49748743718593	0.08453490247271393
59.89949748743719	0.07710004731259411
60.301507537688444	0.0656197618499223
60.7035175879397	0.053142785412365036
61.10552763819096	0.04330163035878874
61.50753768844221	0.03799187114179547
61.90954773869347	0.03666273241056955
62.311557788944725	0.03720372278294037
62.71356783919598	0.040284223929575716
63.11557788944724	0.04800705042346863
63.517587939698494	0.059978288218465695
63.91959798994975	0.07350742349527768
64.32160804020101	0.08509735628754561
64.72361809045226	0.09187207678766562
65.12562814070353	0.09220260595376575
65.52763819095478	0.08597945020006269
65.92964824120604	0.07437238564082402
66.33165829145729	0.05976960294774173
66.73366834170855	0.04573535782677973
67.1356783919598	0.03609611661336747
67.53768844221106	0.032590388395603666
67.93969849246231	0.0335756633453746
68.34170854271358	0.037194417627046686
68.74371859296483	0.04412103499218465
69.14572864321609	0.05460187922601809
69.54773869346734	0.06735808581582597
69.9497487437186	0.07976115527965665
70.35175879396985	0.08841920771611209
70.75376884422111	0.09174848142515457
71.15577889447236	0.08855127721989424
71.55778894472363	0.07930021935294221
71.95979899497488	0.06583860802627134
72.36180904522614	0.05074748514220345
72.76381909547739	0.03759079320572667
73.16582914572865	0.029544733765183656
73.5678391959799	0.027878054631231265
73.96984924623116	0.031000252018690666
74.37185929648241	0.03770723458121513
74.77386934673368	0.04765625655143526
75.17587939698493	0.059991671140021297
75.57788944723619	0.07237547670398954
75.97989949748744	0.08223518763785127
76.3819095477387	0.08749853184179049
76.78391959798995	0.08714364842370179
77.18592964824121	0.08162657865974542
77.58793969849246	0.07164857601821789
77.98994974874373	0.05884384132626379
78.39195979899498	0.045782452383145676
78.79396984924624	0.03470761279893003
79.19597989949749	0.028563883793792426
79.59798994974875	0.02841007591013835
80.0	0.03314217678482153
