0.0	0.021866713926552612
0.4020100502512563	0.020305877589882358
0.8040201005025126	0.015474647999021202
1.206030150753769	0.008477455484871874
1.6080402010050252	0.0023652160353248987
2.0100502512562817	0.008544092486469389
2.412060301507538	0.014276411662563621
2.814070351758794	0.016940970876045063
3.2160804020100504	0.016089497995006204
3.6180904522613067	0.011765203974920266
4.020100502512563	0.004496528382725081
4.42211055276382	0.004259068384985445
4.824120603015076	0.01251641684350692
5.226130653266332	0.019330828977662085
5.628140703517588	0.02354000329316582
6.030150753768845	0.02409276563652142
6.432160804020101	0.021089779809490755
6.834170854271357	0.015333345750935989
7.236180904522613	0.007850224618403564
7.63819095477387	0.0037073361992320648
8.040201005025127	0.008409811237996048
8.442211055276383	0.012296315435946543
8.84422110552764	0.012679587373029802
9.246231155778895	0.009430524698836585
9.648241206030152	0.0032658879455009413
10.050251256281408	0.005170818638680624
10.452261306532664	0.014010772924536017
10.85427135678392	0.021996947862164877
11.256281407035177	0.027828891856411186
11.658291457286433	0.03039105257956452
12.06030150753769	0.02956290127300088
12.462311557788945	0.025483689599079297
12.864321608040202	0.01889676555127976
13.266331658291458	0.01175427106495334
13.668341708542714	0.006926379504789833
14.07035175879397	0.008091151111267066
14.472361809045227	0.010589848267860472
14.874371859296483	0.011028907632091373
15.27638190954774	0.009229480962447802
15.678391959798995	0.007817277455621916
16.080402010050253	0.011546064750952437
16.48241206030151	0.018529011952829078
16.884422110552766	0.025872769281160106
17.286432160804022	0.03156891945210007
17.68844221105528	0.034103179400202764
18.090452261306535	0.03359694977628573
18.49246231155779	0.030197855617685083
18.894472361809047	0.025051101802520452
19.296482412060303	0.019751033133794057
19.69849246231156	0.016281806978901824
20.100502512562816	0.01566125889993677
20.502512562814072	0.01599842303293553
20.90452261306533	0.015709750552956713
21.306532663316585	0.014403639841915061
21.70854271356784	0.014064935971710102
22.110552763819097	0.017420729384003995
22.512562814070353	0.02333639342432521
22.91457286432161	0.02983147749760947
23.316582914572866	0.03482786439307978
23.718592964824122	0.03721743299884656
24.12060301507538	0.036567962109082405
24.522613065326635	0.033222583076666874
24.92462311557789	0.028049663280397884
25.326633165829147	0.022150119798651585
25.728643216080403	0.017209722303397693
26.13065326633166	0.013614741977229564
26.532663316582916	0.011224650773333202
26.934673366834172	0.009402065599378721
27.33668341708543	0.009286938083657072
27.738693467336685	0.013246082422468464
28.14070351758794	0.019947217321259134
28.542713567839197	0.02743312888047514
28.944723618090453	0.03414195003005057
29.34673366834171	0.038944125509300195
29.748743718592966	0.041356549119618266
30.150753768844222	0.04096183266868265
30.55276381909548	0.03838280625812612
30.954773869346734	0.03434212697675474
31.35678391959799	0.029696842625154284
31.758793969849247	0.02507672408750989
32.16080402010051	0.020816334277859103
32.56281407035176	0.017335902707891968
32.96482412060302	0.015549789674007311
33.366834170854275	0.016334596790519157
33.76884422110553	0.019906062013714986
34.17085427135679	0.025458987107787878
34.572864321608044	0.03178270466161383
34.9748743718593	0.03802026172678165
35.37688442211056	0.04341914712980099
35.77889447236181	0.0471223735823746
36.18090452261307	0.04845816674582141
36.582914572864325	0.04746849258324338
36.98492462311558	0.0441255287824612
37.38693467336684	0.03936080119317534
37.788944723618094	0.03385075438001164
38.19095477386935	0.028853000604587675
38.59296482412061	0.025337232555300092
38.99497487437186	0.024045494069827113
39.39698492462312	0.025415276190797392
39.798994974874375	0.029521243554196573
40.20100502512563	0.03576377552341399
40.60301507537689	0.04351139758019647
41.005025125628144	0.05150235936057691
41.4070351758794	0.05928949564837248
41.80904522613066	0.06533303801672867
42.21105527638191	0.06914432764612935
42.61306532663317	0.06991682769865963
43.015075376884425	0.06787169744262184
43.41708542713568	0.06353905968756421
43.81909547738694	0.0578015300429202
44.221105527638194	0.051926624010617095
44.62311557788945	0.04718160802631931
45.02512562814071	0.044583407774571385
45.42713567839196	0.044486839041941846
45.82914572864322	0.046538898734631455
46.231155778894475	0.05058809000981308
46.63316582914573	0.055879628287932505
47.03517587939699	0.06135455274589473
47.437185929648244	0.06609596328607358
47.8391959798995	0.06970793767070436
48.24120603015076	0.07119058221520032
48.64321608040201	0.07050326773351838
49.04522613065327	0.06792003761268293
49.447236180904525	0.06380473621712618
49.84924623115578	0.0593577262267385
50.25125628140704	0.054761941632637715
50.653266331658294	0.05156885142599652
51.05527638190955	0.04967722449611874
51.45728643216081	0.04881058738237904
51.85929648241206	0.049298295448050686
52.26130653266332	0.05091681898464939
52.663316582914575	0.05414368759406536
53.06532663316583	0.05823772233463481
53.46733668341709	0.062445953507919615
53.869346733668344	0.06579181459635022
54.2713567839196	0.06747064529644595
54.67336683417086	0.06683035621252295
55.07537688442211	0.06440161016806499
55.47738693467337	0.060307148467723504
55.879396984924625	0.055408901427500344
56.28140703517588	0.05069382635849097
56.68341708542714	0.04687772267511072
57.085427135678394	0.043912758369096166
57.48743718592965	0.042560290112853415
57.88944723618091	0.043105483848267644
58.29145728643216	0.04596113577024746
58.69346733668342	0.050588240148805884
59.095477386934675	0.056060499216215844
59.49748743718593	0.06108900308210613
59.89949748743719	0.06450966568908416
60.301507537688444	0.06565129607975198
60.7035175879397	0.06437826901652619
61.10552763819096	0.061109729374448765
61.50753768844221	0.05669381716186036
61.90954773869347	0.051953506317782526
62.311557788944725	0.04817459881419897
62.71356783919598	0.04526253159594413
63.11557788944724	0.04364595261719968
63.517587939698494	0.043438455175804795
63.91959798994975	0.045085249065264205
64.32160804020101	0.048420036244616264
64.72361809045226	0.05351568235294942
65.12562814070353	0.059069052154685386
65.52763819095478	0.06401298761750822
65.92964824120604	0.06689256961476081
66.33165829145729	0.06712223032129375
66.73366834170855	0.06496297046210822
67.1356783919598	0.06068860305692122
67.53768844221106	0.05530841910515518
67.93969849246231	0.049760484230697004
68.34170854271358	0.04537889445777092
68.74371859296483	0.04259571889904934
69.14572864321609	0.04173977709802732
69.54773869346734	0.042660965636753326
69.9497487437186	0.045761227465411045
70.35175879396985	0.05083585383884955
70.75376884422111	0.0572611659422748
71.15577889447236	0.06322525233731847
71.55778894472363	0.06735689724808863
71.95979899497488	0.06860337208399926
72.36180904522614	0.06668411196008182
72.76381909547739	0.062060599838951444
73.16582914572865	0.05613678049815758
73.5678391959799	0.050089809184770996
73.96984924623116	0.04548385756741225
74.37185929648241	0.04307769971686025
74.77386934673368	0.04285177956316315
75.17587939698493	0.04460366698585345
75.57788944723619	0.04792119539269229
75.97989949748744	0.05257902189739059
76.3819095477387	0.05769903728932443
76.78391959798995	0.06253865420861139
77.18592964824121	0.06599071925270425
77.58793969849246	0.06714101314440843
77.98994974874373	0.06543297772245796
78.39195979899498	0.06185884037181101
78.79396984924624	0.056921734547291124
79.19597989949749	0.05172449602036629
79.59798994974875	0.04798704361614602
80.0	0.046387331522664374
