0.0	0.01616397807782357
0.4020100502512563	0.014501158406044082
0.8040201005025126	0.010649285726058597
1.206030150753769	0.005511949267016931
1.6080402010050252	0.0031068913901074807
2.0100502512562817	0.007377242873827604
2.412060301507538	0.011048494872171523
2.814070351758794	0.012403772490980293
3.2160804020100504	0.011281744523786382
3.6180904522613067	0.007907809159807402
4.020100502512563	0.0030931663637204917
4.42211055276382	0.004485662141710085
4.824120603015076	0.009982625163559673
5.226130653266332	0.014380916723936338
5.628140703517588	0.016579734717434732
6.030150753768845	0.016239086346044963
6.432160804020101	0.01367906773732927
6.834170854271357	0.009353364820396327
7.236180904522613	0.00503677136531667
7.63819095477387	0.005295287463008603
8.040201005025127	0.008528974004042528
8.442211055276383	0.010390798949015
8.84422110552764	0.009745903645051521
9.246231155778895	0.006791742185597497
9.648241206030152	0.0018418918381881634
10.050251256281408	0.00449780479080519
10.452261306532664	0.011028847585725558
10.85427135678392	0.016587672753874988
11.256281407035177	0.020295232771028036
11.658291457286433	0.021608682988451967
12.06030150753769	0.020354040263475037
12.462311557788945	0.016753260682857242
12.864321608040202	0.011849709901499798
13.266331658291458	0.006175922492857173
13.668341708542714	0.0011715856626410394
14.07035175879397	0.0030050314098300805
14.472361809045227	0.005539686402297417
14.874371859296483	0.007165969676423764
15.27638190954774	0.008987887244110237
15.678391959798995	0.01227719407572311
16.080402010050253	0.017022739066395398
16.48241206030151	0.021893110515413157
16.884422110552766	0.025956191786481415
17.286432160804022	0.028742787483345723
17.68844221105528	0.029828495812388854
18.090452261306535	0.029031149974173515
18.49246231155779	0.026520479351815073
18.894472361809047	0.023141215544799962
19.296482412060303	0.019882996079528557
19.69849246231156	0.01740736876292279
20.100502512562816	0.015706948929565125
20.502512562814072	0.01424618939608028
20.90452261306533	0.013488707428487411
21.306532663316585	0.014201013251779287
21.70854271356784	0.01709905244398021
22.110552763819097	0.02195166755362398
22.512562814070353	0.02760114230105957
22.91457286432161	0.032753025269516726
23.316582914572866	0.03683212553185995
23.718592964824122	0.04009801046490767
24.12060301507538	0.04186547686202392
24.522613065326635	0.04251427743141243
24.92462311557789	0.04132419349281843
25.326633165829147	0.0383443110142984
25.728643216080403	0.033853910330438816
26.13065326633166	0.02866004633791559
26.532663316582916	0.025082556194040616
26.934673366834172	0.025045021035153752
27.33668341708543	0.028132630492764387
27.738693467336685	0.03219533368171587
28.14070351758794	0.035622763852318565
28.542713567839197	0.03807164848271789
28.944723618090453	0.04034073486108531
29.34673366834171	0.04251189958074953
29.748743718592966	0.04516146439185837
30.150753768844222	0.04748559556453453
30.55276381909548	0.04880299310378757
30.954773869346734	0.0486064495357313
31.35678391959799	0.0470480686363225
31.758793969849247	0.04438985885914273
32.16080402010051	0.042252763784682894
32.56281407035176	0.04088900774564725
32.96482412060302	0.040465210654373036
33.366834170854275	0.041230574860125616
33.76884422110553	0.043249504045901874
34.17085427135679	0.046837505455064175
34.572864321608044	0.051540641493212455
34.9748743718593	0.057035716655773075
35.37688442211056	0.0624517662870383
35.77889447236181	0.06615682429455619
36.18090452261307	0.06732321085168907
36.582914572864325	0.0653432581568331
36.98492462311558	0.06020019671176648
37.38693467336684	0.05256562496344104
37.788944723618094	0.04406734755703385
38.19095477386935	0.03662245095581101
38.59296482412061	0.031625125299804255
38.99497487437186	0.03026032526448245
39.39698492462312	0.03334189772972605
39.798994974874375	0.03952652541810722
40.20100502512563	0.04797460076571892
40.60301507537689	0.05624221243132958
41.005025125628144	0.063057942235303
41.4070351758794	0.06646745290563362
41.80904522613066	0.06601069664860179
42.21105527638191	0.061437018322038774
42.61306532663317	0.05311582597114658
43.015075376884425	0.04291195047770659
43.41708542713568	0.03261315871864996
43.81909547738694	0.023731363310390868
44.221105527638194	0.018171869562992146
44.62311557788945	0.01664197935941948
45.02512562814071	0.018341879525228
45.42713567839196	0.022267098480723592
45.82914572864322	0.028217498443845957
46.231155778894475	0.035074082771197716
46.63316582914573	0.04179531083994762
47.03517587939699	0.046736108811857455
47.437185929648244	0.0492987372928826
47.8391959798995	0.04924892321443412
48.24120603015076	0.046465357663974
48.64321608040201	0.04137700612559397
49.04522613065327	0.03511112386935272
49.447236180904525	0.029008278249954778
49.84924623115578	0.024208988122862565
50.25125628140704	0.02114014786333953
50.653266331658294	0.019449640467419017
51.05527638190955	0.018367240110425263
51.45728643216081	0.018380186829908194
51.85929648241206	0.02076896246132354
52.26130653266332	0.025860226848167755
52.663316582914575	0.032484514554483396
53.06532663316583	0.03861177207331426
53.46733668341709	0.04360505615540271
53.869346733668344	0.04595404617559824
54.2713567839196	0.045522582302382125
54.67336683417086	0.042816594257464154
55.07537688442211	0.03834171872580068
55.47738693467337	0.03301855619199327
55.879396984924625	0.028284166092727853
56.28140703517588	0.024928431255436402
56.68341708542714	0.022549729657411643
57.085427135678394	0.021071622073412143
57.48743718592965	0.02104676140382484
57.88944723618091	0.023803928031721516
58.29145728643216	0.029799487810621063
58.69346733668342	0.03710777700268356
59.095477386934675	0.043693952213404386
59.49748743718593	0.047997094599040876
59.89949748743719	0.04857007682948837
60.301507537688444	0.04598224187750417
60.7035175879397	0.040859126311641764
61.10552763819096	0.03480427277249447
61.50753768844221	0.030103995569663748
61.90954773869347	0.02782323888233802
62.311557788944725	0.027173957325490116
62.71356783919598	0.026721495784731143
63.11557788944724	0.026473779847603858
63.517587939698494	0.028299276388766274
63.91959798994975	0.033381951247940536
64.32160804020101	0.040867262842266563
64.72361809045226	0.04824868654422396
65.12562814070353	0.05305683887378561
65.52763819095478	0.053906919683014844
65.92964824120604	0.05091647662378339
66.33165829145729	0.0450584210725716
66.73366834170855	0.03862193579910232
67.1356783919598	0.034140689519287545
67.53768844221106	0.033140038847245715
67.93969849246231	0.03419945193517491
68.34170854271358	0.03555443712055667
68.74371859296483	0.036294032822821225
69.14572864321609	0.03720920173696818
69.54773869346734	0.040115716967126916
69.9497487437186	0.04446905968907354
70.35175879396985	0.049100971816091535
70.75376884422111	0.052385455552101425
71.15577889447236	0.05328254046137069
71.55778894472363	0.0516788683461097
71.95979899497488	0.04831975273774983
72.36180904522614	0.04479879047357902
72.76381909547739	0.042793340294819536
73.16582914572865	0.04260674383742772
73.5678391959799	0.04354791718777586
73.96984924623116	0.04445248104966238
74.37185929648241	0.04475334148862369
74.77386934673368	0.044510098217969016
75.17587939698493	0.04449726361628083
75.57788944723619	0.04561280091085517
75.97989949748744	0.04791584561519425
76.3819095477387	0.05118657376703203
76.78391959798995	0.0541899196458515
77.18592964824121	0.05624440030292658
77.58793969849246	0.057112908335206436
77.98994974874373	0.056969515678879146
78.39195979899498	0.05631768170651784
78.79396984924624	0.05515501532115177
79.19597989949749	0.05398315824820811
79.59798994974875	0.05235140185982614
80.0	0.05049887996665916
