0.0	0.030356857878708104
0.4020100502512563	0.027029847452375855
0.8040201005025126	0.01915747411199499
1.206030150753769	0.008628660357638018
1.6080402010050252	0.0041022484981134266
2.0100502512562817	0.013871602847829323
2.412060301507538	0.020952293271179083
2.814070351758794	0.02361231785837854
3.2160804020100504	0.02128777017840046
3.6180904522613067	0.014299435029478313
4.020100502512563	0.004306755413417606
4.42211055276382	0.007660653853499555
4.824120603015076	0.01842737937458957
5.226130653266332	0.026629047363656795
5.628140703517588	0.030335542449839232
6.030150753768845	0.029369365807114335
6.432160804020101	0.02378416945963528
6.834170854271357	0.014496355980386372
7.236180904522613	0.004139180007908233
7.63819095477387	0.008005912289366517
8.040201005025127	0.016138765583530744
8.442211055276383	0.02045370139554288
8.84422110552764	0.019944228700234448
9.246231155778895	0.01447436245347806
9.648241206030152	0.0053696723755522835
10.050251256281408	0.007378864438052609
10.452261306532664	0.019198719398939804
10.85427135678392	0.0293156763348134
11.256281407035177	0.03608567524125188
11.658291457286433	0.038235863900738166
12.06030150753769	0.03552363575926914
12.462311557788945	0.028659102183581253
12.864321608040202	0.019394106613323154
13.266331658291458	0.009750563585139194
13.668341708542714	0.005259700371460038
14.07035175879397	0.00872296148602848
14.472361809045227	0.010546239721022845
14.874371859296483	0.009391655567505668
15.27638190954774	0.010044931027525338
15.678391959798995	0.018277146789077773
16.080402010050253	0.03032468484802566
16.48241206030151	0.04263466003813961
16.884422110552766	0.052933336559722065
17.286432160804022	0.059642942473657
17.68844221105528	0.062017893547685755
18.090452261306535	0.06018383425556263
18.49246231155779	0.05494708640978975
18.894472361809047	0.04796680166791915
19.296482412060303	0.04162923032101361
19.69849246231156	0.0376632121972064
20.100502512562816	0.037201355362683305
20.502512562814072	0.0401978062973548
20.90452261306533	0.046125071788836514
21.306532663316585	0.05465339173431655
21.70854271356784	0.06504964199477106
22.110552763819097	0.07579734675339221
22.512562814070353	0.08483394316359193
22.91457286432161	0.09095733422634363
23.316582914572866	0.09305497884420674
23.718592964824122	0.09101609968367279
24.12060301507538	0.08516929373651282
24.522613065326635	0.07671141417410203
24.92462311557789	0.06673310668692295
25.326633165829147	0.057627293288002576
25.728643216080403	0.05084368611129671
26.13065326633166	0.04795011008785593
26.532663316582916	0.0491838628494141
26.934673366834172	0.05427971254821064
27.33668341708543	0.06165761118709693
27.738693467336685	0.06974268591552332
28.14070351758794	0.0766406695094615
28.542713567839197	0.08138939840457014
28.944723618090453	0.08237659989573119
29.34673366834171	0.07943333005536399
29.748743718592966	0.0731549572982864
30.150753768844222	0.06370273194583276
30.55276381909548	0.052501871116934426
30.954773869346734	0.04162273277169902
31.35678391959799	0.03293771772006589
31.758793969849247	0.02873071589877687
32.16080402010051	0.029582657718730317
32.56281407035176	0.033949926301158825
32.96482412060302	0.03916995483664756
33.366834170854275	0.04474892203989193
33.76884422110553	0.04960738382023112
34.17085427135679	0.053534619426240694
34.572864321608044	0.05577813765477323
34.9748743718593	0.055728084128014874
35.37688442211056	0.05335693039841403
35.77889447236181	0.04857716597040116
36.18090452261307	0.0423162035482118
36.582914572864325	0.03559585415668197
36.98492462311558	0.031058343603239218
37.38693467336684	0.030832434989425263
37.788944723618094	0.034880664390693775
38.19095477386935	0.04066205689616413
38.59296482412061	0.046077114458852965
38.99497487437186	0.0502428774772106
39.39698492462312	0.053196482200396744
39.798994974874375	0.0547803181575953
40.20100502512563	0.055409418820615196
40.60301507537689	0.05497299142261798
41.005025125628144	0.05364289818580279
41.4070351758794	0.05077471039432045
41.80904522613066	0.04600900704611331
42.21105527638191	0.04040373051636824
42.61306532663317	0.03551477511826698
43.015075376884425	0.033873336458107514
43.41708542713568	0.037167477254913255
43.81909547738694	0.04352905882720097
44.221105527638194	0.050377019759563255
44.62311557788945	0.055959940274867656
45.02512562814071	0.059292395489878004
45.42713567839196	0.06039899866443969
45.82914572864322	0.059501190428304276
46.231155778894475	0.05750865990074261
46.63316582914573	0.05452526187011801
47.03517587939699	0.050720483124148744
47.437185929648244	0.0461583260212053
47.8391959798995	0.04101644736235548
48.24120603015076	0.03640926993758103
48.64321608040201	0.034652850387951635
49.04522613065327	0.03755368226341007
49.447236180904525	0.04425840215061967
49.84924623115578	0.051853340440102834
50.25125628140704	0.058115159161164665
50.653266331658294	0.061254521055460434
51.05527638190955	0.06111951914033685
51.45728643216081	0.057753886623575765
51.85929648241206	0.05219790735168467
52.26130653266332	0.04579963908953292
52.663316582914575	0.0401223842560355
53.06532663316583	0.03549057643200796
53.46733668341709	0.031915801808880546
53.869346733668344	0.02957930374555081
54.2713567839196	0.02989754118894782
54.67336683417086	0.034296261745693696
55.07537688442211	0.04274826991474556
55.47738693467337	0.052026512186327825
55.879396984924625	0.060033616932662036
56.28140703517588	0.06483529611332986
56.68341708542714	0.06570361119050501
57.085427135678394	0.06238408203863146
57.48743718592965	0.05567581476383825
57.88944723618091	0.04713895720636993
58.29145728643216	0.03839417739107103
58.69346733668342	0.03128270689086211
59.095477386934675	0.026953367760766282
59.49748743718593	0.025234339978625682
59.89949748743719	0.027343274647537767
60.301507537688444	0.03309125830246772
60.7035175879397	0.04185880725708182
61.10552763819096	0.05173708350461816
61.50753768844221	0.06057847704499401
61.90954773869347	0.06693272195578034
62.311557788944725	0.06949221939632873
62.71356783919598	0.06804946440019187
63.11557788944724	0.06275791488096087
63.517587939698494	0.05491914966959318
63.91959798994975	0.046074647357031526
64.32160804020101	0.03804150704241417
64.72361809045226	0.032092821524951305
65.12562814070353	0.029470986220647394
65.52763819095478	0.030602203156338253
65.92964824120604	0.0355116157745789
66.33165829145729	0.04344670924715713
66.73366834170855	0.05302705421727042
67.1356783919598	0.06266946655590311
67.53768844221106	0.07052776065498881
67.93969849246231	0.07552136180922973
68.34170854271358	0.076522969363814
68.74371859296483	0.07366380032712892
69.14572864321609	0.06726952926658313
69.54773869346734	0.05868927474116643
69.9497487437186	0.049280306372875865
70.35175879396985	0.04091830085939965
70.75376884422111	0.03526584090325417
71.15577889447236	0.03334519017047976
71.55778894472363	0.03557581879259922
71.95979899497488	0.0410759393823847
72.36180904522614	0.04873039074423199
72.76381909547739	0.05760970678854162
73.16582914572865	0.06574832459937827
73.5678391959799	0.07181731217720058
73.96984924623116	0.07436060053612853
74.37185929648241	0.07312143184536277
74.77386934673368	0.06846899474630137
75.17587939698493	0.060846223139050394
75.57788944723619	0.05205230846669454
75.97989949748744	0.04331998066954249
76.3819095477387	0.036947133870905695
76.78391959798995	0.034256172140478255
77.18592964824121	0.03563078024603138
77.58793969849246	0.04009824068337589
77.98994974874373	0.046487392752787446
78.39195979899498	0.05361191434297363
78.79396984924624	0.06029224303775902
79.19597989949749	0.06555834297887121
79.59798994974875	0.068442528059293
80.0	0.0680783803315396
