0.0	0.011066680871485175
0.4020100502512563	0.010206542497444123
0.8040201005025126	0.007742284840141371
1.206030150753769	0.004109126756326738
1.6080402010050252	0.0011832831176171337
2.0100502512562817	0.004353046940950522
2.412060301507538	0.007204011566111636
2.814070351758794	0.008653652598977081
3.2160804020100504	0.00804046269152963
3.6180904522613067	0.0057519661118245625
4.020100502512563	0.0023053527109726957
4.42211055276382	0.0022038110791518643
4.824120603015076	0.006445988510247568
5.226130653266332	0.009750787012783146
5.628140703517588	0.011691102167392145
6.030150753768845	0.011964599910228116
6.432160804020101	0.010453741135031796
6.834170854271357	0.007545930713797557
7.236180904522613	0.0042971384145517105
7.63819095477387	0.002947220656357265
8.040201005025127	0.004995998266540825
8.442211055276383	0.006634131421681791
8.84422110552764	0.0070847772959599905
9.246231155778895	0.0058087937376127
9.648241206030152	0.004310132241753267
10.050251256281408	0.0054679665574248835
10.452261306532664	0.009134113589869744
10.85427135678392	0.013578393068753155
11.256281407035177	0.017361069884113692
11.658291457286433	0.019317002423963482
12.06030150753769	0.019760194597117066
12.462311557788945	0.019302557815288782
12.864321608040202	0.018680057769579296
13.266331658291458	0.018495730823972444
13.668341708542714	0.01910223675416394
14.07035175879397	0.020421485991665402
14.472361809045227	0.02121812734833471
14.874371859296483	0.020186432439809866
15.27638190954774	0.01757980598261221
15.678391959798995	0.014681950466043281
16.080402010050253	0.0128349143054031
16.48241206030151	0.015599651932866901
16.884422110552766	0.020659490344386265
17.286432160804022	0.025680519928024077
17.68844221105528	0.02988547400837971
18.090452261306535	0.03331480327660915
18.49246231155779	0.038126363716517925
18.894472361809047	0.04557667417748767
19.296482412060303	0.054431691629108395
19.69849246231156	0.06317850975423304
20.100502512562816	0.06860649694946995
20.502512562814072	0.0688862876907774
20.90452261306533	0.06386004172044366
21.306532663316585	0.05414103231207078
21.70854271356784	0.04177094043036132
22.110552763819097	0.029427841897763502
22.512562814070353	0.01937907958462664
22.91457286432161	0.013710621712059265
23.316582914572866	0.014716226497997125
23.718592964824122	0.02240071749749804
24.12060301507538	0.036255992867613406
24.522613065326635	0.05299908214130446
24.92462311557789	0.07103529593183813
25.326633165829147	0.08503695696968938
25.728643216080403	0.09238713313254655
26.13065326633166	0.09009615253982053
26.532663316582916	0.07833767514629951
26.934673366834172	0.059488454387642456
27.33668341708543	0.037504164158475226
27.738693467336685	0.021115608653736122
28.14070351758794	0.019933567300670314
28.542713567839197	0.022715813740139045
28.944723618090453	0.02188951418452306
29.34673366834171	0.024810544006373652
29.748743718592966	0.040009506212114056
30.150753768844222	0.06040200402880056
30.55276381909548	0.07874683497547547
30.954773869346734	0.09015550010113549
31.35678391959799	0.09091506909670834
31.758793969849247	0.08059409720011709
32.16080402010051	0.062210047926887835
32.56281407035176	0.043149439209311295
32.96482412060302	0.03962561102334557
33.366834170854275	0.05374100493496584
33.76884422110553	0.06944687287771122
34.17085427135679	0.07815834600880407
34.572864321608044	0.07786542449703082
34.9748743718593	0.0692124350788099
35.37688442211056	0.05521537258594568
35.77889447236181	0.041850646690140644
36.18090452261307	0.037941425185754885
36.582914572864325	0.04519744456159418
36.98492462311558	0.05413759135740156
37.38693467336684	0.057434759612245645
37.788944723618094	0.05348554440620153
38.19095477386935	0.044629135617159414
38.59296482412061	0.038603904699543515
38.99497487437186	0.04459117329067864
39.39698492462312	0.059232209674566626
39.798994974874375	0.07355537988577932
40.20100502512563	0.0822761187473832
40.60301507537689	0.08251833815402485
41.005025125628144	0.07403681325108144
41.4070351758794	0.059401428278744395
41.80904522613066	0.04206478543490053
42.21105527638191	0.02859004893505555
42.61306532663317	0.024576961536590898
43.015075376884425	0.026063389694171418
43.41708542713568	0.02400256439115713
43.81909547738694	0.016594561643706592
44.221105527638194	0.013955996880452782
44.62311557788945	0.029336008492224702
45.02512562814071	0.04885172095113569
45.42713567839196	0.06526967853920759
45.82914572864322	0.0746697493653159
46.231155778894475	0.07571427648402279
46.63316582914573	0.06813054452023172
47.03517587939699	0.0537323588919912
47.437185929648244	0.03820745127813373
47.8391959798995	0.03028795016837348
48.24120603015076	0.03589586474703395
48.64321608040201	0.045470709780462984
49.04522613065327	0.05160991940745625
49.447236180904525	0.05201100034533147
49.84924623115578	0.04884288065388305
50.25125628140704	0.04523419855843707
50.653266331658294	0.04528354786536823
51.05527638190955	0.04931355252040469
51.45728643216081	0.05359899047028749
51.85929648241206	0.054595974238103986
52.26130653266332	0.05052249570953713
52.663316582914575	0.04222633922658734
53.06532663316583	0.034381509485667386
53.46733668341709	0.035723282243298994
53.869346733668344	0.04695213485115452
54.2713567839196	0.06043874495620788
54.67336683417086	0.06964971662845379
55.07537688442211	0.07209871375575541
55.47738693467337	0.0667225729136789
55.879396984924625	0.05481674046213997
56.28140703517588	0.038954996228600845
56.68341708542714	0.023877626095606976
57.085427135678394	0.017406301138115976
57.48743718592965	0.019345891432380486
57.88944723618091	0.01898378350664236
58.29145728643216	0.01191402808279908
58.69346733668342	0.0039226023191075085
59.095477386934675	0.022636089289467604
59.49748743718593	0.044055102236251246
59.89949748743719	0.06372044515348793
60.301507537688444	0.07846018551852706
60.7035175879397	0.08495158316272958
61.10552763819096	0.08230857868525562
61.50753768844221	0.07047177113887217
61.90954773869347	0.05213227147368142
62.311557788944725	0.032652433971996395
62.71356783919598	0.02213464493744723
63.11557788944724	0.028085224612004567
63.517587939698494	0.0359472659895873
63.91959798994975	0.03829584722553174
64.32160804020101	0.035787682347578266
64.72361809045226	0.03387101648610295
65.12562814070353	0.037514902169548926
65.52763819095478	0.04580501671815439
65.92964824120604	0.0535413420564209
66.33165829145729	0.056212487670713795
66.73366834170855	0.05192772414673531
67.1356783919598	0.04162893135092523
67.53768844221106	0.029112100586952856
67.93969849246231	0.026024128672815488
68.34170854271358	0.0383248104616245
68.74371859296483	0.05377650433831414
69.14572864321609	0.06503843418039638
69.54773869346734	0.0687665355336215
69.9497487437186	0.06489146384847991
70.35175879396985	0.054132143659162926
70.75376884422111	0.039096934213410935
71.15577889447236	0.023262617309281967
71.55778894472363	0.010869468708451333
71.95979899497488	0.006726247332099584
72.36180904522614	0.005197189889472702
72.76381909547739	0.001921250405415982
73.16582914572865	0.013859369804661733
73.5678391959799	0.029993744667606466
73.96984924623116	0.046756214645789745
74.37185929648241	0.06084777532409914
74.77386934673368	0.06948013923735717
75.17587939698493	0.07092648946254022
75.57788944723619	0.06482651826156093
75.97989949748744	0.052895689508535716
76.3819095477387	0.038133103439444815
76.78391959798995	0.025865472936694438
77.18592964824121	0.0241657729882742
77.58793969849246	0.030721739864495595
77.98994974874373	0.037226260000605374
78.39195979899498	0.04003282965762412
78.79396984924624	0.03987542408106452
79.19597989949749	0.038385659846531486
79.59798994974875	0.037704422975868936
80.0	0.038335435047174266
