0.0	0.02367294115979306
0.4020100502512563	0.024727589246160447
0.8040201005025126	0.021994520911772657
1.206030150753769	0.01607534500980501
1.6080402010050252	0.009172540129589093
2.0100502512562817	0.006745498261085054
2.412060301507538	0.011718323746210757
2.814070351758794	0.01588679344804147
3.2160804020100504	0.01683143771075993
3.6180904522613067	0.013812219328415662
4.020100502512563	0.007931848230425361
4.42211055276382	0.004782588905860384
4.824120603015076	0.01303904014618667
5.226130653266332	0.02178455820631906
5.628140703517588	0.028185982242452123
6.030150753768845	0.03130138210716535
6.432160804020101	0.03072179104091561
6.834170854271357	0.02655433521859211
7.236180904522613	0.019900667717264765
7.63819095477387	0.0130490297672809
8.040201005025127	0.008881325242378398
8.442211055276383	0.008701351303284161
8.84422110552764	0.008677717822738483
9.246231155778895	0.005954968346582237
9.648241206030152	0.0014712218713641822
10.050251256281408	0.009783383294854594
10.452261306532664	0.020338958587780433
10.85427135678392	0.0304158810841414
11.256281407035177	0.03893219171563185
11.658291457286433	0.043876740042698564
12.06030150753769	0.04518889027303776
12.462311557788945	0.04256884906172989
12.864321608040202	0.03696900464821708
13.266331658291458	0.029805806438486165
13.668341708542714	0.022735628625152066
14.07035175879397	0.0172415112580381
14.472361809045227	0.013815969319448609
14.874371859296483	0.01188495663657791
15.27638190954774	0.012980709815528766
15.678391959798995	0.01830275544550823
16.080402010050253	0.026843026954888216
16.48241206030151	0.036606760016324714
16.884422110552766	0.045486056737262234
17.286432160804022	0.05213344049513091
17.68844221105528	0.05566728284539345
18.090452261306535	0.055491298658227606
18.49246231155779	0.052324864008217245
18.894472361809047	0.046764135192364865
19.296482412060303	0.03993989952735778
19.69849246231156	0.03299850236954686
20.100502512562816	0.02740162859083429
20.502512562814072	0.023842004809242274
20.90452261306533	0.022774228704012935
21.306532663316585	0.02465847714120066
21.70854271356784	0.029538550007335806
22.110552763819097	0.03651984741776919
22.512562814070353	0.044449751481804675
22.91457286432161	0.05198347934776097
23.316582914572866	0.057725499366887104
23.718592964824122	0.06101797681751869
24.12060301507538	0.06112161996428198
24.522613065326635	0.05854525680761038
24.92462311557789	0.053764428359568725
25.326633165829147	0.047863485320975965
25.728643216080403	0.041895789290905455
26.13065326633166	0.0367248439650197
26.532663316582916	0.03345402711093475
26.934673366834172	0.0323176161484906
27.33668341708543	0.033829592336156275
27.738693467336685	0.038200681575983664
28.14070351758794	0.04498543556101189
28.542713567839197	0.0529998075428915
28.944723618090453	0.06131443800162887
29.34673366834171	0.06834018566035097
29.748743718592966	0.07325266558617735
30.150753768844222	0.07524478459889539
30.55276381909548	0.07430649666693431
30.954773869346734	0.07075583067690934
31.35678391959799	0.06552744650272058
31.758793969849247	0.059756365496446084
32.16080402010051	0.05433098427571281
32.56281407035176	0.0502489399271846
32.96482412060302	0.047945354710302965
33.366834170854275	0.04777417391872285
33.76884422110553	0.049720310282451774
34.17085427135679	0.05380058569858594
34.572864321608044	0.059577658702190964
34.9748743718593	0.06571656060486579
35.37688442211056	0.0712223460148608
35.77889447236181	0.07516548714891183
36.18090452261307	0.07663958177328609
36.582914572864325	0.07502762871671613
36.98492462311558	0.07080557103402745
37.38693467336684	0.06474324354939152
37.788944723618094	0.057702581568397984
38.19095477386935	0.051111815029117366
38.59296482412061	0.045886117864095806
38.99497487437186	0.04270781033999103
39.39698492462312	0.04175810641747924
39.798994974874375	0.04329421897772538
40.20100502512563	0.04698037231579481
40.60301507537689	0.05258545815981813
41.005025125628144	0.05842633104041075
41.4070351758794	0.06395814374531013
41.80904522613066	0.06770794111756522
42.21105527638191	0.06887353390736137
42.61306532663317	0.06690065710873318
43.015075376884425	0.06251371639223646
43.41708542713568	0.05663552760916357
43.81909547738694	0.05023718548883834
44.221105527638194	0.04468043145011904
44.62311557788945	0.040472433281501505
45.02512562814071	0.03837203567210134
45.42713567839196	0.03874698851388502
45.82914572864322	0.04174919758557891
46.231155778894475	0.047187719202667
46.63316582914573	0.05382866830832954
47.03517587939699	0.060458192451251655
47.437185929648244	0.06535441315931036
47.8391959798995	0.06753731784873165
48.24120603015076	0.06683950834109148
48.64321608040201	0.06329430022190387
49.04522613065327	0.057620805167907255
49.447236180904525	0.051387512002389446
49.84924623115578	0.04586261307972387
50.25125628140704	0.04194601509710082
50.653266331658294	0.04015302268848904
51.05527638190955	0.04065064662440385
51.45728643216081	0.04355176967671223
51.85929648241206	0.04881117817587072
52.26130653266332	0.05526883784940856
52.663316582914575	0.06187669928709074
53.06532663316583	0.06713891007202304
53.46733668341709	0.06985077305463802
53.869346733668344	0.069411049761421
54.2713567839196	0.06584679964834098
54.67336683417086	0.059770064171623075
55.07537688442211	0.05289910266491701
55.47738693467337	0.04674605907576289
55.879396984924625	0.04192397257571141
56.28140703517588	0.03956571024004974
56.68341708542714	0.03973493208674251
57.085427135678394	0.04190171545231423
57.48743718592965	0.046146844352646
57.88944723618091	0.051933266970436785
58.29145728643216	0.057880106442102675
58.69346733668342	0.06307797003327045
59.095477386934675	0.0661625553580056
59.49748743718593	0.06671554891754604
59.89949748743719	0.06446668096280483
60.301507537688444	0.059819718569957846
60.7035175879397	0.054073211958620596
61.10552763819096	0.04821130179896508
61.50753768844221	0.04328266769784957
61.90954773869347	0.04031585337606149
62.311557788944725	0.03937086316136244
62.71356783919598	0.04060663131797927
63.11557788944724	0.04365804960499163
63.517587939698494	0.048171843474621306
63.91959798994975	0.05352559431650174
64.32160804020101	0.05872201157002758
64.72361809045226	0.06240044700289695
65.12562814070353	0.0641599430403876
65.52763819095478	0.0633721240254582
65.92964824120604	0.06024531101250903
66.33165829145729	0.05529755320246077
66.73366834170855	0.049768404589730045
67.1356783919598	0.04396377647311187
67.53768844221106	0.03964526439756224
67.93969849246231	0.037027971417144964
68.34170854271358	0.03672100255440422
68.74371859296483	0.038194599765282264
69.14572864321609	0.04127641375868329
69.54773869346734	0.04526830115482263
69.9497487437186	0.04985638033931466
70.35175879396985	0.05422257716721733
70.75376884422111	0.057207361089474204
71.15577889447236	0.058661496059450334
71.55778894472363	0.05800302667315762
71.95979899497488	0.055540774403090895
72.36180904522614	0.05180789372135133
72.76381909547739	0.04697554946462557
73.16582914572865	0.04241813413825486
73.5678391959799	0.039072733261549294
73.96984924623116	0.03753157624803537
74.37185929648241	0.03759360091316426
74.77386934673368	0.03958602870010823
75.17587939698493	0.04294322739755922
75.57788944723619	0.04681830091254281
75.97989949748744	0.0510564354504193
76.3819095477387	0.05519622159739879
76.78391959798995	0.05848254151141472
77.18592964824121	0.06018022275534417
77.58793969849246	0.06001865083746254
77.98994974874373	0.05796346676522004
78.39195979899498	0.05390495161468053
78.79396984924624	0.04880892401198856
79.19597989949749	0.0436267517371551
79.59798994974875	0.039480888998394296
80.0	0.037189136421694954
