0.0	0.013746026400125358
0.4020100502512563	0.014190809382394915
0.8040201005025126	0.012623169662582746
1.206030150753769	0.00947605880004086
1.6080402010050252	0.006747845669917195
2.0100502512562817	0.006940432074319358
2.412060301507538	0.009070124038210798
2.814070351758794	0.01080428888394889
3.2160804020100504	0.010779000862486923
3.6180904522613067	0.008418079269232279
4.020100502512563	0.00457711978621515
4.42211055276382	0.002205631122542628
4.824120603015076	0.007268977562848965
5.226130653266332	0.012230783314765506
5.628140703517588	0.01601045260594024
6.030150753768845	0.017746471442369995
6.432160804020101	0.017368053511989393
6.834170854271357	0.015411557480026586
7.236180904522613	0.012363454611879989
7.63819095477387	0.00992224707032044
8.040201005025127	0.009119948240710229
8.442211055276383	0.009350970515511628
8.84422110552764	0.00891469898607178
9.246231155778895	0.006982333686394724
9.648241206030152	0.003951034767509405
10.050251256281408	0.00487818789474243
10.452261306532664	0.010827975190146454
10.85427135678392	0.01682761277952008
11.256281407035177	0.021628728387750776
11.658291457286433	0.024768668449657978
12.06030150753769	0.025459226148204478
12.462311557788945	0.023875506051271034
12.864321608040202	0.02046825033802763
13.266331658291458	0.016033948218707385
13.668341708542714	0.01183126430945944
14.07035175879397	0.008312030529542833
14.472361809045227	0.00625681335718533
14.874371859296483	0.005510814093687986
15.27638190954774	0.0074669797077501505
15.678391959798995	0.01235083775281387
16.080402010050253	0.019183662541568672
16.48241206030151	0.026520794401352448
16.884422110552766	0.03348318036335093
17.286432160804022	0.038973877464342256
17.68844221105528	0.04255493562863512
18.090452261306535	0.04321350346464485
18.49246231155779	0.04110125031300658
18.894472361809047	0.03689625844267212
19.296482412060303	0.031138341656246914
19.69849246231156	0.02474913753538456
20.100502512562816	0.01874949561964478
20.502512562814072	0.014269359657456853
20.90452261306533	0.012328504123781331
21.306532663316585	0.013110936698445975
21.70854271356784	0.016441459549223866
22.110552763819097	0.021984717580877687
22.512562814070353	0.028648041417006925
22.91457286432161	0.03568604772985995
23.316582914572866	0.04166347756447003
23.718592964824122	0.04522351136494894
24.12060301507538	0.0463826988430456
24.522613065326635	0.04460001767183901
24.92462311557789	0.039954493364101076
25.326633165829147	0.03330389523769881
25.728643216080403	0.026201262001780752
26.13065326633166	0.020107898338805687
26.532663316582916	0.0162896019543377
26.934673366834172	0.01580225595236544
27.33668341708543	0.017971030057819564
27.738693467336685	0.02275778710229342
28.14070351758794	0.029059259003788147
28.542713567839197	0.03578792847029903
28.944723618090453	0.04172747738441639
29.34673366834171	0.04595975846202709
29.748743718592966	0.04733014022856182
30.150753768844222	0.04587547118893589
30.55276381909548	0.04163787500592161
30.954773869346734	0.035572865976216936
31.35678391959799	0.029305086996040806
31.758793969849247	0.024619743600416792
32.16080402010051	0.022276488840012737
32.56281407035176	0.022385507687039157
32.96482412060302	0.024206058467974984
33.366834170854275	0.027141531014558674
33.76884422110553	0.03164121846880912
34.17085427135679	0.03719232685880035
34.572864321608044	0.04291719805585541
34.9748743718593	0.04748622400531617
35.37688442211056	0.0499777777879008
35.77889447236181	0.05012935299571499
36.18090452261307	0.047793425796017794
36.582914572864325	0.04394624919707006
36.98492462311558	0.03941056052692188
37.38693467336684	0.03568164999113301
37.788944723618094	0.03355868821463931
38.19095477386935	0.033622971012247066
38.59296482412061	0.03529222504014585
38.99497487437186	0.03848699103594873
39.39698492462312	0.04272034746088012
39.798994974874375	0.04783726895576685
40.20100502512563	0.053298238113781884
40.60301507537689	0.05807369543209808
41.005025125628144	0.061986665775691764
41.4070351758794	0.06417053437828575
41.80904522613066	0.06444998483397221
42.21105527638191	0.06348526500811698
42.61306532663317	0.061027859872265576
43.015075376884425	0.05833979636292269
43.41708542713568	0.05582684251764162
43.81909547738694	0.05402527638913265
44.221105527638194	0.053637596681036445
44.62311557788945	0.05464552318535674
45.02512562814071	0.056961350093773164
45.42713567839196	0.060218786968791925
45.82914572864322	0.06381396465135093
46.231155778894475	0.06704948814617182
46.63316582914573	0.06928172728398434
47.03517587939699	0.06995079850581963
47.437185929648244	0.06909309242568545
47.8391959798995	0.06698428682076749
48.24120603015076	0.06427050277097325
48.64321608040201	0.06133148389444748
49.04522613065327	0.058766089633880594
49.447236180904525	0.05708950220703363
49.84924623115578	0.05657239239134485
50.25125628140704	0.05740329357642295
50.653266331658294	0.059083646887550446
51.05527638190955	0.061350502905631155
51.45728643216081	0.06349461167382595
51.85929648241206	0.06503928606053423
52.26130653266332	0.06555513052875536
52.663316582914575	0.06519463197820345
53.06532663316583	0.06389298492277488
53.46733668341709	0.06174623923938588
53.869346733668344	0.0590594189764347
54.2713567839196	0.05595651837054805
54.67336683417086	0.05288053864162644
55.07537688442211	0.050319625117552925
55.47738693467337	0.04872979450472589
55.879396984924625	0.0487300196566209
56.28140703517588	0.05019876125949897
56.68341708542714	0.05295904681026551
57.085427135678394	0.05572054731198589
57.48743718592965	0.05817290409244545
57.88944723618091	0.05975403463036327
58.29145728643216	0.06033123893282154
58.69346733668342	0.06007854824894632
59.095477386934675	0.05918002228624588
59.49748743718593	0.05749876208176112
59.89949748743719	0.05527755335574508
60.301507537688444	0.05258359716361294
60.7035175879397	0.04984398178389583
61.10552763819096	0.047745853599795815
61.50753768844221	0.04656314116600102
61.90954773869347	0.04688481058520162
62.311557788944725	0.04865838569026473
62.71356783919598	0.05135725671954211
63.11557788944724	0.054410722265325576
63.517587939698494	0.05688142599392988
63.91959798994975	0.058629625739340885
64.32160804020101	0.05942445913861932
64.72361809045226	0.059526699707440914
65.12562814070353	0.05882228684648767
65.52763819095478	0.0574912578336896
65.92964824120604	0.055533725323523485
66.33165829145729	0.05302097110575584
66.73366834170855	0.050337337398054335
67.1356783919598	0.048256413874807905
67.53768844221106	0.04722022138693073
67.93969849246231	0.04757480004886363
68.34170854271358	0.04976457358585025
68.74371859296483	0.052633510867462464
69.14572864321609	0.05604669496609475
69.54773869346734	0.05898276457579138
69.9497487437186	0.061283828766356484
70.35175879396985	0.06264950325658378
70.75376884422111	0.06296209014043339
71.15577889447236	0.06212562289458867
71.55778894472363	0.06002715864462188
71.95979899497488	0.05699844543471638
72.36180904522614	0.05354933525584145
72.76381909547739	0.05032564679218869
73.16582914572865	0.047921795985894064
73.5678391959799	0.04720493321488163
73.96984924623116	0.048243323735610494
74.37185929648241	0.05110752921355314
74.77386934673368	0.054543887593446326
75.17587939698493	0.05841643650703336
75.57788944723619	0.06175894326752516
75.97989949748744	0.06373964092928702
76.3819095477387	0.06436786477100997
76.78391959798995	0.06354852105481011
77.18592964824121	0.06095385536618429
77.58793969849246	0.05755173108420891
77.98994974874373	0.054036605403550445
78.39195979899498	0.050789554984069105
78.79396984924624	0.04842130222839229
79.19597989949749	0.04766917771446985
79.59798994974875	0.04859165314576443
80.0	0.05120565020786409
