0.0	0.018765332572674643
0.4020100502512563	0.016308401004695192
0.8040201005025126	0.011326931194384673
1.206030150753769	0.005221836870094892
1.6080402010050252	0.004652248728903095
2.0100502512562817	0.010077467895945333
2.412060301507538	0.014231510787761756
2.814070351758794	0.01553953454768028
3.2160804020100504	0.013857705220181529
3.6180904522613067	0.009370588184082429
4.020100502512563	0.002898855408917576
4.42211055276382	0.004590191414438719
4.824120603015076	0.011304263623824595
5.226130653266332	0.016296400984893804
5.628140703517588	0.01851049277678125
6.030150753768845	0.017839215564295845
6.432160804020101	0.01442814457069971
6.834170854271357	0.009258537572691187
7.236180904522613	0.0058687962890831506
7.63819095477387	0.008578508817008447
8.040201005025127	0.012952102152007271
8.442211055276383	0.015578087811169261
8.84422110552764	0.015327333780641408
9.246231155778895	0.012290172710350556
9.648241206030152	0.007497265353476628
10.050251256281408	0.0035089849307271153
10.452261306532664	0.0067175931333931195
10.85427135678392	0.011112032867254843
11.256281407035177	0.01360006441718728
11.658291457286433	0.0136687944239052
12.06030150753769	0.010948701979815675
12.462311557788945	0.007324156170485574
12.864321608040202	0.008772106747834041
13.266331658291458	0.016151451881996796
13.668341708542714	0.025256557326969187
14.07035175879397	0.034028166553696435
14.472361809045227	0.04154970584562835
14.874371859296483	0.04617215887637292
15.27638190954774	0.0467769323551519
15.678391959798995	0.04258888596265606
16.080402010050253	0.03322556226045631
16.48241206030151	0.02058249389371724
16.884422110552766	0.015318067209386116
17.286432160804022	0.028757868295904127
17.68844221105528	0.044633160949727885
18.090452261306535	0.05625284013974892
18.49246231155779	0.060716628208290234
18.894472361809047	0.05644694492898258
19.296482412060303	0.0438750749878507
19.69849246231156	0.02896463699623377
20.100502512562816	0.028202362545934147
20.502512562814072	0.046005218373228976
20.90452261306533	0.06415476133415765
21.306532663316585	0.0747777303946848
21.70854271356784	0.07635726844054767
22.110552763819097	0.07121161386439157
22.512562814070353	0.06453676068072421
22.91457286432161	0.0632732244693164
23.316582914572866	0.06981199616345538
23.718592964824122	0.07725527479081468
24.12060301507538	0.07985639384687045
24.522613065326635	0.07506830017211999
24.92462311557789	0.06285241047202325
25.326633165829147	0.04595356883698787
25.728643216080403	0.025626075440894965
26.13065326633166	0.009949304130177711
26.532663316582916	0.019318711445741203
26.934673366834172	0.035078608007935635
27.33668341708543	0.04819699208330351
27.738693467336685	0.05960965266888747
28.14070351758794	0.06836201153840774
28.542713567839197	0.07370234544893975
28.944723618090453	0.07543022703811056
29.34673366834171	0.07344198141854123
29.748743718592966	0.06911060878235847
30.150753768844222	0.06428374539293133
30.55276381909548	0.05882205757442921
30.954773869346734	0.05260329419017299
31.35678391959799	0.04441359277680841
31.758793969849247	0.03625022065100196
32.16080402010051	0.03148060322887196
32.56281407035176	0.032597682031289
32.96482412060302	0.03815171565457233
33.366834170854275	0.04444892541308528
33.76884422110553	0.049387012082402586
34.17085427135679	0.05142926681035589
34.572864321608044	0.0503776214643382
34.9748743718593	0.04916553174317474
35.37688442211056	0.050041380736475086
35.77889447236181	0.05270743565303567
36.18090452261307	0.053580994729972395
36.582914572864325	0.051247250714078416
36.98492462311558	0.04787262674140185
37.38693467336684	0.047453740639536626
37.788944723618094	0.0523513346450009
38.19095477386935	0.0618228453221177
38.59296482412061	0.0723997486641311
38.99497487437186	0.08120370793228741
39.39698492462312	0.08529698075902627
39.798994974874375	0.08306950317239699
40.20100502512563	0.07297313651747137
40.60301507537689	0.05605799562534062
41.005025125628144	0.03515745432612445
41.4070351758794	0.014714027953032019
41.80904522613066	0.011356024980688589
42.21105527638191	0.02453990830091428
42.61306532663317	0.036116643602242
43.015075376884425	0.04686252350128474
43.41708542713568	0.058990136209357724
43.81909547738694	0.07255443459169997
44.221105527638194	0.08574466238621006
44.62311557788945	0.09521815332879859
45.02512562814071	0.09865876401966364
45.42713567839196	0.0943815903433611
45.82914572864322	0.082840426211733
46.231155778894475	0.06579928884752075
46.63316582914573	0.04635206916937721
47.03517587939699	0.02954798611749821
47.437185929648244	0.021023497996177663
47.8391959798995	0.022359629157173395
48.24120603015076	0.025827131273232586
48.64321608040201	0.028239123138004963
49.04522613065327	0.03187915182079239
49.447236180904525	0.039334863450189834
49.84924623115578	0.04995834707081316
50.25125628140704	0.0603155376648315
50.653266331658294	0.06679862439794401
51.05527638190955	0.06744113723118111
51.45728643216081	0.060926934896705275
51.85929648241206	0.04924453304319974
52.26130653266332	0.03597527747860858
52.663316582914575	0.03026370701074771
53.06532663316583	0.035975697301935707
53.46733668341709	0.04487358594363588
53.869346733668344	0.05065334872973008
54.2713567839196	0.05142898538991525
54.67336683417086	0.04890539452397847
55.07537688442211	0.04592840476651602
55.47738693467337	0.045637092410640796
55.879396984924625	0.04856947665635446
56.28140703517588	0.05193826511982712
56.68341708542714	0.05243903428191889
57.085427135678394	0.047854959377175224
57.48743718592965	0.037488780757788935
57.88944723618091	0.024724563506748887
58.29145728643216	0.017855268365262474
58.69346733668342	0.026436102389537475
59.095477386934675	0.038627465801839435
59.49748743718593	0.04814647630919174
59.89949748743719	0.05331760170325541
60.301507537688444	0.055489955075666564
60.7035175879397	0.056922266401635044
61.10552763819096	0.06008162111766121
61.50753768844221	0.06532109908737865
61.90954773869347	0.07092864272160401
62.311557788944725	0.07356373238652703
62.71356783919598	0.07106571507551683
63.11557788944724	0.06192291992099093
63.517587939698494	0.04692609605052416
63.91959798994975	0.027625364665683116
64.32160804020101	0.007172623534191904
64.72361809045226	0.012814587157972837
65.12562814070353	0.02962593492234662
65.52763819095478	0.04229080082025104
65.92964824120604	0.050892178485422754
66.33165829145729	0.055761612813553574
66.73366834170855	0.058613276472891926
67.1356783919598	0.06117286351209459
67.53768844221106	0.06353910996252345
67.93969849246231	0.06491348330355898
68.34170854271358	0.06293705324983806
68.74371859296483	0.055541090705671835
69.14572864321609	0.04273117309247457
69.54773869346734	0.026550140150027452
69.9497487437186	0.012805787803969737
70.35175879396985	0.01938331059106917
70.75376884422111	0.032973888942744514
71.15577889447236	0.042418464767346044
71.55778894472363	0.0459069525377097
71.95979899497488	0.04343172990932177
72.36180904522614	0.0377705844319777
72.76381909547739	0.0339170097936308
73.16582914572865	0.036313170116111654
73.5678391959799	0.04222955642183443
73.96984924623116	0.04644557397945876
74.37185929648241	0.045931560566968795
74.77386934673368	0.03959582347624892
75.17587939698493	0.028472422188387976
75.57788944723619	0.01863774058862023
75.97989949748744	0.021874270668205124
76.3819095477387	0.03479536568305689
76.78391959798995	0.04611219536214845
77.18592964824121	0.05228696904569489
77.58793969849246	0.052549322996404337
77.98994974874373	0.04805987903597134
78.39195979899498	0.042172446480410235
78.79396984924624	0.039037743279762685
79.19597989949749	0.039976262943292394
79.59798994974875	0.041533333869961456
80.0	0.04048934540079725
