0.0	0.019307664723549247
0.4020100502512563	0.017050960259808963
0.8040201005025126	0.011988940989183615
1.206030150753769	0.004846770850589203
1.6080402010050252	0.002938598260624684
2.0100502512562817	0.009710882426982212
2.412060301507538	0.01462041926346289
2.814070351758794	0.016445829989109484
3.2160804020100504	0.014952087096457251
3.6180904522613067	0.010608639387724019
4.020100502512563	0.0039747575178491245
4.42211055276382	0.0036774453039369165
4.824120603015076	0.010836600734933284
5.226130653266332	0.015971249018078733
5.628140703517588	0.018501205544817153
6.030150753768845	0.017752025328382662
6.432160804020101	0.013775697541277295
6.834170854271357	0.007765919230349897
7.236180904522613	0.00048099074342616854
7.63819095477387	0.006726966744760157
8.040201005025127	0.012475302488756782
8.442211055276383	0.01563771341712549
8.84422110552764	0.015649566440700726
9.246231155778895	0.012521836559599825
9.648241206030152	0.006839620021094122
10.050251256281408	0.000659717013385194
10.452261306532664	0.008013674804798863
10.85427135678392	0.014489836548435433
11.256281407035177	0.018704595920943028
11.658291457286433	0.020105441903656533
12.06030150753769	0.018465928703833654
12.462311557788945	0.014010485791209417
12.864321608040202	0.007798208532367996
13.266331658291458	0.001363570206707456
13.668341708542714	0.006182638234682777
14.07035175879397	0.01113709412155843
14.472361809045227	0.013469194528740258
14.874371859296483	0.01305023346122582
15.27638190954774	0.009725069068575596
15.678391959798995	0.0042034999284393335
16.080402010050253	0.00282195211091715
16.48241206030151	0.009696539099811255
16.884422110552766	0.015793855063392585
17.286432160804022	0.019929121824187414
17.68844221105528	0.021530817808552285
18.090452261306535	0.020429052531908378
18.49246231155779	0.016945096125671265
18.894472361809047	0.01154778218784026
19.296482412060303	0.005438520316941752
19.69849246231156	0.00264157698062355
20.100502512562816	0.006328443349877415
20.502512562814072	0.008559460574217716
20.90452261306533	0.008011662901539315
21.306532663316585	0.005101186996210724
21.70854271356784	0.0007957687290285854
22.110552763819097	0.006697941299144128
22.512562814070353	0.013347072988037523
22.91457286432161	0.019112356800963185
23.316582914572866	0.02318060588372165
23.718592964824122	0.02498209634397163
24.12060301507538	0.02418046835759232
24.522613065326635	0.02066459094925369
24.92462311557789	0.01538743721492474
25.326633165829147	0.00907743910041663
25.728643216080403	0.003588458310503754
26.13065326633166	0.0037654612744602925
26.532663316582916	0.005894798646727624
26.934673366834172	0.0054927513307453085
27.33668341708543	0.0030156263025347295
27.738693467336685	0.003941598647718823
28.14070351758794	0.010221023007752692
28.542713567839197	0.01710395862972487
28.944723618090453	0.02356712478166266
29.34673366834171	0.02837897636490765
29.748743718592966	0.03067038624737966
30.150753768844222	0.03019912729914845
30.55276381909548	0.027046793806982133
30.954773869346734	0.021950618158617048
31.35678391959799	0.015660533725798072
31.758793969849247	0.010036864919918802
32.16080402010051	0.006219574527565662
32.56281407035176	0.004435818129230202
32.96482412060302	0.0035456707394392883
33.366834170854275	0.004666308546629208
33.76884422110553	0.00950919033719837
34.17085427135679	0.016332767554733858
34.572864321608044	0.023291433428293023
34.9748743718593	0.02940446819245221
35.37688442211056	0.033676774417330274
35.77889447236181	0.03530073878101073
36.18090452261307	0.03429816557280798
36.582914572864325	0.030967732818119636
36.98492462311558	0.026068489018380818
37.38693467336684	0.02053873123020026
37.788944723618094	0.015217987855237364
38.19095477386935	0.010919447298340698
38.59296482412061	0.00857962835848935
38.99497487437186	0.008966270237368203
39.39698492462312	0.01211033555304607
39.798994974874375	0.017468918578835875
40.20100502512563	0.024196510237399528
40.60301507537689	0.0315171057512116
41.005025125628144	0.03815286839900884
41.4070351758794	0.042949356049715184
41.80904522613066	0.045019854006866075
42.21105527638191	0.04434970588545125
42.61306532663317	0.04107640271169166
43.015075376884425	0.03579914650154913
43.41708542713568	0.029352888740694194
43.81909547738694	0.023324667868407773
44.221105527638194	0.018408139778997974
44.62311557788945	0.015763472040899913
45.02512562814071	0.015648497056572865
45.42713567839196	0.01845219195106957
45.82914572864322	0.023249394844212103
46.231155778894475	0.029495131891796672
46.63316582914573	0.03592793391842046
47.03517587939699	0.041860384787481233
47.437185929648244	0.046255338355307256
47.8391959798995	0.048437625368276394
48.24120603015076	0.048507384905274537
48.64321608040201	0.046482087342746836
49.04522613065327	0.04287783774101894
49.447236180904525	0.03819407388924458
49.84924623115578	0.03406933110120832
50.25125628140704	0.03105711152696728
50.653266331658294	0.030271242476260136
51.05527638190955	0.03147817026008113
51.45728643216081	0.03516489521294651
51.85929648241206	0.04063549493532033
52.26130653266332	0.04687146753205962
52.663316582914575	0.053346684684564674
53.06532663316583	0.05896549091493505
53.46733668341709	0.06296511781616103
53.869346733668344	0.0650445527905853
54.2713567839196	0.06536398309845035
54.67336683417086	0.06397257280383335
55.07537688442211	0.06167296842657145
55.47738693467337	0.05886535883045182
55.879396984924625	0.05647625832718509
56.28140703517588	0.05484559033379507
56.68341708542714	0.0540988377188497
57.085427135678394	0.05415010964666829
57.48743718592965	0.054455517765542694
57.88944723618091	0.05470382708397322
58.29145728643216	0.05463285573656172
58.69346733668342	0.05419705355987705
59.095477386934675	0.05415008712153028
59.49748743718593	0.05496155875141501
59.89949748743719	0.056966016695869204
60.301507537688444	0.060097194787055885
60.7035175879397	0.06321561300688072
61.10552763819096	0.06616832635238779
61.50753768844221	0.06747986275657941
61.90954773869347	0.066959068385269
62.311557788944725	0.0641389092548918
62.71356783919598	0.05969061087202081
63.11557788944724	0.05412984079814583
63.517587939698494	0.04842228554891995
63.91959798994975	0.043735705303023883
64.32160804020101	0.04082268505076302
64.72361809045226	0.03998931688493425
65.12562814070353	0.041566575927262574
65.52763819095478	0.044825023866666536
65.92964824120604	0.04921793254647374
66.33165829145729	0.053528113572029544
66.73366834170855	0.05705232737430512
67.1356783919598	0.05881825650340117
67.53768844221106	0.05848911174840319
67.93969849246231	0.05645954451511107
68.34170854271358	0.05312664763772681
68.74371859296483	0.049146291352631905
69.14572864321609	0.04580307128072658
69.54773869346734	0.04337945327523072
69.9497487437186	0.04266844344872256
70.35175879396985	0.04379113142924965
70.75376884422111	0.04632143765182119
71.15577889447236	0.049567301875749634
71.55778894472363	0.05279336854822232
71.95979899497488	0.05516656598034488
72.36180904522614	0.05611378920723596
72.76381909547739	0.055425984876921276
73.16582914572865	0.05358628879193796
73.5678391959799	0.05129748916463114
73.96984924623116	0.049099000259032896
74.37185929648241	0.04760535740409783
74.77386934673368	0.04727368413726241
75.17587939698493	0.04799203440422352
75.57788944723619	0.049719290763217294
75.97989949748744	0.05162365337863704
76.3819095477387	0.053498954841728064
76.78391959798995	0.054862735122375425
77.18592964824121	0.05554327790559033
77.58793969849246	0.05513747037912446
77.98994974874373	0.053980107786430385
78.39195979899498	0.052156875575117875
78.79396984924624	0.0500335754206193
79.19597989949749	0.047754981367345954
79.59798994974875	0.04625795968367603
80.0	0.04550033165920453
