0.0	0.019317949714080566
0.4020100502512563	0.020750943113131335
0.8040201005025126	0.01895769791626186
1.206030150753769	0.013920190925226648
1.6080402010050252	0.007377434062078909
2.0100502512562817	0.0035093999328236923
2.412060301507538	0.008124779868096236
2.814070351758794	0.012391553080718102
3.2160804020100504	0.01346360331569645
3.6180904522613067	0.011347255529782647
4.020100502512563	0.006572986875556087
4.42211055276382	0.0030226653249003253
4.824120603015076	0.010454596656633657
5.226130653266332	0.018186714977229783
5.628140703517588	0.02438616575222833
6.030150753768845	0.02755112337409348
6.432160804020101	0.027404887983505394
6.834170854271357	0.024425239750041572
7.236180904522613	0.018929577901984358
7.63819095477387	0.012678048140470868
8.040201005025127	0.007071501733191624
8.442211055276383	0.00435249394408624
8.84422110552764	0.003677650561336824
9.246231155778895	0.0018039075131024286
9.648241206030152	0.004598236692321421
10.050251256281408	0.012590612023146023
10.452261306532664	0.022116375166600553
10.85427135678392	0.031984281209339396
11.256281407035177	0.040478265714447056
11.658291457286433	0.04681197396781081
12.06030150753769	0.05018831743735273
12.462311557788945	0.05025342993341059
12.864321608040202	0.04774058471807037
13.266331658291458	0.043454347227220344
13.668341708542714	0.03849019077258898
14.07035175879397	0.03398658789100555
14.472361809045227	0.031209040545271727
14.874371859296483	0.03053311079568926
15.27638190954774	0.032181902154427136
15.678391959798995	0.03634580670825562
16.080402010050253	0.04245693572899104
16.48241206030151	0.04955989770688234
16.884422110552766	0.05741017414103459
17.286432160804022	0.06493950601487992
17.68844221105528	0.07174117185883983
18.090452261306535	0.07714733825704904
18.49246231155779	0.07988887485927121
18.894472361809047	0.08013320841799679
19.296482412060303	0.07724026918135776
19.69849246231156	0.07182803042342958
20.100502512562816	0.06486118138035254
20.502512562814072	0.057502241549592915
20.90452261306533	0.05106296680891328
21.306532663316585	0.04678112294646125
21.70854271356784	0.04568993693790893
22.110552763819097	0.047729014448703075
22.512562814070353	0.0521813923078512
22.91457286432161	0.05825093139190628
23.316582914572866	0.06431538389931934
23.718592964824122	0.06905015727086933
24.12060301507538	0.07112796713814212
24.522613065326635	0.070026927499261
24.92462311557789	0.0657852877204167
25.326633165829147	0.058718382792717426
25.728643216080403	0.04985082275129752
26.13065326633166	0.04062973611186962
26.532663316582916	0.032118590889763356
26.934673366834172	0.025915184433426906
27.33668341708543	0.022907866403227596
27.738693467336685	0.02270147146446375
28.14070351758794	0.025244954281351973
28.542713567839197	0.029701239549177017
28.944723618090453	0.035115591725640494
29.34673366834171	0.04075458403948222
29.748743718592966	0.0449902092855764
30.150753768844222	0.04731549698284813
30.55276381909548	0.046689837235491784
30.954773869346734	0.04376989624922065
31.35678391959799	0.03848755224821278
31.758793969849247	0.03195081424119085
32.16080402010051	0.025383100897948076
32.56281407035176	0.020234189627017663
32.96482412060302	0.017411313872109594
33.366834170854275	0.016171117669303486
33.76884422110553	0.015584789070472801
34.17085427135679	0.015753683468618086
34.572864321608044	0.017818440032193766
34.9748743718593	0.02205083413759776
35.37688442211056	0.027562456158554675
35.77889447236181	0.03286612831377819
36.18090452261307	0.0367602429858603
36.582914572864325	0.03845811600795459
36.98492462311558	0.037594700201176605
37.38693467336684	0.03452561365875316
37.788944723618094	0.029861834162289453
38.19095477386935	0.025294755550641295
38.59296482412061	0.02182006229124265
38.99497487437186	0.020268001251386922
39.39698492462312	0.019689372118467083
39.798994974874375	0.019356033502238794
40.20100502512563	0.019183471262237222
40.60301507537689	0.019917072440730293
41.005025125628144	0.022629414651333914
41.4070351758794	0.027097876561708374
41.80904522613066	0.03149418001828781
42.21105527638191	0.034529859924829744
42.61306532663317	0.03492145511004635
43.015075376884425	0.03281120682481359
43.41708542713568	0.028708743064319996
43.81909547738694	0.023816853829335377
44.221105527638194	0.020781458872018023
44.62311557788945	0.021083376879374244
45.02512562814071	0.023802403448694144
45.42713567839196	0.026270950277259664
45.82914572864322	0.027559010196742513
46.231155778894475	0.027463583222064915
46.63316582914573	0.027027342539029848
47.03517587939699	0.027063285485572065
47.437185929648244	0.028547897280476603
47.8391959798995	0.030467168740645305
48.24120603015076	0.03176054329099333
48.64321608040201	0.0315436483245251
49.04522613065327	0.029746002288556884
49.447236180904525	0.027340806565973996
49.84924623115578	0.026133458955926486
50.25125628140704	0.027801649279358954
50.653266331658294	0.0314640786636786
51.05527638190955	0.035461996242961355
51.45728643216081	0.03775707156673473
51.85929648241206	0.037865718452238205
52.26130653266332	0.036057339212847914
52.663316582914575	0.033154068456780206
53.06532663316583	0.03068405601971117
53.46733668341709	0.030011120782646276
53.869346733668344	0.030798428157763246
54.2713567839196	0.03176215202583988
54.67336683417086	0.032081344221980154
55.07537688442211	0.031603349630751856
55.47738693467337	0.031151222779285836
55.879396984924625	0.032006532571071694
56.28140703517588	0.03529738875604123
56.68341708542714	0.04012263681830626
57.085427135678394	0.04492455040319996
57.48743718592965	0.04817108554658801
57.88944723618091	0.04896040460891048
58.29145728643216	0.04734440578399952
58.69346733668342	0.04425106082846035
59.095477386934675	0.04115963939074361
59.49748743718593	0.039136754409989954
59.89949748743719	0.03851592426938839
60.301507537688444	0.03843570870879105
60.7035175879397	0.03812323710367265
61.10552763819096	0.037692082318364434
61.50753768844221	0.03884356461993882
61.90954773869347	0.04274035602600625
62.311557788944725	0.04880319237382087
62.71356783919598	0.05546954566283173
63.11557788944724	0.06073495157812958
63.517587939698494	0.06346632100678493
63.91959798994975	0.06353929460554106
64.32160804020101	0.06168498945917898
64.72361809045226	0.0588112591948573
65.12562814070353	0.05634517083145461
65.52763819095478	0.05526926762053937
65.92964824120604	0.055027202422171254
66.33165829145729	0.05523429091142137
66.73366834170855	0.055702281988924775
67.1356783919598	0.056527041284207956
67.53768844221106	0.05787073210941281
67.93969849246231	0.0601859854433945
68.34170854271358	0.06286110057196832
68.74371859296483	0.06471486430669732
69.14572864321609	0.0655047742285357
69.54773869346734	0.06489105827480732
69.9497487437186	0.06274882495048426
70.35175879396985	0.06017432219603278
70.75376884422111	0.0578363842969233
71.15577889447236	0.05655800389484646
71.55778894472363	0.05681581817068667
71.95979899497488	0.057635873092452196
72.36180904522614	0.058073328665041335
72.76381909547739	0.05725871231717581
73.16582914572865	0.055414960446457204
73.5678391959799	0.05339309122645245
73.96984924623116	0.05212536958632269
74.37185929648241	0.05261320753864997
74.77386934673368	0.05399563754013441
75.17587939698493	0.055258563592553475
75.57788944723619	0.05541624250990571
75.97989949748744	0.05434053565121254
76.3819095477387	0.05278075914540235
76.78391959798995	0.051697302991997596
77.18592964824121	0.05143953627581925
77.58793969849246	0.05173882799773627
77.98994974874373	0.05170088522165254
78.39195979899498	0.05072589974529127
78.79396984924624	0.04845608271726347
79.19597989949749	0.046375749828808786
79.59798994974875	0.04495737290852301
80.0	0.045920064939228025
