0.0	0.005391657221989639
0.4020100502512563	0.004823617206776848
0.8040201005025126	0.003745108784594038
1.206030150753769	0.00298287003554067
1.6080402010050252	0.0034931015103594407
2.0100502512562817	0.0045747454074339606
2.412060301507538	0.005418304420789862
2.814070351758794	0.0052998877163212485
3.2160804020100504	0.0046817347031009576
3.6180904522613067	0.0033533842946904696
4.020100502512563	0.0011114485631331795
4.42211055276382	0.000995816027465599
4.824120603015076	0.0028786460110171363
5.226130653266332	0.004554322992255578
5.628140703517588	0.005384233801578765
6.030150753768845	0.005774170603865748
6.432160804020101	0.005552137657075335
6.834170854271357	0.0051709446359250585
7.236180904522613	0.005232550786476371
7.63819095477387	0.005559579226124377
8.040201005025127	0.005772991314511052
8.442211055276383	0.005779033101538657
8.84422110552764	0.004584167418507332
9.246231155778895	0.002815578898744837
9.648241206030152	0.00022607039241799126
10.050251256281408	0.00296698540993146
10.452261306532664	0.006243454630958387
10.85427135678392	0.009001253266409054
11.256281407035177	0.011347185530619718
11.658291457286433	0.012427503124438636
12.06030150753769	0.012657182222057719
12.462311557788945	0.011531424963452873
12.864321608040202	0.009812795673292424
13.266331658291458	0.00766929923912719
13.668341708542714	0.005889029882137893
14.07035175879397	0.004441851137515164
14.472361809045227	0.0038585298133142583
14.874371859296483	0.0033824780681275214
15.27638190954774	0.0025861443971980985
15.678391959798995	0.0013805972444011852
16.080402010050253	0.0019195004916048898
16.48241206030151	0.004013115572474682
16.884422110552766	0.006067567664154592
17.286432160804022	0.007738040696534419
17.68844221105528	0.008933449684894668
18.090452261306535	0.00990254674063821
18.49246231155779	0.011328555779579785
18.894472361809047	0.01276093779321128
19.296482412060303	0.013926507336303453
19.69849246231156	0.014231424380084729
20.100502512562816	0.013534760860312583
20.502512562814072	0.01184405368676803
20.90452261306533	0.00944682319668767
21.306532663316585	0.006693184092870572
21.70854271356784	0.004139031015336479
22.110552763819097	0.0021201527244285685
22.512562814070353	0.00044058669721110447
22.91457286432161	0.0009832623315715844
23.316582914572866	0.0028236172319089908
23.718592964824122	0.004500805036068737
24.12060301507538	0.006365390942767489
24.522613065326635	0.007571082361006122
24.92462311557789	0.008337051768320098
25.326633165829147	0.008252367555693791
25.728643216080403	0.0074190152374419265
26.13065326633166	0.006750995160934181
26.532663316582916	0.0073480184992995926
26.934673366834172	0.00916000893385292
27.33668341708543	0.011207641774353915
27.738693467336685	0.012499557356186953
28.14070351758794	0.012155967569789391
28.542713567839197	0.010235153505305447
28.944723618090453	0.006666242726412091
29.34673366834171	0.0024757419826180503
29.748743718592966	0.004094493726565509
30.150753768844222	0.008443094125051653
30.55276381909548	0.011561499662005165
30.954773869346734	0.012841117805431379
31.35678391959799	0.012551761811972654
31.758793969849247	0.011353623613297522
32.16080402010051	0.010404604146873605
32.56281407035176	0.011089946766853214
32.96482412060302	0.01306689531073436
33.366834170854275	0.014542176820054275
33.76884422110553	0.014777417773953213
34.17085427135679	0.013297661718732492
34.572864321608044	0.010642216773097618
34.9748743718593	0.007462784472963812
35.37688442211056	0.005701288778858059
35.77889447236181	0.006685098751474679
36.18090452261307	0.008779557885866235
36.582914572864325	0.009901110288859382
36.98492462311558	0.010108441517291875
37.38693467336684	0.009593122039718184
37.788944723618094	0.00996089431370622
38.19095477386935	0.011546091279710199
38.59296482412061	0.013795841076630594
38.99497487437186	0.015484653107630877
39.39698492462312	0.01584026935949532
39.798994974874375	0.015094323880338895
40.20100502512563	0.013309798793075742
40.60301507537689	0.011635208572378136
41.005025125628144	0.011343364494910845
41.4070351758794	0.012550123038719477
41.80904522613066	0.014195174328201166
42.21105527638191	0.015027332616325006
42.61306532663317	0.014827736731190597
43.015075376884425	0.01345429218388551
43.41708542713568	0.012453947854743607
43.81909547738694	0.012826067465232665
44.221105527638194	0.014672517787248405
44.62311557788945	0.016764955118278684
45.02512562814071	0.01820300519421699
45.42713567839196	0.018209339911331602
45.82914572864322	0.016755525697307695
46.231155778894475	0.014094682682311463
46.63316582914573	0.010904025786759189
47.03517587939699	0.008323960080967346
47.437185929648244	0.007154968755919648
47.8391959798995	0.007530301561658429
48.24120603015076	0.008031297637621724
48.64321608040201	0.00791252048393972
49.04522613065327	0.00768942432130342
49.447236180904525	0.008740419081565014
49.84924623115578	0.011626614125220753
50.25125628140704	0.015132773737787283
50.653266331658294	0.018104942129354037
51.05527638190955	0.019630555808924
51.45728643216081	0.01951819539083645
51.85929648241206	0.017818339019340025
52.26130653266332	0.01478649741571654
52.663316582914575	0.011121835240430518
53.06532663316583	0.008056897443068211
53.46733668341709	0.006527710611009816
53.869346733668344	0.006330866693494509
54.2713567839196	0.006553292592455283
54.67336683417086	0.006346436978537408
55.07537688442211	0.006420331702906792
55.47738693467337	0.007977355476496266
55.879396984924625	0.010912124179170469
56.28140703517588	0.014096087033320442
56.68341708542714	0.01662993525159059
57.085427135678394	0.01810678018070256
57.48743718592965	0.01800332573733461
57.88944723618091	0.016632743569861476
58.29145728643216	0.013987424559979877
58.69346733668342	0.010482140077939147
59.095477386934675	0.0068327009123492115
59.49748743718593	0.004012254744154014
59.89949748743719	0.0028076545054231974
60.301507537688444	0.0032903564357245592
60.7035175879397	0.004383123347864668
61.10552763819096	0.00581531552901364
61.50753768844221	0.008105671473705181
61.90954773869347	0.011141014817407237
62.311557788944725	0.01398525950201577
62.71356783919598	0.016158773608028268
63.11557788944724	0.01738769900041466
63.517587939698494	0.017410431783292112
63.91959798994975	0.016062172219795872
64.32160804020101	0.013579086086990447
64.72361809045226	0.010492790916437986
65.12562814070353	0.007110001330755679
65.52763819095478	0.003861213644717557
65.92964824120604	0.0026033017932370847
66.33165829145729	0.003848836207751774
66.73366834170855	0.005003017986263019
67.1356783919598	0.005784149257886372
67.53768844221106	0.0067106706153922235
67.93969849246231	0.008872665108625267
68.34170854271358	0.01168448809157123
68.74371859296483	0.014192771913380647
69.14572864321609	0.01612951688622678
69.54773869346734	0.01651410262369897
69.9497487437186	0.015111470775676063
70.35175879396985	0.01243022599283026
70.75376884422111	0.0091975230149313
71.15577889447236	0.006679733935777898
71.55778894472363	0.0064350520398182565
71.95979899497488	0.007554722296122414
72.36180904522614	0.008148491239855912
72.76381909547739	0.007877187652075906
73.16582914572865	0.007096663605031206
73.5678391959799	0.007004584884393249
73.96984924623116	0.008397725570906322
74.37185929648241	0.010680265790128965
74.77386934673368	0.012711468911647119
75.17587939698493	0.014106717280416101
75.57788944723619	0.014171062248735211
75.97989949748744	0.013046644458291512
76.3819095477387	0.01103944680291354
76.78391959798995	0.008420231549840583
77.18592964824121	0.006450982091798249
77.58793969849246	0.005728564848876751
77.98994974874373	0.00637586637840557
78.39195979899498	0.0071126621903325705
78.79396984924624	0.006858973562404591
79.19597989949749	0.0055653672329007055
79.59798994974875	0.004154772114795412
80.0	0.005429927595700551
