0.0	0.028352939249108762
0.4020100502512563	0.026858324833402947
0.8040201005025126	0.0211879197222713
1.206030150753769	0.012104579177526078
1.6080402010050252	0.0022020300268812106
2.0100502512562817	0.009185525449373549
2.412060301507538	0.016817632554295837
2.814070351758794	0.020652678550635756
3.2160804020100504	0.01987022954589978
3.6180904522613067	0.014703814361126522
4.020100502512563	0.005827545055749055
4.42211055276382	0.00522686739652389
4.824120603015076	0.016013237676625717
5.226130653266332	0.025043511633055397
5.628140703517588	0.030478978314743405
6.030150753768845	0.03159889743968964
6.432160804020101	0.02808195924398709
6.834170854271357	0.02085365597268868
7.236180904522613	0.011290018475482427
7.63819095477387	0.002648194682852652
8.040201005025127	0.008373416969129223
8.442211055276383	0.013473722947250332
8.84422110552764	0.01435378210442399
9.246231155778895	0.010527253517479705
9.648241206030152	0.0037513519022102904
10.050251256281408	0.009520341612301158
10.452261306532664	0.021255162847169492
10.85427135678392	0.032257674197160635
11.256281407035177	0.04020774416917885
11.658291457286433	0.04429944294699784
12.06030150753769	0.043646003187881706
12.462311557788945	0.038804223654078186
12.864321608040202	0.03031699542428833
13.266331658291458	0.020237020668622655
13.668341708542714	0.010217102654984602
14.07035175879397	0.00223175492060872
14.472361809045227	0.003514330253590949
14.874371859296483	0.0046863475111624565
15.27638190954774	0.0018017915896408189
15.678391959798995	0.005252637571662588
16.080402010050253	0.01490764072969277
16.48241206030151	0.026210400846764882
16.884422110552766	0.0370298789544181
17.286432160804022	0.045872521108023076
17.68844221105528	0.051532679939404115
18.090452261306535	0.052669090350993854
18.49246231155779	0.049341175796533444
18.894472361809047	0.04205622894280615
19.296482412060303	0.032449127681721576
19.69849246231156	0.02258415801012962
20.100502512562816	0.014558563135790284
20.502512562814072	0.01027699509624258
20.90452261306533	0.010245130180826552
21.306532663316585	0.013440088201977762
21.70854271356784	0.020094074813501138
22.110552763819097	0.029761192202388587
22.512562814070353	0.040503825941101475
22.91457286432161	0.05005694113313959
23.316582914572866	0.056841081985058495
23.718592964824122	0.06010890229214788
24.12060301507538	0.059205883257363826
24.522613065326635	0.05452323843656032
24.92462311557789	0.046649011307119806
25.326633165829147	0.03766157959834869
25.728643216080403	0.029250889575800194
26.13065326633166	0.02340348130254616
26.532663316582916	0.021108741421688997
26.934673366834172	0.022331561143137793
27.33668341708543	0.026855951360782566
27.738693467336685	0.034805940560621806
28.14070351758794	0.046117341247409516
28.542713567839197	0.05844604555470251
28.944723618090453	0.0697217580643604
29.34673366834171	0.07826450497793055
29.748743718592966	0.08260536496394014
30.150753768844222	0.08200732640368301
30.55276381909548	0.07667535410099394
30.954773869346734	0.06805880502265217
31.35678391959799	0.05777517927991347
31.758793969849247	0.047490651115139906
32.16080402010051	0.03947629691744799
32.56281407035176	0.03504232343483753
32.96482412060302	0.034565067071512
33.366834170854275	0.03785332267215179
33.76884422110553	0.04456546261227605
34.17085427135679	0.05353604396489027
34.572864321608044	0.06356218643717897
34.9748743718593	0.07248602051556237
35.37688442211056	0.07882443045103923
35.77889447236181	0.08162629404748674
36.18090452261307	0.08026824417370727
36.582914572864325	0.07519318816900121
36.98492462311558	0.06738965033554177
37.38693467336684	0.05753444647458393
37.788944723618094	0.04798389181024186
38.19095477386935	0.04014496616792203
38.59296482412061	0.03530827825170571
38.99497487437186	0.03446588103058369
39.39698492462312	0.03742455542206026
39.798994974874375	0.04359586017764821
40.20100502512563	0.05173734424944413
40.60301507537689	0.06097990328771302
41.005025125628144	0.06941764857278113
41.4070351758794	0.07556388563127567
41.80904522613066	0.0782661082884988
42.21105527638191	0.07688647595129014
42.61306532663317	0.07142472118900771
43.015075376884425	0.06258529156966638
43.41708542713568	0.05197613938701978
43.81909547738694	0.04153860595124407
44.221105527638194	0.03333606822053326
44.62311557788945	0.028903509389683224
45.02512562814071	0.02909235334353775
45.42713567839196	0.03352870067965052
45.82914572864322	0.041196150367950796
46.231155778894475	0.051083816298128436
46.63316582914573	0.061590927223969895
47.03517587939699	0.07088585923011846
47.437185929648244	0.07700255237033408
47.8391959798995	0.07905217808834766
48.24120603015076	0.07626439210469922
48.64321608040201	0.06936120460984704
49.04522613065327	0.059330798173887034
49.447236180904525	0.04794515304434861
49.84924623115578	0.03735583449591156
50.25125628140704	0.029983734778941847
50.653266331658294	0.026984877016127264
51.05527638190955	0.02857140491200888
51.45728643216081	0.03439619481800524
51.85929648241206	0.0433170048618639
52.26130653266332	0.053720612927661414
52.663316582914575	0.06375734518444018
53.06532663316583	0.07214431956009124
53.46733668341709	0.07699505782301919
53.869346733668344	0.07725884252946683
54.2713567839196	0.07293769971490528
54.67336683417086	0.06481377261478714
55.07537688442211	0.053938140643795686
55.47738693467337	0.04234288384793874
55.879396984924625	0.03242766624245148
56.28140703517588	0.026007433679328625
56.68341708542714	0.0244143198766937
57.085427135678394	0.027616675031073356
57.48743718592965	0.034989092545098084
57.88944723618091	0.045391221371527235
58.29145728643216	0.05685934101713549
58.69346733668342	0.06720201320780703
59.095477386934675	0.07458482232436446
59.49748743718593	0.07723956397214812
59.89949748743719	0.07518025556055515
60.301507537688444	0.06847093074968436
60.7035175879397	0.05815457689995738
61.10552763819096	0.04643603358614255
61.50753768844221	0.035390460696266515
61.90954773869347	0.027125624189458165
62.311557788944725	0.0232646844625391
62.71356783919598	0.024470494461547962
63.11557788944724	0.03074330119905936
63.517587939698494	0.04041112405192572
63.91959798994975	0.05208125454188062
64.32160804020101	0.06317945697188625
64.72361809045226	0.07194392678646731
65.12562814070353	0.07676803160836534
65.52763819095478	0.07660850316850376
65.92964824120604	0.07182078848166316
66.33165829145729	0.0633316055346404
66.73366834170855	0.052622311615153725
67.1356783919598	0.04212021748910563
67.53768844221106	0.03326071211420058
67.93969849246231	0.02785675985551745
68.34170854271358	0.026637280899455957
68.74371859296483	0.029890979608252384
69.14572864321609	0.03690314596783882
69.54773869346734	0.046290377162003675
69.9497487437186	0.056411931401735414
70.35175879396985	0.06537977719956109
70.75376884422111	0.0719741486700188
71.15577889447236	0.07522798854332205
71.55778894472363	0.07470109459091866
71.95979899497488	0.07015270931087074
72.36180904522614	0.06248314145605501
72.76381909547739	0.052832259527720325
73.16582914572865	0.04305816559662301
73.5678391959799	0.03470450822539016
73.96984924623116	0.029385184819628624
74.37185929648241	0.028533647618313125
74.77386934673368	0.03232483755936476
75.17587939698493	0.0401153054756238
75.57788944723619	0.0504540698326353
75.97989949748744	0.06139937420430149
76.3819095477387	0.07093722377295238
76.78391959798995	0.0772528508010834
77.18592964824121	0.0791315733802205
77.58793969849246	0.07647308625101532
77.98994974874373	0.06988388604611273
78.39195979899498	0.06015611761462623
78.79396984924624	0.049542908410434114
79.19597989949749	0.039995020451553995
79.59798994974875	0.033032473637096896
80.0	0.02984641081335304
