0.0	0.01816519047346305
0.4020100502512563	0.01931303807908487
0.8040201005025126	0.017008879729936508
1.206030150753769	0.012023535736917031
1.6080402010050252	0.005276335048428376
2.0100502512562817	0.001980759891898694
2.412060301507538	0.008385464631192628
2.814070351758794	0.0125461169313425
3.2160804020100504	0.013683951886438348
3.6180904522613067	0.011548151040880344
4.020100502512563	0.0064242044026363715
4.42211055276382	0.0008687878863043424
4.824120603015076	0.008754990274617134
5.226130653266332	0.016039649621610946
5.628140703517588	0.02168389507268599
6.030150753768845	0.024323625958263102
6.432160804020101	0.023694323208782883
6.834170854271357	0.02010007545627842
7.236180904522613	0.014216385246416916
7.63819095477387	0.0073355468150775385
8.040201005025127	0.0007912454033519114
8.442211055276383	0.004016096529878976
8.84422110552764	0.006064131958718323
9.246231155778895	0.004968673615042397
9.648241206030152	0.0006953850894817463
10.050251256281408	0.005992617559891945
10.452261306532664	0.01410973101637895
10.85427135678392	0.022282109630719322
11.256281407035177	0.02905537258822723
11.658291457286433	0.03338781465362317
12.06030150753769	0.03444122823738166
12.462311557788945	0.03232146873543097
12.864321608040202	0.0273106607102133
13.266331658291458	0.020479872310439053
13.668341708542714	0.01348067424547891
14.07035175879397	0.007663937699140711
14.472361809045227	0.004218420197107704
14.874371859296483	0.004352618804195234
15.27638190954774	0.006467470232505138
15.678391959798995	0.010958343799490155
16.080402010050253	0.017700476390532648
16.48241206030151	0.025675401972252366
16.884422110552766	0.03364591465971872
17.286432160804022	0.040265501542098535
17.68844221105528	0.04458594171025044
18.090452261306535	0.045791934749720944
18.49246231155779	0.04423810145021509
18.894472361809047	0.0401933849992378
19.296482412060303	0.03507346835437493
19.69849246231156	0.02988104998095471
20.100502512562816	0.026190336833276658
20.502512562814072	0.024018437312998624
20.90452261306533	0.024263389767368183
21.306532663316585	0.0265532665925041
21.70854271356784	0.030857334968269524
22.110552763819097	0.03705903922439218
22.512562814070353	0.043851321644888835
22.91457286432161	0.050057257802317776
23.316582914572866	0.05469618990995807
23.718592964824122	0.05663622820294027
24.12060301507538	0.05583460542453154
24.522613065326635	0.05274738861437376
24.92462311557789	0.048326224191087716
25.326633165829147	0.04335875590698528
25.728643216080403	0.03950751965653559
26.13065326633166	0.0374229177613093
26.532663316582916	0.03760875137887012
26.934673366834172	0.04033128087893452
27.33668341708543	0.04507830891907033
27.738693467336685	0.051606384753061826
28.14070351758794	0.058533829272557215
28.542713567839197	0.06472106103330988
28.944723618090453	0.06926880210312203
29.34673366834171	0.07127098221422001
29.748743718592966	0.07110594657906026
30.150753768844222	0.06923192950017626
30.55276381909548	0.06613139254657859
30.954773869346734	0.06267370309487431
31.35678391959799	0.059451385787834876
31.758793969849247	0.056714782291787114
32.16080402010051	0.05496982774000651
32.56281407035176	0.0541170071504221
32.96482412060302	0.05427815481084909
33.366834170854275	0.05520406018713627
33.76884422110553	0.05684096763582981
34.17085427135679	0.05890796697460127
34.572864321608044	0.06144940332552262
34.9748743718593	0.06426704320937085
35.37688442211056	0.06654142235581648
35.77889447236181	0.06772495258099673
36.18090452261307	0.06786892300666036
36.582914572864325	0.06680622123346719
36.98492462311558	0.06405708835263288
37.38693467336684	0.06039686309912381
37.788944723618094	0.056192006165567986
38.19095477386935	0.05194813229743872
38.59296482412061	0.048394674263588844
38.99497487437186	0.046517244518040644
39.39698492462312	0.046159190020235205
39.798994974874375	0.047665504245117014
40.20100502512563	0.05052566222189764
40.60301507537689	0.05461509047929323
41.005025125628144	0.05886739031923849
41.4070351758794	0.06266429309842039
41.80904522613066	0.06542316035136435
42.21105527638191	0.06663449200471325
42.61306532663317	0.06613769282091729
43.015075376884425	0.06366796397384814
43.41708542713568	0.05987962666212791
43.81909547738694	0.05526455719042446
44.221105527638194	0.05066177828067061
44.62311557788945	0.04708665859304745
45.02512562814071	0.04512766438025493
45.42713567839196	0.045216176714018244
45.82914572864322	0.04740496643965993
46.231155778894475	0.050964185987589575
46.63316582914573	0.05528604728884403
47.03517587939699	0.05976124354708923
47.437185929648244	0.06347440132694039
47.8391959798995	0.06589093298896789
48.24120603015076	0.06680738911116352
48.64321608040201	0.06564316864247005
49.04522613065327	0.06293878969027142
49.447236180904525	0.05883881393449797
49.84924623115578	0.05431299018179088
50.25125628140704	0.050163575230185144
50.653266331658294	0.04755610637848654
51.05527638190955	0.04688194306189154
51.45728643216081	0.048372033732401454
51.85929648241206	0.05131768173140305
52.26130653266332	0.05502697598663584
52.663316582914575	0.05910868416903643
53.06532663316583	0.06251257785783873
53.46733668341709	0.06486768977834756
53.869346733668344	0.06571273059185152
54.2713567839196	0.06429302964048932
54.67336683417086	0.06106869120398524
55.07537688442211	0.05656927766333283
55.47738693467337	0.05188202062896863
55.879396984924625	0.04768384309676242
56.28140703517588	0.044821305278286885
56.68341708542714	0.04376889594437801
57.085427135678394	0.04474312288342565
57.48743718592965	0.04712044877358392
57.88944723618091	0.05041512095211764
58.29145728643216	0.05391075589799418
58.69346733668342	0.05720262134607431
59.095477386934675	0.059663995963786895
59.49748743718593	0.06101385362673761
59.89949748743719	0.06112502789909435
60.301507537688444	0.05969488569836688
60.7035175879397	0.05700360379835976
61.10552763819096	0.05353456045531459
61.50753768844221	0.05009119832470168
61.90954773869347	0.047106418524570835
62.311557788944725	0.045235306817079116
62.71356783919598	0.044898564523349366
63.11557788944724	0.045838575721297944
63.517587939698494	0.048062900070939
63.91959798994975	0.051130242454525396
64.32160804020101	0.054575510518838646
64.72361809045226	0.05770639874016884
65.12562814070353	0.06004004843607151
65.52763819095478	0.06107897708591807
65.92964824120604	0.06077888468788158
66.33165829145729	0.05896558181763366
66.73366834170855	0.05585098039604963
67.1356783919598	0.05232300239525374
67.53768844221106	0.0487840969508155
67.93969849246231	0.04589093166843754
68.34170854271358	0.04380198571958945
68.74371859296483	0.043374678079340645
69.14572864321609	0.04435659792256724
69.54773869346734	0.04663441229812961
69.9497487437186	0.05011941101412385
70.35175879396985	0.05396379637650445
70.75376884422111	0.057700555539187834
71.15577889447236	0.06074082035090441
71.55778894472363	0.06207237972420079
71.95979899497488	0.06220214057882778
72.36180904522614	0.060358095441434556
72.76381909547739	0.05746647398071453
73.16582914572865	0.053758032427701316
73.5678391959799	0.050109554854371116
73.96984924623116	0.04702375773442331
74.37185929648241	0.045117411406885286
74.77386934673368	0.04466086332440569
75.17587939698493	0.04586733075510564
75.57788944723619	0.04829642810277686
75.97989949748744	0.0516050113778249
76.3819095477387	0.05497435523543681
76.78391959798995	0.058319001525266846
77.18592964824121	0.06054456191789814
77.58793969849246	0.06154201123335756
77.98994974874373	0.06117088351326385
78.39195979899498	0.059396158624626785
78.79396984924624	0.05631624764947539
79.19597989949749	0.05267113552177274
79.59798994974875	0.049100806253457904
80.0	0.04618342056839586
