0.0	0.01870160871047616
0.4020100502512563	0.01590374178250175
0.8040201005025126	0.010576803428998801
1.206030150753769	0.0035308391220816708
1.6080402010050252	0.003900433512841566
2.0100502512562817	0.010230508472150422
2.412060301507538	0.014487819854520403
2.814070351758794	0.015820279166890605
3.2160804020100504	0.013896931654447695
3.6180904522613067	0.009157336692562818
4.020100502512563	0.002540143924867546
4.42211055276382	0.0048402419710891886
4.824120603015076	0.011679937600821094
5.226130653266332	0.01647870737111764
5.628140703517588	0.01849049529081035
6.030150753768845	0.017434333186919893
6.432160804020101	0.013270722494124022
6.834170854271357	0.006906166680865781
7.236180904522613	0.0011832942715728043
7.63819095477387	0.007476067213189381
8.040201005025127	0.012758982125463817
8.442211055276383	0.01530863875580694
8.84422110552764	0.014838922486951433
9.246231155778895	0.011223715228581448
9.648241206030152	0.0054785220632157005
10.050251256281408	0.0022672244902007476
10.452261306532664	0.008934078017087167
10.85427135678392	0.014371423090548013
11.256281407035177	0.017635110135528802
11.658291457286433	0.01808437346025313
12.06030150753769	0.015678941381456223
12.462311557788945	0.012064424492886581
12.864321608040202	0.011177389793830084
13.266331658291458	0.01565202085701452
13.668341708542714	0.02241218669554953
14.07035175879397	0.028637438780343034
14.472361809045227	0.033289939276293964
14.874371859296483	0.03582507121831087
15.27638190954774	0.036385936312904654
15.678391959798995	0.034550733081355964
16.080402010050253	0.030236572816446726
16.48241206030151	0.02355976777103735
16.884422110552766	0.018212830914297436
17.286432160804022	0.023595800679976738
17.68844221105528	0.03680199693497567
18.090452261306535	0.04768523738544192
18.49246231155779	0.05046168193203917
18.894472361809047	0.042474166923544554
19.296482412060303	0.025941939892402288
19.69849246231156	0.015233398561887903
20.100502512562816	0.03405637934777238
20.502512562814072	0.05596858845476055
20.90452261306533	0.07051143914102061
21.306532663316585	0.07437662857643
21.70854271356784	0.06917735390029453
22.110552763819097	0.05810069411223025
22.512562814070353	0.04966406918811746
22.91457286432161	0.053408379449370616
23.316582914572866	0.06497382245019202
23.718592964824122	0.07335292168955153
24.12060301507538	0.0722698143855284
24.522613065326635	0.05977668796374199
24.92462311557789	0.03758327974987674
25.326633165829147	0.015210123702706269
25.728643216080403	0.027276734735705944
26.13065326633166	0.04891045156202387
26.532663316582916	0.06215887401920798
26.934673366834172	0.06482780598880732
27.33668341708543	0.058171895621922334
27.738693467336685	0.0487295464351402
28.14070351758794	0.04842850486765942
28.542713567839197	0.06161589260166937
28.944723618090453	0.0786969584140991
29.34673366834171	0.08917856853527663
29.748743718592966	0.08856061085870427
30.150753768844222	0.07519549427761978
30.55276381909548	0.05147389454921025
30.954773869346734	0.021890950276578926
31.35678391959799	0.015558064767343279
31.758793969849247	0.04077402060397722
32.16080402010051	0.058371418814407626
32.56281407035176	0.06450560694871889
32.96482412060302	0.05812515608560115
33.366834170854275	0.0441252370072197
33.76884422110553	0.034842765710777816
34.17085427135679	0.04608195949133807
34.572864321608044	0.06612989542748818
34.9748743718593	0.08143180933526961
35.37688442211056	0.08561862529984336
35.77889447236181	0.07792918695204554
36.18090452261307	0.058897554070031256
36.582914572864325	0.03224413964840039
36.98492462311558	0.0037296674627077912
37.38693467336684	0.022888422005194583
37.788944723618094	0.042366278595331305
38.19095477386935	0.05177350208664875
38.59296482412061	0.04948161663304039
38.99497487437186	0.038517949235681526
39.39698492462312	0.027088732488337347
39.798994974874375	0.03488341765340367
40.20100502512563	0.055232471465741326
40.60301507537689	0.07325227279867687
41.005025125628144	0.08298986630919208
41.4070351758794	0.08205864915800534
41.80904522613066	0.0701151764474217
42.21105527638191	0.049675031973847886
42.61306532663317	0.025562150782274973
43.015075376884425	0.016035759996525827
43.41708542713568	0.03242741180334526
43.81909547738694	0.04542140386533865
44.221105527638194	0.0479926858137247
44.62311557788945	0.0394545879939655
45.02512562814071	0.021814827019605704
45.42713567839196	0.007542921164182157
45.82914572864322	0.029033177787828185
46.231155778894475	0.05090084369504305
46.63316582914573	0.06567485343234573
47.03517587939699	0.07074233006728334
47.437185929648244	0.06582801050743456
47.8391959798995	0.05402173296874986
48.24120603015076	0.03967186132216103
48.64321608040201	0.03317049380246148
49.04522613065327	0.040599451369572395
49.447236180904525	0.05063443245290876
49.84924623115578	0.05448744854017921
50.25125628140704	0.0494695899652169
50.653266331658294	0.035909961677357986
51.05527638190955	0.01831414292866187
51.45728643216081	0.01857004309880387
51.85929648241206	0.03800600563951741
52.26130653266332	0.055026461408069806
52.663316582914575	0.0642932346405053
53.06532663316583	0.06462918950840095
53.46733668341709	0.05717882429239598
53.869346733668344	0.045429687936792945
54.2713567839196	0.037364466646746725
54.67336683417086	0.03982354017221844
55.07537688442211	0.04874237621259962
55.47738693467337	0.054874463324552404
55.879396984924625	0.05455513612244297
56.28140703517588	0.04676436273819835
56.68341708542714	0.03408503082821047
57.085427135678394	0.02389031468334302
57.48743718592965	0.026385148523136292
57.88944723618091	0.036818695535864185
58.29145728643216	0.04493924210201007
58.69346733668342	0.04713152784567178
59.095477386934675	0.0430758596159102
59.49748743718593	0.03620122706505985
59.89949748743719	0.03322889647010615
60.301507537688444	0.0402113801242043
60.7035175879397	0.05260143722580596
61.10552763819096	0.06303433093805681
61.50753768844221	0.06772630974530883
61.90954773869347	0.06499273101789242
62.311557788944725	0.055553935140053204
62.71356783919598	0.041528304812085234
63.11557788944724	0.027892171992428456
63.517587939698494	0.02324070254257938
63.91959798994975	0.028535524782145927
64.32160804020101	0.03346065246609506
64.72361809045226	0.03364109492279903
65.12562814070353	0.03059219599852852
65.52763819095478	0.03031965470558858
65.92964824120604	0.03881315759680857
66.33165829145729	0.052560915767615624
66.73366834170855	0.06525446365828146
67.1356783919598	0.07256130003084671
67.53768844221106	0.07235873996172472
67.93969849246231	0.06463603993239017
68.34170854271358	0.0506045661791308
68.74371859296483	0.03330305457734526
69.14572864321609	0.016458265562834997
69.54773869346734	0.01133313791459849
69.9497487437186	0.018314870588159643
70.35175879396985	0.020979113578605452
70.75376884422111	0.01674702190323616
71.15577889447236	0.008534775143009115
71.55778894472363	0.015348923030154685
71.95979899497488	0.032392847267229706
72.36180904522614	0.04863058258298329
72.76381909547739	0.060065629198017945
73.16582914572865	0.06443650046599324
73.5678391959799	0.06094808929504438
73.96984924623116	0.0504273672774202
74.37185929648241	0.03462642728785441
74.77386934673368	0.01710135856778717
75.17587939698493	0.0072468375345298265
75.57788944723619	0.016958307465846045
75.97989949748744	0.023557864633082758
76.3819095477387	0.02301379131931118
76.78391959798995	0.016379505431317536
77.18592964824121	0.012053186351098996
77.58793969849246	0.023288670729876212
77.98994974874373	0.03858766044953342
78.39195979899498	0.05132442793296601
78.79396984924624	0.05823813840811783
79.19597989949749	0.058459976403184566
79.59798994974875	0.051689694243174135
80.0	0.03998350567680002
