0.0	0.01407219409874716
0.4020100502512563	0.011189728086420039
0.8040201005025126	0.006439607860139971
1.206030150753769	0.0007753892928289775
1.6080402010050252	0.00525504918179158
2.0100502512562817	0.009974087056475294
2.412060301507538	0.012783221006885937
2.814070351758794	0.01322451969833963
3.2160804020100504	0.011137090553386244
3.6180904522613067	0.006837996067757373
4.020100502512563	0.001770574885125005
4.42211055276382	0.004807338803448052
4.824120603015076	0.009583950631059313
5.226130653266332	0.012688438203665189
5.628140703517588	0.013557032126007432
6.030150753768845	0.011675699980112255
6.432160804020101	0.0076424588379636876
6.834170854271357	0.002103612777231509
7.236180904522613	0.003855772846222604
7.63819095477387	0.009179844373590372
8.040201005025127	0.01305235386822474
8.442211055276383	0.014570163432151045
8.84422110552764	0.013424006044518303
9.246231155778895	0.010256969993130248
9.648241206030152	0.005421589414415646
10.050251256281408	0.0028850515445401296
10.452261306532664	0.007084908989533963
10.85427135678392	0.0109393686305831
11.256281407035177	0.012816479411673885
11.658291457286433	0.01208391536577556
12.06030150753769	0.009038059262881547
12.462311557788945	0.004109919534374939
12.864321608040202	0.0018548651120089978
13.266331658291458	0.007643197735509752
13.668341708542714	0.01222476379480725
14.07035175879397	0.014705300049406667
14.472361809045227	0.014440534066613867
14.874371859296483	0.011908210032478082
15.27638190954774	0.007249498816538032
15.678391959798995	0.001310830871508796
16.080402010050253	0.004854301180870349
16.48241206030151	0.010159627665492636
16.884422110552766	0.013413918312319573
17.286432160804022	0.01446566464691964
17.68844221105528	0.012723328551049212
18.090452261306535	0.008812881365127874
18.49246231155779	0.003418649067384427
18.894472361809047	0.0027575930721751253
19.296482412060303	0.008265540524124008
19.69849246231156	0.012141632292935219
20.100502512562816	0.014125950935485312
20.502512562814072	0.013501159677901432
20.90452261306533	0.01080254478553117
21.306532663316585	0.006268801748666455
21.70854271356784	0.002961608066609845
22.110552763819097	0.007137675249022009
22.512562814070353	0.012403529049654916
22.91457286432161	0.016131964473883292
23.316582914572866	0.018016068534311605
23.718592964824122	0.017684845480809043
24.12060301507538	0.015805452416527428
24.522613065326635	0.013562229205724497
24.92462311557789	0.012459763274155034
25.326633165829147	0.01302213323153121
25.728643216080403	0.014527823016730248
26.13065326633166	0.015346301731351566
26.532663316582916	0.015428999593346416
26.934673366834172	0.014528639249546676
27.33668341708543	0.01453151533705083
27.738693467336685	0.016528843592371605
28.14070351758794	0.020503666739534653
28.542713567839197	0.024849659391126076
28.944723618090453	0.028469677201757332
29.34673366834171	0.030179756632005107
29.748743718592966	0.030343841001411555
30.150753768844222	0.02834832296063735
30.55276381909548	0.024955567522566877
30.954773869346734	0.020938890385207198
31.35678391959799	0.017103180391285396
31.758793969849247	0.013921455437928287
32.16080402010051	0.011669150874930766
32.56281407035176	0.009693223916809388
32.96482412060302	0.007871634264274535
33.366834170854275	0.009028398549453056
33.76884422110553	0.015015663440847465
34.17085427135679	0.023138312162445468
34.572864321608044	0.0313498075036034
34.9748743718593	0.03790355984974501
35.37688442211056	0.04155157825973949
35.77889447236181	0.04166695070864384
36.18090452261307	0.03817547475769918
36.582914572864325	0.0319430126756856
36.98492462311558	0.024191269895911173
37.38693467336684	0.01607516207994389
37.788944723618094	0.009035163015820701
38.19095477386935	0.004590745874474494
38.59296482412061	0.003928922997530591
38.99497487437186	0.007152745589185985
39.39698492462312	0.012980838738379342
39.798994974874375	0.020641253277529532
40.20100502512563	0.02867628254267861
40.60301507537689	0.03618822505409916
41.005025125628144	0.04178774376220924
41.4070351758794	0.044680384855819745
41.80904522613066	0.04455502663203606
42.21105527638191	0.04135399522451105
42.61306532663317	0.03539343203259614
43.015075376884425	0.027831709431747613
43.41708542713568	0.02016851931315014
43.81909547738694	0.014089604512721256
44.221105527638194	0.011676012501025172
44.62311557788945	0.01227665208462129
45.02512562814071	0.015207885574591216
45.42713567839196	0.020222820488051872
45.82914572864322	0.027569784805013375
46.231155778894475	0.0366424569225248
46.63316582914573	0.045744052958953854
47.03517587939699	0.05333035987801112
47.437185929648244	0.05788490800267974
47.8391959798995	0.05859425038332189
48.24120603015076	0.055214920790018183
48.64321608040201	0.04892721336767573
49.04522613065327	0.041098390205418237
49.447236180904525	0.03405515372609614
49.84924623115578	0.0297148581928418
50.25125628140704	0.02884834567346282
50.653266331658294	0.030650558814292163
51.05527638190955	0.034790651519881345
51.45728643216081	0.04126318876568542
51.85929648241206	0.0501839434804605
52.26130653266332	0.06022665914731311
52.663316582914575	0.0698877776665033
53.06532663316583	0.07689250621491789
53.46733668341709	0.08034135347388638
53.869346733668344	0.07942250489677698
54.2713567839196	0.07483941961426784
54.67336683417086	0.06754252065979337
55.07537688442211	0.059652926748088406
55.47738693467337	0.05280542116513437
55.879396984924625	0.048062012636684234
56.28140703517588	0.045616500138633505
56.68341708542714	0.045195889223376896
57.085427135678394	0.04628479510863099
57.48743718592965	0.049036651659816924
57.88944723618091	0.05377336618512234
58.29145728643216	0.06037295267337174
58.69346733668342	0.0676354572532999
59.095477386934675	0.0742332315344785
59.49748743718593	0.07822771646820406
59.89949748743719	0.07865923404011631
60.301507537688444	0.0754561157703485
60.7035175879397	0.06906356730325017
61.10552763819096	0.0610614355832926
61.50753768844221	0.053128843132088724
61.90954773869347	0.046634318559709745
62.311557788944725	0.04220746032399961
62.71356783919598	0.03947253823908727
63.11557788944724	0.03863493291439415
63.517587939698494	0.039661304935084546
63.91959798994975	0.043670307171529296
64.32160804020101	0.049610331621017134
64.72361809045226	0.05573775388757042
65.12562814070353	0.060427927817626056
65.52763819095478	0.06245267639451505
65.92964824120604	0.061624508204066085
66.33165829145729	0.058626867267267194
66.73366834170855	0.05428197968470165
67.1356783919598	0.050184852248700576
67.53768844221106	0.04739590170291194
67.93969849246231	0.045999195286240455
68.34170854271358	0.04609843415804703
68.74371859296483	0.047011369197588894
69.14572864321609	0.04890128006498425
69.54773869346734	0.052277185571183084
69.9497487437186	0.05705776773506949
70.35175879396985	0.06219139866330954
70.75376884422111	0.06663161984823365
71.15577889447236	0.0697449458001461
71.55778894472363	0.0702304198017983
71.95979899497488	0.06796636884439448
72.36180904522614	0.06348119151464926
72.76381909547739	0.05741652403147336
73.16582914572865	0.051454041440656496
73.5678391959799	0.04687055040800785
73.96984924623116	0.04458887696308272
74.37185929648241	0.044591264908244777
74.77386934673368	0.04622890544311611
75.17587939698493	0.04957139289852217
75.57788944723619	0.054588947118531864
75.97989949748744	0.0609445506212317
76.3819095477387	0.06748404499132941
76.78391959798995	0.07198703408647147
77.18592964824121	0.07348540570825299
77.58793969849246	0.07135360375242467
77.98994974874373	0.06586181525660735
78.39195979899498	0.058349293831175465
78.79396984924624	0.05066412895009008
79.19597989949749	0.045033271414974214
79.59798994974875	0.04275835615580369
80.0	0.04359143164822975
