0.0	0.014068275136557552
0.4020100502512563	0.011603439419033312
0.8040201005025126	0.007772416691068118
1.206030150753769	0.004386136814383968
1.6080402010050252	0.006125675887127828
2.0100502512562817	0.009794793339016554
2.412060301507538	0.012155197959919125
2.814070351758794	0.012390801057980603
3.2160804020100504	0.010489863920288677
3.6180904522613067	0.006749841073643048
4.020100502512563	0.002364466717122094
4.42211055276382	0.004524417987959972
4.824120603015076	0.009095658105221617
5.226130653266332	0.012343590580834254
5.628140703517588	0.013467266051691854
6.030150753768845	0.01251178998396837
6.432160804020101	0.010024981627009594
6.834170854271357	0.00788856732495508
7.236180904522613	0.008267338165097605
7.63819095477387	0.010941707989355266
8.040201005025127	0.01348983778973074
8.442211055276383	0.014434975203263362
8.84422110552764	0.013337912090992018
9.246231155778895	0.009871503570402172
9.648241206030152	0.005432118130325492
10.050251256281408	0.002655687413434118
10.452261306532664	0.006758241756468719
10.85427135678392	0.010620123342862966
11.256281407035177	0.012658081612072682
11.658291457286433	0.01249301854961562
12.06030150753769	0.010495730581168542
12.462311557788945	0.008096997265816445
12.864321608040202	0.006643151428132479
13.266331658291458	0.007555295001262808
13.668341708542714	0.009877343172606353
14.07035175879397	0.011978901217623811
14.472361809045227	0.012070597962666721
14.874371859296483	0.011037743125763829
15.27638190954774	0.009307239753147213
15.678391959798995	0.00848664530987311
16.080402010050253	0.008558555362020765
16.48241206030151	0.006502886520236219
16.884422110552766	0.0022234120607948936
17.286432160804022	0.00643631134908393
17.68844221105528	0.013469456794887907
18.090452261306535	0.019418091023681427
18.49246231155779	0.022858610799930554
18.894472361809047	0.0241410836697788
19.296482412060303	0.024214590941958998
19.69849246231156	0.02255848795393816
20.100502512562816	0.01872745494418269
20.502512562814072	0.014077433772974757
20.90452261306533	0.010743853927138815
21.306532663316585	0.014136411499493923
21.70854271356784	0.020749402225849332
22.110552763819097	0.025594911020541816
22.512562814070353	0.02700613327738039
22.91457286432161	0.023312919341078868
23.316582914572866	0.015488681586179526
23.718592964824122	0.006549228142873245
24.12060301507538	0.006005216696415938
24.522613065326635	0.013367592279000612
24.92462311557789	0.017569967481243946
25.326633165829147	0.017959257783510756
25.728643216080403	0.01503532853938393
26.13065326633166	0.009685933259480844
26.532663316582916	0.007141361414722341
26.934673366834172	0.01218378250821735
27.33668341708543	0.018403577607741438
27.738693467336685	0.022684404881335312
28.14070351758794	0.024704724702576404
28.542713567839197	0.024716017326644184
28.944723618090453	0.02369793352830794
29.34673366834171	0.02296232669458722
29.748743718592966	0.022388285796172185
30.150753768844222	0.02252166608722145
30.55276381909548	0.021961840516268205
30.954773869346734	0.02036668327225206
31.35678391959799	0.01696225865752383
31.758793969849247	0.011693702278424412
32.16080402010051	0.006294715142050787
32.56281407035176	0.008986768004605811
32.96482412060302	0.018121835090861
33.366834170854275	0.027292013317755475
33.76884422110553	0.03499761790332583
34.17085427135679	0.039754852248637285
34.572864321608044	0.041051300772243296
34.9748743718593	0.038640848056989544
35.37688442211056	0.033236279708062866
35.77889447236181	0.02636120386735668
36.18090452261307	0.02029644811772411
36.582914572864325	0.017016060769897076
36.98492462311558	0.015460336114431456
37.38693467336684	0.013606421147267688
37.788944723618094	0.009763097804986904
38.19095477386935	0.006689229575627903
38.59296482412061	0.01251232976326031
38.99497487437186	0.022831556999507712
39.39698492462312	0.03344111751199457
39.798994974874375	0.0425234629786839
40.20100502512563	0.048931361875016975
40.60301507537689	0.051861076854204824
41.005025125628144	0.05068660825272074
41.4070351758794	0.0457611144443164
41.80904522613066	0.038352297419358174
42.21105527638191	0.029817311178467882
42.61306532663317	0.02170475151567832
43.015075376884425	0.015257087874834782
43.41708542713568	0.010465646713966815
43.81909547738694	0.006036598842196227
44.221105527638194	0.007892313247568257
44.62311557788945	0.017370324887977677
45.02512562814071	0.02924230783474758
45.42713567839196	0.04098276976928429
45.82914572864322	0.05057890750983089
46.231155778894475	0.05620841447276718
46.63316582914573	0.0575927530549607
47.03517587939699	0.05427177237941019
47.437185929648244	0.04703762238369705
47.8391959798995	0.03712400796274488
48.24120603015076	0.026610208445175455
48.64321608040201	0.017059037192889797
49.04522613065327	0.010214343026207513
49.447236180904525	0.008287377701002751
49.84924623115578	0.011983798268302627
50.25125628140704	0.019818458729355094
50.653266331658294	0.030739858191941888
51.05527638190955	0.0427686514985935
51.45728643216081	0.05411588740142866
51.85929648241206	0.062491969397808544
52.26130653266332	0.06682079899240408
52.663316582914575	0.06615646254814464
53.06532663316583	0.060595474519312485
53.46733668341709	0.05150289183342135
53.869346733668344	0.040549434569920856
54.2713567839196	0.02997404117318021
54.67336683417086	0.022728849939111537
55.07537688442211	0.020936672878407746
55.47738693467337	0.024097984317051773
55.879396984924625	0.031237000744489995
56.28140703517588	0.04110847664300863
56.68341708542714	0.052406030948824636
57.085427135678394	0.06311478135681745
57.48743718592965	0.07126751562073176
57.88944723618091	0.07483240514607262
58.29145728643216	0.07351124545883714
58.69346733668342	0.0668517686898447
59.095477386934675	0.05625358751539496
59.49748743718593	0.04338892892506869
59.89949748743719	0.03141089749798115
60.301507537688444	0.02407426863644301
60.7035175879397	0.023687662845967922
61.10552763819096	0.028430575575317658
61.50753768844221	0.03491699132016892
61.90954773869347	0.04285477081770362
62.311557788944725	0.05168674859666228
62.71356783919598	0.0603714352669437
63.11557788944724	0.06750424744564497
63.517587939698494	0.07150495010085985
63.91959798994975	0.07165989028323316
64.32160804020101	0.06713874425448782
64.72361809045226	0.05850970901865451
65.12562814070353	0.0472295133446332
65.52763819095478	0.03511497926189468
65.92964824120604	0.026119696249403523
66.33165829145729	0.023012049939377867
66.73366834170855	0.025595224999912635
67.1356783919598	0.03019111964759924
67.53768844221106	0.035385275523210705
67.93969849246231	0.041178528057399265
68.34170854271358	0.04770359703476536
68.74371859296483	0.05431622123801396
69.14572864321609	0.05933877911533121
69.54773869346734	0.06139313978077217
69.9497487437186	0.059754466679069626
70.35175879396985	0.0543231882379845
70.75376884422111	0.046177020426004405
71.15577889447236	0.03750642682942122
71.55778894472363	0.031203793492788363
71.95979899497488	0.02972414919957676
72.36180904522614	0.03226076363036102
72.76381909547739	0.03615988693708937
73.16582914572865	0.04019125946805923
73.5678391959799	0.04448638525472535
73.96984924623116	0.049272773759723124
74.37185929648241	0.05440647431050134
74.77386934673368	0.05883317182165091
75.17587939698493	0.061572450952696124
75.57788944723619	0.061251780648380695
75.97989949748744	0.0575028003573124
76.3819095477387	0.051248827259577204
76.78391959798995	0.043692236055236984
77.18592964824121	0.03760825335864702
77.58793969849246	0.03499944414923033
77.98994974874373	0.03637180988138023
78.39195979899498	0.039806404059682714
78.79396984924624	0.04341903446572383
79.19597989949749	0.046441181937947565
79.59798994974875	0.049337880035126805
80.0	0.05264130284644658
