0.0	0.007700756104553418
0.4020100502512563	0.0066969195767637
0.8040201005025126	0.005536227391082301
1.206030150753769	0.00495660144069806
1.6080402010050252	0.0053654462822441094
2.0100502512562817	0.006450950097493144
2.412060301507538	0.007011915188614157
2.814070351758794	0.00690653889786629
3.2160804020100504	0.005561525961164607
3.6180904522613067	0.003386951122397501
4.020100502512563	0.000878238339069971
4.42211055276382	0.0021596615272130603
4.824120603015076	0.004485075041211879
5.226130653266332	0.006313488037199752
5.628140703517588	0.007534563377773873
6.030150753768845	0.007972307275959021
6.432160804020101	0.008392959954021196
6.834170854271357	0.009124059539216118
7.236180904522613	0.010083746846976197
7.63819095477387	0.011197675118111748
8.040201005025127	0.0117297974744511
8.442211055276383	0.0115847434044275
8.84422110552764	0.010621477392093319
9.246231155778895	0.009245500232016627
9.648241206030152	0.007886239696043736
10.050251256281408	0.0069946571997884345
10.452261306532664	0.0073129716275214165
10.85427135678392	0.008343984594692247
11.256281407035177	0.009893105491733702
11.658291457286433	0.011720316740938295
12.06030150753769	0.013660365125945817
12.462311557788945	0.01620064664296336
12.864321608040202	0.019081700161977057
13.266331658291458	0.0221384355591144
13.668341708542714	0.024626615874282488
14.07035175879397	0.02651294194011805
14.472361809045227	0.027425657122808693
14.874371859296483	0.02685630713028827
15.27638190954774	0.02502188066803789
15.678391959798995	0.02237459174434333
16.080402010050253	0.0195981706580056
16.48241206030151	0.017913493196782933
16.884422110552766	0.01821049937590312
17.286432160804022	0.020334486892347438
17.68844221105528	0.022644573559736807
18.090452261306535	0.024353493371860605
18.49246231155779	0.025237560307865288
18.894472361809047	0.026337182061435666
19.296482412060303	0.028261884990803406
19.69849246231156	0.03173589036831071
20.100502512562816	0.036213927335335884
20.502512562814072	0.040274783591820566
20.90452261306533	0.042506223330475365
21.306532663316585	0.04235166585004975
21.70854271356784	0.04037011064214729
22.110552763819097	0.03719969382462044
22.512562814070353	0.035008888892710796
22.91457286432161	0.034398468757582644
23.316582914572866	0.03472447442576151
23.718592964824122	0.0346636918388925
24.12060301507538	0.03321402899867013
24.522613065326635	0.030868363157417773
24.92462311557789	0.029795611832398927
25.326633165829147	0.031835986603826374
25.728643216080403	0.036666597078793425
26.13065326633166	0.04225598266775268
26.532663316582916	0.046739934479735235
26.934673366834172	0.04945578909451773
27.33668341708543	0.05042378962570082
27.738693467336685	0.04997488642502796
28.14070351758794	0.048748608007972774
28.542713567839197	0.04712845022934259
28.944723618090453	0.045157763070615774
29.34673366834171	0.042717223791324255
29.748743718592966	0.04018268846033633
30.150753768844222	0.0387611095561997
30.55276381909548	0.0397900285889559
30.954773869346734	0.04443524081356245
31.35678391959799	0.05185898760829486
31.758793969849247	0.06038067819221406
32.16080402010051	0.0680687419879432
32.56281407035176	0.07329622223896756
32.96482412060302	0.07520143803885662
33.366834170854275	0.07376161178611712
33.76884422110553	0.06926896423011117
34.17085427135679	0.06254454421608636
34.572864321608044	0.05503034633467404
34.9748743718593	0.04798883028146941
35.37688442211056	0.04242531056495168
35.77889447236181	0.039187613556156346
36.18090452261307	0.03878024505152123
36.582914572864325	0.04178053385389335
36.98492462311558	0.04780358457033059
37.38693467336684	0.05594377969181774
37.788944723618094	0.06419123829835326
38.19095477386935	0.0705996198102774
38.59296482412061	0.0738486417696669
38.99497487437186	0.07344945398363857
39.39698492462312	0.06948846109002119
39.798994974874375	0.06271403349160928
40.20100502512563	0.05447751613976246
40.60301507537689	0.04660754762868289
41.005025125628144	0.04045143616113907
41.4070351758794	0.03675976356272832
41.80904522613066	0.035812496302274226
42.21105527638191	0.037430972525891885
42.61306532663317	0.04117454396506292
43.015075376884425	0.046802331497620406
43.41708542713568	0.053356224379287276
43.81909547738694	0.05946839569364629
44.221105527638194	0.06361800594688963
44.62311557788945	0.06537155802774411
45.02512562814071	0.06408666925675457
45.42713567839196	0.059864380682235416
45.82914572864322	0.053510633615721205
46.231155778894475	0.04653518462994484
46.63316582914573	0.0407718738125948
47.03517587939699	0.03681199913020227
47.437185929648244	0.03530760954530381
47.8391959798995	0.035550023871723666
48.24120603015076	0.037112806880651314
48.64321608040201	0.040119559711717295
49.04522613065327	0.04464117154325779
49.447236180904525	0.05021886615893393
49.84924623115578	0.05603455932797032
50.25125628140704	0.060787846555041124
50.653266331658294	0.06326895818068815
51.05527638190955	0.06285157325077768
51.45728643216081	0.059514725240346754
51.85929648241206	0.053717617754584404
52.26130653266332	0.04700945092329576
52.663316582914575	0.04129445503070771
53.06532663316583	0.03792347514574351
53.46733668341709	0.0369666255847589
53.869346733668344	0.038070760043832204
54.2713567839196	0.04024620648879891
54.67336683417086	0.04391521379004805
55.07537688442211	0.0489000478968608
55.47738693467337	0.05493961379133194
55.879396984924625	0.0605965853395532
56.28140703517588	0.06459640264816996
56.68341708542714	0.06567906507965525
57.085427135678394	0.06362417177579417
57.48743718592965	0.05862446866349245
57.88944723618091	0.05190769635379441
58.29145728643216	0.045239030537097234
58.69346733668342	0.04011533282470832
59.095477386934675	0.03781990810756057
59.49748743718593	0.03785757431110329
59.89949748743719	0.039571908584025074
60.301507537688444	0.04233625528515127
60.7035175879397	0.046559054797581996
61.10552763819096	0.051791719934825994
61.50753768844221	0.057812987899804616
61.90954773869347	0.06335258189725286
62.311557788944725	0.06686330218743666
62.71356783919598	0.067914824649951
63.11557788944724	0.06581080293056463
63.517587939698494	0.06128202253931745
63.91959798994975	0.05531822417822159
64.32160804020101	0.04921810955049054
64.72361809045226	0.044477179077298284
65.12562814070353	0.04200740607536641
65.52763819095478	0.04200897365002796
65.92964824120604	0.04383835713443167
66.33165829145729	0.04719629573252189
66.73366834170855	0.05172718985536726
67.1356783919598	0.05739688682475112
67.53768844221106	0.06292384845858415
67.93969849246231	0.06764503503772697
68.34170854271358	0.07040675504439772
68.74371859296483	0.07027900237152387
69.14572864321609	0.06732684359654283
69.54773869346734	0.06196803102483881
69.9497487437186	0.05535222103725483
70.35175879396985	0.04948821904924057
70.75376884422111	0.045544618278881135
71.15577889447236	0.04453439654377061
71.55778894472363	0.04588618467666049
71.95979899497488	0.049559259897970706
72.36180904522614	0.05430160152989266
72.76381909547739	0.059767477625936795
73.16582914572865	0.06485189216120692
73.5678391959799	0.06877602583856013
73.96984924623116	0.07082389829596725
74.37185929648241	0.07049094817180601
74.77386934673368	0.06781833726556101
75.17587939698493	0.06319533344394439
75.57788944723619	0.05771673293443656
75.97989949748744	0.052321467772783306
76.3819095477387	0.048036326859971196
76.78391959798995	0.04584340299413401
77.18592964824121	0.04625182659890036
77.58793969849246	0.04857248751639216
77.98994974874373	0.052503912775461424
78.39195979899498	0.05689585236991283
78.79396984924624	0.06127021715893151
79.19597989949749	0.06444453417743412
79.59798994974875	0.06643039045926262
80.0	0.06664720387817517
