0.0	0.015963200128205398
0.4020100502512563	0.013463173766393033
0.8040201005025126	0.00849731305249438
1.206030150753769	0.0028636522387539345
1.6080402010050252	0.004328951210332709
2.0100502512562817	0.009522865018445332
2.412060301507538	0.012923629092705228
2.814070351758794	0.013783458509998176
3.2160804020100504	0.011881209165901617
3.6180904522613067	0.007473957652157607
4.020100502512563	0.0017319611975106445
4.42211055276382	0.0043453199870889464
4.824120603015076	0.010026533927335234
5.226130653266332	0.013723360148642005
5.628140703517588	0.015030650675570061
6.030150753768845	0.013726431433095678
6.432160804020101	0.009965129940103191
6.834170854271357	0.004839364187104231
7.236180904522613	0.003830079800186976
7.63819095477387	0.008870488521749518
8.040201005025127	0.012938470967659866
8.442211055276383	0.014839466513577029
8.84422110552764	0.014023874577414382
9.246231155778895	0.010627834071472688
9.648241206030152	0.005457794655130086
10.050251256281408	0.0024718337812888636
10.452261306532664	0.007868988702469448
10.85427135678392	0.012471800213977965
11.256281407035177	0.014930882128535883
11.658291457286433	0.01505324438658986
12.06030150753769	0.012604231646793562
12.462311557788945	0.008817702335470759
12.864321608040202	0.006949485129429561
13.266331658291458	0.010076934051177017
13.668341708542714	0.014361803050248428
14.07035175879397	0.017147860447921756
14.472361809045227	0.017476341574088602
14.874371859296483	0.015200270487176884
15.27638190954774	0.01159492794923167
15.678391959798995	0.009268303234641704
16.080402010050253	0.011386280784298574
16.48241206030151	0.015691482885679165
16.884422110552766	0.0190881439714035
17.286432160804022	0.020348072746683026
17.68844221105528	0.019531860911380823
18.090452261306535	0.01731146974148763
18.49246231155779	0.015527739251541911
18.894472361809047	0.015529235203579858
19.296482412060303	0.017240588633079236
19.69849246231156	0.019297629655766577
20.100502512562816	0.020339741688633416
20.502512562814072	0.019934822266641186
20.90452261306533	0.018941201497810548
21.306532663316585	0.018893101516966507
21.70854271356784	0.021324257322971118
22.110552763819097	0.02611304481182075
22.512562814070353	0.03123908460597624
22.91457286432161	0.035843251303129826
23.316582914572866	0.0388658751196332
23.718592964824122	0.03986950679503157
24.12060301507538	0.03947298517822094
24.522613065326635	0.03816566363179133
24.92462311557789	0.03734402604261379
25.326633165829147	0.03742078779694402
25.728643216080403	0.03797933996557175
26.13065326633166	0.03878961620297429
26.532663316582916	0.03933395225837932
26.934673366834172	0.03955831566521007
27.33668341708543	0.040202088822435325
27.738693467336685	0.041909538205258064
28.14070351758794	0.04394439866308382
28.542713567839197	0.04614825404568319
28.944723618090453	0.04747914656897191
29.34673366834171	0.04791611372879416
29.748743718592966	0.04777988062051068
30.150753768844222	0.04778725153781023
30.55276381909548	0.048645901877175046
30.954773869346734	0.050949188224660436
31.35678391959799	0.0540859730863749
31.758793969849247	0.05768754727192997
32.16080402010051	0.06099482127260558
32.56281407035176	0.0637587722726563
32.96482412060302	0.06505552633392837
33.366834170854275	0.06535261205849183
33.76884422110553	0.06434781426122702
34.17085427135679	0.0629274659561196
34.572864321608044	0.06150481635237735
34.9748743718593	0.060479549903985685
35.37688442211056	0.05997601903186548
35.77889447236181	0.060094488132418356
36.18090452261307	0.06081102621898624
36.582914572864325	0.06215410588154209
36.98492462311558	0.06407450030369677
37.38693467336684	0.06621559220382106
37.788944723618094	0.0677927185236014
38.19095477386935	0.06858786900197394
38.59296482412061	0.06800251690102178
38.99497487437186	0.06624446655353407
39.39698492462312	0.06401198927552328
39.798994974874375	0.06190592368679665
40.20100502512563	0.06022898655282949
40.60301507537689	0.05908402145928887
41.005025125628144	0.05876063751565578
41.4070351758794	0.058379626080233595
41.80904522613066	0.05782721823681203
42.21105527638191	0.05729554709007264
42.61306532663317	0.0572527415201487
43.015075376884425	0.05779830670663215
43.41708542713568	0.05883855090683745
43.81909547738694	0.05980542543726395
44.221105527638194	0.06003117047528861
44.62311557788945	0.05935217934596103
45.02512562814071	0.05791389148825564
45.42713567839196	0.05642959855721833
45.82914572864322	0.055051659353938756
46.231155778894475	0.054611419934829666
46.63316582914573	0.05484896734840901
47.03517587939699	0.055570866055756486
47.437185929648244	0.0562059537408142
47.8391959798995	0.05666476986713431
48.24120603015076	0.0570834965975495
48.64321608040201	0.05790891221440815
49.04522613065327	0.05888610653380114
49.447236180904525	0.05987532271514536
49.84924623115578	0.060515711306398254
50.25125628140704	0.06061114398423406
50.653266331658294	0.060205340007332894
51.05527638190955	0.059081819029682715
51.45728643216081	0.05799954159333252
51.85929648241206	0.057331039399230885
52.26130653266332	0.05739687238227699
52.663316582914575	0.05819578111256542
53.06532663316583	0.059102324009549
53.46733668341709	0.059406487061995715
53.869346733668344	0.059191382448700855
54.2713567839196	0.058890265184127065
54.67336683417086	0.059043092887715275
55.07537688442211	0.05971044440918567
55.47738693467337	0.060694109255090556
55.879396984924625	0.06162187011010138
56.28140703517588	0.06176458649540993
56.68341708542714	0.06064560698419706
57.085427135678394	0.058732901916641655
57.48743718592965	0.05684473539166064
57.88944723618091	0.055611305428773315
58.29145728643216	0.05559596405002213
58.69346733668342	0.05625281049354869
59.095477386934675	0.05693373153992002
59.49748743718593	0.05724955709690919
59.89949748743719	0.056788918748071224
60.301507537688444	0.055891739062446946
60.7035175879397	0.05551643781033797
61.10552763819096	0.05577998784410215
61.50753768844221	0.05665801118199763
61.90954773869347	0.05743165937329362
62.311557788944725	0.05744529520182917
62.71356783919598	0.056447367651380954
63.11557788944724	0.054862817208737424
63.517587939698494	0.05305392485476311
63.91959798994975	0.05191633682840278
64.32160804020101	0.05197270997280277
64.72361809045226	0.05297545625989519
65.12562814070353	0.054081165704641686
65.52763819095478	0.055297399396657024
65.92964824120604	0.056201698935688126
66.33165829145729	0.05689955389051351
66.73366834170855	0.05739166800259915
67.1356783919598	0.0579027024484006
67.53768844221106	0.05863418915634035
67.93969849246231	0.05888205935651754
68.34170854271358	0.058601021764959474
68.74371859296483	0.057307160716769244
69.14572864321609	0.055542582921884985
69.54773869346734	0.05374219757912152
69.9497487437186	0.05265728045811342
70.35175879396985	0.052823180716888185
70.75376884422111	0.05374930955613753
71.15577889447236	0.05483029601101502
71.55778894472363	0.05573290234982362
71.95979899497488	0.05590219597263246
72.36180904522614	0.05588022498870249
72.76381909547739	0.05572608804792043
73.16582914572865	0.0558642738352372
73.5678391959799	0.0562166510923043
73.96984924623116	0.056246812569865925
74.37185929648241	0.055882091106816814
74.77386934673368	0.05504875592430506
75.17587939698493	0.053844119500956175
75.57788944723619	0.05283662100613361
75.97989949748744	0.0524654777628175
76.3819095477387	0.053081629271648376
76.78391959798995	0.05439964446866909
77.18592964824121	0.055758935579124015
77.58793969849246	0.056610621321265556
77.98994974874373	0.0567431716121483
78.39195979899498	0.05647854449165679
78.79396984924624	0.05618363924617601
79.19597989949749	0.05593910482787273
79.59798994974875	0.05631778619689135
80.0	0.05656877903662551
