0.0	0.020864486381537786
0.4020100502512563	0.018597950595070988
0.8040201005025126	0.0132888730900178
1.206030150753769	0.0061942311766691955
1.6080402010050252	0.003243669443153594
2.0100502512562817	0.009899153829899334
2.412060301507538	0.014893146796006729
2.814070351758794	0.016840134043991588
3.2160804020100504	0.015444522106175935
3.6180904522613067	0.010701164337143918
4.020100502512563	0.0035882558025190302
4.42211055276382	0.004658840483407183
4.824120603015076	0.012475188531006449
5.226130653266332	0.01848802875943876
5.628140703517588	0.02143960424114427
6.030150753768845	0.021061235461971684
6.432160804020101	0.017298475560739962
6.834170854271357	0.011173021768766318
7.236180904522613	0.005098733951934491
7.63819095477387	0.00698575457428489
8.040201005025127	0.012219575179533511
8.442211055276383	0.01542703317609799
8.84422110552764	0.015540645136933836
9.246231155778895	0.012375039340582471
9.648241206030152	0.006606127336258445
10.050251256281408	0.00369964483423729
10.452261306532664	0.01000136881778621
10.85427135678392	0.01578402462849754
11.256281407035177	0.018755470371143196
11.658291457286433	0.018349333245150652
12.06030150753769	0.014359557797472675
12.462311557788945	0.008688168322949363
12.864321608040202	0.008752604491463601
13.266331658291458	0.017452759168758554
13.668341708542714	0.026903250036685263
14.07035175879397	0.03390151047744863
14.472361809045227	0.03731623994423268
14.874371859296483	0.033900375051652464
15.27638190954774	0.022187374693995544
15.678391959798995	0.008235610364507925
16.080402010050253	0.02317195797651894
16.48241206030151	0.044877078765526546
16.884422110552766	0.05916585681254209
17.286432160804022	0.06214295067460303
17.68844221105528	0.052892706961719604
18.090452261306535	0.034054931975701794
18.49246231155779	0.017992622383039978
18.894472361809047	0.03313671051139022
19.296482412060303	0.054533192307667885
19.69849246231156	0.06817830140119231
20.100502512562816	0.0698559385963477
20.502512562814072	0.06049559830924363
20.90452261306533	0.04341397185519315
21.306532663316585	0.0290305199423987
21.70854271356784	0.036688162932360505
22.110552763819097	0.0558067740897014
22.512562814070353	0.06971347964523678
22.91457286432161	0.07247930576596126
23.316582914572866	0.0636245334678903
23.718592964824122	0.045831273871130014
24.12060301507538	0.02487895543127249
24.522613065326635	0.02138691056250468
24.92462311557789	0.0386875868786889
25.326633165829147	0.05367148482035613
25.728643216080403	0.060796771770774825
26.13065326633166	0.05886670856990618
26.532663316582916	0.04949991237134334
26.934673366834172	0.03876541586344903
27.33668341708543	0.037738086949296396
27.738693467336685	0.04742396352809152
28.14070351758794	0.05879010169445137
28.542713567839197	0.06456749762834597
28.944723618090453	0.06096003472610713
29.34673366834171	0.047840799011589656
29.748743718592966	0.028554058725187997
30.150753768844222	0.015599663795029809
30.55276381909548	0.03027721917099483
30.954773869346734	0.04750780029611417
31.35678391959799	0.05716893559581611
31.758793969849247	0.05705149636341916
32.16080402010051	0.04724500525484856
32.56281407035176	0.030189505851094044
32.96482412060302	0.014805345704036665
33.366834170854275	0.024550322939928648
33.76884422110553	0.04186351731327679
34.17085427135679	0.05330397715423453
34.572864321608044	0.05542280989876245
34.9748743718593	0.046957510315035485
35.37688442211056	0.02992154450963653
35.77889447236181	0.008666946515553338
36.18090452261307	0.01391142896254353
36.582914572864325	0.03228312091972366
36.98492462311558	0.04312084402604107
37.38693467336684	0.044768445322538264
37.788944723618094	0.03688843747058793
38.19095477386935	0.02028010515282975
38.59296482412061	0.002658738150116925
38.99497487437186	0.024671272405909404
39.39698492462312	0.0440774303287204
39.798994974874375	0.05682663062235681
40.20100502512563	0.060004347926401844
40.60301507537689	0.05316796154944411
41.005025125628144	0.03856207452163083
41.4070351758794	0.01881790591691564
41.80904522613066	0.003823402757754593
42.21105527638191	0.02141172014113053
42.61306532663317	0.03422697987444863
43.015075376884425	0.039444918769813174
43.41708542713568	0.036201349026224704
43.81909547738694	0.025972646293327916
44.221105527638194	0.014980839578541339
44.62311557788945	0.019299281010588386
45.02512562814071	0.033765991698456475
45.42713567839196	0.045277634246630845
45.82914572864322	0.05086932748089786
46.231155778894475	0.04922486752432663
46.63316582914573	0.040747703379332804
47.03517587939699	0.026900818900296507
47.437185929648244	0.009950830789451155
47.8391959798995	0.008632665849764111
48.24120603015076	0.024996423008379974
48.64321608040201	0.03684653930781001
49.04522613065327	0.04254656620511037
49.447236180904525	0.0407301599257129
49.84924623115578	0.032218406372158136
50.25125628140704	0.02036769059506069
50.653266331658294	0.01365035798204835
51.05527638190955	0.02169596284359553
51.45728643216081	0.03114049121404665
51.85929648241206	0.035410785047236916
52.26130653266332	0.03268271250792555
52.663316582914575	0.023163315490841836
53.06532663316583	0.010514312761252514
53.46733668341709	0.016747041474549525
53.869346733668344	0.033859166362010515
54.2713567839196	0.04860641128877403
54.67336683417086	0.0567699571570792
55.07537688442211	0.057087633889912656
55.47738693467337	0.04975147751860221
55.879396984924625	0.03668922797926431
56.28140703517588	0.022555700791615587
56.68341708542714	0.015609865602143924
57.085427135678394	0.020267339262233564
57.48743718592965	0.025093182229414618
57.88944723618091	0.024560217699489358
58.29145728643216	0.016681403673325042
58.69346733668342	0.004290419604364152
59.095477386934675	0.01661695081978097
59.49748743718593	0.03589247220571128
59.89949748743719	0.05279206770496386
60.301507537688444	0.06395619547361593
60.7035175879397	0.06763380281718134
61.10552763819096	0.06274429904390076
61.50753768844221	0.050867171746711445
61.90954773869347	0.03462429457268633
62.311557788944725	0.018319537506335835
62.71356783919598	0.011851000613750672
63.11557788944724	0.01788797579171593
63.517587939698494	0.021025860031385506
63.91959798994975	0.017713025481266357
64.32160804020101	0.012199175696241463
64.72361809045226	0.02029566290094993
65.12562814070353	0.03799759217001337
65.52763819095478	0.05546648516867168
65.92964824120604	0.06853574738189186
66.33165829145729	0.07478361423713882
66.73366834170855	0.073144995277555
67.1356783919598	0.06449502109605312
67.53768844221106	0.05034233625065617
67.93969849246231	0.03389727839453775
68.34170854271358	0.017239709133319948
68.74371859296483	0.003280103897939086
69.14572864321609	0.0073873689141853
69.54773869346734	0.015170502693588753
69.9497487437186	0.023061856027404265
70.35175879396985	0.03371663288980943
70.75376884422111	0.046511310357166304
71.15577889447236	0.05836550509621138
71.55778894472363	0.06643947711539737
71.95979899497488	0.06905753802998697
72.36180904522614	0.065734252872822
72.76381909547739	0.05748712826580189
73.16582914572865	0.04591999145468322
73.5678391959799	0.0328010074847234
73.96984924623116	0.01926965415376871
74.37185929648241	0.0072343006599413975
74.77386934673368	0.008560032912227197
75.17587939698493	0.018709632453797347
75.57788944723619	0.02798833101059627
75.97989949748744	0.0362810453717402
76.3819095477387	0.042929131025857416
76.78391959798995	0.04776603981628553
77.18592964824121	0.049915170086620185
77.58793969849246	0.04888611090479896
77.98994974874373	0.0458002029252167
78.39195979899498	0.040873771320752435
78.79396984924624	0.03475532723303365
79.19597989949749	0.02794830934279577
79.59798994974875	0.020612902515127745
80.0	0.013285069994871182
