0.0	0.013340490108130801
0.4020100502512563	0.010607172833710257
0.8040201005025126	0.006741727066266363
1.206030150753769	0.004971908367463027
1.6080402010050252	0.007459866204472529
2.0100502512562817	0.010788932202490402
2.412060301507538	0.012472948947342726
2.814070351758794	0.01217343117679402
3.2160804020100504	0.00973423282597884
3.6180904522613067	0.005769587904725022
4.020100502512563	0.0013160545239416035
4.42211055276382	0.00432507421285252
4.824120603015076	0.008313102009968982
5.226130653266332	0.010779797702242199
5.628140703517588	0.011521065725272128
6.030150753768845	0.010500650078552281
6.432160804020101	0.00886106068075598
6.834170854271357	0.008767507998024737
7.236180904522613	0.011082940158873237
7.63819095477387	0.014207624850167046
8.040201005025127	0.0162949241788806
8.442211055276383	0.01662548604063322
8.84422110552764	0.015157475419042752
9.246231155778895	0.011756833018409152
9.648241206030152	0.007491464501600845
10.050251256281408	0.006433276557585066
10.452261306532664	0.009967994531990211
10.85427135678392	0.014387415045466062
11.256281407035177	0.017681753727249307
11.658291457286433	0.01933731230765072
12.06030150753769	0.01953597373807963
12.462311557788945	0.01926430699901822
12.864321608040202	0.01920125341878714
13.266331658291458	0.019847979559124495
13.668341708542714	0.020530464567791326
14.07035175879397	0.020931804704794717
14.472361809045227	0.02072140103282532
14.874371859296483	0.020171848308615355
15.27638190954774	0.020150584237776808
15.678391959798995	0.020799423965082327
16.080402010050253	0.02215121112397351
16.48241206030151	0.023121520510279263
16.884422110552766	0.02313440216088243
17.286432160804022	0.021729158113150772
17.68844221105528	0.019558978424881527
18.090452261306535	0.017504906306648603
18.49246231155779	0.016620033515800096
18.894472361809047	0.016981803996980422
19.296482412060303	0.018207160374780724
19.69849246231156	0.019566079531460424
20.100502512562816	0.02099330711506777
20.502512562814072	0.02281440982439512
20.90452261306533	0.024888954622712126
21.306532663316585	0.026868875497535923
21.70854271356784	0.028220008397380668
22.110552763819097	0.028127542822131514
22.512562814070353	0.026549632792759924
22.91457286432161	0.023443799038084447
23.316582914572866	0.019494863972393705
23.718592964824122	0.01514351485615685
24.12060301507538	0.01168195904355405
24.522613065326635	0.010630991140781884
24.92462311557789	0.010880977670295479
25.326633165829147	0.0114288004130141
25.728643216080403	0.011606136011976732
26.13065326633166	0.012289103062703335
26.532663316582916	0.01408341724720017
26.934673366834172	0.016716570970543198
27.33668341708543	0.018998436700848352
27.738693467336685	0.02039711822831272
28.14070351758794	0.020197758387020284
28.542713567839197	0.01838000094093173
28.944723618090453	0.014990100108285359
29.34673366834171	0.010729349561993982
29.748743718592966	0.006307747775923677
30.150753768844222	0.0030910968739288744
30.55276381909548	0.0038699866875757383
30.954773869346734	0.005215549504897372
31.35678391959799	0.005072992254687224
31.758793969849247	0.004457687080715386
32.16080402010051	0.006918781494855109
32.56281407035176	0.012301372371193175
32.96482412060302	0.01863774180002454
33.366834170854275	0.02398319115030384
33.76884422110553	0.02786190235315202
34.17085427135679	0.029145396313973837
34.572864321608044	0.027772176324851582
34.9748743718593	0.02395947692540432
35.37688442211056	0.018393880878682496
35.77889447236181	0.012211935389718145
36.18090452261307	0.0063815555351971935
36.582914572864325	0.0022986523335566996
36.98492462311558	0.0008890604134640784
37.38693467336684	0.0022476475096269094
37.788944723618094	0.006381571217498795
38.19095477386935	0.012340937052540772
38.59296482412061	0.018924861812133473
38.99497487437186	0.024917668611166933
39.39698492462312	0.029229233423127454
39.798994974874375	0.030882542118351237
40.20100502512563	0.029738703575308972
40.60301507537689	0.026081624670523423
41.005025125628144	0.020627185218517124
41.4070351758794	0.01403847468181892
41.80904522613066	0.007368739062854857
42.21105527638191	0.0022856867718741214
42.61306532663317	0.002260007114363817
43.015075376884425	0.003084363251229527
43.41708542713568	0.003906306524513507
43.81909547738694	0.008195749300237313
44.221105527638194	0.015102476287978853
44.62311557788945	0.022706292718860537
45.02512562814071	0.029225746232098747
45.42713567839196	0.034039145624003106
45.82914572864322	0.03554309926173756
46.231155778894475	0.0336264318875642
46.63316582914573	0.028463105793465514
47.03517587939699	0.021266821121762834
47.437185929648244	0.013259225698590924
47.8391959798995	0.006293189904808011
48.24120603015076	0.003158697055342322
48.64321608040201	0.003314025503023223
49.04522613065327	0.0013820316998194877
49.447236180904525	0.0035020803218921994
49.84924623115578	0.010527268984997989
50.25125628140704	0.018583931190592175
50.653266331658294	0.026163245977786697
51.05527638190955	0.03224351111460522
51.45728643216081	0.035763867221350415
51.85929648241206	0.03606335027908205
52.26130653266332	0.03338395886616961
52.663316582914575	0.028025104322408578
53.06532663316583	0.020980932270379084
53.46733668341709	0.013509208685156527
53.869346733668344	0.006930018156036298
54.2713567839196	0.0026386989376868913
54.67336683417086	0.0016215912750784122
55.07537688442211	0.0012090664445117917
55.47738693467337	0.00593363337705663
55.879396984924625	0.01358525600087917
56.28140703517588	0.022884752056894324
56.68341708542714	0.032036854422715685
57.085427135678394	0.0395102293647505
57.48743718592965	0.04398070524403771
57.88944723618091	0.04512753422422111
58.29145728643216	0.042645739909214005
58.69346733668342	0.036942169732163764
59.095477386934675	0.029208707114576887
59.49748743718593	0.02098346827125531
59.89949748743719	0.01373598247820303
60.301507537688444	0.008615969888868823
60.7035175879397	0.006622942859423922
61.10552763819096	0.008091319722149196
61.50753768844221	0.013172077108208247
61.90954773869347	0.02094545607352068
62.311557788944725	0.030149431406528815
62.71356783919598	0.03922773617561337
63.11557788944724	0.04681943150653805
63.517587939698494	0.05141798054794082
63.91959798994975	0.05270255234280733
64.32160804020101	0.049975708834886244
64.72361809045226	0.04394504793579572
65.12562814070353	0.035691488088201974
65.52763819095478	0.02662102099533834
65.92964824120604	0.01865656456588223
66.33165829145729	0.013460822132900282
66.73366834170855	0.012131788262831006
67.1356783919598	0.014570021330306573
67.53768844221106	0.021023937703243734
67.93969849246231	0.030457606729556753
68.34170854271358	0.04160096674850029
68.74371859296483	0.052315603554147105
69.14572864321609	0.06105729167960746
69.54773869346734	0.06650081324754126
69.9497487437186	0.0676855029290767
70.35175879396985	0.06451526521934149
70.75376884422111	0.057661272918694974
71.15577889447236	0.048900382049747323
71.55778894472363	0.040027221110202106
71.95979899497488	0.03304964959251775
72.36180904522614	0.029516531232981223
72.76381909547739	0.03021384796285842
73.16582914572865	0.03545929218852093
73.5678391959799	0.044486134278073595
73.96984924623116	0.0559569582590521
74.37185929648241	0.06745633388588651
74.77386934673368	0.07684103331158593
75.17587939698493	0.08225155995843982
75.57788944723619	0.08278784217696378
75.97989949748744	0.07825091865088217
76.3819095477387	0.06972648830471465
76.78391959798995	0.058389441006586364
77.18592964824121	0.04624927668601871
77.58793969849246	0.03630676644111266
77.98994974874373	0.030131682810213455
78.39195979899498	0.028592482143911496
78.79396984924624	0.0323197999971111
79.19597989949749	0.040627177795901435
79.59798994974875	0.051857764854583224
80.0	0.06337133761318584
