0.0	0.004963881622642207
0.4020100502512563	0.005332413756370506
0.8040201005025126	0.005030587764263936
1.206030150753769	0.004309147133592992
1.6080402010050252	0.0030844197285663584
2.0100502512562817	0.0020703729498487665
2.412060301507538	0.002047075156754119
2.814070351758794	0.002429767426276353
3.2160804020100504	0.0026450332348245827
3.6180904522613067	0.002431913779490809
4.020100502512563	0.0015987634821059947
4.42211055276382	0.001760215055349799
4.824120603015076	0.003130329470277641
5.226130653266332	0.004810114289971286
5.628140703517588	0.006089596250684528
6.030150753768845	0.007155138510591774
6.432160804020101	0.007656235136193653
6.834170854271357	0.007253676296443093
7.236180904522613	0.00645267747925801
7.63819095477387	0.005779962683481887
8.040201005025127	0.004985831273855486
8.442211055276383	0.004590657932126242
8.84422110552764	0.0046543637138936125
9.246231155778895	0.004747247651108369
9.648241206030152	0.00523092995502803
10.050251256281408	0.006371812669151974
10.452261306532664	0.00809098094395364
10.85427135678392	0.010113885111445082
11.256281407035177	0.012221070599975719
11.658291457286433	0.013794954111165242
12.06030150753769	0.014579134859038365
12.462311557788945	0.014891785232399604
12.864321608040202	0.014553402652999268
13.266331658291458	0.0137360206990032
13.668341708542714	0.012919897666132427
14.07035175879397	0.012121450127348797
14.472361809045227	0.011523959178838245
14.874371859296483	0.011284011641019033
15.27638190954774	0.011142479086142408
15.678391959798995	0.011720523515791897
16.080402010050253	0.01264804443084333
16.48241206030151	0.013937109217274781
16.884422110552766	0.015255214846245733
17.286432160804022	0.01654804930519809
17.68844221105528	0.017419656259299657
18.090452261306535	0.017918408831127323
18.49246231155779	0.018411063969921808
18.894472361809047	0.018568272845666655
19.296482412060303	0.018653778862828384
19.69849246231156	0.01881715989724931
20.100502512562816	0.018887171148954617
20.502512562814072	0.019280372618606652
20.90452261306533	0.019620232415149895
21.306532663316585	0.02007242944785308
21.70854271356784	0.02093446180730095
22.110552763819097	0.021998821685524722
22.512562814070353	0.023554136656550026
22.91457286432161	0.02516240380604093
23.316582914572866	0.026834800384509933
23.718592964824122	0.028408324792650395
24.12060301507538	0.02952335703582168
24.522613065326635	0.030357297994564665
24.92462311557789	0.030663005824323037
25.326633165829147	0.030914337741329994
25.728643216080403	0.030842249668184007
26.13065326633166	0.030737826739207514
26.532663316582916	0.030568859897944452
26.934673366834172	0.030347431725407686
27.33668341708543	0.030399937055052218
27.738693467336685	0.030208070054276247
28.14070351758794	0.03016289399163095
28.542713567839197	0.030187242022254906
28.944723618090453	0.030330101046930864
29.34673366834171	0.030984926412798125
29.748743718592966	0.032198860793602894
30.150753768844222	0.03391496139126828
30.55276381909548	0.03622250398544804
30.954773869346734	0.03895990046868914
31.35678391959799	0.04168177165969536
31.758793969849247	0.0444490236613607
32.16080402010051	0.04724906375801282
32.56281407035176	0.04947151897751863
32.96482412060302	0.05126107629616509
33.366834170854275	0.052059938583002875
33.76884422110553	0.05209150254517218
34.17085427135679	0.05119666070626368
34.572864321608044	0.05015295326271717
34.9748743718593	0.04971515508133563
35.37688442211056	0.04968159128312555
35.77889447236181	0.05073068313887715
36.18090452261307	0.05269237639991875
36.582914572864325	0.05538599051414713
36.98492462311558	0.05850378607330572
37.38693467336684	0.0616465239118715
37.788944723618094	0.06442116468306067
38.19095477386935	0.06627152099116439
38.59296482412061	0.0671516163457369
38.99497487437186	0.06642103660940493
39.39698492462312	0.06440425381264145
39.798994974874375	0.06165324085639268
40.20100502512563	0.05879902066325895
40.60301507537689	0.05659878643511764
41.005025125628144	0.0551955139972542
41.4070351758794	0.054955156514919924
41.80904522613066	0.05594874549773452
42.21105527638191	0.057758875409287945
42.61306532663317	0.0602133092212613
43.015075376884425	0.06261683104966365
43.41708542713568	0.0644978685079519
43.81909547738694	0.06578648452185737
44.221105527638194	0.06614091887026395
44.62311557788945	0.0654128985657589
45.02512562814071	0.06403621781209573
45.42713567839196	0.06187436036674619
45.82914572864322	0.05944802259147793
46.231155778894475	0.05699145328160571
46.63316582914573	0.054701461309638065
47.03517587939699	0.05297972924016564
47.437185929648244	0.052089552496133354
47.8391959798995	0.05187609069817804
48.24120603015076	0.05239785627996683
48.64321608040201	0.053463819458349285
49.04522613065327	0.05475114965177277
49.447236180904525	0.056016026382769014
49.84924623115578	0.056899261736140426
50.25125628140704	0.057480462323551494
50.653266331658294	0.05744422942397857
51.05527638190955	0.05681612826125534
51.45728643216081	0.05573601073547346
51.85929648241206	0.0544078235585355
52.26130653266332	0.05307924155134995
52.663316582914575	0.051972989735357286
53.06532663316583	0.05091866303531826
53.46733668341709	0.05031604533454002
53.869346733668344	0.05002783170079726
54.2713567839196	0.050054117772259064
54.67336683417086	0.050474870967383255
55.07537688442211	0.05124760999266137
55.47738693467337	0.0522158174429322
55.879396984924625	0.05326076175352673
56.28140703517588	0.05435519239589383
56.68341708542714	0.05545861626986456
57.085427135678394	0.05595317633550789
57.48743718592965	0.0556559822312467
57.88944723618091	0.05471961966500397
58.29145728643216	0.053439243582233245
58.69346733668342	0.05187154138826139
59.095477386934675	0.0504292368715394
59.49748743718593	0.04929893570651093
59.89949748743719	0.04870073102579384
60.301507537688444	0.048906295702446305
60.7035175879397	0.049711948624898146
61.10552763819096	0.0513205654015473
61.50753768844221	0.05294400560293076
61.90954773869347	0.05475191268204895
62.311557788944725	0.05629999143817227
62.71356783919598	0.05744620539673778
63.11557788944724	0.05765064618740939
63.517587939698494	0.057219972211910476
63.91959798994975	0.05606834959075805
64.32160804020101	0.05427480005213685
64.72361809045226	0.05255718514311124
65.12562814070353	0.05092339720646655
65.52763819095478	0.05006286535769881
65.92964824120604	0.05012848519696035
66.33165829145729	0.051177861480275054
66.73366834170855	0.053271682392319976
67.1356783919598	0.05559475190772513
67.53768844221106	0.05785221427142825
67.93969849246231	0.05943925039409522
68.34170854271358	0.05979564815186934
68.74371859296483	0.05926350458385575
69.14572864321609	0.057848222514810935
69.54773869346734	0.05590381150729529
69.9497487437186	0.053778239509072845
70.35175879396985	0.0523009875049511
70.75376884422111	0.051454995556063476
71.15577889447236	0.051367242356361975
71.55778894472363	0.05218198524567813
71.95979899497488	0.053632068547359545
72.36180904522614	0.05539291840628111
72.76381909547739	0.057078160145003706
73.16582914572865	0.05849655750032852
73.5678391959799	0.0591936103174698
73.96984924623116	0.05904825784289465
74.37185929648241	0.05820424760280142
74.77386934673368	0.05683281186037246
75.17587939698493	0.05488803353897963
75.57788944723619	0.05274934722499872
75.97989949748744	0.05114810222885717
76.3819095477387	0.05008980877602964
76.78391959798995	0.050009525564533565
77.18592964824121	0.05085585054589933
77.58793969849246	0.052709145817228145
77.98994974874373	0.05519074410671578
78.39195979899498	0.057623439352483395
78.79396984924624	0.059745273728721446
79.19597989949749	0.061068697467045685
79.59798994974875	0.061395924755908174
80.0	0.06067709220804921
