0.0	0.01979342308081037
0.4020100502512563	0.017869668937584106
0.8040201005025126	0.013453438946432403
1.206030150753769	0.008700065889053511
1.6080402010050252	0.007515510561089933
2.0100502512562817	0.011180698730441436
2.412060301507538	0.01463045882423325
2.814070351758794	0.01586404682241083
3.2160804020100504	0.013845912814127306
3.6180904522613067	0.009338830983023672
4.020100502512563	0.0034640133748021795
4.42211055276382	0.005746215324381574
4.824120603015076	0.012490449652510375
5.226130653266332	0.01792725935419478
5.628140703517588	0.020889005326979838
6.030150753768845	0.020980191330840413
6.432160804020101	0.018576901391696883
6.834170854271357	0.015195861849119455
7.236180904522613	0.012731090324757452
7.63819095477387	0.013250040060226263
8.040201005025127	0.015334845149757304
8.442211055276383	0.016375394682103635
8.84422110552764	0.015063971169782786
9.246231155778895	0.011085261595520809
9.648241206030152	0.0060473712454118325
10.050251256281408	0.008056005619292771
10.452261306532664	0.01567141165618332
10.85427135678392	0.023173675338493873
11.256281407035177	0.028840423303732144
11.658291457286433	0.032080704524393086
12.06030150753769	0.03284006460628217
12.462311557788945	0.031620797475848506
12.864321608040202	0.029772929335468424
13.266331658291458	0.028804948217073228
13.668341708542714	0.028562905581007603
14.07035175879397	0.02838602514447275
14.472361809045227	0.02769905694225038
14.874371859296483	0.026802694787994807
15.27638190954774	0.026950111374063047
15.678391959798995	0.029417696245917224
16.080402010050253	0.03416390279760502
16.48241206030151	0.039481053389222864
16.884422110552766	0.04377175189318222
17.286432160804022	0.045748278759655356
17.68844221105528	0.04486423461114175
18.090452261306535	0.04168039400987482
18.49246231155779	0.03739102348028529
18.894472361809047	0.03359777405952913
19.296482412060303	0.03187211963397267
19.69849246231156	0.03310634032227677
20.100502512562816	0.03613681900533024
20.502512562814072	0.04059087570830487
20.90452261306533	0.04588742239478859
21.306532663316585	0.05233471224400447
21.70854271356784	0.05909626368142275
22.110552763819097	0.06588242013792692
22.512562814070353	0.07064459961164579
22.91457286432161	0.07251904892178308
23.316582914572866	0.07060804943277632
23.718592964824122	0.0658344188213147
24.12060301507538	0.05930291414996787
24.522613065326635	0.05285159858505317
24.92462311557789	0.04838719544214536
25.326633165829147	0.04698771482279326
25.728643216080403	0.04829180838275973
26.13065326633166	0.051363995374145356
26.532663316582916	0.05571395049208057
26.934673366834172	0.060084604223668694
27.33668341708543	0.06397856936056107
27.738693467336685	0.06681617214553891
28.14070351758794	0.06816585965687312
28.542713567839197	0.0680109694675353
28.944723618090453	0.06614691620685252
29.34673366834171	0.06273109511834785
29.748743718592966	0.0588226609753391
30.150753768844222	0.05491659194295619
30.55276381909548	0.05209097212060667
30.954773869346734	0.05163091220952347
31.35678391959799	0.05283848549096957
31.758793969849247	0.0550300402971326
32.16080402010051	0.05709099076996488
32.56281407035176	0.05865638525679551
32.96482412060302	0.059653380786471866
33.366834170854275	0.06044900962038126
33.76884422110553	0.060857726130595494
34.17085427135679	0.060993987917922585
34.572864321608044	0.06000320308280192
34.9748743718593	0.057934681404412505
35.37688442211056	0.05507221793379804
35.77889447236181	0.05175129623866035
36.18090452261307	0.04911219295161041
36.582914572864325	0.04783637314204524
36.98492462311558	0.04802215679394346
37.38693467336684	0.04942370277496276
37.788944723618094	0.051119936897139416
38.19095477386935	0.05259016382540702
38.59296482412061	0.0537215285655562
38.99497487437186	0.054298224066192224
39.39698492462312	0.05486440479814497
39.798994974874375	0.05531842698176814
40.20100502512563	0.055661369577599616
40.60301507537689	0.05559887110954553
41.005025125628144	0.05483686535678132
41.4070351758794	0.05351566305747972
41.80904522613066	0.05181708504014043
42.21105527638191	0.0503034699232162
42.61306532663317	0.049302327384043144
43.015075376884425	0.049254600143503316
43.41708542713568	0.05026276991317023
43.81909547738694	0.05140377408834984
44.221105527638194	0.0527087609650671
44.62311557788945	0.054344201106205955
45.02512562814071	0.05615920210829496
45.42713567839196	0.05825806782618191
45.82914572864322	0.06002839314917115
46.231155778894475	0.06150598385886348
46.63316582914573	0.06181997779005501
47.03517587939699	0.06078456272459717
47.437185929648244	0.05851908055693139
47.8391959798995	0.055549363075839485
48.24120603015076	0.052610983145554666
48.64321608040201	0.050455173164875224
49.04522613065327	0.050043903724330666
49.447236180904525	0.05110467513574966
49.84924623115578	0.053391016172264494
50.25125628140704	0.05588672886427286
50.653266331658294	0.05815655384331865
51.05527638190955	0.05993844019645008
51.45728643216081	0.06086555837982264
51.85929648241206	0.06090533123353603
52.26130653266332	0.05976238156291862
52.663316582914575	0.057900749535013195
53.06532663316583	0.05543205007240061
53.46733668341709	0.052323159582866985
53.869346733668344	0.049604756063411255
54.2713567839196	0.04786093357021342
54.67336683417086	0.04796231854486795
55.07537688442211	0.0503677523932888
55.47738693467337	0.054459294281664294
55.879396984924625	0.0587663365937728
56.28140703517588	0.06210592168805897
56.68341708542714	0.06357263901772278
57.085427135678394	0.06305374053775875
57.48743718592965	0.06114580943410993
57.88944723618091	0.0586270444817054
58.29145728643216	0.05583740504339944
58.69346733668342	0.05333078437447934
59.095477386934675	0.05058678938630333
59.49748743718593	0.04768558710712316
59.89949748743719	0.04509301988473293
60.301507537688444	0.043804894356423416
60.7035175879397	0.044688466322189424
61.10552763819096	0.048243885521324935
61.50753768844221	0.05332454410499683
61.90954773869347	0.05850047824383624
62.311557788944725	0.06238309583198298
62.71356783919598	0.06405940811847648
63.11557788944724	0.063746721538919
63.517587939698494	0.06160824507947178
63.91959798994975	0.058507112978871026
64.32160804020101	0.05521223442383886
64.72361809045226	0.05212012381566439
65.12562814070353	0.04958036724373594
65.52763819095478	0.04761977250774128
65.92964824120604	0.046941197527468406
66.33165829145729	0.048095305074170085
66.73366834170855	0.051447255603383514
67.1356783919598	0.05640737687364118
67.53768844221106	0.06173557836073444
67.93969849246231	0.0655623799875846
68.34170854271358	0.06716995489760438
68.74371859296483	0.06647764744531255
69.14572864321609	0.06414094198646143
69.54773869346734	0.06066212790223997
69.9497487437186	0.05711363895229277
70.35175879396985	0.054332755460788286
70.75376884422111	0.05260435973147419
71.15577889447236	0.05130762174435619
71.55778894472363	0.050615547723785716
71.95979899497488	0.050687915380323426
72.36180904522614	0.05169745446992045
72.76381909547739	0.053985304394911525
73.16582914572865	0.05711252561445377
73.5678391959799	0.06016109194933106
73.96984924623116	0.06254454325915386
74.37185929648241	0.06332002271589596
74.77386934673368	0.06271505580209381
75.17587939698493	0.0609030145735189
75.57788944723619	0.05860385396781662
75.97989949748744	0.056134885469916976
76.3819095477387	0.05417836054272842
76.78391959798995	0.05262068317474709
77.18592964824121	0.05148239412665236
77.58793969849246	0.050580534559207344
77.98994974874373	0.05026694611312792
78.39195979899498	0.05076291428398609
78.79396984924624	0.05247337403338327
79.19597989949749	0.05497802554149658
79.59798994974875	0.057579274287875425
80.0	0.05960485622068794
