0.0	0.01845173589110387
0.4020100502512563	0.019747054083437736
0.8040201005025126	0.01783224609209742
1.206030150753769	0.013159845504858797
1.6080402010050252	0.006893780480765693
2.0100502512562817	0.0031456190950295343
2.412060301507538	0.007858491006489162
2.814070351758794	0.011927434462644977
3.2160804020100504	0.013441208392918808
3.6180904522613067	0.011587824972100308
4.020100502512563	0.007132031097730486
4.42211055276382	0.002557495054696429
4.824120603015076	0.008276249682613316
5.226130653266332	0.015280175977475247
5.628140703517588	0.021026466630820747
6.030150753768845	0.023857375797071426
6.432160804020101	0.023616412183904728
6.834170854271357	0.020564722700714168
7.236180904522613	0.015106049088446264
7.63819095477387	0.008760166040314986
8.040201005025127	0.003922171393575424
8.442211055276383	0.005214139431479515
8.84422110552764	0.00721737429232744
9.246231155778895	0.006751769626620207
9.648241206030152	0.003069226355986055
10.050251256281408	0.002798223163800154
10.452261306532664	0.00974658995753439
10.85427135678392	0.016578316937120172
11.256281407035177	0.021880431629065448
11.658291457286433	0.02413800107444341
12.06030150753769	0.023554616547513875
12.462311557788945	0.019545543329516392
12.864321608040202	0.013114175420766538
13.266331658291458	0.005291861476237876
13.668341708542714	0.0023514699601128713
14.07035175879397	0.008440538755175864
14.472361809045227	0.012042073128694385
14.874371859296483	0.012107648319441172
15.27638190954774	0.009029931784392507
15.678391959798995	0.0030076585570261638
16.080402010050253	0.004657662913461839
16.48241206030151	0.012537306834516973
16.884422110552766	0.018968937936187875
17.286432160804022	0.02285566853331409
17.68844221105528	0.02324778803580601
18.090452261306535	0.019908348318086706
18.49246231155779	0.013503605658727453
18.894472361809047	0.005006428289597476
19.296482412060303	0.003821145412061493
19.69849246231156	0.011037617554693752
20.100502512562816	0.01594170549034362
20.502512562814072	0.01729349383113383
20.90452261306533	0.015187432672127594
21.306532663316585	0.010133413373587747
21.70854271356784	0.004858792425255795
22.110552763819097	0.006140992359899501
22.512562814070353	0.011472676203828153
22.91457286432161	0.015342407803955923
23.316582914572866	0.016567574949192667
23.718592964824122	0.014985062300328098
24.12060301507538	0.01091041473789014
24.522613065326635	0.005496688558385402
24.92462311557789	0.00361437332795669
25.326633165829147	0.008198200009760081
25.728643216080403	0.0122748660016689
26.13065326633166	0.01430452184804711
26.532663316582916	0.014252558051230222
26.934673366834172	0.012431156670173409
27.33668341708543	0.01048894774896737
27.738693467336685	0.011201373583679095
28.14070351758794	0.015064897386705564
28.542713567839197	0.01985667418005988
28.944723618090453	0.023437166169622603
29.34673366834171	0.02488474420506009
29.748743718592966	0.02351311605993921
30.150753768844222	0.01967119772198577
30.55276381909548	0.014549938006139806
30.954773869346734	0.010564678170357151
31.35678391959799	0.011253694210039548
31.758793969849247	0.014448002470037075
32.16080402010051	0.01652912689100239
32.56281407035176	0.016472186061351042
32.96482412060302	0.015536871214437342
33.366834170854275	0.01567565348424308
33.76884422110553	0.0184483085103632
34.17085427135679	0.02267074247370294
34.572864321608044	0.026379375506125895
34.9748743718593	0.02828510286708994
35.37688442211056	0.028179933843661815
35.77889447236181	0.02586221297405077
36.18090452261307	0.02243268718449764
36.582914572864325	0.01902391790960538
36.98492462311558	0.017267574882257265
37.38693467336684	0.01743495257615536
37.788944723618094	0.018481621179356547
38.19095477386935	0.019267206938617134
38.59296482412061	0.020069526188190648
38.99497487437186	0.02140933804840805
39.39698492462312	0.02431944707114623
39.798994974874375	0.02872137123223955
40.20100502512563	0.03263802442624052
40.60301507537689	0.03545153884009727
41.005025125628144	0.0360149360390384
41.4070351758794	0.034427649270368815
41.80904522613066	0.031072027213706548
42.21105527638191	0.02730252002170186
42.61306532663317	0.02451423657998823
43.015075376884425	0.023532958641504766
43.41708542713568	0.023673197510168404
43.81909547738694	0.023814960792464753
44.221105527638194	0.023513235832619262
44.62311557788945	0.023579694902409888
45.02512562814071	0.02537658163253581
45.42713567839196	0.029116936994392544
45.82914572864322	0.03385778106719453
46.231155778894475	0.03823419730623164
46.63316582914573	0.04092540205941856
47.03517587939699	0.041420133302552925
47.437185929648244	0.0397711746974596
47.8391959798995	0.03692080418670568
48.24120603015076	0.03393098734715928
48.64321608040201	0.031352034641300264
49.04522613065327	0.029649173405159896
49.447236180904525	0.028898336327828057
49.84924623115578	0.02867132499505636
50.25125628140704	0.029575495740892615
50.653266331658294	0.032446133407977265
51.05527638190955	0.03774522755120417
51.45728643216081	0.04413252369000528
51.85929648241206	0.050148755294463866
52.26130653266332	0.054583037004453064
52.663316582914575	0.05671795161441454
53.06532663316583	0.056588555882139714
53.46733668341709	0.054908793355450736
53.869346733668344	0.05176165483649157
54.2713567839196	0.048791280814832874
54.67336683417086	0.04624341198506296
55.07537688442211	0.044943164071298274
55.47738693467337	0.045095853327527705
55.879396984924625	0.047222858013390934
56.28140703517588	0.051282747099114734
56.68341708542714	0.0570991968979218
57.085427135678394	0.0634821438470963
57.48743718592965	0.06900479468382067
57.88944723618091	0.07249181763857523
58.29145728643216	0.07289320749055807
58.69346733668342	0.07014007910448197
59.095477386934675	0.06480251167315909
59.49748743718593	0.05836070592316409
59.89949748743719	0.05234460025649847
60.301507537688444	0.04813366521532967
60.7035175879397	0.04670599295953718
61.10552763819096	0.04800082802854678
61.50753768844221	0.05156078034057575
61.90954773869347	0.05612187063567738
62.311557788944725	0.060936898619822655
62.71356783919598	0.06526279457251641
63.11557788944724	0.0681518875516692
63.517587939698494	0.06909968380659513
63.91959798994975	0.06811726810339142
64.32160804020101	0.06516239713892377
64.72361809045226	0.06063119397404214
65.12562814070353	0.05529530464681566
65.52763819095478	0.04984680019402781
65.92964824120604	0.045367736748893474
66.33165829145729	0.04278052687665153
66.73366834170855	0.042364619901476414
67.1356783919598	0.04390768270738006
67.53768844221106	0.046797499477655755
67.93969849246231	0.05024030725113356
68.34170854271358	0.05397050563125799
68.74371859296483	0.057331629458545176
69.14572864321609	0.05997685681086662
69.54773869346734	0.0614841152668004
69.9497487437186	0.06145862995428554
70.35175879396985	0.05987266468159028
70.75376884422111	0.05652284994779727
71.15577889447236	0.05242356413703332
71.55778894472363	0.04847900066744269
71.95979899497488	0.04504739698778516
72.36180904522614	0.04319066357448824
72.76381909547739	0.04270486873268677
73.16582914572865	0.04376379629607264
73.5678391959799	0.04563638830476208
73.96984924623116	0.04802945776700275
74.37185929648241	0.051003562461934084
74.77386934673368	0.054390599140261654
75.17587939698493	0.05758167577786573
75.57788944723619	0.06014556243547962
75.97989949748744	0.06120718596814945
76.3819095477387	0.06061852695959885
76.78391959798995	0.05858565951440368
77.18592964824121	0.05521663430345889
77.58793969849246	0.05115106244319538
77.98994974874373	0.04754978405829614
78.39195979899498	0.04490428458848707
78.79396984924624	0.043444436831864885
79.19597989949749	0.04335540647436823
79.59798994974875	0.04420253396364016
80.0	0.04631705642547237
