0.0	0.027467882494525225
0.4020100502512563	0.023991676966047232
0.8040201005025126	0.016671667067065014
1.206030150753769	0.007123514943364828
1.6080402010050252	0.003320204041900628
2.0100502512562817	0.012274746492361828
2.412060301507538	0.018180827467723155
2.814070351758794	0.020225319710195866
3.2160804020100504	0.017572576873505746
3.6180904522613067	0.011024283414145745
4.020100502512563	0.002026627808327003
4.42211055276382	0.008785108598376135
4.824120603015076	0.01835876658845863
5.226130653266332	0.02530903536218413
5.628140703517588	0.02810287479930043
6.030150753768845	0.026656426872699823
6.432160804020101	0.02115637925450204
6.834170854271357	0.012532301089513611
7.236180904522613	0.002536927083074162
7.63819095477387	0.006852054408808777
8.040201005025127	0.013635611575633571
8.442211055276383	0.01707387302196945
8.84422110552764	0.01589929260116006
9.246231155778895	0.010480115861249919
9.648241206030152	0.0028915242092959984
10.050251256281408	0.009632313557554537
10.452261306532664	0.019882023223435925
10.85427135678392	0.028306245142986537
11.256281407035177	0.03344817525007686
11.658291457286433	0.034066136746711585
12.06030150753769	0.030452040018127985
12.462311557788945	0.02335987951061702
12.864321608040202	0.014222358706206806
13.266331658291458	0.005151475814987957
13.668341708542714	0.0051026679320656815
14.07035175879397	0.009679664560105546
14.472361809045227	0.010987353623554241
14.874371859296483	0.008972273746153288
15.27638190954774	0.006959240168471013
15.678391959798995	0.011606731549028457
16.080402010050253	0.019596283804486456
16.48241206030151	0.026609094603445526
16.884422110552766	0.031062034357462805
17.286432160804022	0.03172024507847982
17.68844221105528	0.028499389904249477
18.090452261306535	0.022449937517851203
18.49246231155779	0.015085550965579814
18.894472361809047	0.009684104591287015
19.296482412060303	0.009703765331423768
19.69849246231156	0.01192011148159734
20.100502512562816	0.01254966717007285
20.502512562814072	0.012411355493215218
20.90452261306533	0.01468723620038113
21.306532663316585	0.020712824596695913
21.70854271356784	0.027916526777840844
22.110552763819097	0.03391008603806967
22.512562814070353	0.0374096131163425
22.91457286432161	0.03727363966706172
23.316582914572866	0.03373204297659507
23.718592964824122	0.02797789681971873
24.12060301507538	0.02190697247731834
24.522613065326635	0.019013401177143
24.92462311557789	0.02028459578542654
25.326633165829147	0.023219595975401925
25.728643216080403	0.025429070223135446
26.13065326633166	0.02616432312620141
26.532663316582916	0.02643861721676762
26.934673366834172	0.02813485763380421
27.33668341708543	0.031506983684735104
27.738693467336685	0.03551518903339597
28.14070351758794	0.03832139620900412
28.542713567839197	0.038945700816162596
28.944723618090453	0.037331576087926935
29.34673366834171	0.03401340490693584
29.748743718592966	0.030944862623419167
30.150753768844222	0.02903579034857447
30.55276381909548	0.028854041775826223
30.954773869346734	0.02998236286441
31.35678391959799	0.031699322701493955
31.758793969849247	0.03327866047964506
32.16080402010051	0.03481508513995888
32.56281407035176	0.036675839706653404
32.96482412060302	0.038490998784471264
33.366834170854275	0.040633967849789
33.76884422110553	0.042348735745440444
34.17085427135679	0.04331168577267676
34.572864321608044	0.04344884677728113
34.9748743718593	0.04304900587370099
35.37688442211056	0.04246913923211054
35.77889447236181	0.042394900622554854
36.18090452261307	0.0432967687714479
36.582914572864325	0.04499913242582802
36.98492462311558	0.047320614915803846
37.38693467336684	0.049590288634961385
37.788944723618094	0.051589463718482685
38.19095477386935	0.05277992267113605
38.59296482412061	0.053570982676530744
38.99497487437186	0.054065774272930155
39.39698492462312	0.05419775469500665
39.798994974874375	0.05478890559780077
40.20100502512563	0.05552435323635487
40.60301507537689	0.056620294781922195
41.005025125628144	0.05758979837368493
41.4070351758794	0.058633454554285445
41.80904522613066	0.059688817141081575
42.21105527638191	0.06062786184418665
42.61306532663317	0.06115379993206438
43.015075376884425	0.06087652661443923
43.41708542713568	0.059667435084117204
43.81909547738694	0.057775895641576945
44.221105527638194	0.05570935207048412
44.62311557788945	0.0540246816597922
45.02512562814071	0.053272946515797046
45.42713567839196	0.05371998314474492
45.82914572864322	0.05513289274296611
46.231155778894475	0.057394725634926105
46.63316582914573	0.059977659949773235
47.03517587939699	0.06257977753494356
47.437185929648244	0.06460588171837027
47.8391959798995	0.06534863973354219
48.24120603015076	0.06468486420003752
48.64321608040201	0.0625366175042785
49.04522613065327	0.05945342056506388
49.447236180904525	0.05574682587547406
49.84924623115578	0.052301508312799616
50.25125628140704	0.04927090784723436
50.653266331658294	0.047349986250854556
51.05527638190955	0.04679831020373695
51.45728643216081	0.047661059503668654
51.85929648241206	0.049861648516262715
52.26130653266332	0.05277457279462037
52.663316582914575	0.05565812949211722
53.06532663316583	0.057763004172229696
53.46733668341709	0.058933442909549695
53.869346733668344	0.05929119898475081
54.2713567839196	0.05853478761539464
54.67336683417086	0.05731725066831776
55.07537688442211	0.05571877383763611
55.47738693467337	0.05370279481077593
55.879396984924625	0.05162701549782665
56.28140703517588	0.04965609106980882
56.68341708542714	0.04813945924706667
57.085427135678394	0.047759742864931065
57.48743718592965	0.048735925844637394
57.88944723618091	0.05086220707278767
58.29145728643216	0.05342635074068127
58.69346733668342	0.05585930883827502
59.095477386934675	0.05773315696231955
59.49748743718593	0.05902145368759733
59.89949748743719	0.05977603647631764
60.301507537688444	0.06021702800686955
60.7035175879397	0.06051001323343275
61.10552763819096	0.06020397653807028
61.50753768844221	0.059313504731075196
61.90954773869347	0.05756742795076506
62.311557788944725	0.05521430551170684
62.71356783919598	0.05284344842522393
63.11557788944724	0.05102221471869019
63.517587939698494	0.05038796960471659
63.91959798994975	0.051284632994275436
64.32160804020101	0.053370465488101274
64.72361809045226	0.05631115269326035
65.12562814070353	0.05980218805492589
65.52763819095478	0.0633554627510482
65.92964824120604	0.06649822773991546
66.33165829145729	0.06880961634953814
66.73366834170855	0.06954069009566677
67.1356783919598	0.06846560603601762
67.53768844221106	0.06569646257163611
67.93969849246231	0.06176471498068855
68.34170854271358	0.057634697272325855
68.74371859296483	0.053857219015389826
69.14572864321609	0.05166289559053243
69.54773869346734	0.05142454403889093
69.9497487437186	0.05321878352705166
70.35175879396985	0.057077035779170934
70.75376884422111	0.06174293172405369
71.15577889447236	0.06611393871031007
71.55778894472363	0.06957064522540403
71.95979899497488	0.07152385444953388
72.36180904522614	0.0717199458327352
72.76381909547739	0.0699677260450189
73.16582914572865	0.06674761169277477
73.5678391959799	0.06237414532480569
73.96984924623116	0.05761466999103473
74.37185929648241	0.053107256333863394
74.77386934673368	0.049923904429120924
75.17587939698493	0.048175835832800704
75.57788944723619	0.04894212877538436
75.97989949748744	0.051397077671286304
76.3819095477387	0.05514388896762325
76.78391959798995	0.059279184732281186
77.18592964824121	0.06286636457151339
77.58793969849246	0.06478977034181577
77.98994974874373	0.06490709818436888
78.39195979899498	0.06301004517110728
78.79396984924624	0.0597116294537571
79.19597989949749	0.05580065551380468
79.59798994974875	0.0522248907014071
80.0	0.04926300032673988
