0.0	0.018138589613167354
0.4020100502512563	0.016394915342692207
0.8040201005025126	0.012018736520722361
1.206030150753769	0.005871926385636956
1.6080402010050252	0.002125224737747952
2.0100502512562817	0.007827815609211272
2.412060301507538	0.012415742132810874
2.814070351758794	0.014443674764776496
3.2160804020100504	0.013288305784535662
3.6180904522613067	0.009497470449163322
4.020100502512563	0.0036365947711004586
4.42211055276382	0.003710614949420312
4.824120603015076	0.010469709799132492
5.226130653266332	0.01572311901572803
5.628140703517588	0.01895025114583763
6.030150753768845	0.01917560458349361
6.432160804020101	0.016481203645957985
6.834170854271357	0.011921487475125994
7.236180904522613	0.006996321534567265
7.63819095477387	0.0057427902254085245
8.040201005025127	0.00918966271204033
8.442211055276383	0.012045867446333649
8.84422110552764	0.012537009977123259
9.246231155778895	0.010942947180450645
9.648241206030152	0.008428272540166846
10.050251256281408	0.008161474915484652
10.452261306532664	0.01229746039912417
10.85427135678392	0.017641268394169067
11.256281407035177	0.022462400734354217
11.658291457286433	0.025617272786369983
12.06030150753769	0.026928119394360954
12.462311557788945	0.02721186398479975
12.864321608040202	0.02779354014197439
13.266331658291458	0.02871134805613857
13.668341708542714	0.02893664890632928
14.07035175879397	0.026688588911117833
14.472361809045227	0.01860688836066455
14.874371859296483	0.005654656301766146
15.27638190954774	0.010928621033741592
15.678391959798995	0.024757419974838202
16.080402010050253	0.03471513004290151
16.48241206030151	0.038201324982401294
16.884422110552766	0.03820804638419478
17.286432160804022	0.04039320917957974
17.68844221105528	0.04848526673447898
18.090452261306535	0.060239528763833025
18.49246231155779	0.06996660931140469
18.894472361809047	0.07348043685473403
19.296482412060303	0.07000105164395085
19.69849246231156	0.05993047916387393
20.100502512562816	0.04527864185339783
20.502512562814072	0.032025659377285284
20.90452261306533	0.028128223440413703
21.306532663316585	0.034043658791033486
21.70854271356784	0.03984765195817243
22.110552763819097	0.0426222770241329
22.512562814070353	0.043512120008939156
22.91457286432161	0.04792515398746231
23.316582914572866	0.05792809108118387
23.718592964824122	0.07096820121019055
24.12060301507538	0.08015832098145867
24.522613065326635	0.08200240008961739
24.92462311557789	0.07460917243596557
25.326633165829147	0.0591117072381128
25.728643216080403	0.039778590276378416
26.13065326633166	0.025206996948445175
26.532663316582916	0.024406809210492396
26.934673366834172	0.029568774494723782
27.33668341708543	0.03315436981087086
27.738693467336685	0.03443421344276128
28.14070351758794	0.03756469975121044
28.542713567839197	0.04479050283886735
28.944723618090453	0.05474223354679704
29.34673366834171	0.06206758436618278
29.748743718592966	0.06326262359041251
30.150753768844222	0.056260976420368355
30.55276381909548	0.04154177489341944
30.954773869346734	0.021349424579599534
31.35678391959799	0.003999655851772883
31.758793969849247	0.024091549740026603
32.16080402010051	0.04120795604051279
32.56281407035176	0.05066001762713486
32.96482412060302	0.050644097967820344
33.366834170854275	0.04163967152414658
33.76884422110553	0.024744640825395823
34.17085427135679	0.004267963976137149
34.572864321608044	0.018414949481383867
34.9748743718593	0.03700617411629776
35.37688442211056	0.04919171819378388
35.77889447236181	0.0532593872982454
36.18090452261307	0.04854434030547801
36.582914572864325	0.03677257522670497
36.98492462311558	0.021759845538916554
37.38693467336684	0.016370264674899028
37.788944723618094	0.027426765994554153
38.19095477386935	0.038454823319179064
38.59296482412061	0.04216889492962607
38.99497487437186	0.037465217799343274
39.39698492462312	0.025316746812298962
39.798994974874375	0.007844085356320016
40.20100502512563	0.014034279337447816
40.60301507537689	0.03284206638447791
41.005025125628144	0.047451307719487565
41.4070351758794	0.05483765228566333
41.80904522613066	0.053803792496745564
42.21105527638191	0.04476086850780704
42.61306532663317	0.03176785154351235
43.015075376884425	0.0235058813779098
43.41708542713568	0.030871810804020926
43.81909547738694	0.04399708955929439
44.221105527638194	0.052622904221578684
44.62311557788945	0.053896559520475375
45.02512562814071	0.04758594161074831
45.42713567839196	0.03500007312335119
45.82914572864322	0.019589416057197894
46.231155778894475	0.013084878031198757
46.63316582914573	0.02342384892287824
47.03517587939699	0.03322501685827719
47.437185929648244	0.03658136244716287
47.8391959798995	0.03407520955781802
48.24120603015076	0.029748654686924874
48.64321608040201	0.032843403969132684
49.04522613065327	0.045444079110273136
49.447236180904525	0.06075506676515439
49.84924623115578	0.07203322842503439
50.25125628140704	0.07675181041993749
50.653266331658294	0.07363666883811705
51.05527638190955	0.0624160693973065
51.45728643216081	0.04534194010129416
51.85929648241206	0.02617736969542253
52.26130653266332	0.00982709856881135
52.663316582914575	0.01245825861261304
53.06532663316583	0.02068234096143521
53.46733668341709	0.02306137635719812
53.869346733668344	0.020669003312253603
54.2713567839196	0.02109943672509844
54.67336683417086	0.031079431386533296
55.07537688442211	0.04570931309662208
55.47738693467337	0.05831722416429136
55.879396984924625	0.06543860750761696
56.28140703517588	0.0646116686845953
56.68341708542714	0.05548614279069351
57.085427135678394	0.03982943759141214
57.48743718592965	0.019882357357627157
57.88944723618091	0.005912004863176964
58.29145728643216	0.02142240276885863
58.69346733668342	0.033982274546660536
59.095477386934675	0.038183238185875865
59.49748743718593	0.033539165866560194
59.89949748743719	0.021603077571665612
60.301507537688444	0.009041625912515916
60.7035175879397	0.019429862880022457
61.10552763819096	0.0353109514727097
61.50753768844221	0.04647039347867539
61.90954773869347	0.05015375819851524
62.311557788944725	0.04549131787157309
62.71356783919598	0.03308255807276973
63.11557788944724	0.015571335106912058
63.517587939698494	0.0053546215440342815
63.91959798994975	0.022719500277997778
64.32160804020101	0.03567039189765324
64.72361809045226	0.04097235843977514
65.12562814070353	0.038233405686531094
65.52763819095478	0.02764996848145611
65.92964824120604	0.012041558732068483
66.33165829145729	0.010777757298342752
66.73366834170855	0.02849959952754323
67.1356783919598	0.04308252699608521
67.53768844221106	0.05104983350606749
67.93969849246231	0.05033059247846835
68.34170854271358	0.04095800047471698
68.74371859296483	0.024597105378113906
69.14572864321609	0.004045352510586252
69.54773869346734	0.017223216286458468
69.9497487437186	0.035026906043973204
70.35175879396985	0.04621111583617528
70.75376884422111	0.049154192961803386
71.15577889447236	0.043430026313204
71.55778894472363	0.030550867526261283
71.95979899497488	0.01323624352033903
72.36180904522614	0.005603652486842295
72.76381909547739	0.021165989014101112
73.16582914572865	0.031229325294568722
73.5678391959799	0.03348615849208976
73.96984924623116	0.0276625783275862
74.37185929648241	0.015497717899883173
74.77386934673368	0.013111304876755187
75.17587939698493	0.031002987187026505
75.57788944723619	0.04957754387920542
75.97989949748744	0.06316537578173097
76.3819095477387	0.06898650240814076
76.78391959798995	0.06643301432955087
77.18592964824121	0.055762926189373174
77.58793969849246	0.039291074574675046
77.98994974874373	0.02106687802257306
78.39195979899498	0.011640902519776439
78.79396984924624	0.02002498749930734
79.19597989949749	0.02708775149944149
79.59798994974875	0.02722353232746791
80.0	0.02246716647368897
