0.0	0.004445090500873104
0.4020100502512563	0.0065062578229335005
0.8040201005025126	0.007973617263411606
1.206030150753769	0.008107873572994553
1.6080402010050252	0.007069757403128177
2.0100502512562817	0.005315595890411825
2.412060301507538	0.003152678474457402
2.814070351758794	0.002406702174640532
3.2160804020100504	0.0032915314844623343
3.6180904522613067	0.004147184729961432
4.020100502512563	0.0039170696729406195
4.42211055276382	0.002559362082137991
4.824120603015076	0.0011897803994962255
5.226130653266332	0.0036068289767531105
5.628140703517588	0.007143553087566046
6.030150753768845	0.010117225513683853
6.432160804020101	0.012352681114330386
6.834170854271357	0.013484510981509329
7.236180904522613	0.013296450190768461
7.63819095477387	0.011963940541086595
8.040201005025127	0.010177204715079687
8.442211055276383	0.0079437481017263
8.84422110552764	0.005936587810282156
9.246231155778895	0.004514591026314034
9.648241206030152	0.0039032930834414386
10.050251256281408	0.0045851914716601595
10.452261306532664	0.006840203245270756
10.85427135678392	0.010135503071996586
11.256281407035177	0.014042779398111651
11.658291457286433	0.017781705144760483
12.06030150753769	0.020891507204327028
12.462311557788945	0.023132785699656787
12.864321608040202	0.02417639114622995
13.266331658291458	0.024151256656498154
13.668341708542714	0.023138221353981886
14.07035175879397	0.021490086256351754
14.472361809045227	0.01954909400186557
14.874371859296483	0.017778559701260084
15.27638190954774	0.016341143747701733
15.678391959798995	0.015690253638788364
16.080402010050253	0.016123124739329822
16.48241206030151	0.017887673639143946
16.884422110552766	0.02093351594719143
17.286432160804022	0.025151118049216898
17.68844221105528	0.029936012245223936
18.090452261306535	0.03438846078374938
18.49246231155779	0.03868659180857391
18.894472361809047	0.04214351981765256
19.296482412060303	0.04427625435545023
19.69849246231156	0.045730580728329535
20.100502512562816	0.04610966662316915
20.502512562814072	0.045801372058599035
20.90452261306533	0.04483221560658274
21.306532663316585	0.04355457212635496
21.70854271356784	0.04282054253659538
22.110552763819097	0.04259690204465871
22.512562814070353	0.04332163605170821
22.91457286432161	0.04517063997771136
23.316582914572866	0.04775232929246914
23.718592964824122	0.05070361122403324
24.12060301507538	0.05427814577309854
24.522613065326635	0.05806330271057174
24.92462311557789	0.06249486665978439
25.326633165829147	0.06644665017069565
25.728643216080403	0.07001614783844974
26.13065326633166	0.0724852208406158
26.532663316582916	0.0733557177404782
26.934673366834172	0.07281431701414721
27.33668341708543	0.07095761275177974
27.738693467336685	0.06847611008564812
28.14070351758794	0.06556506368427467
28.542713567839197	0.06309637468871213
28.944723618090453	0.0613882714875297
29.34673366834171	0.06026266520324923
29.748743718592966	0.060096219131737474
30.150753768844222	0.06070891355994022
30.55276381909548	0.06256067775540462
30.954773869346734	0.0653002927097526
31.35678391959799	0.06839534369076561
31.758793969849247	0.07132338225911489
32.16080402010051	0.07280065864882569
32.56281407035176	0.07222667173300176
32.96482412060302	0.069544814925278
33.366834170854275	0.06495362502756749
33.76884422110553	0.05873407063398618
34.17085427135679	0.05258109186137262
34.572864321608044	0.046970044490635056
34.9748743718593	0.042883351791953794
35.37688442211056	0.041202979318475746
35.77889447236181	0.04180261394921856
36.18090452261307	0.04435176781090471
36.582914572864325	0.04817365430083915
36.98492462311558	0.05187514099900302
37.38693467336684	0.05489598822900427
37.788944723618094	0.05644922158041651
38.19095477386935	0.05588503923381941
38.59296482412061	0.05368963969054145
38.99497487437186	0.050037871657696756
39.39698492462312	0.04534431891275834
39.798994974874375	0.04102404442266806
40.20100502512563	0.03718911876071447
40.60301507537689	0.03490060302065164
41.005025125628144	0.03449487714242739
41.4070351758794	0.035972559123029324
41.80904522613066	0.038892072808806105
42.21105527638191	0.042848063320489724
42.61306532663317	0.04682826801013875
43.015075376884425	0.050161258040311664
43.41708542713568	0.052405652099283016
43.81909547738694	0.052577298482578715
44.221105527638194	0.05150116610553337
44.62311557788945	0.048961176010389365
45.02512562814071	0.04561320056971011
45.42713567839196	0.04231944769341677
45.82914572864322	0.039567467136019975
46.231155778894475	0.03796239364408863
46.63316582914573	0.03783575840201587
47.03517587939699	0.03919569649583572
47.437185929648244	0.04168181201035367
47.8391959798995	0.04479347843228392
48.24120603015076	0.04813778480230611
48.64321608040201	0.05067172452917916
49.04522613065327	0.052124761095103
49.447236180904525	0.052337816846235306
49.84924623115578	0.051329999126564066
50.25125628140704	0.04944663895190335
50.653266331658294	0.047203325455454706
51.05527638190955	0.045051771104897685
51.45728643216081	0.043131595882411444
51.85929648241206	0.04200401834003305
52.26130653266332	0.04182288412658192
52.663316582914575	0.0426047033038721
53.06532663316583	0.04394169017493018
53.46733668341709	0.045779766826353596
53.869346733668344	0.04787287702870473
54.2713567839196	0.04964129979566224
54.67336683417086	0.051206806926811746
55.07537688442211	0.0520139627467359
55.47738693467337	0.052058537770428404
55.879396984924625	0.05154821535616311
56.28140703517588	0.0503750763110428
56.68341708542714	0.049180213770061265
57.085427135678394	0.04761524530309697
57.48743718592965	0.04621967268148663
57.88944723618091	0.044903975893986654
58.29145728643216	0.043980385185715384
58.69346733668342	0.04360635683317048
59.095477386934675	0.04369706018100948
59.49748743718593	0.044300830559903824
59.89949748743719	0.045221196090998915
60.301507537688444	0.046577278613957426
60.7035175879397	0.04821233771464565
61.10552763819096	0.04973754497924058
61.50753768844221	0.05105859018234564
61.90954773869347	0.05178064687836827
62.311557788944725	0.05188747491411164
62.71356783919598	0.05128816170174564
63.11557788944724	0.049996032594294394
63.517587939698494	0.04821859990896972
63.91959798994975	0.04647077309115109
64.32160804020101	0.04477035086079893
64.72361809045226	0.04362931018340051
65.12562814070353	0.04330796116140833
65.52763819095478	0.04378519281987791
65.92964824120604	0.04545405187894761
66.33165829145729	0.047907422237129176
66.73366834170855	0.050840497160995014
67.1356783919598	0.0536967173605157
67.53768844221106	0.056259267633796475
67.93969849246231	0.058000648783882156
68.34170854271358	0.05878707690480769
68.74371859296483	0.058668560639371835
69.14572864321609	0.05780629984463649
69.54773869346734	0.056787546480269166
69.9497487437186	0.05571770985734128
70.35175879396985	0.0550006904772549
70.75376884422111	0.05489993699280421
71.15577889447236	0.055625758807485715
71.55778894472363	0.05709403501297812
71.95979899497488	0.059252758409002015
72.36180904522614	0.061696680606483104
72.76381909547739	0.06385168708440223
73.16582914572865	0.06535168713625329
73.5678391959799	0.06569764011894996
73.96984924623116	0.06510789213017669
74.37185929648241	0.06386879250617847
74.77386934673368	0.06227871922893833
75.17587939698493	0.06073066972225287
75.57788944723619	0.0593902978036302
75.97989949748744	0.058072905452123826
76.3819095477387	0.057028641287591844
76.78391959798995	0.05603285528458581
77.18592964824121	0.05564004233656901
77.58793969849246	0.05587438825230108
77.98994974874373	0.05681304860620164
78.39195979899498	0.05819339536751454
78.79396984924624	0.05944887056170138
79.19597989949749	0.060150964563911655
79.59798994974875	0.05993801250223596
80.0	0.058496469667104554
