0.0	0.017546969218757133
0.4020100502512563	0.018448526884620613
0.8040201005025126	0.01596717283776632
1.206030150753769	0.0110341704725059
1.6080402010050252	0.004597711386591198
2.0100502512562817	0.002356316007475489
2.412060301507538	0.008242338224037775
2.814070351758794	0.012197894843661121
3.2160804020100504	0.013024062676048411
3.6180904522613067	0.010749238401354678
4.020100502512563	0.005838722678837635
4.42211055276382	0.0012156629035644877
4.824120603015076	0.008580358630845646
5.226130653266332	0.015438443141188432
5.628140703517588	0.020423821622394818
6.030150753768845	0.022667231063359442
6.432160804020101	0.021811812143350772
6.834170854271357	0.01823953525628394
7.236180904522613	0.01240522023155841
7.63819095477387	0.005697183277773047
8.040201005025127	0.0009513525733059804
8.442211055276383	0.004931535880977118
8.84422110552764	0.006730654403193913
9.246231155778895	0.0053372401637017
9.648241206030152	0.0009842739322036215
10.050251256281408	0.00599217814143463
10.452261306532664	0.014098101737347383
10.85427135678392	0.022074564691962097
11.256281407035177	0.028717071965956114
11.658291457286433	0.03274709994832674
12.06030150753769	0.03396842768716636
12.462311557788945	0.03220034949950222
12.864321608040202	0.027774518647574537
13.266331658291458	0.022095605407084124
13.668341708542714	0.01620259030690694
14.07035175879397	0.011851522369831594
14.472361809045227	0.009702596563962343
14.874371859296483	0.010673398468791317
15.27638190954774	0.014621102631684427
15.678391959798995	0.02112100595613322
16.080402010050253	0.028791936707616383
16.48241206030151	0.036548957447404155
16.884422110552766	0.04284024865731366
17.286432160804022	0.04623996668543345
17.68844221105528	0.04597769408455081
18.090452261306535	0.0419947659376827
18.49246231155779	0.035198633532730506
18.894472361809047	0.026656696341932434
19.296482412060303	0.01789779131472614
19.69849246231156	0.010902197977846721
20.100502512562816	0.0073282716146787375
20.502512562814072	0.007743993535890517
20.90452261306533	0.0126193185733284
21.306532663316585	0.020497852536387393
21.70854271356784	0.029910923850231457
22.110552763819097	0.03854867021814372
22.512562814070353	0.04486685640907316
22.91457286432161	0.04736356585965324
23.316582914572866	0.04592091438136995
23.718592964824122	0.04063795272106496
24.12060301507538	0.032265862384764185
24.522613065326635	0.022569487793540313
24.92462311557789	0.013206464033975135
25.326633165829147	0.0053636079991671885
25.728643216080403	0.0005958048416480283
26.13065326633166	0.003001634725275439
26.532663316582916	0.006090468508431247
26.934673366834172	0.011858091148401206
27.33668341708543	0.019326452699108668
27.738693467336685	0.027188399745003682
28.14070351758794	0.033821563893419566
28.542713567839197	0.037909462258348146
28.944723618090453	0.038572043834026216
29.34673366834171	0.035323546523782154
29.748743718592966	0.028795969079202732
30.150753768844222	0.020096214676942996
30.55276381909548	0.010278622290317512
30.954773869346734	0.0014642285928550122
31.35678391959799	0.005230202595884109
31.758793969849247	0.00933706446393206
32.16080402010051	0.011940404091248637
32.56281407035176	0.015527560443499514
32.96482412060302	0.021410852845730664
33.366834170854275	0.028685989038839833
33.76884422110553	0.03580274218482672
34.17085427135679	0.04080517504308264
34.572864321608044	0.042872194276523966
34.9748743718593	0.04159236474579259
35.37688442211056	0.03695602421438907
35.77889447236181	0.02956659847233169
36.18090452261307	0.020586939064621324
36.582914572864325	0.012108474921664553
36.98492462311558	0.008085923184397627
37.38693467336684	0.011533726564531551
37.788944723618094	0.01652027269357365
38.19095477386935	0.021427698368563227
38.59296482412061	0.02662699255006316
38.99497487437186	0.03262596903852418
39.39698492462312	0.038752944767848935
39.798994974874375	0.043356291059451504
40.20100502512563	0.045045824861724114
40.60301507537689	0.043078391411439834
41.005025125628144	0.03767823926900474
41.4070351758794	0.02954026600266758
41.80904522613066	0.020045937893702903
42.21105527638191	0.010977479129890264
42.61306532663317	0.002770132883813047
43.015075376884425	0.004880715573525704
43.41708542713568	0.012292643073188043
43.81909547738694	0.020289732068247985
44.221105527638194	0.028530842495662307
44.62311557788945	0.03619573871353967
45.02512562814071	0.04172875335654931
45.42713567839196	0.044335202632855945
45.82914572864322	0.043411890450893866
46.231155778894475	0.03973922389073613
46.63316582914573	0.03364950771601925
47.03517587939699	0.026492300468765478
47.437185929648244	0.018982353446693093
47.8391959798995	0.011512828154335568
48.24120603015076	0.004194115810664774
48.64321608040201	0.003589901774592768
49.04522613065327	0.011757326154851908
49.447236180904525	0.0203762736398622
49.84924623115578	0.028553207869528203
50.25125628140704	0.03544554439189975
50.653266331658294	0.04005841869058593
51.05527638190955	0.04158792209875061
51.45728643216081	0.03979409142741129
51.85929648241206	0.034936730365940395
52.26130653266332	0.027873968516936447
52.663316582914575	0.02004659737665365
53.06532663316583	0.01341021353004836
53.46733668341709	0.009438782145583607
53.869346733668344	0.006174655954555771
54.2713567839196	0.004060555731991037
54.67336683417086	0.010249773818055637
55.07537688442211	0.02049695055318141
55.47738693467337	0.03141281693505837
55.879396984924625	0.0406393666750137
56.28140703517588	0.04681466942775722
56.68341708542714	0.04834803403967717
57.085427135678394	0.04530908750210704
57.48743718592965	0.038763104875408315
57.88944723618091	0.029654336951345745
58.29145728643216	0.02036369435493081
58.69346733668342	0.012410724269742924
59.095477386934675	0.006723497383185088
59.49748743718593	0.0027004723602970645
59.89949748743719	0.002844040518466207
60.301507537688444	0.010228876959926022
60.7035175879397	0.019762919356344562
61.10552763819096	0.030293696001554064
61.50753768844221	0.03973017506783298
61.90954773869347	0.0465059111530215
62.311557788944725	0.04926960671873482
62.71356783919598	0.047504919214862294
63.11557788944724	0.04144892423117297
63.517587939698494	0.032318746362744954
63.91959798994975	0.021474256600962534
64.32160804020101	0.011173797569730689
64.72361809045226	0.004266004007452557
65.12562814070353	0.003928236769131
65.52763819095478	0.005061126840847599
65.92964824120604	0.008916309247792764
66.33165829145729	0.017415562358537855
66.73366834170855	0.02803430790538706
67.1356783919598	0.03844724742796191
67.53768844221106	0.04630203874355613
67.93969849246231	0.05036501478631374
68.34170854271358	0.049717889148965334
68.74371859296483	0.04458488791936766
69.14572864321609	0.0359975979327476
69.54773869346734	0.02526243977969535
69.9497487437186	0.014141553839037813
70.35175879396985	0.00561547999906506
70.75376884422111	0.006153632078169935
71.15577889447236	0.009854394486662369
71.55778894472363	0.01268062612487705
71.95979899497488	0.01674784769893716
72.36180904522614	0.02358480684921469
72.76381909547739	0.031639879028162614
73.16582914572865	0.03900145112465157
73.5678391959799	0.04364300880290717
73.96984924623116	0.04480335322298338
74.37185929648241	0.041960884968398345
74.77386934673368	0.03609799816688286
75.17587939698493	0.027690647617206066
75.57788944723619	0.01864483369301842
75.97989949748744	0.011002701468873222
76.3819095477387	0.00802722292757219
76.78391959798995	0.01079089163730166
77.18592964824121	0.015082471250580811
77.58793969849246	0.02040946315491362
77.98994974874373	0.027215511458932702
78.39195979899498	0.034166305911636906
78.79396984924624	0.04016831573582263
79.19597989949749	0.04458111351209407
79.59798994974875	0.04644977201793727
80.0	0.045565975987553894
