0.0	0.009180754023014787
0.4020100502512563	0.010226223264450253
0.8040201005025126	0.00950737859240011
1.206030150753769	0.007200350432373895
1.6080402010050252	0.003922592888938861
2.0100502512562817	0.00018856319928004447
2.412060301507538	0.0033945531556046917
2.814070351758794	0.005908974544237696
3.2160804020100504	0.006921401475512701
3.6180904522613067	0.006326275438604595
4.020100502512563	0.004027807770263443
4.42211055276382	0.000358164395731723
4.824120603015076	0.0036289167571900345
5.226130653266332	0.00773580209160806
5.628140703517588	0.011149958398844532
6.030150753768845	0.013166760219227011
6.432160804020101	0.013429114423474465
6.834170854271357	0.012149872288029981
7.236180904522613	0.009667257052315775
7.63819095477387	0.006468043236357498
8.040201005025127	0.0031802653025834356
8.442211055276383	0.0005608441338432629
8.84422110552764	0.0006119538808539929
9.246231155778895	0.00019649082413461904
9.648241206030152	0.002004248886988641
10.050251256281408	0.0056531206693497945
10.452261306532664	0.010336570864723518
10.85427135678392	0.015337292903521826
11.256281407035177	0.01985094337147771
11.658291457286433	0.023526932326983517
12.06030150753769	0.025835382040646764
12.462311557788945	0.026682012160165365
12.864321608040202	0.02620342104478972
13.266331658291458	0.024829848826118436
13.668341708542714	0.023042154825793103
14.07035175879397	0.021587467862422702
14.472361809045227	0.02092373909073464
14.874371859296483	0.021339015651137175
15.27638190954774	0.022921268044646382
15.678391959798995	0.025415743443109595
16.080402010050253	0.02859368161499673
16.48241206030151	0.031870330547391384
16.884422110552766	0.03499214095429852
17.286432160804022	0.03717226873664887
17.68844221105528	0.0381275150387063
18.090452261306535	0.03785358095532067
18.49246231155779	0.03670073824363741
18.894472361809047	0.035128653742347526
19.296482412060303	0.033714291153022845
19.69849246231156	0.03339699965597827
20.100502512562816	0.03444241099025167
20.502512562814072	0.03721743891994801
20.90452261306533	0.04183786037134156
21.306532663316585	0.047237491555440714
21.70854271356784	0.0531743507809582
22.110552763819097	0.05868622112975573
22.512562814070353	0.06314688523683273
22.91457286432161	0.06605593867021362
23.316582914572866	0.06693304576038976
23.718592964824122	0.06599882758456735
24.12060301507538	0.06353178902703897
24.522613065326635	0.060399135441045505
24.92462311557789	0.057600296850656575
25.326633165829147	0.05560104832360681
25.728643216080403	0.05496728776477043
26.13065326633166	0.055710983193972184
26.532663316582916	0.057735487438140706
26.934673366834172	0.060302094334705306
27.33668341708543	0.06282517929710009
27.738693467336685	0.06483765359561885
28.14070351758794	0.06584227748963292
28.542713567839197	0.06592407766157074
28.944723618090453	0.06530439957219811
29.34673366834171	0.0639623470593626
29.748743718592966	0.062360023130972185
30.150753768844222	0.06089241873311265
30.55276381909548	0.05962702359854484
30.954773869346734	0.05890483562912911
31.35678391959799	0.058775716880402916
31.758793969849247	0.05862182151624316
32.16080402010051	0.05877387135871561
32.56281407035176	0.05880805537351922
32.96482412060302	0.0589197372975809
33.366834170854275	0.05877538161553632
33.76884422110553	0.058457415169960336
34.17085427135679	0.05781930390436626
34.572864321608044	0.05700543865560877
34.9748743718593	0.055890568632807225
35.37688442211056	0.05451898778696897
35.77889447236181	0.053322695115487984
36.18090452261307	0.0521003740649408
36.582914572864325	0.05121153024443363
36.98492462311558	0.05075497445262393
37.38693467336684	0.050778619228203495
37.788944723618094	0.05138369067500427
38.19095477386935	0.05251510591147045
38.59296482412061	0.054086857290343814
38.99497487437186	0.0555600351906565
39.39698492462312	0.056976329376234945
39.798994974874375	0.057679281361341796
40.20100502512563	0.057748851126794884
40.60301507537689	0.05688454112160646
41.005025125628144	0.05545019003409442
41.4070351758794	0.05335706209015477
41.80904522613066	0.05108443745917599
42.21105527638191	0.049032674255299995
42.61306532663317	0.04760295970399142
43.015075376884425	0.0470809938402071
43.41708542713568	0.04781312750937784
43.81909547738694	0.04974654362212384
44.221105527638194	0.05254614762541983
44.62311557788945	0.05579387297141967
45.02512562814071	0.05873839805579213
45.42713567839196	0.061025378589537126
45.82914572864322	0.06197235344610393
46.231155778894475	0.06137468764844907
46.63316582914573	0.05934342966856211
47.03517587939699	0.0561861002345709
47.437185929648244	0.05298671945425386
47.8391959798995	0.04963553620626686
48.24120603015076	0.04723413732569072
48.64321608040201	0.04634099483945881
49.04522613065327	0.04691066768547305
49.447236180904525	0.049225821736044416
49.84924623115578	0.05247424845912611
50.25125628140704	0.05626358598097079
50.653266331658294	0.05981488550596693
51.05527638190955	0.06237611371852977
51.45728643216081	0.06391189839157803
51.85929648241206	0.06371426351977574
52.26130653266332	0.06236365141752004
52.663316582914575	0.05988004419254496
53.06532663316583	0.05666992913311721
53.46733668341709	0.053105967290795364
53.869346733668344	0.049999512789369954
54.2713567839196	0.047824140418983065
54.67336683417086	0.047017009911323966
55.07537688442211	0.047662746412459114
55.47738693467337	0.0499291189631184
55.879396984924625	0.053245130506106075
56.28140703517588	0.0574166143754643
56.68341708542714	0.061604821361460095
57.085427135678394	0.0648198617572509
57.48743718592965	0.06650931296383722
57.88944723618091	0.06639389367921111
58.29145728643216	0.06437444178550149
58.69346733668342	0.06082416149010687
59.095477386934675	0.056454072966335075
59.49748743718593	0.052086056326544804
59.89949748743719	0.04852589950106719
60.301507537688444	0.04635512070057237
60.7035175879397	0.04613756865932221
61.10552763819096	0.04777457343958705
61.50753768844221	0.05092351286551357
61.90954773869347	0.05489743169348449
62.311557788944725	0.05906302729573206
62.71356783919598	0.062274840968887246
63.11557788944724	0.06407022687091347
63.517587939698494	0.0639846365235391
63.91959798994975	0.06230639312633549
64.32160804020101	0.059021708689185916
64.72361809045226	0.05495440174576118
65.12562814070353	0.05091033870184468
65.52763819095478	0.047545122466423714
65.92964824120604	0.04552155465600106
66.33165829145729	0.04512428011277513
66.73366834170855	0.04639127032148417
67.1356783919598	0.04875999197122892
67.53768844221106	0.0517488384364697
67.93969849246231	0.05488208338444054
68.34170854271358	0.057425635019506684
68.74371859296483	0.05930668787593578
69.14572864321609	0.060142284261087454
69.54773869346734	0.060127907288009964
69.9497487437186	0.05915787655855911
70.35175879396985	0.05728870371201381
70.75376884422111	0.054976226643761394
71.15577889447236	0.05224669602327418
71.55778894472363	0.04986317638759814
71.95979899497488	0.04778097108843749
72.36180904522614	0.04655128957529168
72.76381909547739	0.04652691993233576
73.16582914572865	0.04765237518850103
73.5678391959799	0.04970492756607025
73.96984924623116	0.05266283663566401
74.37185929648241	0.05570915096823896
74.77386934673368	0.05828132810323909
75.17587939698493	0.06011609589313706
75.57788944723619	0.06052310910197469
75.97989949748744	0.05975922448985106
76.3819095477387	0.05765481725377549
76.78391959798995	0.0547105606817047
77.18592964824121	0.051355803190338944
77.58793969849246	0.048270441816144864
77.98994974874373	0.04611316091395038
78.39195979899498	0.04532452139873604
78.79396984924624	0.04590531928906523
79.19597989949749	0.04804355012562017
79.59798994974875	0.05144623680153253
80.0	0.055358331680349294
