0.0	0.02351070903536612
0.4020100502512563	0.022670426869881192
0.8040201005025126	0.018600456928518284
1.206030150753769	0.012789695269833371
1.6080402010050252	0.008301185542151455
2.0100502512562817	0.009942285439210604
2.412060301507538	0.014228231388960844
2.814070351758794	0.016683956465041408
3.2160804020100504	0.015872937177430886
3.6180904522613067	0.01167376016438406
4.020100502512563	0.006161176693098929
4.42211055276382	0.006843897495494605
4.824120603015076	0.014397240036093759
5.226130653266332	0.02140276709988084
5.628140703517588	0.025959908362267626
6.030150753768845	0.02734323328158649
6.432160804020101	0.025285766880485137
6.834170854271357	0.020854507205025807
7.236180904522613	0.015368880289360226
7.63819095477387	0.011497400075748931
8.040201005025127	0.011048234170584278
8.442211055276383	0.012151157799947543
8.84422110552764	0.011318745172889024
9.246231155778895	0.007568886678640789
9.648241206030152	0.0006952774913589158
10.050251256281408	0.00831233786530788
10.452261306532664	0.018017021455780012
10.85427135678392	0.02678687824056339
11.256281407035177	0.03345730214319701
11.658291457286433	0.03682551167418656
12.06030150753769	0.03652670042130067
12.462311557788945	0.03248129523107422
12.864321608040202	0.025391609674917225
13.266331658291458	0.01709794621036203
13.668341708542714	0.009273092443241883
14.07035175879397	0.00335152352408694
14.472361809045227	0.00044450194856950553
14.874371859296483	0.002237690042426687
15.27638190954774	0.008282196010841706
15.678391959798995	0.0178171474047173
16.080402010050253	0.029261003771509808
16.48241206030151	0.04091741386335753
16.884422110552766	0.05102530205164757
17.286432160804022	0.0581610234809067
17.68844221105528	0.060766241656458206
18.090452261306535	0.058700517411062414
18.49246231155779	0.05237332013737621
18.894472361809047	0.043002894043931546
19.296482412060303	0.03228508906170177
19.69849246231156	0.0220728076829279
20.100502512562816	0.014649035272949182
20.502512562814072	0.01184890069760513
20.90452261306533	0.013835656464507226
21.306532663316585	0.019117489317906047
21.70854271356784	0.027390279743533148
22.110552763819097	0.03788427668824478
22.512562814070353	0.04861391365382915
22.91457286432161	0.0578177972300339
23.316582914572866	0.06398145930964651
23.718592964824122	0.06569630482889144
24.12060301507538	0.06281635393454074
24.522613065326635	0.05608217417864188
24.92462311557789	0.046693392624548254
25.326633165829147	0.036840393853078586
25.728643216080403	0.029077895821527106
26.13065326633166	0.02538140689150071
26.532663316582916	0.025689281536391346
26.934673366834172	0.028846765308379117
27.33668341708543	0.034147664632416766
27.738693467336685	0.04123071185899408
28.14070351758794	0.049377031554554925
28.542713567839197	0.05712378661092251
28.944723618090453	0.06340624984761756
29.34673366834171	0.06687152367911722
29.748743718592966	0.06725997242959449
30.150753768844222	0.06462780112524716
30.55276381909548	0.0597435611793367
30.954773869346734	0.05406157412113768
31.35678391959799	0.04924319008190023
31.758793969849247	0.04638715539008246
32.16080402010051	0.046203483567036754
32.56281407035176	0.04821959167667852
32.96482412060302	0.05208540768346932
33.366834170854275	0.05708722814700127
33.76884422110553	0.06250276941090356
34.17085427135679	0.06750025745006735
34.572864321608044	0.07116702612302273
34.9748743718593	0.07285384473438838
35.37688442211056	0.07186809248449018
35.77889447236181	0.06825988690566678
36.18090452261307	0.06289243299096779
36.582914572864325	0.05687566054675196
36.98492462311558	0.051403774771612135
37.38693467336684	0.048271408271700365
37.788944723618094	0.04764990910799212
38.19095477386935	0.0489188994133237
38.59296482412061	0.05132811560375554
38.99497487437186	0.054473791182815964
39.39698492462312	0.05751366488489357
39.798994974874375	0.06073410969815076
40.20100502512563	0.06295590454593655
40.60301507537689	0.0640718590967905
41.005025125628144	0.06339905288084616
41.4070351758794	0.060823952299521186
41.80904522613066	0.056666407729705895
42.21105527638191	0.05132186661537046
42.61306532663317	0.04579748686421948
43.015075376884425	0.041247004568047974
43.41708542713568	0.03833011851615575
43.81909547738694	0.0376685421574979
44.221105527638194	0.03920320979139258
44.62311557788945	0.04237398285818783
45.02512562814071	0.046591202664742495
45.42713567839196	0.05136201441893733
45.82914572864322	0.05613061305343805
46.231155778894475	0.06050938713058096
46.63316582914573	0.06374913236198523
47.03517587939699	0.06550653908946877
47.437185929648244	0.06512455218994567
47.8391959798995	0.06272899887321381
48.24120603015076	0.0585412653267804
48.64321608040201	0.05340042494012548
49.04522613065327	0.04806051440038277
49.447236180904525	0.04366714273151821
49.84924623115578	0.0416329749631066
50.25125628140704	0.04193183985877261
50.653266331658294	0.04400624868346663
51.05527638190955	0.04757311804181371
51.45728643216081	0.052636238739440434
51.85929648241206	0.058125645948166216
52.26130653266332	0.06395877467003874
52.663316582914575	0.06878532521530742
53.06532663316583	0.07166278843655507
53.46733668341709	0.07183657723838308
53.869346733668344	0.06896811358526879
54.2713567839196	0.06349496723503342
54.67336683417086	0.05611759384415823
55.07537688442211	0.048265682336987525
55.47738693467337	0.04174039082175116
55.879396984924625	0.03817730267993088
56.28140703517588	0.03817889082649697
56.68341708542714	0.04167601267694206
57.085427135678394	0.04745538726843167
57.48743718592965	0.05465835921724541
57.88944723618091	0.06218275312145891
58.29145728643216	0.06861734583045795
58.69346733668342	0.07308011498308493
59.095477386934675	0.07444858912597536
59.49748743718593	0.07221538163447956
59.89949748743719	0.06669415758410556
60.301507537688444	0.05863061214038379
60.7035175879397	0.049467742749087516
61.10552763819096	0.04103727991168441
61.50753768844221	0.0355998250939292
61.90954773869347	0.0349938109394195
62.311557788944725	0.03870159324466433
62.71356783919598	0.04528215842030694
63.11557788944724	0.05296217697456457
63.517587939698494	0.06073308788798887
63.91959798994975	0.06755236457434732
64.32160804020101	0.07195370632687181
64.72361809045226	0.07337284780324047
65.12562814070353	0.07170738863697827
65.52763819095478	0.0668239157873212
65.92964824120604	0.059569110865677365
66.33165829145729	0.050963981951355805
66.73366834170855	0.04275734599828698
67.1356783919598	0.036729453561199964
67.53768844221106	0.035097118021831256
67.93969849246231	0.03836623432819136
68.34170854271358	0.04465428269659423
68.74371859296483	0.05199523841301751
69.14572864321609	0.059062703576764145
69.54773869346734	0.064635911773619
69.9497487437186	0.06812392610926715
70.35175879396985	0.0688719957776166
70.75376884422111	0.06707562557194871
71.15577889447236	0.06259837898006695
71.55778894472363	0.056534052240376595
71.95979899497488	0.04935819462465817
72.36180904522614	0.04272891307511771
72.76381909547739	0.038200285779697654
73.16582914572865	0.03731463680788311
73.5678391959799	0.04059909644325031
73.96984924623116	0.046544162195482325
74.37185929648241	0.05336839870714884
74.77386934673368	0.059702756313624705
75.17587939698493	0.06447053417910736
75.57788944723619	0.06714951382411635
75.97989949748744	0.06745012385223294
76.3819095477387	0.0655267842035656
76.78391959798995	0.06167144621700697
77.18592964824121	0.0564055038490235
77.58793969849246	0.05060110584036753
77.98994974874373	0.04520084896624775
78.39195979899498	0.041237460715535794
78.79396984924624	0.03976253961724154
79.19597989949749	0.04143258273884899
79.59798994974875	0.045795261663535994
80.0	0.05145286121280081
