0.0	0.01489738028194261
0.4020100502512563	0.01174721670740473
0.8040201005025126	0.006613010025514826
1.206030150753769	0.0014548511629964302
1.6080402010050252	0.006120257396197079
2.0100502512562817	0.010826024571468609
2.412060301507538	0.013893090827617308
2.814070351758794	0.014282906748155641
3.2160804020100504	0.011794546249186171
3.6180904522613067	0.00766091272154321
4.020100502512563	0.0021140792983311792
4.42211055276382	0.00412419353216884
4.824120603015076	0.008893921284533542
5.226130653266332	0.011953615056411706
5.628140703517588	0.012566170679535277
6.030150753768845	0.010434415612574712
6.432160804020101	0.006607048291912679
6.834170854271357	0.0024587338721013385
7.236180904522613	0.006335727495403358
7.63819095477387	0.011551892556355149
8.040201005025127	0.015474961988192773
8.442211055276383	0.01710813009677043
8.84422110552764	0.016141932918864683
9.246231155778895	0.013066125011395448
9.648241206030152	0.008305271840634789
10.050251256281408	0.002579981796264943
10.452261306532664	0.003254059254576782
10.85427135678392	0.007586213978429575
11.256281407035177	0.009821452923248439
11.658291457286433	0.009703990435935061
12.06030150753769	0.007255230496963336
12.462311557788945	0.003766219873476532
12.864321608040202	0.005747963454916752
13.266331658291458	0.011308570810428645
13.668341708542714	0.01625831909178759
14.07035175879397	0.019323400117546637
14.472361809045227	0.019939805483986175
14.874371859296483	0.018039361290246907
15.27638190954774	0.014376810341917404
15.678391959798995	0.00981469483482962
16.080402010050253	0.006270678553962496
16.48241206030151	0.006186188598237601
16.884422110552766	0.0075105636390144755
17.286432160804022	0.007488994541509154
17.68844221105528	0.005449164089173485
18.090452261306535	0.002506799267724745
18.49246231155779	0.005014271780290284
18.894472361809047	0.010704235611414339
19.296482412060303	0.016072134991121194
19.69849246231156	0.020106734253974603
20.100502512562816	0.022357890432309454
20.502512562814072	0.022412328409581884
20.90452261306533	0.0207588792272832
21.306532663316585	0.01762795457360375
21.70854271356784	0.014057599782002782
22.110552763819097	0.010793715095175264
22.512562814070353	0.00818500267534861
22.91457286432161	0.006669525763647653
23.316582914572866	0.0051483366277631495
23.718592964824122	0.003468757198754959
24.12060301507538	0.0035266594454731576
24.522613065326635	0.007403023752371236
24.92462311557789	0.012246884969642557
25.326633165829147	0.01717507561776677
25.728643216080403	0.02092793952634844
26.13065326633166	0.02310276515779686
26.532663316582916	0.023442120228937723
26.934673366834172	0.02197539844191509
27.33668341708543	0.019066799221759845
27.738693467336685	0.015507484291307211
28.14070351758794	0.012136401403225468
28.542713567839197	0.009478784023610186
28.944723618090453	0.007424661791481153
29.34673366834171	0.005848511527862383
29.748743718592966	0.004978197774323933
30.150753768844222	0.007195338424773347
30.55276381909548	0.011787619197003614
30.954773869346734	0.017019803209384746
31.35678391959799	0.021720570990424466
31.758793969849247	0.025187357796491346
32.16080402010051	0.026804255897747174
32.56281407035176	0.02655092124125185
32.96482412060302	0.024923049902509577
33.366834170854275	0.022055545555718984
33.76884422110553	0.018262852944730137
34.17085427135679	0.014290511451437355
34.572864321608044	0.010274503789458217
34.9748743718593	0.006679883326419854
35.37688442211056	0.0036297290133749014
35.77889447236181	0.0030203713288579482
36.18090452261307	0.005760066890090776
36.582914572864325	0.0102629993793587
36.98492462311558	0.01565187852262153
37.38693467336684	0.021294679187737836
37.788944723618094	0.026086908274981817
38.19095477386935	0.029666982181123142
38.59296482412061	0.03123584945929564
38.99497487437186	0.030157889409747164
39.39698492462312	0.02683155261266642
39.798994974874375	0.022044684904939403
40.20100502512563	0.01661056518575592
40.60301507537689	0.01188965228050433
41.005025125628144	0.008112593059943201
41.4070351758794	0.006463584689061467
41.80904522613066	0.00707631947476507
42.21105527638191	0.01017341960995551
42.61306532663317	0.014805332946890282
43.015075376884425	0.020150887687818198
43.41708542713568	0.025488378853085542
43.81909547738694	0.029749027835367058
44.221105527638194	0.03224731346283179
44.62311557788945	0.032699712730083735
45.02512562814071	0.03098643511452275
45.42713567839196	0.027516132135574262
45.82914572864322	0.02292553020801619
46.231155778894475	0.017773704436570257
46.63316582914573	0.013139317306077777
47.03517587939699	0.009800177656336626
47.437185929648244	0.008397059907454957
47.8391959798995	0.00940293937163211
48.24120603015076	0.012647823571608171
48.64321608040201	0.017669844371693735
49.04522613065327	0.023328836983598448
49.447236180904525	0.02905069823941799
49.84924623115578	0.03431320159945915
50.25125628140704	0.03790018558469942
50.653266331658294	0.03957139153793305
51.05527638190955	0.0387867358256232
51.45728643216081	0.035974565000966935
51.85929648241206	0.031279238047046534
52.26130653266332	0.025573854967043848
52.663316582914575	0.019725207884898205
53.06532663316583	0.014899568276416753
53.46733668341709	0.012201812538513752
53.869346733668344	0.012292109787050812
54.2713567839196	0.015111155874531263
54.67336683417086	0.01993505133232675
55.07537688442211	0.026266276785939464
55.47738693467337	0.03279049172729817
55.879396984924625	0.03855074539683619
56.28140703517588	0.04238082198034822
56.68341708542714	0.04373236895979591
57.085427135678394	0.04224310982394601
57.48743718592965	0.03835404134880659
57.88944723618091	0.032519299447894306
58.29145728643216	0.02597873063705645
58.69346733668342	0.02008903359827516
59.095477386934675	0.0160139436959413
59.49748743718593	0.014497012762710235
59.89949748743719	0.016187612271749186
60.301507537688444	0.02090856037361051
60.7035175879397	0.027762652448445547
61.10552763819096	0.035648807610139596
61.50753768844221	0.04337136655166383
61.90954773869347	0.05005895537146491
62.311557788944725	0.0545399557120562
62.71356783919598	0.05607725259217281
63.11557788944724	0.05409983589120576
63.517587939698494	0.049670052088774196
63.91959798994975	0.04353711132330713
64.32160804020101	0.036712939760233494
64.72361809045226	0.031393046766177976
65.12562814070353	0.02835793128438341
65.52763819095478	0.0287384163430007
65.92964824120604	0.03274148388226102
66.33165829145729	0.03964591345895212
66.73366834170855	0.04876798334638431
67.1356783919598	0.05826128370152989
67.53768844221106	0.0669007931056037
67.93969849246231	0.07326496611666772
68.34170854271358	0.07653029362132027
68.74371859296483	0.07637802424460972
69.14572864321609	0.07320266061172481
69.54773869346734	0.06750559727416824
69.9497487437186	0.060230238677546566
70.35175879396985	0.05253992113544916
70.75376884422111	0.04533351862354794
71.15577889447236	0.03976987379626416
71.55778894472363	0.03670549630725709
71.95979899497488	0.036840463522901074
72.36180904522614	0.040379223979556206
72.76381909547739	0.04728813333610425
73.16582914572865	0.05601544014702699
73.5678391959799	0.06507276295743206
73.96984924623116	0.07289292195273131
74.37185929648241	0.07764906959477992
74.77386934673368	0.07830764804937422
75.17587939698493	0.07512679692732142
75.57788944723619	0.06805225737555391
75.97989949748744	0.05845987899089341
76.3819095477387	0.04816525270977157
76.78391959798995	0.03867539073253208
77.18592964824121	0.03162631531382058
77.58793969849246	0.028269588460539796
77.98994974874373	0.028987175960851756
78.39195979899498	0.033416228995356664
78.79396984924624	0.040903163609157814
79.19597989949749	0.04933404606316089
79.59798994974875	0.057437844551341564
80.0	0.0637085957458555
