0.0	0.015944151612073278
0.4020100502512563	0.01378093348709133
0.8040201005025126	0.009340209089211992
1.206030150753769	0.0039604798096565565
1.6080402010050252	0.0035007346872185686
2.0100502512562817	0.008545714700980565
2.412060301507538	0.01215378263835113
2.814070351758794	0.013261461471957916
3.2160804020100504	0.011880429574457453
3.6180904522613067	0.008126412206523765
4.020100502512563	0.002615330213297043
4.42211055276382	0.0038626272537932043
4.824120603015076	0.009466349957918436
5.226130653266332	0.013854976691782001
5.628140703517588	0.01598798620724152
6.030150753768845	0.015541540882286448
6.432160804020101	0.012756764617298674
6.834170854271357	0.008258258112098184
7.236180904522613	0.0038311985668570752
7.63819095477387	0.005008166942392319
8.040201005025127	0.008666496538239876
8.442211055276383	0.010772173631904896
8.84422110552764	0.010354757297867173
9.246231155778895	0.007257689635919888
9.648241206030152	0.0025861019629815217
10.050251256281408	0.005201789776521864
10.452261306532664	0.012148622772334281
10.85427135678392	0.018737430429905978
11.256281407035177	0.023875775911907718
11.658291457286433	0.026939191547106233
12.06030150753769	0.027842212405057805
12.462311557788945	0.027179743105211613
12.864321608040202	0.02621733153687761
13.266331658291458	0.02633380932409844
13.668341708542714	0.02852389134489659
14.07035175879397	0.031855518617133656
14.472361809045227	0.03503452646195896
14.874371859296483	0.03578317477368614
15.27638190954774	0.03209234577390683
15.678391959798995	0.024071855348461974
16.080402010050253	0.0166788778720467
16.48241206030151	0.021858325798946292
16.884422110552766	0.03716261603354387
17.286432160804022	0.05166877569487507
17.68844221105528	0.05920078076131265
18.090452261306535	0.057643692743710416
18.49246231155779	0.04580534218698688
18.894472361809047	0.02814610716891657
19.296482412060303	0.024442503037623596
19.69849246231156	0.04311834915263262
20.100502512562816	0.061992039832974896
20.502512562814072	0.07140258677461418
20.90452261306533	0.06989084418481413
21.306532663316585	0.05905898619012863
21.70854271356784	0.04607073084171632
22.110552763819097	0.04775194091329599
22.512562814070353	0.0638396064738354
22.91457286432161	0.08077703158874851
23.316582914572866	0.09025092968819332
23.718592964824122	0.08911622103617364
24.12060301507538	0.07645931771909746
24.522613065326635	0.05479975838338682
24.92462311557789	0.027183345631016015
25.326633165829147	0.003194507131497143
25.728643216080403	0.02779871290989506
26.13065326633166	0.04528507950100276
26.532663316582916	0.05244754328775394
26.934673366834172	0.04968487256305082
27.33668341708543	0.04197763705709014
27.738693467336685	0.04270849643278808
28.14070351758794	0.05553474842075791
28.542713567839197	0.07171065772255202
28.944723618090453	0.08257216234574556
29.34673366834171	0.08379239269633929
29.748743718592966	0.07446232078591274
30.150753768844222	0.05588174022828413
30.55276381909548	0.030128483132640393
30.954773869346734	0.007678727472730991
31.35678391959799	0.029472325703682207
31.758793969849247	0.05207347114268811
32.16080402010051	0.06628472893249679
32.56281407035176	0.07029002624359419
32.96482412060302	0.06491735611186304
33.366834170854275	0.054569229937172135
33.76884422110553	0.04678142951520577
34.17085427135679	0.04742478372360889
34.572864321608044	0.05268098095461726
34.9748743718593	0.05412569581325386
35.37688442211056	0.04885585763302493
35.77889447236181	0.036711654334666846
36.18090452261307	0.019508949368605557
36.582914572864325	0.010412121979088182
36.98492462311558	0.02597173763174803
37.38693467336684	0.04048142030580741
37.788944723618094	0.04899404282303852
38.19095477386935	0.050055734948683164
38.59296482412061	0.04543354409369382
38.99497487437186	0.03858820544278134
39.39698492462312	0.03433700104768013
39.798994974874375	0.03702664091782343
40.20100502512563	0.04399107183680911
40.60301507537689	0.04949531864863316
41.005025125628144	0.050865880426488895
41.4070351758794	0.046835397407274354
41.80904522613066	0.03718581447317315
42.21105527638191	0.024226021693278803
42.61306532663317	0.012694359470134003
43.015075376884425	0.01258883577596051
43.41708542713568	0.018920920414788565
43.81909547738694	0.02119801505421365
44.221105527638194	0.01804162193059246
44.62311557788945	0.009320101508530715
45.02512562814071	0.004154892246678742
45.42713567839196	0.01896846880283141
45.82914572864322	0.033606281900106186
46.231155778894475	0.04556402910876276
46.63316582914573	0.05293841228406302
47.03517587939699	0.05505050909508319
47.437185929648244	0.05255822103403538
47.8391959798995	0.04696770935227253
48.24120603015076	0.04036202946405912
48.64321608040201	0.03418055812306373
49.04522613065327	0.02971140767738915
49.447236180904525	0.026698632942714275
49.84924623115578	0.024030501880994086
50.25125628140704	0.021096334574677758
50.653266331658294	0.018157907554902562
51.05527638190955	0.016031315962887305
51.45728643216081	0.01713411329710538
51.85929648241206	0.02031840918460672
52.26130653266332	0.024265392085234948
52.663316582914575	0.02690857298182251
53.06532663316583	0.02725794499754646
53.46733668341709	0.024360483163891618
53.869346733668344	0.018992875046504185
54.2713567839196	0.011976118702807083
54.67336683417086	0.004700796338898244
55.07537688442211	0.002729309257222036
55.47738693467337	0.006562459562336889
55.879396984924625	0.0075899699553028405
56.28140703517588	0.008227927786335349
56.68341708542714	0.013059551572009099
57.085427135678394	0.022414225396995627
57.48743718592965	0.032910708524045165
57.88944723618091	0.042084916399267966
58.29145728643216	0.04753776647384363
58.69346733668342	0.04783482776017939
59.095477386934675	0.0433249086308576
59.49748743718593	0.034337943798900525
59.89949748743719	0.022720172234850528
60.301507537688444	0.012022051843658756
60.7035175879397	0.010832881295043216
61.10552763819096	0.017279333724352815
61.50753768844221	0.021357166491137256
61.90954773869347	0.021682515337283815
62.311557788944725	0.018262332456757437
62.71356783919598	0.013097155864397737
63.11557788944724	0.011671794802811882
63.517587939698494	0.016219741705381954
63.91959798994975	0.020732524624837073
64.32160804020101	0.022504528081127996
64.72361809045226	0.020802681257811526
65.12562814070353	0.017387648981506208
65.52763819095478	0.01854679664190326
65.92964824120604	0.02730823435526778
66.33165829145729	0.03902310849048789
66.73366834170855	0.04907712714197755
67.1356783919598	0.05484735126231165
67.53768844221106	0.05538400509799486
67.93969849246231	0.05057774292642732
68.34170854271358	0.041522591250227676
68.74371859296483	0.029816866093126844
69.14572864321609	0.017754220072247907
69.54773869346734	0.007417689007488989
69.9497487437186	0.006184133350508157
70.35175879396985	0.012071477438221226
70.75376884422111	0.018837163690514844
71.15577889447236	0.026441951106338474
71.55778894472363	0.034617922055572736
71.95979899497488	0.0417544052987102
72.36180904522614	0.04679600902355971
72.76381909547739	0.04826804663560066
73.16582914572865	0.04619101480289589
73.5678391959799	0.041015833449127424
73.96984924623116	0.03399813198109186
74.37185929648241	0.026645976543871082
74.77386934673368	0.021329881531510574
75.17587939698493	0.019947923258418723
75.57788944723619	0.021700275849395947
75.97989949748744	0.02408769192185644
76.3819095477387	0.025333857044580847
76.78391959798995	0.025691977629924423
77.18592964824121	0.02632964351523213
77.58793969849246	0.02784650015428088
77.98994974874373	0.030002914186239
78.39195979899498	0.031885859429524474
78.79396984924624	0.03243820209176217
79.19597989949749	0.030768746370555027
79.59798994974875	0.026690304145631394
80.0	0.021292966618677182
