0.0	0.018296749884886776
0.4020100502512563	0.01720791405821216
0.8040201005025126	0.01324917077082927
1.206030150753769	0.007705710723494116
1.6080402010050252	0.003101941299180435
2.0100502512562817	0.006937797379285281
2.412060301507538	0.011550633270202336
2.814070351758794	0.01367917691671321
3.2160804020100504	0.01310901770512162
3.6180904522613067	0.009561963455237955
4.020100502512563	0.004107000227127863
4.42211055276382	0.0038333067368543075
4.824120603015076	0.010410418272424532
5.226130653266332	0.015984413850301384
5.628140703517588	0.019211640785028097
6.030150753768845	0.01958848476464358
6.432160804020101	0.017345475038337797
6.834170854271357	0.01273749419431939
7.236180904522613	0.007352151279108406
7.63819095477387	0.0049538423578538
8.040201005025127	0.007828381939941243
8.442211055276383	0.01025630513777315
8.84422110552764	0.010176305843551446
9.246231155778895	0.007363056673074996
9.648241206030152	0.0020620885067455814
10.050251256281408	0.00516052169539483
10.452261306532664	0.012707023894061592
10.85427135678392	0.019544294742449602
11.256281407035177	0.02461742549623768
11.658291457286433	0.02752702479370774
12.06030150753769	0.027421449966211063
12.462311557788945	0.02501568649097295
12.864321608040202	0.021247859920168716
13.266331658291458	0.017066610739875022
13.668341708542714	0.013855159681148302
14.07035175879397	0.011789862434992044
14.472361809045227	0.01026263949716106
14.874371859296483	0.008946307169169224
15.27638190954774	0.008999009961803396
15.678391959798995	0.012236270150625103
16.080402010050253	0.017717523794500152
16.48241206030151	0.023882675889801565
16.884422110552766	0.02917359493157392
17.286432160804022	0.03296310210752623
17.68844221105528	0.0350493461586875
18.090452261306535	0.03524976565016527
18.49246231155779	0.03396410513342912
18.894472361809047	0.03200019744399065
19.296482412060303	0.029883493624035546
19.69849246231156	0.027903553221447813
20.100502512562816	0.026592803275329358
20.502512562814072	0.026358286842937995
20.90452261306533	0.0273062752068741
21.306532663316585	0.030066757532557626
21.70854271356784	0.034571550630090965
22.110552763819097	0.04020460260585633
22.512562814070353	0.04608312688099728
22.91457286432161	0.051146059179438375
23.316582914572866	0.054486629385348595
23.718592964824122	0.055839126026288835
24.12060301507538	0.05511738431025163
24.522613065326635	0.052973457017207445
24.92462311557789	0.05038784089187701
25.326633165829147	0.04796445552617898
25.728643216080403	0.046643489231218666
26.13065326633166	0.04688009082246247
26.532663316582916	0.04881520776001173
26.934673366834172	0.05263435226101665
27.33668341708543	0.05804962999642087
27.738693467336685	0.06387294610120003
28.14070351758794	0.06905178094993256
28.542713567839197	0.07230950105983182
28.944723618090453	0.07236409481924523
29.34673366834171	0.06901654594197479
29.748743718592966	0.06289015094717917
30.150753768844222	0.05479199945360548
30.55276381909548	0.046757226522457715
30.954773869346734	0.04114372787313768
31.35678391959799	0.039318789141435426
31.758793969849247	0.04104879505232949
32.16080402010051	0.04600974510314271
32.56281407035176	0.05294014153094408
32.96482412060302	0.06002141450190947
33.366834170854275	0.06559354782635884
33.76884422110553	0.06860331370002784
34.17085427135679	0.06787452595754336
34.572864321608044	0.06361398884773249
34.9748743718593	0.05638114011663259
35.37688442211056	0.04714940299160378
35.77889447236181	0.037836461639867
36.18090452261307	0.029821139382288513
36.582914572864325	0.024209238792599393
36.98492462311558	0.022432678331743776
37.38693467336684	0.023921506913946754
37.788944723618094	0.028011323808676845
38.19095477386935	0.03358484417693825
38.59296482412061	0.03965211467112518
38.99497487437186	0.04521730076703314
39.39698492462312	0.04930468802101696
39.798994974874375	0.05133480860780968
40.20100502512563	0.05126788414026223
40.60301507537689	0.04917629008479746
41.005025125628144	0.045714838860688355
41.4070351758794	0.04141003401969332
41.80904522613066	0.03722633423531969
42.21105527638191	0.033855788025756166
42.61306532663317	0.031905975695615776
43.015075376884425	0.032029110664742774
43.41708542713568	0.033298357434067984
43.81909547738694	0.03544627191720124
44.221105527638194	0.037862274179588165
44.62311557788945	0.040428347529443416
45.02512562814071	0.04316752775673675
45.42713567839196	0.04564769866009556
45.82914572864322	0.047783197415926834
46.231155778894475	0.04952806085755633
46.63316582914573	0.05040425656412001
47.03517587939699	0.05025271568504323
47.437185929648244	0.04912208323187698
47.8391959798995	0.047075275234319855
48.24120603015076	0.04444979753582713
48.64321608040201	0.04192575904352307
49.04522613065327	0.03976577903643098
49.447236180904525	0.03828446875044476
49.84924623115578	0.037511766999765085
50.25125628140704	0.03834982654803424
50.653266331658294	0.040627497431022494
51.05527638190955	0.044581732355870526
51.45728643216081	0.049725622692621756
51.85929648241206	0.055028464491816156
52.26130653266332	0.05942167816967601
52.663316582914575	0.06157356951151612
53.06532663316583	0.060920063735722785
53.46733668341709	0.057395211606670674
53.869346733668344	0.051452922344697394
54.2713567839196	0.04415725555856269
54.67336683417086	0.03719794313532613
55.07537688442211	0.031820720545345044
55.47738693467337	0.029578421426244228
55.879396984924625	0.03055498480007946
56.28140703517588	0.035194220178700594
56.68341708542714	0.04271701431580712
57.085427135678394	0.05210157197225188
57.48743718592965	0.06140607205418103
57.88944723618091	0.06887790870680707
58.29145728643216	0.07305110061377054
58.69346733668342	0.07301602129008496
59.095477386934675	0.06861059179685623
59.49748743718593	0.061198381718537156
59.89949748743719	0.052036781812294194
60.301507537688444	0.04327038079478053
60.7035175879397	0.03695849939744688
61.10552763819096	0.03433329371474661
61.50753768844221	0.035924977493124136
61.90954773869347	0.04114597327273007
62.311557788944725	0.04884047409148398
62.71356783919598	0.05759720927413239
63.11557788944724	0.06543699173549378
63.517587939698494	0.07094749044995449
63.91959798994975	0.07302967684811137
64.32160804020101	0.07149959674369676
64.72361809045226	0.06653258495359629
65.12562814070353	0.05938567620010947
65.52763819095478	0.051262351819353735
65.92964824120604	0.04400343180276574
66.33165829145729	0.038629258310224554
66.73366834170855	0.036634322053172914
67.1356783919598	0.03837026430799058
67.53768844221106	0.043235533846792504
67.93969849246231	0.05008603903642832
68.34170854271358	0.05751821481095979
68.74371859296483	0.06417831009965462
69.14572864321609	0.06860465906834932
69.54773869346734	0.07005979604259328
69.9497487437186	0.06837247337172687
70.35175879396985	0.06394916695600564
70.75376884422111	0.05793091438082372
71.15577889447236	0.05144247967769067
71.55778894472363	0.045778008121685025
71.95979899497488	0.04169375441949828
72.36180904522614	0.040344829953079205
72.76381909547739	0.041478698439161917
73.16582914572865	0.04509461360341146
73.5678391959799	0.049995293164755115
73.96984924623116	0.05562088732489787
74.37185929648241	0.06037335181382085
74.77386934673368	0.0635127371042129
75.17587939698493	0.06445683414581635
75.57788944723619	0.06296756310047097
75.97989949748744	0.059622444921416384
76.3819095477387	0.054903701225209024
76.78391959798995	0.05014022869284768
77.18592964824121	0.04598177132724575
77.58793969849246	0.04306408623016116
77.98994974874373	0.04189583025405043
78.39195979899498	0.04268857862543422
78.79396984924624	0.04541793403128282
79.19597989949749	0.04934147549785472
79.59798994974875	0.05367877553441543
80.0	0.05746403643678418
