0.0	0.015025817725390276
0.4020100502512563	0.013342642595773144
0.8040201005025126	0.010435007484312309
1.206030150753769	0.007500477038606257
1.6080402010050252	0.006946002762937125
2.0100502512562817	0.00948494864099016
2.412060301507538	0.011833343193704318
2.814070351758794	0.012770496932839779
3.2160804020100504	0.011533660683961697
3.6180904522613067	0.008724260421012925
4.020100502512563	0.005256403903682117
4.42211055276382	0.005285604315218194
4.824120603015076	0.009066239365429352
5.226130653266332	0.012679264539871499
5.628140703517588	0.014787679906559478
6.030150753768845	0.014888841566965332
6.432160804020101	0.013571790856240173
6.834170854271357	0.011220969373917328
7.236180904522613	0.010080438107310335
7.63819095477387	0.010769570019511062
8.040201005025127	0.012342285545241586
8.442211055276383	0.01305089345343576
8.84422110552764	0.01207955055978455
9.246231155778895	0.00879403773048908
9.648241206030152	0.004286310306557005
10.050251256281408	0.0011814466957379933
10.452261306532664	0.007012622352777886
10.85427135678392	0.01197327446029119
11.256281407035177	0.01544466193020883
11.658291457286433	0.017346821169556305
12.06030150753769	0.017883647516787442
12.462311557788945	0.017715295463818004
12.864321608040202	0.01765976273962929
13.266331658291458	0.018056286953836927
13.668341708542714	0.018939688066621913
14.07035175879397	0.019370192292652928
14.472361809045227	0.018576116021251806
14.874371859296483	0.016389399595591485
15.27638190954774	0.012572835300880894
15.678391959798995	0.00808401903230686
16.080402010050253	0.005200758131944414
16.48241206030151	0.007917256695288989
16.884422110552766	0.012763656510244784
17.286432160804022	0.01708294694065452
17.68844221105528	0.020496450848488848
18.090452261306535	0.02250470025019088
18.49246231155779	0.023794618827285074
18.894472361809047	0.02440248237830628
19.296482412060303	0.024399892891191127
19.69849246231156	0.023589403433879226
20.100502512562816	0.022403232142860757
20.502512562814072	0.02006665178508773
20.90452261306533	0.016993453334063567
21.306532663316585	0.013082834536669845
21.70854271356784	0.009132810104679309
22.110552763819097	0.006259422152220674
22.512562814070353	0.007598654508917764
22.91457286432161	0.011705686795278085
23.316582914572866	0.016389382507585617
23.718592964824122	0.02070594589724402
24.12060301507538	0.023955328780479544
24.522613065326635	0.025962297109125825
24.92462311557789	0.026348762254693632
25.326633165829147	0.025530781972222298
25.728643216080403	0.023387400040366345
26.13065326633166	0.020733548328268455
26.532663316582916	0.017646903862673164
26.934673366834172	0.01444809251267307
27.33668341708543	0.011117929180599947
27.738693467336685	0.007916725685106707
28.14070351758794	0.0062927200742211465
28.542713567839197	0.00868911389673593
28.944723618090453	0.013097837996101747
29.34673366834171	0.01759589699702225
29.748743718592966	0.021162727047797973
30.150753768844222	0.023321356372811894
30.55276381909548	0.02372384483165856
30.954773869346734	0.02244337199011446
31.35678391959799	0.019716178181931616
31.758793969849247	0.01657571952611328
32.16080402010051	0.013127095395925704
32.56281407035176	0.010511651517042446
32.96482412060302	0.00838260525810838
33.366834170854275	0.006351490413247671
33.76884422110553	0.003914195482141246
34.17085427135679	0.00306837470533982
34.572864321608044	0.006604518983362152
34.9748743718593	0.011587485973866659
35.37688442211056	0.016678916747135147
35.77889447236181	0.021097973622626155
36.18090452261307	0.024219257464569616
36.582914572864325	0.025648716483000496
36.98492462311558	0.025031906981905733
37.38693467336684	0.022914794319594742
37.788944723618094	0.0194701532257982
38.19095477386935	0.015455066200559767
38.59296482412061	0.012355341704616439
38.99497487437186	0.010230838878862102
39.39698492462312	0.008997876970318697
39.798994974874375	0.007095271656404304
40.20100502512563	0.003990185258683869
40.60301507537689	0.0024626617417212783
41.005025125628144	0.007297448125477904
41.4070351758794	0.012924428577960534
41.80904522613066	0.01789271290660954
42.21105527638191	0.021223912817452513
42.61306532663317	0.02230272048899071
43.015075376884425	0.021667311572572158
43.41708542713568	0.01922366574941699
43.81909547738694	0.016593058793039843
44.221105527638194	0.014700351391024508
44.62311557788945	0.014095032728066007
45.02512562814071	0.014352559925257375
45.42713567839196	0.01396368404474323
45.82914572864322	0.01262936629376663
46.231155778894475	0.010831114349843053
46.63316582914573	0.00981926022133552
47.03517587939699	0.011731635484109975
47.437185929648244	0.015937276169538103
47.8391959798995	0.020258113967570514
48.24120603015076	0.023514302185068538
48.64321608040201	0.024867791323225134
49.04522613065327	0.024104335503019367
49.447236180904525	0.021711411880585625
49.84924623115578	0.018700413653220595
50.25125628140704	0.01655842569836324
50.653266331658294	0.01628910896600149
51.05527638190955	0.016806386752228036
51.45728643216081	0.016901997307894125
51.85929648241206	0.015788510253866402
52.26130653266332	0.013252183683587701
52.663316582914575	0.010668820779110195
53.06532663316583	0.010825112756046997
53.46733668341709	0.014158386660037598
53.869346733668344	0.01807700755126699
54.2713567839196	0.020895044497050447
54.67336683417086	0.021906188219415788
55.07537688442211	0.02084849096371625
55.47738693467337	0.018881060444254246
55.879396984924625	0.017100803925151467
56.28140703517588	0.017136442981562815
56.68341708542714	0.018892271025799164
57.085427135678394	0.020965832594685364
57.48743718592965	0.022072152602860877
57.88944723618091	0.021605631268091292
58.29145728643216	0.019774189048140347
58.69346733668342	0.017558061342269157
59.095477386934675	0.016638591575861172
59.49748743718593	0.017673405011967895
59.89949748743719	0.019412350567104508
60.301507537688444	0.0207207105860385
60.7035175879397	0.020687918600880782
61.10552763819096	0.01925587594035979
61.50753768844221	0.017534984013039136
61.90954773869347	0.017269813864301743
62.311557788944725	0.018960929080293915
62.71356783919598	0.021822324717766243
63.11557788944724	0.024553305494360807
63.517587939698494	0.02592731170926869
63.91959798994975	0.02548759583041556
64.32160804020101	0.02369312969899879
64.72361809045226	0.02159073614301925
65.12562814070353	0.020470041906351825
65.52763819095478	0.020663659864572657
65.92964824120604	0.021612427102704748
66.33165829145729	0.02229043445044391
66.73366834170855	0.02156892615469118
67.1356783919598	0.02013513145196804
67.53768844221106	0.019184126138836976
67.93969849246231	0.020356351066541725
68.34170854271358	0.023817529905992108
68.74371859296483	0.027939325143992548
69.14572864321609	0.03131665109617551
69.54773869346734	0.03298586129666134
69.9497487437186	0.032618030165491266
70.35175879396985	0.030603241704484557
70.75376884422111	0.02768464984354721
71.15577889447236	0.02510573656442013
71.55778894472363	0.0231076643429559
71.95979899497488	0.02181829827253238
72.36180904522614	0.02043283830715409
72.76381909547739	0.018994282584389142
73.16582914572865	0.01804510071002353
73.5678391959799	0.018914589551900916
73.96984924623116	0.022784527362825793
74.37185929648241	0.02797877288805591
74.77386934673368	0.03329084624377514
75.17587939698493	0.03730237802970431
75.57788944723619	0.03917260046330827
75.97989949748744	0.03857377813980325
76.3819095477387	0.036186766403768486
76.78391959798995	0.03283647256031385
77.18592964824121	0.02927769186883229
77.58793969849246	0.02650312098563421
77.98994974874373	0.024404772796143524
78.39195979899498	0.02299393568602247
78.79396984924624	0.022150689769077997
79.19597989949749	0.02307531167454028
79.59798994974875	0.02623394487779384
80.0	0.031301623881126964
