0.0	0.023527677181872538
0.4020100502512563	0.02062763164496418
0.8040201005025126	0.014545744961910754
1.206030150753769	0.007120518013653343
1.6080402010050252	0.005942547034343262
2.0100502512562817	0.012709746433841665
2.412060301507538	0.01767026758028631
2.814070351758794	0.019480398055613607
3.2160804020100504	0.017486608744574146
3.6180904522613067	0.011787674842854812
4.020100502512563	0.003904555295393909
4.42211055276382	0.005766956987751064
4.824120603015076	0.01441548091308995
5.226130653266332	0.020857479709001734
5.628140703517588	0.02423569594269203
6.030150753768845	0.02377276498862669
6.432160804020101	0.019796054050471946
6.834170854271357	0.013968164141996739
7.236180904522613	0.009774006259415914
7.63819095477387	0.011884835895792022
8.040201005025127	0.016611977488234658
8.442211055276383	0.019203161991318062
8.84422110552764	0.01845840999961373
9.246231155778895	0.014449242528774924
9.648241206030152	0.009304744559194774
10.050251256281408	0.010771218566400932
10.452261306532664	0.018510519066490285
10.85427135678392	0.025922771088033765
11.256281407035177	0.030793577518732553
11.658291457286433	0.03226866999906101
12.06030150753769	0.030132946329961025
12.462311557788945	0.025069486724382563
12.864321608040202	0.018798342796023028
13.266331658291458	0.013880471974560016
13.668341708542714	0.01377913231187267
14.07035175879397	0.01642371509569507
14.472361809045227	0.018928333403131575
14.874371859296483	0.018956189669484605
15.27638190954774	0.016500733070031894
15.678391959798995	0.014338109843419577
16.080402010050253	0.01685705041328672
16.48241206030151	0.02339694209829833
16.884422110552766	0.031395042321123716
17.286432160804022	0.03801819330567
17.68844221105528	0.042632783277178246
18.090452261306535	0.04522281316233393
18.49246231155779	0.045634659189603625
18.894472361809047	0.04497592066469037
19.296482412060303	0.04355393066377612
19.69849246231156	0.04128871876320124
20.100502512562816	0.03798400135233186
20.502512562814072	0.0343533209857252
20.90452261306533	0.029865714464568156
21.306532663316585	0.02567225571068732
21.70854271356784	0.02430228323166872
22.110552763819097	0.02884974216361899
22.512562814070353	0.03856698932109388
22.91457286432161	0.050466126869763
23.316582914572866	0.06200951621756864
23.718592964824122	0.07160219956592039
24.12060301507538	0.07801241366183716
24.522613065326635	0.07919047793111583
24.92462311557789	0.07460808724687462
25.326633165829147	0.06426192828851537
25.728643216080403	0.051146309591322284
26.13065326633166	0.03737049441215247
26.532663316582916	0.029153700213264955
26.934673366834172	0.02654590965921167
27.33668341708543	0.03063224825640899
27.738693467336685	0.039144978761851364
28.14070351758794	0.052291577472877736
28.542713567839197	0.06717617635752156
28.944723618090453	0.08018581924156701
29.34673366834171	0.08869107727821544
29.748743718592966	0.09077797524815537
30.150753768844222	0.0862373433128601
30.55276381909548	0.07582886812408687
30.954773869346734	0.06078729584749241
31.35678391959799	0.04360125055076265
31.758793969849247	0.025814996246246814
32.16080402010051	0.009941559515561324
32.56281407035176	0.012650442203245432
32.96482412060302	0.024994741315232334
33.366834170854275	0.034437390952019864
33.76884422110553	0.04133569850011903
34.17085427135679	0.045906371401012766
34.572864321608044	0.04847259711991627
34.9748743718593	0.050168056216757496
35.37688442211056	0.05117655948189422
35.77889447236181	0.05089098997555473
36.18090452261307	0.048164632339048795
36.582914572864325	0.042582734105616776
36.98492462311558	0.03515174488053881
37.38693467336684	0.0272553456135455
37.788944723618094	0.02136800265768451
38.19095477386935	0.01928647257574265
38.59296482412061	0.018569346313310052
38.99497487437186	0.016329783130665
39.39698492462312	0.011559890125914294
39.798994974874375	0.003718310921553735
40.20100502512563	0.005853591011245111
40.60301507537689	0.01584250926354994
41.005025125628144	0.02430996741748448
41.4070351758794	0.03011528523066686
41.80904522613066	0.03330063216676704
42.21105527638191	0.03476561403736101
42.61306532663317	0.03633010555912302
43.015075376884425	0.03940572706046596
43.41708542713568	0.04312505834435306
43.81909547738694	0.045905876484698196
44.221105527638194	0.04699573575251857
44.62311557788945	0.04525105959092025
45.02512562814071	0.04059679410736915
45.42713567839196	0.03378020378457843
45.82914572864322	0.026616442058916185
46.231155778894475	0.022668425719997443
46.63316582914573	0.02586344161767214
47.03517587939699	0.033395867071277105
47.437185929648244	0.04129638644291837
47.8391959798995	0.04791736515783734
48.24120603015076	0.0526964118460127
48.64321608040201	0.05634715561634005
49.04522613065327	0.05916001374743973
49.447236180904525	0.06072570139948532
49.84924623115578	0.06136167394590789
50.25125628140704	0.05954086659694217
50.653266331658294	0.054608433543844905
51.05527638190955	0.047128064345432714
51.45728643216081	0.03752805901563485
51.85929648241206	0.028034834298085294
52.26130653266332	0.022448595069913726
52.663316582914575	0.02436230314803135
53.06532663316583	0.03006427762672374
53.46733668341709	0.03539665165565773
53.869346733668344	0.03897710360775526
54.2713567839196	0.04046082237021755
54.67336683417086	0.04072672595859587
55.07537688442211	0.040558115283913676
55.47738693467337	0.041287483919947604
55.879396984924625	0.04262983384596423
56.28140703517588	0.04344009643231018
56.68341708542714	0.04192997688241666
57.085427135678394	0.03731655731032267
57.48743718592965	0.028999870589058223
57.88944723618091	0.018410318784831688
58.29145728643216	0.0069620749560658874
58.69346733668342	0.0036950914147607363
59.095477386934675	0.010947598723828413
59.49748743718593	0.013625604393069039
59.89949748743719	0.01140608836710107
60.301507537688444	0.006291449344948606
60.7035175879397	0.011010926782240207
61.10552763819096	0.0225731484932705
61.50753768844221	0.0340544313380247
61.90954773869347	0.04277535430119191
62.311557788944725	0.04787609468484005
62.71356783919598	0.0492429137695556
63.11557788944724	0.04808647387597423
63.517587939698494	0.04584593655534434
63.91959798994975	0.04424792866130631
64.32160804020101	0.04438093787077439
64.72361809045226	0.04518816418041121
65.12562814070353	0.04525717072867667
65.52763819095478	0.04312510214124539
65.92964824120604	0.038885289790967476
66.33165829145729	0.03456475854279789
66.73366834170855	0.03302903398121897
67.1356783919598	0.035283101665828126
67.53768844221106	0.03927848836537605
67.93969849246231	0.04236664370255515
68.34170854271358	0.04289111759258812
68.74371859296483	0.04103201892436765
69.14572864321609	0.03826360711206192
69.54773869346734	0.03685228934449809
69.9497487437186	0.03820554925134456
70.35175879396985	0.04116542756713843
70.75376884422111	0.04335751576325036
71.15577889447236	0.04311372976064194
71.55778894472363	0.039299818991287025
71.95979899497488	0.032357094134272714
72.36180904522614	0.023573488409890403
72.76381909547739	0.01535258714930086
73.16582914572865	0.01139583371672052
73.5678391959799	0.012245530495677833
73.96984924623116	0.013067600558624718
74.37185929648241	0.011162850276204865
74.77386934673368	0.009088313100777491
75.17587939698493	0.013377631325086386
75.57788944723619	0.021952456952525987
75.97989949748744	0.030417276129541808
76.3819095477387	0.03547771963839143
76.78391959798995	0.03677872980390627
77.18592964824121	0.03325827023545962
77.58793969849246	0.02650329432721029
77.98994974874373	0.019060043079633136
78.39195979899498	0.015566608327298028
78.79396984924624	0.018781829023645856
79.19597989949749	0.02391925581612108
79.59798994974875	0.027318760625444388
80.0	0.027416411041741796
