0.0	0.016521969504919503
0.4020100502512563	0.015743442106489324
0.8040201005025126	0.012507838355297429
1.206030150753769	0.008042587523502776
1.6080402010050252	0.003967939788110775
2.0100502512562817	0.006442823329254062
2.412060301507538	0.010245011849732808
2.814070351758794	0.012429663319095435
3.2160804020100504	0.012188457383940601
3.6180904522613067	0.009025043809439862
4.020100502512563	0.003994052380985483
4.42211055276382	0.002849876447933363
4.824120603015076	0.009151261396535337
5.226130653266332	0.014622246729283242
5.628140703517588	0.018040503775963026
6.030150753768845	0.018987956624499217
6.432160804020101	0.017357508362638937
6.834170854271357	0.013649274570182075
7.236180904522613	0.009056288502586201
7.63819095477387	0.006194638273763746
8.040201005025127	0.00740408905748955
8.442211055276383	0.009388494444360362
8.84422110552764	0.00978594926103652
9.246231155778895	0.008137968910097831
9.648241206030152	0.004273019951118754
10.050251256281408	0.0009809334391826063
10.452261306532664	0.006801482585854492
10.85427135678392	0.011518688984545014
11.256281407035177	0.014275267173045687
11.658291457286433	0.014471335051444406
12.06030150753769	0.011772197704079553
12.462311557788945	0.007989880336953723
12.864321608040202	0.008908584614819805
13.266331658291458	0.016417236748008705
13.668341708542714	0.02496519275222597
14.07035175879397	0.030740676609264717
14.472361809045227	0.03043537131832364
14.874371859296483	0.02340845384279138
15.27638190954774	0.012100748033826134
15.678391959798995	0.016060544845498112
16.080402010050253	0.035340297704479724
16.48241206030151	0.05300726616910233
16.884422110552766	0.06360279991053533
17.286432160804022	0.06390231566359922
17.68844221105528	0.05215104468799534
18.090452261306535	0.03048104840750442
18.49246231155779	0.006422946348643643
18.894472361809047	0.02670332229457355
19.296482412060303	0.04965227905241857
19.69849246231156	0.06400674016884997
20.100502512562816	0.0668303388549592
20.502512562814072	0.05931989614151145
20.90452261306533	0.04620371840412892
21.306532663316585	0.04029737140176075
21.70854271356784	0.050628804408750394
22.110552763819097	0.06631120643235264
22.512562814070353	0.07618854796862369
22.91457286432161	0.07580769826640336
23.316582914572866	0.06566003213588678
23.718592964824122	0.047464934833906854
24.12060301507538	0.028376618098868916
24.522613065326635	0.02237749776585127
24.92462311557789	0.03338790260734191
25.326633165829147	0.04239435616667264
25.728643216080403	0.04404871088114085
26.13065326633166	0.03979496534619213
26.532663316582916	0.03835111324734914
26.934673366834172	0.04783694610538437
27.33668341708543	0.06401745342432387
27.738693467336685	0.07885512652932317
28.14070351758794	0.08780750932174128
28.542713567839197	0.08824342149816403
28.944723618090453	0.0798560908294087
29.34673366834171	0.0643208947553732
29.748743718592966	0.04531092622558734
30.150753768844222	0.028602544768249916
30.55276381909548	0.020523918242252033
30.954773869346734	0.022075432280617507
31.35678391959799	0.0233794829859638
31.758793969849247	0.021059690971795476
32.16080402010051	0.022243459280875844
32.56281407035176	0.03428080628241801
32.96482412060302	0.052625836213965826
33.366834170854275	0.0709192041016484
33.76884422110553	0.08500493576147403
34.17085427135679	0.0921360073238159
34.572864321608044	0.09051564738640853
34.9748743718593	0.08052127536624229
35.37688442211056	0.06376369049796393
35.77889447236181	0.04302939743706079
36.18090452261307	0.021448252768474764
36.582914572864325	0.00412676045469605
36.98492462311558	0.011652735662926137
37.38693467336684	0.016915865320425792
37.788944723618094	0.01463302437020431
38.19095477386935	0.00952278949604563
38.59296482412061	0.015370555087830825
38.99497487437186	0.029052136972512032
39.39698492462312	0.04215230257224622
39.798994974874375	0.05113929639971295
40.20100502512563	0.05399817358249037
40.60301507537689	0.04949623541665561
41.005025125628144	0.03773389609030588
41.4070351758794	0.020580586137493334
41.80904522613066	0.010085202440283873
42.21105527638191	0.027462093900214014
42.61306532663317	0.04536995280035175
43.015075376884425	0.057287028667966325
43.41708542713568	0.061199610225403676
43.81909547738694	0.056903656687348855
44.221105527638194	0.04592328253519632
44.62311557788945	0.030530661729287284
45.02512562814071	0.014503273298444757
45.42713567839196	0.011775303901738593
45.82914572864322	0.021691150973852845
46.231155778894475	0.029998806850207987
46.63316582914573	0.03548678783543252
47.03517587939699	0.04235968387594609
47.437185929648244	0.05356598132464998
47.8391959798995	0.06818695246114656
48.24120603015076	0.08194122856123179
48.64321608040201	0.09091976800296526
49.04522613065327	0.09221755755665342
49.447236180904525	0.08532479670051603
49.84924623115578	0.07103824168278619
50.25125628140704	0.05249422948397414
50.653266331658294	0.03418441125865427
51.05527638190955	0.024177042755016746
51.45728643216081	0.02887577106173403
51.85929648241206	0.038246208518011776
52.26130653266332	0.04464645524464701
52.663316582914575	0.047905760199886877
53.06532663316583	0.05027969327218353
53.46733668341709	0.05382692286949405
53.869346733668344	0.057292813227590646
54.2713567839196	0.05873971608387664
54.67336683417086	0.05592186697138566
55.07537688442211	0.0480062965952127
55.47738693467337	0.03557256901242248
55.879396984924625	0.022275384396794645
56.28140703517588	0.0181734856828746
56.68341708542714	0.02794986610910702
57.085427135678394	0.03837941028995402
57.48743718592965	0.043648781115142345
57.88944723618091	0.04096996536410207
58.29145728643216	0.031082998977268524
58.69346733668342	0.016049256652337116
59.095477386934675	0.007034072652800312
59.49748743718593	0.023921404019895835
59.89949748743719	0.03964102710123407
60.301507537688444	0.050578194225586494
60.7035175879397	0.05527420829702553
61.10552763819096	0.054610393287755556
61.50753768844221	0.051339680643951946
61.90954773869347	0.04953009934717355
62.311557788944725	0.05114303016605763
62.71356783919598	0.053673727289398745
63.11557788944724	0.05375707127275013
63.517587939698494	0.048702618551783095
63.91959798994975	0.03781338204673204
64.32160804020101	0.02360049365440962
64.72361809045226	0.017277015473995006
65.12562814070353	0.0307836249706451
65.52763819095478	0.047716517290791065
65.92964824120604	0.06058504344735964
66.33165829145729	0.06700878655111392
66.73366834170855	0.06611628045551754
67.1356783919598	0.05904479539312622
67.53768844221106	0.04929851232283528
67.93969849246231	0.04162692231591404
68.34170854271358	0.04067650591247926
68.74371859296483	0.04378110837175818
69.14572864321609	0.04532320649106424
69.54773869346734	0.04163185757231207
69.9497487437186	0.03216770027127207
70.35175879396985	0.018673075354232647
70.75376884422111	0.009404345901131077
71.15577889447236	0.018260174919996344
71.55778894472363	0.028838320078617856
71.95979899497488	0.0338911148173824
72.36180904522614	0.03226917643493485
72.76381909547739	0.0255692867603692
73.16582914572865	0.019879662865292524
73.5678391959799	0.026862224087909982
73.96984924623116	0.042154647863288305
74.37185929648241	0.0569635214220686
74.77386934673368	0.06757812184007292
75.17587939698493	0.07201546559304242
75.57788944723619	0.06983231684184395
75.97989949748744	0.06171485268114307
76.3819095477387	0.04972271119976534
76.78391959798995	0.036468000919143775
77.18592964824121	0.025179176021024662
77.58793969849246	0.017686297109182632
77.98994974874373	0.01138359494781809
78.39195979899498	0.0034073402351898407
78.79396984924624	0.009780880430510019
79.19597989949749	0.025410671783878465
79.59798994974875	0.0419720586500444
80.0	0.05706672762574786
