0.0	0.022311047991863224
0.4020100502512563	0.022178079337805866
0.8040201005025126	0.018235328303559978
1.206030150753769	0.011632423292252893
1.6080402010050252	0.003474784209814238
2.0100502512562817	0.004966056810100878
2.412060301507538	0.011401061702242874
2.814070351758794	0.01496949413342975
3.2160804020100504	0.015155392864383194
3.6180904522613067	0.01151497015025062
4.020100502512563	0.004692651247828773
4.42211055276382	0.004458513807296914
4.824120603015076	0.013407466948223642
5.226130653266332	0.02133618849902104
5.628140703517588	0.02643889892075905
6.030150753768845	0.02824319593418091
6.432160804020101	0.026156169206682477
6.834170854271357	0.021064738296065404
7.236180904522613	0.013809449249824154
7.63819095477387	0.006350429790442301
8.040201005025127	0.003946216281856517
8.442211055276383	0.00685656647530169
8.84422110552764	0.007812616486579452
9.246231155778895	0.005478507469386869
9.648241206030152	0.004700267105786916
10.050251256281408	0.01223153537630838
10.452261306532664	0.02183836929939734
10.85427135678392	0.031093638785385087
11.256281407035177	0.03832410414336858
11.658291457286433	0.042191822296642964
12.06030150753769	0.042301535482383426
12.462311557788945	0.039032996442480775
12.864321608040202	0.03302700400294713
13.266331658291458	0.02573423401053825
13.668341708542714	0.018779130637324275
14.07035175879397	0.013122094748180404
14.472361809045227	0.010126198003823597
14.874371859296483	0.009500886106502888
15.27638190954774	0.01150809152291633
15.678391959798995	0.017044912759495857
16.080402010050253	0.025274093916667694
16.48241206030151	0.03447546337454367
16.884422110552766	0.043167004210306045
17.286432160804022	0.0500057929133633
17.68844221105528	0.05381025524448065
18.090452261306535	0.0542348793607317
18.49246231155779	0.05158144067612038
18.894472361809047	0.04649361137161293
19.296482412060303	0.04031165832663602
19.69849246231156	0.034311257518406975
20.100502512562816	0.02984422339386693
20.502512562814072	0.02742562860765612
20.90452261306533	0.027619802010623216
21.306532663316585	0.030761841204607242
21.70854271356784	0.03658902375269652
22.110552763819097	0.0439937309281698
22.512562814070353	0.05181911699253698
22.91457286432161	0.05846576790024059
23.316582914572866	0.06319086463812987
23.718592964824122	0.06518230752246382
24.12060301507538	0.06438288413443907
24.522613065326635	0.06150245731010075
24.92462311557789	0.05733777677167401
25.326633165829147	0.05267669196496445
25.728643216080403	0.048786175708895554
26.13065326633166	0.046020956496417256
26.532663316582916	0.04552814404427288
26.934673366834172	0.04748283789365657
27.33668341708543	0.05167356712248041
27.738693467336685	0.0578626917008828
28.14070351758794	0.06494315406702883
28.542713567839197	0.07144748432183097
28.944723618090453	0.07619446846405213
29.34673366834171	0.07770195415569836
29.748743718592966	0.0757020984763643
30.150753768844222	0.07079411932802086
30.55276381909548	0.06401408813246601
30.954773869346734	0.05652939441195891
31.35678391959799	0.050292268476579104
31.758793969849247	0.04630852494663228
32.16080402010051	0.045034772698213696
32.56281407035176	0.04597084501308505
32.96482412060302	0.04870829876480383
33.366834170854275	0.052637273012749564
33.76884422110553	0.05705693683501993
34.17085427135679	0.06158250936885447
34.572864321608044	0.06466650767551216
34.9748743718593	0.0663933597799731
35.37688442211056	0.06543146919037093
35.77889447236181	0.06245646982372618
36.18090452261307	0.05767580000293297
36.582914572864325	0.05125109756991111
36.98492462311558	0.04476496333499057
37.38693467336684	0.03884412735175868
37.788944723618094	0.03439766428502154
38.19095477386935	0.032160350902479554
38.59296482412061	0.032185029906123486
38.99497487437186	0.03444707155386505
39.39698492462312	0.03836125594005427
39.798994974874375	0.043745596382404696
40.20100502512563	0.0491340294828685
40.60301507537689	0.053889719250853674
41.005025125628144	0.05685084455150213
41.4070351758794	0.05749513697652707
41.80904522613066	0.05572046276843634
42.21105527638191	0.05164475405860318
42.61306532663317	0.04603751732619502
43.015075376884425	0.03949857942168153
43.41708542713568	0.03335059897672219
43.81909547738694	0.028805896972316274
44.221105527638194	0.0267636360350035
44.62311557788945	0.02725591885405934
45.02512562814071	0.030619199488456695
45.42713567839196	0.03633052223371846
45.82914572864322	0.0435759603441616
46.231155778894475	0.05136686285145797
46.63316582914573	0.058449808418822344
47.03517587939699	0.06284293471925241
47.437185929648244	0.06419929754865653
47.8391959798995	0.06195318559548335
48.24120603015076	0.05647674515829661
48.64321608040201	0.048397382238751535
49.04522613065327	0.03953949133808869
49.447236180904525	0.031548767145432845
49.84924623115578	0.02610088264361804
50.25125628140704	0.024543392919432545
50.653266331658294	0.027091725359096108
51.05527638190955	0.0335028466518017
51.45728643216081	0.04247731916729906
51.85929648241206	0.052478357646468354
52.26130653266332	0.06154435827502486
52.663316582914575	0.06779458056317715
53.06532663316583	0.07019810435338913
53.46733668341709	0.06797434264573063
53.869346733668344	0.061665466282426785
54.2713567839196	0.05234948744723008
54.67336683417086	0.04166763808168692
55.07537688442211	0.03192954643199496
55.47738693467337	0.025364228850699184
55.879396984924625	0.02305350426160557
56.28140703517588	0.02518588876781238
56.68341708542714	0.031366357812422294
57.085427135678394	0.04056640249391626
57.48743718592965	0.050823719782165246
57.88944723618091	0.05997956227324275
58.29145728643216	0.0663863255461886
58.69346733668342	0.06869712514596367
59.095477386934675	0.06655852684740737
59.49748743718593	0.06033525098869994
59.89949748743719	0.05155186088079332
60.301507537688444	0.04141997412690756
60.7035175879397	0.03222388071911442
61.10552763819096	0.025361942997643088
61.50753768844221	0.022169835138355597
61.90954773869347	0.02279156381771339
62.311557788944725	0.026819132008485142
62.71356783919598	0.03385618657593885
63.11557788944724	0.042213504450136996
63.517587939698494	0.05038120909938667
63.91959798994975	0.0570782446051909
64.32160804020101	0.061115753460482966
64.72361809045226	0.06173081012256808
65.12562814070353	0.05891280474006415
65.52763819095478	0.05317278145090963
65.92964824120604	0.045377510651839315
66.33165829145729	0.03710164957371008
66.73366834170855	0.02964302265643326
67.1356783919598	0.02468438216167168
67.53768844221106	0.022950165239304994
67.93969849246231	0.02463090418536031
68.34170854271358	0.029621739825975747
68.74371859296483	0.03657598353743184
69.14572864321609	0.044573645662353084
69.54773869346734	0.05219958257507758
69.9497487437186	0.057915824252500456
70.35175879396985	0.060718180464399626
70.75376884422111	0.06030733399030593
71.15577889447236	0.056565799486122184
71.55778894472363	0.05073806764023988
71.95979899497488	0.043357836700316094
72.36180904522614	0.03563325645622097
72.76381909547739	0.029617044768772794
73.16582914572865	0.0257122481598857
73.5678391959799	0.02492784568131242
73.96984924623116	0.027033516813359727
74.37185929648241	0.03158810814729601
74.77386934673368	0.03832201662697381
75.17587939698493	0.04587764491628913
75.57788944723619	0.05307052966280952
75.97989949748744	0.05869631771978641
76.3819095477387	0.061803012688197566
76.78391959798995	0.0615956027354451
77.18592964824121	0.05811485948645682
77.58793969849246	0.052177232120708086
77.98994974874373	0.044594987820397794
78.39195979899498	0.036765642750662735
78.79396984924624	0.030272557348622227
79.19597989949749	0.026291222679768782
79.59798994974875	0.025756253169079833
80.0	0.028609412911457625
