0.0	0.03164655145241067
0.4020100502512563	0.02822840277795583
0.8040201005025126	0.020245909110870975
1.206030150753769	0.00957057418138346
1.6080402010050252	0.0054702485773833074
2.0100502512562817	0.015544131227339672
2.412060301507538	0.023242903107369095
2.814070351758794	0.02634964818943005
3.2160804020100504	0.024176936735388486
3.6180904522613067	0.01712225147380853
4.020100502512563	0.006521367988138629
4.42211055276382	0.005942216264812025
4.824120603015076	0.01733556402661566
5.226130653266332	0.026140188826768877
5.628140703517588	0.03019581182948538
6.030150753768845	0.029289097189012354
6.432160804020101	0.023355578409170647
6.834170854271357	0.014005456645797294
7.236180904522613	0.006678200119552326
7.63819095477387	0.013394871951861027
8.040201005025127	0.02193006102170009
8.442211055276383	0.026808358081319605
8.84422110552764	0.02646155786920833
9.246231155778895	0.02103381599202221
9.648241206030152	0.011832814914189336
10.050251256281408	0.0038732459213644543
10.452261306532664	0.013366431929101807
10.85427135678392	0.022881296352616095
11.256281407035177	0.028626447309664082
11.658291457286433	0.029409047311801467
12.06030150753769	0.024998902042990007
12.462311557788945	0.016291079598051074
12.864321608040202	0.0070098044997792
13.266331658291458	0.011408958426772673
13.668341708542714	0.02173161743134151
14.07035175879397	0.029302126101142956
14.472361809045227	0.032185208290732834
14.874371859296483	0.029754647781574196
15.27638190954774	0.022209469753200477
15.678391959798995	0.011550619470026956
16.080402010050253	0.0068284165596485865
16.48241206030151	0.017441808572280122
16.884422110552766	0.026945083305333344
17.286432160804022	0.032278817081293966
17.68844221105528	0.032189072142649454
18.090452261306535	0.026323704857163194
18.49246231155779	0.016507481466995814
18.894472361809047	0.008452476785483764
19.296482412060303	0.015179991779366808
19.69849246231156	0.02566483669664918
20.100502512562816	0.03303844017283028
20.502512562814072	0.035105997452250626
20.90452261306533	0.03170818458322955
21.306532663316585	0.023773686293244393
21.70854271356784	0.013574683533307272
22.110552763819097	0.00970447565589143
22.512562814070353	0.01745278949134043
22.91457286432161	0.025229563827956564
23.316582914572866	0.02866235496025512
23.718592964824122	0.026695785188123294
24.12060301507538	0.019765257863382447
24.522613065326635	0.009723358713204972
24.92462311557789	0.007515201698189515
25.326633165829147	0.019068043967821836
25.728643216080403	0.029358870447671732
26.13065326633166	0.03574016208673091
26.532663316582916	0.036786422806021256
26.934673366834172	0.03239625519355151
27.33668341708543	0.024109011937207474
27.738693467336685	0.016443885583479104
28.14070351758794	0.017757005461193846
28.542713567839197	0.02576434993567553
28.944723618090453	0.03238993686066358
29.34673366834171	0.03411427731368101
29.748743718592966	0.029783386216044545
30.150753768844222	0.019886373188610303
30.55276381909548	0.007839775143438444
30.954773869346734	0.012226382729825435
31.35678391959799	0.025768250728178392
31.758793969849247	0.03647521904710786
32.16080402010051	0.042291253015301886
32.56281407035176	0.04259177132525044
32.96482412060302	0.03791840608876145
33.366834170854275	0.03080846586023247
33.76884422110553	0.02498213883426268
34.17085427135679	0.024260266890143545
34.572864321608044	0.027644022320876555
34.9748743718593	0.029706908516278958
35.37688442211056	0.02786343249919727
35.77889447236181	0.021308731862132366
36.18090452261307	0.011473914636013213
36.582914572864325	0.009094311187601116
36.98492462311558	0.020501576919267163
37.38693467336684	0.032289591768967764
37.788944723618094	0.04042242176876298
38.19095477386935	0.04412080104525769
38.59296482412061	0.0434434775523595
38.99497487437186	0.03968065769130675
39.39698492462312	0.03587619508352509
39.798994974874375	0.034092809177359934
40.20100502512563	0.03484542470615194
40.60301507537689	0.035457482056046576
41.005025125628144	0.03338561806595971
41.4070351758794	0.02770137959643724
41.80904522613066	0.019277732304264075
42.21105527638191	0.014655697659965494
42.61306532663317	0.022155165764935616
43.015075376884425	0.03422725758890469
43.41708542713568	0.044959175670082833
43.81909547738694	0.051896626241621766
44.221105527638194	0.0545865998809915
44.62311557788945	0.053689439708000476
45.02512562814071	0.050679680816907303
45.42713567839196	0.047451650151992195
45.82914572864322	0.045281117441660676
46.231155778894475	0.04359696064302955
46.63316582914573	0.04128462438151284
47.03517587939699	0.03708662533132797
47.437185929648244	0.03155999356863092
47.8391959798995	0.02774576574775913
48.24120603015076	0.0303468399756103
48.64321608040201	0.039028787729830275
49.04522613065327	0.05019524391716963
49.447236180904525	0.06017598758425815
49.84924623115578	0.0675544454888632
50.25125628140704	0.07143997328338485
50.653266331658294	0.07170390751450421
51.05527638190955	0.06955955154809795
51.45728643216081	0.06629484900730612
51.85929648241206	0.06311105237171503
52.26130653266332	0.06054986647922859
52.663316582914575	0.058028954604836536
53.06532663316583	0.05535920567502519
53.46733668341709	0.05271268189307493
53.869346733668344	0.05115344750971114
54.2713567839196	0.05242353495642412
54.67336683417086	0.05687499293470373
55.07537688442211	0.0628157583353972
55.47738693467337	0.06820434006191069
55.879396984924625	0.07148667603882511
56.28140703517588	0.07214695530964006
56.68341708542714	0.07071107265783103
57.085427135678394	0.06786453558690972
57.48743718592965	0.06506071111621878
57.88944723618091	0.0626449464821018
58.29145728643216	0.06105205545954778
58.69346733668342	0.05909010871689678
59.095477386934675	0.05598024858299927
59.49748743718593	0.051486595233435274
59.89949748743719	0.046861293080046065
60.301507537688444	0.04400218586429423
60.7035175879397	0.04514549497105046
61.10552763819096	0.049836537833735796
61.50753768844221	0.05540634019388922
61.90954773869347	0.05988937475343996
62.311557788944725	0.061840079528436266
62.71356783919598	0.06142460364434591
63.11557788944724	0.05966256120920889
63.517587939698494	0.05837911444362903
63.91959798994975	0.05805585125063077
64.32160804020101	0.05849669477367644
64.72361809045226	0.05800626094914174
65.12562814070353	0.055463006204944584
65.52763819095478	0.05118164810914261
65.92964824120604	0.04654442699496826
66.33165829145729	0.04442617339447873
66.73366834170855	0.04695218178402475
67.1356783919598	0.05276830556344984
67.53768844221106	0.058931004143459934
67.93969849246231	0.0633299248946422
68.34170854271358	0.06518342178842786
68.74371859296483	0.06502877647994074
69.14572864321609	0.06371555076369036
69.54773869346734	0.06272236022212539
69.9497487437186	0.06241625601141221
70.35175879396985	0.061698247389441005
70.75376884422111	0.059723677629118774
71.15577889447236	0.05577511411371243
71.55778894472363	0.050222170048163386
71.95979899497488	0.04533731765467649
72.36180904522614	0.04437371855567986
72.76381909547739	0.048979607855890304
73.16582914572865	0.056766846576306165
73.5678391959799	0.06437298721339065
73.96984924623116	0.06945389943166128
74.37185929648241	0.07108920143432479
74.77386934673368	0.06984409451591489
75.17587939698493	0.06676667623522717
75.57788944723619	0.06346888864246428
75.97989949748744	0.06097650468138251
76.3819095477387	0.058887022231371086
76.78391959798995	0.05597177303565627
77.18592964824121	0.051797218493857364
77.58793969849246	0.046698168664687296
77.98994974874373	0.04315874317569963
78.39195979899498	0.044126781592094155
78.79396984924624	0.04993097612740474
79.19597989949749	0.05777391805955508
79.59798994974875	0.06450717674033407
80.0	0.06801989462583569
