0.0	0.009014694543029732
0.4020100502512563	0.007551074356746545
0.8040201005025126	0.007684534286607122
1.206030150753769	0.009219912995696352
1.6080402010050252	0.010869575448181599
2.0100502512562817	0.011847512376233608
2.412060301507538	0.01151637628775857
2.814070351758794	0.009778790404361118
3.2160804020100504	0.0073741121967941985
3.6180904522613067	0.004519512464682905
4.020100502512563	0.002722178340495994
4.42211055276382	0.0038286401714976866
4.824120603015076	0.005487869079382324
5.226130653266332	0.007061576857574622
5.628140703517588	0.008564877916072447
6.030150753768845	0.010456755934681193
6.432160804020101	0.013165153578884328
6.834170854271357	0.016102170616600374
7.236180904522613	0.018549878742917157
7.63819095477387	0.019931430500977516
8.040201005025127	0.020053975817441453
8.442211055276383	0.018757388604191565
8.84422110552764	0.015916185117870248
9.246231155778895	0.012522850513526404
9.648241206030152	0.008934761291757232
10.050251256281408	0.007747696580327505
10.452261306532664	0.00944269750165578
10.85427135678392	0.0124879811588367
11.256281407035177	0.016105668781232922
11.658291457286433	0.019343564759668867
12.06030150753769	0.0226518383814779
12.462311557788945	0.025244982155505264
12.864321608040202	0.027016815314527775
13.266331658291458	0.027642129401740136
13.668341708542714	0.02657285045605866
14.07035175879397	0.024441907984711384
14.472361809045227	0.02169654015522011
14.874371859296483	0.018477014370593705
15.27638190954774	0.016161410026756803
15.678391959798995	0.01516289697945108
16.080402010050253	0.015979843768786445
16.48241206030151	0.01861564111560083
16.884422110552766	0.022527003522123376
17.286432160804022	0.027133359487407464
17.68844221105528	0.0319185195090431
18.090452261306535	0.03657584681906322
18.49246231155779	0.04039856062966151
18.894472361809047	0.042649091984034125
19.296482412060303	0.04344185539845869
19.69849246231156	0.04239051168070125
20.100502512562816	0.040120337266542565
20.502512562814072	0.037015611914153077
20.90452261306533	0.034046197852516204
21.306532663316585	0.031569200745414125
21.70854271356784	0.030308351019571272
22.110552763819097	0.030715626228038657
22.512562814070353	0.032985943842821074
22.91457286432161	0.036883162126336126
23.316582914572866	0.041846061309387096
23.718592964824122	0.04740257663365603
24.12060301507538	0.052689666802190026
24.522613065326635	0.05668988169836969
24.92462311557789	0.05923754398832813
25.326633165829147	0.0598246237935112
25.728643216080403	0.0583845866753311
26.13065326633166	0.05514841468294288
26.532663316582916	0.05086920267319511
26.934673366834172	0.04633731579442226
27.33668341708543	0.042954971775952956
27.738693467336685	0.04209044206756562
28.14070351758794	0.04449321953080117
28.542713567839197	0.05022855098847974
28.944723618090453	0.0576531938926236
29.34673366834171	0.06566186973686707
29.748743718592966	0.07271621593457255
30.150753768844222	0.07751063351510054
30.55276381909548	0.07904537986361887
30.954773869346734	0.07759753997801613
31.35678391959799	0.07326845553435392
31.758793969849247	0.06702346428253102
32.16080402010051	0.05993108916441488
32.56281407035176	0.05318238732271909
32.96482412060302	0.04813037142515598
33.366834170854275	0.04597559552556692
33.76884422110553	0.0470163142326898
34.17085427135679	0.05105732861518218
34.572864321608044	0.05686123259657176
34.9748743718593	0.062463818624076295
35.37688442211056	0.0671199035427834
35.77889447236181	0.06996075205727474
36.18090452261307	0.07041046751385523
36.582914572864325	0.06879197257990458
36.98492462311558	0.06511946066966931
37.38693467336684	0.060103073216232636
37.788944723618094	0.05454048883462864
38.19095477386935	0.048848421192320975
38.59296482412061	0.04432580056649457
38.99497487437186	0.04171798347396537
39.39698492462312	0.041878280780918216
39.798994974874375	0.044739120252525626
40.20100502512563	0.049516928816349545
40.60301507537689	0.05503058130836007
41.005025125628144	0.05999438796712966
41.4070351758794	0.06371908009066996
41.80904522613066	0.06556323919454668
42.21105527638191	0.06516251510233592
42.61306532663317	0.06272191958553504
43.015075376884425	0.05877952528278043
43.41708542713568	0.053894535812222845
43.81909547738694	0.04861637338049398
44.221105527638194	0.04370332488728803
44.62311557788945	0.04018019313978143
45.02512562814071	0.03871681386763261
45.42713567839196	0.04025787988167244
45.82914572864322	0.044070431091019956
46.231155778894475	0.04961445645495506
46.63316582914573	0.0557135820040414
47.03517587939699	0.06109098401867099
47.437185929648244	0.06510931713201966
47.8391959798995	0.06702064231802862
48.24120603015076	0.0667181873293558
48.64321608040201	0.06404752404753802
49.04522613065327	0.05923969119178517
49.447236180904525	0.05289960459268791
49.84924623115578	0.04609908201021233
50.25125628140704	0.040282859339445275
50.653266331658294	0.03718183196181132
51.05527638190955	0.03792104763382562
51.45728643216081	0.04210304798039546
51.85929648241206	0.04862843092629488
52.26130653266332	0.05549992243797743
52.663316582914575	0.06126398365640606
53.06532663316583	0.0650497695794035
53.46733668341709	0.06624535320710735
53.869346733668344	0.06461442303957654
54.2713567839196	0.060379228408970954
54.67336683417086	0.05472228163832443
55.07537688442211	0.04819151336742704
55.47738693467337	0.041825960472381025
55.879396984924625	0.0371770514143279
56.28140703517588	0.035658799331164115
56.68341708542714	0.038153676784291206
57.085427135678394	0.04436676782508288
57.48743718592965	0.052122902922508395
57.88944723618091	0.05940908838326
58.29145728643216	0.06490555029422439
58.69346733668342	0.06752863594301228
59.095477386934675	0.06718360407031441
59.49748743718593	0.06425776724917501
59.89949748743719	0.05986575884234967
60.301507537688444	0.05479387405685847
60.7035175879397	0.05036995836708321
61.10552763819096	0.04660194035275977
61.50753768844221	0.04439257498111739
61.90954773869347	0.044227328119504625
62.311557788944725	0.04667132395700237
62.71356783919598	0.05103320893279536
63.11557788944724	0.056567539369152785
63.517587939698494	0.06184467695664837
63.91959798994975	0.06563102897920628
64.32160804020101	0.0673823528059913
64.72361809045226	0.06682460612150304
65.12562814070353	0.06442525508817834
65.52763819095478	0.061019873853319404
65.92964824120604	0.05760194565183287
66.33165829145729	0.05438158254347629
66.73366834170855	0.05201667490070598
67.1356783919598	0.05027480961367599
67.53768844221106	0.04949535545650317
67.93969849246231	0.050095186106147806
68.34170854271358	0.052191190590351766
68.74371859296483	0.05562105083130751
69.14572864321609	0.05962562764868985
69.54773869346734	0.06303730609905114
69.9497487437186	0.06517496778197447
70.35175879396985	0.06573314784973214
70.75376884422111	0.06464822343155227
71.15577889447236	0.06252743549563207
71.55778894472363	0.05985504725832934
71.95979899497488	0.05698906137993428
72.36180904522614	0.05408565760111417
72.76381909547739	0.05146578794645844
73.16582914572865	0.04928639281205992
73.5678391959799	0.04783562244285103
73.96984924623116	0.048057244156313086
74.37185929648241	0.05007163281110889
74.77386934673368	0.05338704868033141
75.17587939698493	0.057330631181123845
75.57788944723619	0.06091358242572492
75.97989949748744	0.06322179298325639
76.3819095477387	0.06380392475529714
76.78391959798995	0.06255118411621066
77.18592964824121	0.060088990059511335
77.58793969849246	0.05664758052684412
77.98994974874373	0.05274402252699343
78.39195979899498	0.048865299852979834
78.79396984924624	0.04542785079255356
79.19597989949749	0.04308828520057232
79.59798994974875	0.04292228938398577
80.0	0.044845036367560376
