0.0	0.032297299984082366
0.4020100502512563	0.028297113800582974
0.8040201005025126	0.01981961474265726
1.206030150753769	0.009108439532551998
1.6080402010050252	0.006570091767801339
2.0100502512562817	0.016468091858394894
2.412060301507538	0.023393076207500297
2.814070351758794	0.02583615337141052
3.2160804020100504	0.022949773704697113
3.6180904522613067	0.015289095056814505
4.020100502512563	0.004161891168352218
4.42211055276382	0.00872857197370116
4.824120603015076	0.02006718152862779
5.226130653266332	0.028694425268685764
5.628140703517588	0.032381359797897066
6.030150753768845	0.030941900692514533
6.432160804020101	0.02473806546790085
6.834170854271357	0.01516120136594711
7.236180904522613	0.007752820740167217
7.63819095477387	0.012829917995892694
8.040201005025127	0.020493412533103158
8.442211055276383	0.02423839651482668
8.84422110552764	0.022830936734198996
9.246231155778895	0.016467811604112058
9.648241206030152	0.005840483957089009
10.050251256281408	0.007647052369231267
10.452261306532664	0.020431352589472908
10.85427135678392	0.03057268632283184
11.256281407035177	0.03669149132506644
11.658291457286433	0.03747753228218414
12.06030150753769	0.03302548038707327
12.462311557788945	0.024742622883164676
12.864321608040202	0.01588466467011847
13.266331658291458	0.01386618859971676
13.668341708542714	0.019333688768593295
14.07035175879397	0.02435066485384752
14.472361809045227	0.025119899076733794
14.874371859296483	0.020664968705194648
15.27638190954774	0.011754933629742377
15.678391959798995	0.0031310872407418503
16.080402010050253	0.01388677221877889
16.48241206030151	0.02536946126050415
16.884422110552766	0.03370026087239071
17.286432160804022	0.037493734864630084
17.68844221105528	0.03646521546342538
18.090452261306535	0.03102849751148438
18.49246231155779	0.023188610505617303
18.894472361809047	0.016388934151196605
19.296482412060303	0.016035912015930624
19.69849246231156	0.020355752011547965
20.100502512562816	0.02320661062709866
20.502512562814072	0.02219195097940458
20.90452261306533	0.016659700077477652
21.306532663316585	0.007655725249068812
21.70854271356784	0.0035364320014891768
22.110552763819097	0.01481134551210513
22.512562814070353	0.024138369502470988
22.91457286432161	0.03000191531266629
23.316582914572866	0.031169171371955524
23.718592964824122	0.0280078205941059
24.12060301507538	0.021300722586538482
24.522613065326635	0.014159560655246086
24.92462311557789	0.013303303872840866
25.326633165829147	0.018859624624459923
25.728643216080403	0.02398564448575013
26.13065326633166	0.025290237479798434
26.532663316582916	0.02207937014701957
26.934673366834172	0.015150421532551878
27.33668341708543	0.006779282158409212
27.738693467336685	0.009339214101015004
28.14070351758794	0.018627519135462258
28.542713567839197	0.025920865596179586
28.944723618090453	0.029464874330311513
29.34673366834171	0.028189383430933097
29.748743718592966	0.02252342995951644
30.150753768844222	0.014259188186486707
30.55276381909548	0.008864462222693313
30.954773869346734	0.014335967493271734
31.35678391959799	0.02186532602635871
31.758793969849247	0.02644248253131163
32.16080402010051	0.026181659455978955
32.56281407035176	0.021633016153787123
32.96482412060302	0.014075142636151654
33.366834170854275	0.009406005325237889
33.76884422110553	0.015177647449781081
34.17085427135679	0.023105294115035313
34.572864321608044	0.02801231386619447
34.9748743718593	0.02862147603753548
35.37688442211056	0.024442373460666175
35.77889447236181	0.0169212608348018
36.18090452261307	0.00956964263744307
36.582914572864325	0.01206884710538314
36.98492462311558	0.019908610901911154
37.38693467336684	0.02581200229547424
37.788944723618094	0.02749925142321396
38.19095477386935	0.02465368446060301
38.59296482412061	0.018146580628630594
38.99497487437186	0.011369402624425498
39.39698492462312	0.01257255252125852
39.798994974874375	0.02016708470318836
40.20100502512563	0.026698832190212178
40.60301507537689	0.029280649022892503
41.005025125628144	0.027543236130649112
41.4070351758794	0.022252719718130604
41.80904522613066	0.015797195240192078
42.21105527638191	0.014102524496179361
42.61306532663317	0.019305460275792656
43.015075376884425	0.025174226380247345
43.41708542713568	0.027894844012895742
43.81909547738694	0.02620128100278969
44.221105527638194	0.019892352455446495
44.62311557788945	0.010663636279772319
45.02512562814071	0.005085712063998484
45.42713567839196	0.014274371769775104
45.82914572864322	0.022933200256619286
46.231155778894475	0.02770373237297058
46.63316582914573	0.02805763525190206
47.03517587939699	0.024281112061726368
47.437185929648244	0.01913792577842522
47.8391959798995	0.018105683074409504
48.24120603015076	0.023324869549169465
48.64321608040201	0.029594095840324124
49.04522613065327	0.033001449661190986
49.447236180904525	0.03174303404315178
49.84924623115578	0.025357576475219124
50.25125628140704	0.015195709387477593
50.653266331658294	0.003468586716026939
51.05527638190955	0.010086106444277532
51.45728643216081	0.019933369981906274
51.85929648241206	0.02630813259029905
52.26130653266332	0.02802508241606024
52.663316582914575	0.026290092239491768
53.06532663316583	0.02324390431809395
53.46733668341709	0.0235485556048105
53.869346733668344	0.028539543828878317
54.2713567839196	0.03514786293563961
54.67336683417086	0.03989543034536329
55.07537688442211	0.040685530693383085
55.47738693467337	0.03696672390519609
55.879396984924625	0.029276972844938777
56.28140703517588	0.019360783416355994
56.68341708542714	0.012552223272687481
57.085427135678394	0.016328654844894958
57.48743718592965	0.023796113607704592
57.88944723618091	0.028467500940025793
58.29145728643216	0.02914390912579905
58.69346733668342	0.026571790536133972
59.095477386934675	0.02442279717344766
59.49748743718593	0.027621191828833415
59.89949748743719	0.03535224602722795
60.301507537688444	0.04350822733711045
60.7035175879397	0.048706751882520855
61.10552763819096	0.04935916222808026
61.50753768844221	0.04542099145755877
61.90954773869347	0.03762040166668854
62.311557788944725	0.028572424799828938
62.71356783919598	0.023023256515288377
63.11557788944724	0.02403815031533852
63.517587939698494	0.02798187179463802
63.91959798994975	0.030749395372729367
64.32160804020101	0.03140342470050611
64.72361809045226	0.03216087265155384
65.12562814070353	0.03607058353825238
65.52763819095478	0.04401623190142325
65.92964824120604	0.053343441838654006
66.33165829145729	0.06140912120118218
66.73366834170855	0.06597526919955748
67.1356783919598	0.0658053594022424
67.53768844221106	0.060938073717019106
67.93969849246231	0.05338311005541202
68.34170854271358	0.04567222503768132
68.74371859296483	0.04072579492166672
69.14572864321609	0.04006776624510725
69.54773869346734	0.04208547912208006
69.9497487437186	0.04514495110061755
70.35175879396985	0.0490046880591197
70.75376884422111	0.05490953036799653
71.15577889447236	0.06299870716216668
71.55778894472363	0.07226658128521227
71.95979899497488	0.08021771544972475
72.36180904522614	0.08498676444834727
72.76381909547739	0.08505025081822562
73.16582914572865	0.08024900794362821
73.5678391959799	0.07140958232126579
73.96984924623116	0.06019102050255578
74.37185929648241	0.049654377188320435
74.77386934673368	0.04279595235003554
75.17587939698493	0.041345994542901665
75.57788944723619	0.04386567490921274
75.97989949748744	0.04839289239691273
76.3819095477387	0.05400501870301335
76.78391959798995	0.06059645852033213
77.18592964824121	0.06782273539184618
77.58793969849246	0.0749999145750535
77.98994974874373	0.08054818579817534
78.39195979899498	0.08315535217124592
78.79396984924624	0.08173911343299609
79.19597989949749	0.07602613718280712
79.59798994974875	0.06663206038369676
80.0	0.05556636119810586
