0.0	0.024811839486007188
0.4020100502512563	0.02074228541059528
0.8040201005025126	0.013406405172657601
1.206030150753769	0.004283535600010008
1.6080402010050252	0.006131207014174213
2.0100502512562817	0.014126640741170015
2.412060301507538	0.019246322667530204
2.814070351758794	0.02041687994165896
3.2160804020100504	0.017619938329906663
3.6180904522613067	0.011087708520460711
4.020100502512563	0.0024384519550296694
4.42211055276382	0.007196019345836409
4.824120603015076	0.01537662680380467
5.226130653266332	0.020923363629033628
5.628140703517588	0.022983639707160875
6.030150753768845	0.020797153449220104
6.432160804020101	0.015130064403958527
6.834170854271357	0.007274894370821463
7.236180904522613	0.0051674074975001354
7.63819095477387	0.012700297964695972
8.040201005025127	0.01900843863898826
8.442211055276383	0.02181254395508852
8.84422110552764	0.020723411989575686
9.246231155778895	0.0157836526811302
9.648241206030152	0.008124699754868483
10.050251256281408	0.00288358812886519
10.452261306532664	0.01061306608123454
10.85427135678392	0.01737598180289785
11.256281407035177	0.021024896468365143
11.658291457286433	0.02083598275196697
12.06030150753769	0.016740056021195333
12.462311557788945	0.009691725635961455
12.864321608040202	0.0024648498112022485
13.266331658291458	0.009512784276106512
13.668341708542714	0.017489855485859226
14.07035175879397	0.023067967319218
14.472361809045227	0.025008914545713596
14.874371859296483	0.02342882004235308
15.27638190954774	0.018522886258520978
15.678391959798995	0.011914128485511271
16.080402010050253	0.006588751145335786
16.48241206030151	0.008714704170285503
16.884422110552766	0.013345219268642194
17.286432160804022	0.015736412711579446
17.68844221105528	0.01472164393264977
18.090452261306535	0.010331829382638071
18.49246231155779	0.004610888188327433
18.894472361809047	0.008432442111949214
19.296482412060303	0.017714504621767643
19.69849246231156	0.02610778422036906
20.100502512562816	0.032206723870682685
20.502512562814072	0.03455739657222224
20.90452261306533	0.032846414464445736
21.306532663316585	0.027505766266887288
21.70854271356784	0.01941932630163585
22.110552763819097	0.009952405668283346
22.512562814070353	0.0017859946000209543
22.91457286432161	0.007033646914414446
23.316582914572866	0.01103780149692032
23.718592964824122	0.011339117143252302
24.12060301507538	0.008422454661226009
24.522613065326635	0.007578710724373429
24.92462311557789	0.014558345391502353
25.326633165829147	0.023729085671636365
25.728643216080403	0.03187792489592465
26.13065326633166	0.03731287082106098
26.532663316582916	0.03883017031274094
26.934673366834172	0.03655780920572986
27.33668341708543	0.030437520801505063
27.738693467336685	0.021783980160534917
28.14070351758794	0.013095237226526705
28.542713567839197	0.008405542654826136
28.944723618090453	0.010401239385526204
29.34673366834171	0.012068681407314128
29.748743718592966	0.010227889619639278
30.150753768844222	0.004478585962253736
30.55276381909548	0.004548241656735433
30.954773869346734	0.015598474644819385
31.35678391959799	0.02618295319702781
31.758793969849247	0.03526728241743608
32.16080402010051	0.04103839507826809
32.56281407035176	0.042469792609304766
32.96482412060302	0.03991801908349407
33.366834170854275	0.03368809970237514
33.76884422110553	0.02538813240990571
34.17085427135679	0.016723590934389597
34.572864321608044	0.010585382049996553
34.9748743718593	0.008897813428240111
35.37688442211056	0.008554200829095278
35.77889447236181	0.00628779142728874
36.18090452261307	0.004418795819721891
36.582914572864325	0.011243614660020235
36.98492462311558	0.02132030038446821
37.38693467336684	0.03181661628856552
37.788944723618094	0.04055695763835182
38.19095477386935	0.04645595251190744
38.59296482412061	0.04861278517678667
38.99497487437186	0.046960593562103775
39.39698492462312	0.04177402403521756
39.798994974874375	0.03422936183176648
40.20100502512563	0.025990381597420224
40.60301507537689	0.018318740442422987
41.005025125628144	0.012515246381762463
41.4070351758794	0.009177897098407922
41.80904522613066	0.008811641897817532
42.21105527638191	0.01319602805065977
42.61306532663317	0.021598803858307435
43.015075376884425	0.03206723479249761
43.41708542713568	0.04260034495546487
43.81909547738694	0.05099819418007997
44.221105527638194	0.05621015804785255
44.62311557788945	0.057326970104059474
45.02512562814071	0.0543469680681606
45.42713567839196	0.048114869365308184
45.82914572864322	0.039696229861275995
46.231155778894475	0.03137781783885339
46.63316582914573	0.02452423610769631
47.03517587939699	0.020154458286913774
47.437185929648244	0.018589316026964262
47.8391959798995	0.020593079591500113
48.24120603015076	0.02643356508523581
48.64321608040201	0.03579884029629778
49.04522613065327	0.046737064029704414
49.447236180904525	0.057442715468641006
49.84924623115578	0.06638029950088256
50.25125628140704	0.07157057085605975
50.653266331658294	0.07278631092750107
51.05527638190955	0.07013291033033377
51.45728643216081	0.06447634037327313
51.85929648241206	0.057486773149001344
52.26130653266332	0.050816357864290874
52.663316582914575	0.046024374871154884
53.06532663316583	0.04363533434539365
53.46733668341709	0.043935156895797536
53.869346733668344	0.04694216778905434
54.2713567839196	0.05202977141173759
54.67336683417086	0.05859663483946591
55.07537688442211	0.06599613103410294
55.47738693467337	0.07223408014778843
55.879396984924625	0.07594729382213077
56.28140703517588	0.07651729924933895
56.68341708542714	0.07392061936313978
57.085427135678394	0.06857165711746996
57.48743718592965	0.06216280973792582
57.88944723618091	0.056388164786481274
58.29145728643216	0.05209133423149881
58.69346733668342	0.049646873012328244
59.095477386934675	0.04884369270172961
59.49748743718593	0.049032606584283836
59.89949748743719	0.05032380842820193
60.301507537688444	0.053005544945855645
60.7035175879397	0.05664491238203091
61.10552763819096	0.060835867558843695
61.50753768844221	0.06434718047943946
61.90954773869347	0.06649518085304154
62.311557788944725	0.06621552957805484
62.71356783919598	0.06384401821725863
63.11557788944724	0.060002973186440746
63.517587939698494	0.055381540412711636
63.91959798994975	0.05141951169014407
64.32160804020101	0.04821083785750642
64.72361809045226	0.04599678886507492
65.12562814070353	0.04443720575803204
65.52763819095478	0.04369833387991452
65.92964824120604	0.04417991959167576
66.33165829145729	0.04693818685032363
66.73366834170855	0.05170108651340638
67.1356783919598	0.057730171208152825
67.53768844221106	0.06340018229201552
67.93969849246231	0.06744370638255055
68.34170854271358	0.06873108114252381
68.74371859296483	0.06727188387691725
69.14572864321609	0.0631597975471976
69.54773869346734	0.057575632770785
69.9497487437186	0.05220705608030746
70.35175879396985	0.047931118878814453
70.75376884422111	0.04495165010145846
71.15577889447236	0.04321300129266317
71.55778894472363	0.04258584118788954
71.95979899497488	0.04342089382463705
72.36180904522614	0.04720868099872817
72.76381909547739	0.053303093395078494
73.16582914572865	0.06031595005538583
73.5678391959799	0.0663960940024385
73.96984924623116	0.0699876815221554
74.37185929648241	0.0706142277106464
74.77386934673368	0.06778322048901829
75.17587939698493	0.06273016737067627
75.57788944723619	0.05694317431420078
75.97989949748744	0.051794187599080874
76.3819095477387	0.04843069375173658
76.78391959798995	0.04690642287289133
77.18592964824121	0.04630367656670771
77.58793969849246	0.04634117928011339
77.98994974874373	0.04791141704555591
78.39195979899498	0.05159195310195822
78.79396984924624	0.05753848557280511
79.19597989949749	0.06396509968427012
79.59798994974875	0.06907181249958763
80.0	0.07121357003998406
