0.0	0.030206436963701684
0.4020100502512563	0.029910454929083875
0.8040201005025126	0.02500370501084497
1.206030150753769	0.01695801896924868
1.6080402010050252	0.009012822670022015
2.0100502512562817	0.010541331239107766
2.412060301507538	0.01739681438786047
2.814070351758794	0.021905237379436553
3.2160804020100504	0.02183918755842642
3.6180904522613067	0.016958374501386063
4.020100502512563	0.008382715482895443
4.42211055276382	0.005656384594870075
4.824120603015076	0.01677403567326044
5.226130653266332	0.0271094079182104
5.628140703517588	0.03436945037879197
6.030150753768845	0.03709597695596721
6.432160804020101	0.035125296105909656
6.834170854271357	0.029615676126600675
7.236180904522613	0.022510919488431015
7.63819095477387	0.016940840041012727
8.040201005025127	0.016019995694462996
8.442211055276383	0.017572475422300584
8.84422110552764	0.01706806174934677
9.246231155778895	0.013281460772119108
9.648241206030152	0.008437061076713851
10.050251256281408	0.013964445030275061
10.452261306532664	0.02623205330219273
10.85427135678392	0.039018752714188934
11.256281407035177	0.04933447779369242
11.658291457286433	0.055873175479928525
12.06030150753769	0.05784356335990394
12.462311557788945	0.05572480560016615
12.864321608040202	0.05057874481304697
13.266331658291458	0.04427893194729988
13.668341708542714	0.03884327374946188
14.07035175879397	0.03516490770340356
14.472361809045227	0.03258957002640871
14.874371859296483	0.029941129398936416
15.27638190954774	0.026836274330654747
15.678391959798995	0.023972321980883372
16.080402010050253	0.024249252705440278
16.48241206030151	0.02987028087973236
16.884422110552766	0.03884161196831158
17.286432160804022	0.04852493493910553
17.68844221105528	0.057366227337840484
18.090452261306535	0.06355722024774718
18.49246231155779	0.06679486123394622
18.894472361809047	0.06712287102342332
19.296482412060303	0.06610150616858602
19.69849246231156	0.06476503218754917
20.100502512562816	0.06361066008899208
20.502512562814072	0.06176217188377
20.90452261306533	0.05853198187167552
21.306532663316585	0.05297750843448916
21.70854271356784	0.04647782866423923
22.110552763819097	0.041634144807685784
22.512562814070353	0.04203175084225642
22.91457286432161	0.04815597482132951
23.316582914572866	0.056688568488175675
23.718592964824122	0.06477486481851553
24.12060301507538	0.07096299538720294
24.522613065326635	0.07498919303947268
24.92462311557789	0.07694055434822018
25.326633165829147	0.07687079454114966
25.728643216080403	0.0751865572635255
26.13065326633166	0.07186195502469361
26.532663316582916	0.06720176698222571
26.934673366834172	0.060981278273745165
27.33668341708543	0.05363003666361068
27.738693467336685	0.04622208701997171
28.14070351758794	0.04122960834712136
28.542713567839197	0.0418055931333869
28.944723618090453	0.048309804751642135
29.34673366834171	0.05747008159149316
29.748743718592966	0.0662324548785753
30.150753768844222	0.07238232827861499
30.55276381909548	0.0752992963753773
30.954773869346734	0.07544434719962868
31.35678391959799	0.07385290673024693
31.758793969849247	0.07122875994908717
32.16080402010051	0.06778280229007513
32.56281407035176	0.0632177225418141
32.96482412060302	0.05690150702944974
33.366834170854275	0.048776647092927505
33.76884422110553	0.040230556630621875
34.17085427135679	0.03440357692661196
34.572864321608044	0.03517392935357948
34.9748743718593	0.04202868496393063
35.37688442211056	0.050790943605531824
35.77889447236181	0.05859462523218684
36.18090452261307	0.06385022483546551
36.582914572864325	0.06667961224651103
36.98492462311558	0.0679039181385191
37.38693467336684	0.06791098177093849
37.788944723618094	0.06698372868582655
38.19095477386935	0.06479512956556296
38.59296482412061	0.0608753533075657
38.99497487437186	0.05495748064016962
39.39698492462312	0.04723059252559933
39.798994974874375	0.03862004185832406
40.20100502512563	0.03178988174256635
40.60301507537689	0.031107965086165756
41.005025125628144	0.03746293063100512
41.4070351758794	0.04686354467414796
41.80904522613066	0.055971273733160035
42.21105527638191	0.063311045383756
42.61306532663317	0.06811296154316482
43.015075376884425	0.07051875525026564
43.41708542713568	0.0709816597079635
43.81909547738694	0.06987884211737788
44.221105527638194	0.06729767984247903
44.62311557788945	0.06365866451890254
45.02512562814071	0.0582255683209679
45.42713567839196	0.050868791138900624
45.82914572864322	0.0428468518278879
46.231155778894475	0.036153227813121136
46.63316582914573	0.034546877503775476
47.03517587939699	0.03987231297421188
47.437185929648244	0.04902615513983874
47.8391959798995	0.05840223421834726
48.24120603015076	0.06543500404500247
48.64321608040201	0.06960160872396534
49.04522613065327	0.07114138209057205
49.447236180904525	0.07054166427723504
49.84924623115578	0.06894463101160765
50.25125628140704	0.06694078341142831
50.653266331658294	0.06442641764552318
51.05527638190955	0.060423338298001825
51.45728643216081	0.054170000691548495
51.85929648241206	0.04655721196353723
52.26130653266332	0.03927278096241792
52.663316582914575	0.03627008825180119
53.06532663316583	0.040616673181804334
53.46733668341709	0.050080092336501715
53.869346733668344	0.06000277980190914
54.2713567839196	0.06799836806501727
54.67336683417086	0.07260072018866195
55.07537688442211	0.07402716887088395
55.47738693467337	0.0733607693871451
55.879396984924625	0.07146813685829867
56.28140703517588	0.06915471338219312
56.68341708542714	0.06658648420815383
57.085427135678394	0.06228470792266248
57.48743718592965	0.05580353839581722
57.88944723618091	0.04719043322916877
58.29145728643216	0.038950267019592255
58.69346733668342	0.03589448745913351
59.095477386934675	0.040941391755212594
59.49748743718593	0.0509469829431176
59.89949748743719	0.06096833854286502
60.301507537688444	0.06822435023791326
60.7035175879397	0.07159708490347923
61.10552763819096	0.07157155044430784
61.50753768844221	0.06967554736022316
61.90954773869347	0.06729883181058233
62.311557788944725	0.06499563450104576
62.71356783919598	0.06268306175731708
63.11557788944724	0.05901800412362455
63.517587939698494	0.05275519385626169
63.91959798994975	0.044484036231753794
64.32160804020101	0.03720685665590549
64.72361809045226	0.03614859075007264
65.12562814070353	0.043196930295078415
65.52763819095478	0.05380970347583974
65.92964824120604	0.06337204134691973
66.33165829145729	0.0695876248280978
66.73366834170855	0.07203020083455938
67.1356783919598	0.07160687646698441
67.53768844221106	0.06958948322806673
67.93969849246231	0.06753313340031558
68.34170854271358	0.06552197277332275
68.74371859296483	0.06307938570201396
69.14572864321609	0.05886398571767511
69.54773869346734	0.052463513264537145
69.9497487437186	0.04455629284749309
70.35175879396985	0.037754128391613594
70.75376884422111	0.0367575025929804
71.15577889447236	0.04273143542245508
71.55778894472363	0.052443513074767224
71.95979899497488	0.06139555169452273
72.36180904522614	0.06761509569120175
72.76381909547739	0.0703494693115915
73.16582914572865	0.0702002886783912
73.5678391959799	0.06849842667762336
73.96984924623116	0.06617724875669649
74.37185929648241	0.06437423773843201
74.77386934673368	0.06208894462413732
75.17587939698493	0.05868554060201179
75.57788944723619	0.05306952456311459
75.97989949748744	0.04596094950669248
76.3819095477387	0.040003882562592866
76.78391959798995	0.03924980316457537
77.18592964824121	0.04574244072064093
77.58793969849246	0.05547937646914797
77.98994974874373	0.06438875923240142
78.39195979899498	0.07064549931514796
78.79396984924624	0.07314897782879493
79.19597989949749	0.07242807591155084
79.59798994974875	0.06998421387922343
80.0	0.06690587378868962
