0.0	0.025772602338010653
0.4020100502512563	0.025709661427643887
0.8040201005025126	0.021402172110648626
1.206030150753769	0.013691049996968477
1.6080402010050252	0.005248655037320674
2.0100502512562817	0.006500326897115978
2.412060301507538	0.013592198142193326
2.814070351758794	0.017957643996745275
3.2160804020100504	0.018127420130869126
3.6180904522613067	0.013990434855313792
4.020100502512563	0.00662469284381344
4.42211055276382	0.003306584443083705
4.824120603015076	0.013347383278748504
5.226130653266332	0.02187666062787786
5.628140703517588	0.02741140661475324
6.030150753768845	0.02903868618290346
6.432160804020101	0.026412536891691263
6.834170854271357	0.02020920653642494
7.236180904522613	0.01174673617898532
7.63819095477387	0.0040800107152192434
8.040201005025127	0.007605802159247258
8.442211055276383	0.013049954763911922
8.84422110552764	0.015156817926965712
9.246231155778895	0.013375475512479584
9.648241206030152	0.008283985320120481
10.050251256281408	0.001241098584198162
10.452261306532664	0.007782730613626751
10.85427135678392	0.015564761352299474
11.256281407035177	0.021056467381984342
11.658291457286433	0.023407855034605015
12.06030150753769	0.021902046829307263
12.462311557788945	0.017017168841977386
12.864321608040202	0.009834107325670104
13.266331658291458	0.004402862171517899
13.668341708542714	0.009589068210543499
14.07035175879397	0.015364700649277136
14.472361809045227	0.018173219516428016
14.874371859296483	0.0167870019157692
15.27638190954774	0.01171661561221328
15.678391959798995	0.005126195804013006
16.080402010050253	0.008829825634339669
16.48241206030151	0.01739770508484896
16.884422110552766	0.024337822044608118
17.286432160804022	0.027724897613771882
17.68844221105528	0.026765351240470504
18.090452261306535	0.021741102750690165
18.49246231155779	0.014480705679814066
18.894472361809047	0.008662019678467716
19.296482412060303	0.011974577450715219
19.69849246231156	0.01835050466136774
20.100502512562816	0.02262539903290989
20.502512562814072	0.023023728765351067
20.90452261306533	0.02020043337332316
21.306532663316585	0.01482618921242349
21.70854271356784	0.010523876602407594
22.110552763819097	0.011604382637767112
22.512562814070353	0.016338326208682127
22.91457286432161	0.01986204556192645
23.316582914572866	0.0206096227233878
23.718592964824122	0.0180873151000376
24.12060301507538	0.012995270929372532
24.522613065326635	0.0064411866870194056
24.92462311557789	0.003240165310093415
25.326633165829147	0.00877187791183512
25.728643216080403	0.01354665086803194
26.13065326633166	0.016435510306912673
26.532663316582916	0.017567901615302688
26.934673366834172	0.01808447008130776
27.33668341708543	0.01939897264113493
27.738693467336685	0.02241278632054238
28.14070351758794	0.02596992478877196
28.542713567839197	0.028844321248316557
28.944723618090453	0.029102697655407784
29.34673366834171	0.026168465884551222
29.748743718592966	0.020368562564993895
30.150753768844222	0.011923491356309901
30.55276381909548	0.004325686685156415
30.954773869346734	0.009491376510971662
31.35678391959799	0.01682348015696254
31.758793969849247	0.021584976146551818
32.16080402010051	0.023442321391494828
32.56281407035176	0.02372451554647748
32.96482412060302	0.0240401670665888
33.366834170854275	0.025981431722509735
33.76884422110553	0.028897893670366614
34.17085427135679	0.030975273432093914
34.572864321608044	0.030940499186383048
34.9748743718593	0.02868153567289163
35.37688442211056	0.02386465375311599
35.77889447236181	0.01808296508178947
36.18090452261307	0.012416708744049867
36.582914572864325	0.00972963745308409
36.98492462311558	0.012426788408589993
37.38693467336684	0.017379392152217475
37.788944723618094	0.0221830942051648
38.19095477386935	0.025730600059201796
38.59296482412061	0.028209719327562194
38.99497487437186	0.03013042305744466
39.39698492462312	0.031589308312084396
39.798994974874375	0.03280095423383832
40.20100502512563	0.03331513529894443
40.60301507537689	0.032196865333403754
41.005025125628144	0.029086966047228775
41.4070351758794	0.024376008800929157
41.80904522613066	0.019135765677649262
42.21105527638191	0.015806502352913848
42.61306532663317	0.017129464119470576
43.015075376884425	0.021337031137524443
43.41708542713568	0.025887197612296808
43.81909547738694	0.02987904960230665
44.221105527638194	0.03326901136044138
44.62311557788945	0.03623803734893309
45.02512562814071	0.039070481375984276
45.42713567839196	0.04151779079573597
45.82914572864322	0.042935346085688886
46.231155778894475	0.04278458461837033
46.63316582914573	0.04050815689953166
47.03517587939699	0.03663127825585626
47.437185929648244	0.03182197218497832
47.8391959798995	0.02754564890383015
48.24120603015076	0.025706550141475132
48.64321608040201	0.026905458085382878
49.04522613065327	0.0302727814198132
49.447236180904525	0.03449022507614277
49.84924623115578	0.03921345531253351
50.25125628140704	0.04439722187641766
50.653266331658294	0.049692065553367644
51.05527638190955	0.0550551171354902
51.45728643216081	0.059564084984945975
51.85929648241206	0.06258220921973544
52.26130653266332	0.06349549024108857
52.663316582914575	0.06265412689591227
53.06532663316583	0.05995208826074734
53.46733668341709	0.05626471566466066
53.869346733668344	0.05247507530268529
54.2713567839196	0.04987365414337626
54.67336683417086	0.04874631361129964
55.07537688442211	0.04961522628531721
55.47738693467337	0.05231952767622122
55.879396984924625	0.05652430301375183
56.28140703517588	0.06143041255900643
56.68341708542714	0.06629279629449
57.085427135678394	0.07026199367485267
57.48743718592965	0.07253620876106284
57.88944723618091	0.07258986944328784
58.29145728643216	0.07062274084702122
58.69346733668342	0.06638850385774465
59.095477386934675	0.06114981646035923
59.49748743718593	0.05548584870393074
59.89949748743719	0.05089427695053017
60.301507537688444	0.04840087018796771
60.7035175879397	0.04850493054678019
61.10552763819096	0.05136244689317088
61.50753768844221	0.05536894302260914
61.90954773869347	0.060158814226448365
62.311557788944725	0.06421840035627131
62.71356783919598	0.06754268780506657
63.11557788944724	0.06934411467534982
63.517587939698494	0.06950355754640655
63.91959798994975	0.06744558471099835
64.32160804020101	0.0636411906075149
64.72361809045226	0.058073500873205085
65.12562814070353	0.05173671466566121
65.52763819095478	0.04551274539694543
65.92964824120604	0.041083268979056516
66.33165829145729	0.03940186056885794
66.73366834170855	0.041312136498855304
67.1356783919598	0.04568060613380441
67.53768844221106	0.051449517965254134
67.93969849246231	0.05776932528351116
68.34170854271358	0.06323694540382371
68.74371859296483	0.06705746945319789
69.14572864321609	0.06889943746460725
69.54773869346734	0.06810870163714758
69.9497487437186	0.06490174516070846
70.35175879396985	0.05974635510127616
70.75376884422111	0.0529752268808741
71.15577889447236	0.04613703463226047
71.55778894472363	0.04015569904025555
71.95979899497488	0.03653799797650529
72.36180904522614	0.036338933812754916
72.76381909547739	0.03967618540329621
73.16582914572865	0.04568951822438577
73.5678391959799	0.05280925670059302
73.96984924623116	0.0596596163481649
74.37185929648241	0.06515789918939155
74.77386934673368	0.0685736978140504
75.17587939698493	0.0691104726055554
75.57788944723619	0.06703361296057297
75.97989949748744	0.06264813128387706
76.3819095477387	0.05674883460618946
76.78391959798995	0.050445955931661776
77.18592964824121	0.04432329428850248
77.58793969849246	0.03974077790238827
77.98994974874373	0.03797191471474634
78.39195979899498	0.039696416388835164
78.79396984924624	0.0444279616765904
79.19597989949749	0.05093983446102235
79.59798994974875	0.05791498059372886
80.0	0.06418166299041611
