0.0	0.019134991833271227
0.4020100502512563	0.017944806777441886
0.8040201005025126	0.013894782292787974
1.206030150753769	0.008211930010725647
1.6080402010050252	0.004569287133867444
2.0100502512562817	0.007943054928584556
2.412060301507538	0.01199180265044169
2.814070351758794	0.014228428709673484
3.2160804020100504	0.01295966810012907
3.6180904522613067	0.008809937538453608
4.020100502512563	0.00278053591163284
4.42211055276382	0.004624606994407846
4.824120603015076	0.01187596285541064
5.226130653266332	0.0176715006750859
5.628140703517588	0.020919162405933032
6.030150753768845	0.021310747075033002
6.432160804020101	0.018755790464178773
6.834170854271357	0.014411684925896246
7.236180904522613	0.010337484314479934
7.63819095477387	0.009723582320752225
8.040201005025127	0.012241718166170678
8.442211055276383	0.014121747393244418
8.84422110552764	0.013879830996749656
9.246231155778895	0.011122184111295171
9.648241206030152	0.0073540784139827595
10.050251256281408	0.007257392862091924
10.452261306532664	0.01226079387511281
10.85427135678392	0.017005789530908103
11.256281407035177	0.01999932512214303
11.658291457286433	0.020039888727208462
12.06030150753769	0.01746421211637385
12.462311557788945	0.013410225470796294
12.864321608040202	0.011363475215870214
13.266331658291458	0.014266875538326496
13.668341708542714	0.019512148205300867
14.07035175879397	0.02351217084426912
14.472361809045227	0.02490398161616993
14.874371859296483	0.02289272242059764
15.27638190954774	0.01794060546524812
15.678391959798995	0.012708260865650989
16.080402010050253	0.013203539634562101
16.48241206030151	0.019557890083768795
16.884422110552766	0.02619106710752228
17.286432160804022	0.030224687955703888
17.68844221105528	0.030362837249377644
18.090452261306535	0.02681599493861956
18.49246231155779	0.021088558783301077
18.894472361809047	0.017009686853170315
19.296482412060303	0.019611467338430166
19.69849246231156	0.026365481708400324
20.100502512562816	0.031943641850769346
20.502512562814072	0.034123716968396216
20.90452261306533	0.03230503552240846
21.306532663316585	0.027447353423912673
21.70854271356784	0.021737202803092177
22.110552763819097	0.019343061661155472
22.512562814070353	0.022060308970977584
22.91457286432161	0.02612400324768649
23.316582914572866	0.028294380376634287
23.718592964824122	0.027225273890952122
24.12060301507538	0.023909357654924406
24.522613065326635	0.02091675928950641
24.92462311557789	0.021746449171610054
25.326633165829147	0.02665462557684814
25.728643216080403	0.0317135829947183
26.13065326633166	0.03464883385990635
26.532663316582916	0.034254889789618756
26.934673366834172	0.031504486797871406
27.33668341708543	0.028120854744375402
27.738693467336685	0.026847756208064955
28.14070351758794	0.02891783960445877
28.542713567839197	0.03268220375511855
28.944723618090453	0.03524329729984478
29.34673366834171	0.03520376373097102
29.748743718592966	0.03242113780137924
30.150753768844222	0.02805687587824516
30.55276381909548	0.025187814629341103
30.954773869346734	0.02724936195698598
31.35678391959799	0.03271361513342466
31.758793969849247	0.03832436982242403
32.16080402010051	0.04136924839769033
32.56281407035176	0.04156483151613237
32.96482412060302	0.039327866959257496
33.366834170854275	0.03645496066311242
33.76884422110553	0.034721549749172506
34.17085427135679	0.0352717384205763
34.572864321608044	0.037243547067227274
34.9748743718593	0.038639054343734124
35.37688442211056	0.038730967813618955
35.77889447236181	0.03730473173855653
36.18090452261307	0.035934052762410525
36.582914572864325	0.03689662737763821
36.98492462311558	0.04086043994547543
37.38693467336684	0.04684367768876108
37.788944723618094	0.052569907728731845
38.19095477386935	0.05633834313671301
38.59296482412061	0.0578531423243762
38.99497487437186	0.0566610807462672
39.39698492462312	0.05423457149556987
39.798994974874375	0.051904918700694955
40.20100502512563	0.050509269243370826
40.60301507537689	0.050722333576341525
41.005025125628144	0.05186114695944721
41.4070351758794	0.05341698110478491
41.80904522613066	0.05571150718725458
42.21105527638191	0.059110666157577055
42.61306532663317	0.06381846530226187
43.015075376884425	0.06877905726173814
43.41708542713568	0.07239417375306069
43.81909547738694	0.07342228118732017
44.221105527638194	0.0707177017633897
44.62311557788945	0.06423601985248412
45.02512562814071	0.05538843929341484
45.42713567839196	0.046729336366170424
45.82914572864322	0.041182266222299466
46.231155778894475	0.0411225171187641
46.63316582914573	0.045979854569067405
47.03517587939699	0.052910997302530724
47.437185929648244	0.060117660202615844
47.8391959798995	0.06649611493174294
48.24120603015076	0.07089867358108823
48.64321608040201	0.07292816315786976
49.04522613065327	0.07202606374552298
49.447236180904525	0.06842127398491614
49.84924623115578	0.06258860011207584
50.25125628140704	0.05487324027691368
50.653266331658294	0.04601961317283668
51.05527638190955	0.03688883318740712
51.45728643216081	0.029891133894210137
51.85929648241206	0.028808544787598728
52.26130653266332	0.03486760126962483
52.663316582914575	0.044033476921562106
53.06532663316583	0.053184284356143405
53.46733668341709	0.06042548317242376
53.869346733668344	0.06486500333482635
54.2713567839196	0.06659078215090478
54.67336683417086	0.06555430916430828
55.07537688442211	0.062250262247526014
55.47738693467337	0.057642343896212
55.879396984924625	0.051793948773913766
56.28140703517588	0.04480327625932616
56.68341708542714	0.037276677406429995
57.085427135678394	0.03065657104614774
57.48743718592965	0.02840770212535119
57.88944723618091	0.032560951639894135
58.29145728643216	0.041124217826159354
58.69346733668342	0.05040669605989777
59.095477386934675	0.05780409012169148
59.49748743718593	0.06243077435458507
59.89949748743719	0.06388109273439578
60.301507537688444	0.06261600006524824
60.7035175879397	0.059788359994224924
61.10552763819096	0.05642662588889659
61.50753768844221	0.05276094792058479
61.90954773869347	0.04866377228322545
62.311557788944725	0.043686950398380095
62.71356783919598	0.03849912753077533
63.11557788944724	0.034876597935852655
63.517587939698494	0.035688114506627386
63.91959798994975	0.0413444215108888
64.32160804020101	0.04926910373604166
64.72361809045226	0.05644609102434487
65.12562814070353	0.060827744301729915
65.52763819095478	0.0621651697117294
65.92964824120604	0.06053245667149063
66.33165829145729	0.05687752960862795
66.73366834170855	0.05293399672648669
67.1356783919598	0.04948145369005674
67.53768844221106	0.046469347698959974
67.93969849246231	0.04336854544635203
68.34170854271358	0.039514532701329555
68.74371859296483	0.03552419102781701
69.14572864321609	0.033512229826849226
69.54773869346734	0.03530931190204971
69.9497487437186	0.04123523932993087
70.35175879396985	0.048499888782053135
70.75376884422111	0.05501307176566104
71.15577889447236	0.05888983461907897
71.55778894472363	0.05949392175601366
71.95979899497488	0.05733428743398163
72.36180904522614	0.05385508801395381
72.76381909547739	0.050185328820599416
73.16582914572865	0.04744084718772692
73.5678391959799	0.04529169465053029
73.96984924623116	0.04270091550700997
74.37185929648241	0.03944353889502965
74.77386934673368	0.03578897643997918
75.17587939698493	0.03418227143510462
75.57788944723619	0.0370890838111648
75.97989949748744	0.04381324936982854
76.3819095477387	0.05139059737393083
76.78391959798995	0.057439226301217616
77.18592964824121	0.06022459600020554
77.58793969849246	0.05950858393353735
77.98994974874373	0.056169557939583746
78.39195979899498	0.051605096621715016
78.79396984924624	0.047231803871814755
79.19597989949749	0.04361271222161771
79.59798994974875	0.04061441620988691
80.0	0.03731518489535958
