0.0	0.008348718619299771
0.4020100502512563	0.007217820184480131
0.8040201005025126	0.0048680054470396665
1.206030150753769	0.0027315323302823844
1.6080402010050252	0.0031478799070672712
2.0100502512562817	0.005260198893624943
2.412060301507538	0.006811793187371497
2.814070351758794	0.007480182944572036
3.2160804020100504	0.006504428039277563
3.6180904522613067	0.0045148397131657666
4.020100502512563	0.0016795258640335698
4.42211055276382	0.001578882130645963
4.824120603015076	0.004152460466672755
5.226130653266332	0.006134701048675471
5.628140703517588	0.006937625505393154
6.030150753768845	0.006362995225372011
6.432160804020101	0.004901679059305308
6.834170854271357	0.003782660983571914
7.236180904522613	0.004682798370199239
7.63819095477387	0.006860626231004438
8.040201005025127	0.008902565053000185
8.442211055276383	0.009878647973410109
8.84422110552764	0.009626330611474219
9.246231155778895	0.008166826881881027
9.648241206030152	0.0058646902320987114
10.050251256281408	0.0032990131564107376
10.452261306532664	0.0017399938293625752
10.85427135678392	0.0021204013217171027
11.256281407035177	0.002895614766343264
11.658291457286433	0.0034431586920089297
12.06030150753769	0.004459502569638123
12.462311557788945	0.0071056313231366046
12.864321608040202	0.010553933045631859
13.266331658291458	0.014451799520955554
13.668341708542714	0.017688040828952693
14.07035175879397	0.01972358986247881
14.472361809045227	0.02029618465800317
14.874371859296483	0.019121293415451296
15.27638190954774	0.016505465473324116
15.678391959798995	0.013106414377179238
16.080402010050253	0.009534840729043682
16.48241206030151	0.006895043842260107
16.884422110552766	0.0052989816505612
17.286432160804022	0.004968507593343894
17.68844221105528	0.006420384987794818
18.090452261306535	0.009846564478057832
18.49246231155779	0.014400931537616856
18.894472361809047	0.01920036602399973
19.296482412060303	0.02350114878465455
19.69849246231156	0.026473541337514388
20.100502512562816	0.027743419122312284
20.502512562814072	0.02743762828080213
20.90452261306533	0.025790178215197572
21.306532663316585	0.023767327998983713
21.70854271356784	0.021669522460650847
22.110552763819097	0.020122955930025454
22.512562814070353	0.01912198488531203
22.91457286432161	0.01852321941368248
23.316582914572866	0.01868763846803532
23.718592964824122	0.019824352960532605
24.12060301507538	0.021853086434899895
24.522613065326635	0.024564297198977788
24.92462311557789	0.027088374339113857
25.326633165829147	0.029134856153386103
25.728643216080403	0.030545201126174436
26.13065326633166	0.031203385762809583
26.532663316582916	0.03171149041440111
26.934673366834172	0.03207519411054588
27.33668341708543	0.032382058408967684
27.738693467336685	0.032625107575562286
28.14070351758794	0.0325612868805176
28.542713567839197	0.03205233255150928
28.944723618090453	0.03138757804476924
29.34673366834171	0.031078488355897653
29.748743718592966	0.031534937817568
30.150753768844222	0.0324878100150762
30.55276381909548	0.03423502082699788
30.954773869346734	0.036540564028141466
31.35678391959799	0.03921928751914185
31.758793969849247	0.0414905260073423
32.16080402010051	0.0435614154729758
32.56281407035176	0.04531650556047801
32.96482412060302	0.04665229847485812
33.366834170854275	0.048151529921990135
33.76884422110553	0.04921878644017073
34.17085427135679	0.05018545848108021
34.572864321608044	0.05104373129940716
34.9748743718593	0.05199702097270925
35.37688442211056	0.053145801594745946
35.77889447236181	0.05433234827803553
36.18090452261307	0.05602702376304236
36.582914572864325	0.05803502658553315
36.98492462311558	0.06014163044576058
37.38693467336684	0.06223014036371781
37.788944723618094	0.06367808339730806
38.19095477386935	0.06429877806443325
38.59296482412061	0.06393658370498344
38.99497487437186	0.0628905377583127
39.39698492462312	0.06129963527542048
39.798994974874375	0.059574818224967206
40.20100502512563	0.05821575980097458
40.60301507537689	0.05748680155770987
41.005025125628144	0.05763947626602406
41.4070351758794	0.0582569530491483
41.80904522613066	0.05933775234911851
42.21105527638191	0.0607223664297681
42.61306532663317	0.06197024678810089
43.015075376884425	0.06302383356639017
43.41708542713568	0.06369567345808211
43.81909547738694	0.06345608917118775
44.221105527638194	0.062120759505871925
44.62311557788945	0.059939350888312024
45.02512562814071	0.057528087888762215
45.42713567839196	0.05537429825243865
45.82914572864322	0.05434833866621884
46.231155778894475	0.05453109689718462
46.63316582914573	0.055342128222469
47.03517587939699	0.05633223166706743
47.437185929648244	0.057068310268604115
47.8391959798995	0.057707786082210985
48.24120603015076	0.05808473520908726
48.64321608040201	0.0582027740604054
49.04522613065327	0.05814094022461066
49.447236180904525	0.057848689297984854
49.84924623115578	0.05736217060319948
50.25125628140704	0.05689920891349347
50.653266331658294	0.05652585243292516
51.05527638190955	0.05662774860492081
51.45728643216081	0.05727388003854653
51.85929648241206	0.058037486592205055
52.26130653266332	0.05895749833204961
52.663316582914575	0.059302102976780714
53.06532663316583	0.059073351744525396
53.46733668341709	0.05826216035062363
53.869346733668344	0.05689780275347199
54.2713567839196	0.05560087855700317
54.67336683417086	0.05479156736069522
55.07537688442211	0.05436684877561917
55.47738693467337	0.0543197448581321
55.879396984924625	0.054994347591443046
56.28140703517588	0.05594874549184069
56.68341708542714	0.05750575831856712
57.085427135678394	0.05904294956283973
57.48743718592965	0.060343187093210925
57.88944723618091	0.06115903027101305
58.29145728643216	0.06135027776319048
58.69346733668342	0.06061871053271815
59.095477386934675	0.05873645234579885
59.49748743718593	0.05610354467021127
59.89949748743719	0.05303753047117811
60.301507537688444	0.05047764976537772
60.7035175879397	0.04909388170743923
61.10552763819096	0.04894175267934383
61.50753768844221	0.05012501863308007
61.90954773869347	0.05229355216290328
62.311557788944725	0.05505887605213444
62.71356783919598	0.057970961903409134
63.11557788944724	0.06062719697646386
63.517587939698494	0.06239572420694891
63.91959798994975	0.06304645374976933
64.32160804020101	0.06222989237749442
64.72361809045226	0.060008992385641655
65.12562814070353	0.05671322784301991
65.52763819095478	0.053138498421555935
65.92964824120604	0.04987412389804367
66.33165829145729	0.04792274365481654
66.73366834170855	0.0477576223495438
67.1356783919598	0.04903566444229404
67.53768844221106	0.051695676468223206
67.93969849246231	0.05513306315202243
68.34170854271358	0.05832469527765305
68.74371859296483	0.060801811866620536
69.14572864321609	0.06219904277874083
69.54773869346734	0.06239314782506651
69.9497487437186	0.06172698065274799
70.35175879396985	0.05983205440596525
70.75376884422111	0.057400398068650195
71.15577889447236	0.05429439626404172
71.55778894472363	0.0515732698576009
71.95979899497488	0.04942628144248981
72.36180904522614	0.048647012458204526
72.76381909547739	0.0494208288380444
73.16582914572865	0.0511009746455505
73.5678391959799	0.05364206008705065
73.96984924623116	0.056319853588629246
74.37185929648241	0.05847762928436344
74.77386934673368	0.05963513815349315
75.17587939698493	0.0600035754572396
75.57788944723619	0.05933674757766736
75.97989949748744	0.057928242713295365
76.3819095477387	0.05592349552414053
76.78391959798995	0.05383407463831846
77.18592964824121	0.05195125379436839
77.58793969849246	0.05045900686286188
77.98994974874373	0.04968740596727972
78.39195979899498	0.0498177125030967
78.79396984924624	0.05111243725980974
79.19597989949749	0.05307158003928193
79.59798994974875	0.055067674012295655
80.0	0.05703642136491342
