0.0	0.01381548416367168
0.4020100502512563	0.01537869524601353
0.8040201005025126	0.014565589725753576
1.206030150753769	0.011250646494091767
1.6080402010050252	0.006480827398619493
2.0100502512562817	0.0017991355365101398
2.412060301507538	0.004267656869264122
2.814070351758794	0.00773324871750118
3.2160804020100504	0.008849286189911647
3.6180904522613067	0.00763910238250512
4.020100502512563	0.00420945150948717
4.42211055276382	0.0019834745767749766
4.824120603015076	0.008068739510607029
5.226130653266332	0.01423802534638367
5.628140703517588	0.019174517158631908
6.030150753768845	0.02202247724304433
6.432160804020101	0.02244121787716374
6.834170854271357	0.020495183084885574
7.236180904522613	0.01658663633701119
7.63819095477387	0.011757639573339036
8.040201005025127	0.006903221040628639
8.442211055276383	0.003177063503811621
8.84422110552764	0.001381684401529736
9.246231155778895	0.002112279972685493
9.648241206030152	0.005370836047784106
10.050251256281408	0.010778320481425869
10.452261306532664	0.017577566718455707
10.85427135678392	0.024312405870189097
11.256281407035177	0.03048013896482925
11.658291457286433	0.03510771347237925
12.06030150753769	0.0371095840406391
12.462311557788945	0.03658348057026502
12.864321608040202	0.03390706364697262
13.266331658291458	0.02967919840774718
13.668341708542714	0.025178824004824175
14.07035175879397	0.021264398062665772
14.472361809045227	0.019201367809519213
14.874371859296483	0.019618908645596886
15.27638190954774	0.02277518323947432
15.678391959798995	0.028591608149659685
16.080402010050253	0.03605147983602423
16.48241206030151	0.04421324113743114
16.884422110552766	0.05140611635147809
17.286432160804022	0.05643591524166567
17.68844221105528	0.05807031331462202
18.090452261306535	0.05608193530470179
18.49246231155779	0.05074766805748833
18.894472361809047	0.043391651386421884
19.296482412060303	0.03579619413685054
19.69849246231156	0.029118553413479846
20.100502512562816	0.02456540556256314
20.502512562814072	0.022939289768782976
20.90452261306533	0.024829099060096758
21.306532663316585	0.03037571952090003
21.70854271356784	0.038546821657683916
22.110552763819097	0.047875452092202314
22.512562814070353	0.05648340613743914
22.91457286432161	0.06268671334166837
23.316582914572866	0.06590591254697085
23.718592964824122	0.06546000029894768
24.12060301507538	0.06194542344346847
24.522613065326635	0.0558719101790345
24.92462311557789	0.048408232051076916
25.326633165829147	0.040911998916800314
25.728643216080403	0.03442747924936846
26.13065326633166	0.030049327306804686
26.532663316582916	0.02907167622909986
26.934673366834172	0.03180692641426995
27.33668341708543	0.03813626610045355
27.738693467336685	0.04632778799602089
28.14070351758794	0.05545806699299405
28.542713567839197	0.0640825494096579
28.944723618090453	0.07072513138077054
29.34673366834171	0.07468051482809347
29.748743718592966	0.07538647583380774
30.150753768844222	0.07292653391084074
30.55276381909548	0.0675834222457611
30.954773869346734	0.059982118863940934
31.35678391959799	0.05144648241595614
31.758793969849247	0.04326385101378128
32.16080402010051	0.03723966645410727
32.56281407035176	0.0343441696602521
32.96482412060302	0.03531403293500136
33.366834170854275	0.039905053790077215
33.76884422110553	0.04749065972968418
34.17085427135679	0.05659412016064266
34.572864321608044	0.06567211127103242
34.9748743718593	0.07306573723521534
35.37688442211056	0.07755649428896506
35.77889447236181	0.078433455590655
36.18090452261307	0.07531135348204858
36.582914572864325	0.06911351790902621
36.98492462311558	0.060335622924411594
37.38693467336684	0.050809020106791
37.788944723618094	0.041714805725456626
38.19095477386935	0.035030091347529387
38.59296482412061	0.03137018270925544
38.99497487437186	0.03160319696831577
39.39698492462312	0.0353067378452544
39.798994974874375	0.04232331315604703
40.20100502512563	0.05126398560082309
40.60301507537689	0.060527006399622205
41.005025125628144	0.06865109893110613
41.4070351758794	0.07393035793959084
41.80904522613066	0.07552029592152518
42.21105527638191	0.07299136051182693
42.61306532663317	0.06705440142597005
43.015075376884425	0.05850457675556483
43.41708542713568	0.04906505520249448
43.81909547738694	0.04059368933008719
44.221105527638194	0.034528820628506776
44.62311557788945	0.03219552787046645
45.02512562814071	0.03397355596400488
45.42713567839196	0.03975870544661232
45.82914572864322	0.04855661730316796
46.231155778894475	0.05838756875273264
46.63316582914573	0.0674186378248156
47.03517587939699	0.07412119630349256
47.437185929648244	0.07725261701780975
47.8391959798995	0.07616814349876595
48.24120603015076	0.0714942085114037
48.64321608040201	0.06408668746773147
49.04522613065327	0.05556203316424755
49.447236180904525	0.047413490590730835
49.84924623115578	0.04091029296935642
50.25125628140704	0.037233217600550685
50.653266331658294	0.03693658664026441
51.05527638190955	0.04017853987496111
51.45728643216081	0.04632200610580491
51.85929648241206	0.054269312082942577
52.26130653266332	0.06235380023877392
52.663316582914575	0.06897835902522007
53.06532663316583	0.07324837968588042
53.46733668341709	0.0741499222172254
53.869346733668344	0.07156520422313023
54.2713567839196	0.06579288781892763
54.67336683417086	0.05785149043735917
55.07537688442211	0.049214284577008355
55.47738693467337	0.041330010764432386
55.879396984924625	0.03550709309500972
56.28140703517588	0.033079083539696595
56.68341708542714	0.03433509884350122
57.085427135678394	0.03888531771652887
57.48743718592965	0.045703622709326666
57.88944723618091	0.053848036040166025
58.29145728643216	0.06151792028041538
58.69346733668342	0.06761197534905752
59.095477386934675	0.0708575568497511
59.49748743718593	0.07086954649023783
59.89949748743719	0.06800007969106092
60.301507537688444	0.06218331761448866
60.7035175879397	0.05484417921904529
61.10552763819096	0.04729828726760007
61.50753768844221	0.04065316287123229
61.90954773869347	0.036206561699734394
62.311557788944725	0.03501628397031574
62.71356783919598	0.036747390881171856
63.11557788944724	0.04130386161673373
63.517587939698494	0.04800482607068581
63.91959798994975	0.055487732893168475
64.32160804020101	0.062387274920166456
64.72361809045226	0.06756523860884836
65.12562814070353	0.07002603835440656
65.52763819095478	0.06916616108763647
65.92964824120604	0.06528790890492023
66.33165829145729	0.05847059723309126
66.73366834170855	0.05043688954129237
67.1356783919598	0.04244473258309333
67.53768844221106	0.03590737463801995
67.93969849246231	0.032265765912844316
68.34170854271358	0.0318614222746386
68.74371859296483	0.0343655757709486
69.14572864321609	0.03965429739295917
69.54773869346734	0.046558404489209074
69.9497487437186	0.05444647498578035
70.35175879396985	0.061461298086683526
70.75376884422111	0.06652973005225828
71.15577889447236	0.06870415858499526
71.55778894472363	0.06765404868906269
71.95979899497488	0.0632716452420344
72.36180904522614	0.056503397873843716
72.76381909547739	0.048884430231776625
73.16582914572865	0.04178308691138366
73.5678391959799	0.03685761854056256
73.96984924623116	0.034786288383168114
74.37185929648241	0.0359161491113114
74.77386934673368	0.03979421781480326
75.17587939698493	0.04632896755085102
75.57788944723619	0.054618384750878005
75.97989949748744	0.06322497157187866
76.3819095477387	0.07042362616456697
76.78391959798995	0.07461738912482303
77.18592964824121	0.07486967992308824
77.58793969849246	0.07117295125429492
77.98994974874373	0.06422128762884817
78.39195979899498	0.0554576885320795
78.79396984924624	0.04662222124136999
79.19597989949749	0.03979547231561566
79.59798994974875	0.036234555013576794
80.0	0.03642115948938162
