0.0	0.00344628485994445
0.4020100502512563	0.00342544263982363
0.8040201005025126	0.004355806467055881
1.206030150753769	0.005341952135111529
1.6080402010050252	0.00572099327494026
2.0100502512562817	0.005724807816327342
2.412060301507538	0.005027021234394045
2.814070351758794	0.0036557044206627677
3.2160804020100504	0.0025540551915888042
3.6180904522613067	0.001697564346462176
4.020100502512563	0.0018943292193080914
4.42211055276382	0.002181395340303225
4.824120603015076	0.0022284104146174676
5.226130653266332	0.003001107497140631
5.628140703517588	0.004386286335805229
6.030150753768845	0.006647330133611888
6.432160804020101	0.008754880060088498
6.834170854271357	0.010515246947305877
7.236180904522613	0.0120004496794462
7.63819095477387	0.01256506284841003
8.040201005025127	0.012457447127694095
8.442211055276383	0.011802703250347352
8.84422110552764	0.010735008398355039
9.246231155778895	0.009776973903561612
9.648241206030152	0.009400980593434012
10.050251256281408	0.010037797343345773
10.452261306532664	0.011559872280451114
10.85427135678392	0.013693134564982334
11.256281407035177	0.016110670629333197
11.658291457286433	0.018720386902362537
12.06030150753769	0.020752736132883597
12.462311557788945	0.022479738903311907
12.864321608040202	0.02353304073000714
13.266331658291458	0.0229688005884654
13.668341708542714	0.02141316636449228
14.07035175879397	0.019551392937448946
14.472361809045227	0.01752093089122839
14.874371859296483	0.01773421286552297
15.27638190954774	0.019497654327589084
15.678391959798995	0.022005147699707787
16.080402010050253	0.02504140912016974
16.48241206030151	0.02876226932207725
16.884422110552766	0.03511318479786933
17.286432160804022	0.04441296205812146
17.68844221105528	0.0548494270952589
18.090452261306535	0.06456535987955139
18.49246231155779	0.07105248981049889
18.894472361809047	0.07227665881725287
19.296482412060303	0.06748104116519045
19.69849246231156	0.057605689377863145
20.100502512562816	0.04558561020791344
20.502512562814072	0.034695250020306
20.90452261306533	0.030078873172229754
21.306532663316585	0.03098234771668032
21.70854271356784	0.03509566211834908
22.110552763819097	0.04292623557730015
22.512562814070353	0.055757356905548686
22.91457286432161	0.07143387857315661
23.316582914572866	0.08598418155003205
23.718592964824122	0.0948411573902258
24.12060301507538	0.09495301902688491
24.522613065326635	0.08572865624180863
24.92462311557789	0.06923494267364595
25.326633165829147	0.04815434569588468
25.728643216080403	0.02753539633101048
26.13065326633166	0.014227561392328236
26.532663316582916	0.013896692986413387
26.934673366834172	0.01930965295728912
27.33668341708543	0.02829778022317887
27.738693467336685	0.0434200406397132
28.14070351758794	0.061515039675389495
28.542713567839197	0.07805455988129624
28.944723618090453	0.08874871312658748
29.34673366834171	0.09085253635523081
29.748743718592966	0.08330596655073644
30.150753768844222	0.06688614621117314
30.55276381909548	0.04494185457076629
30.954773869346734	0.02277404698884083
31.35678391959799	0.018213832157488362
31.758793969849247	0.032828770719849645
32.16080402010051	0.04287840720330843
32.56281407035176	0.04328452894346408
32.96482412060302	0.03391935449465581
33.366834170854275	0.0163373741618718
33.76884422110553	0.01084315660562346
34.17085427135679	0.032829562477235216
34.572864321608044	0.05199020163856642
34.9748743718593	0.06423618677818498
35.37688442211056	0.06690179458838802
35.77889447236181	0.059860848578620694
36.18090452261307	0.04628852314292053
36.582914572864325	0.032141824862942266
36.98492462311558	0.02913872334799859
37.38693467336684	0.03755187731059652
37.788944723618094	0.04546805582478941
38.19095477386935	0.045566229523650394
38.59296482412061	0.03642881156831883
38.99497487437186	0.020216468333758314
39.39698492462312	0.016755195119191317
39.798994974874375	0.03925851595327124
40.20100502512563	0.06284357529431175
40.60301507537689	0.08116194347015658
41.005025125628144	0.09039959434325748
41.4070351758794	0.08969532324930882
41.80904522613066	0.0799215060321281
42.21105527638191	0.0634851631122919
42.61306532663317	0.04611168259905708
43.015075376884425	0.03647438382699806
43.41708542713568	0.03871952570072656
43.81909547738694	0.043765599426411714
44.221105527638194	0.04322217906832851
44.62311557788945	0.03445807938634666
45.02512562814071	0.023925835517371354
45.42713567839196	0.029668538665974825
45.82914572864322	0.0511476012406963
46.231155778894475	0.07229177140804977
46.63316582914573	0.08708792747123649
47.03517587939699	0.09211486170239869
47.437185929648244	0.08640446676900343
47.8391959798995	0.0708805419447778
48.24120603015076	0.0491155409096533
48.64321608040201	0.027239553573472623
49.04522613065327	0.021006436676314154
49.447236180904525	0.031860158538784086
49.84924623115578	0.03843005336885617
50.25125628140704	0.03529416502785589
50.653266331658294	0.02272746163534168
51.05527638190955	0.011355789472361388
51.45728643216081	0.030133477180392144
51.85929648241206	0.05460606570354043
52.26130653266332	0.07450619603404432
52.663316582914575	0.08604320848464732
53.06532663316583	0.08676035645158842
53.46733668341709	0.07708678650239538
53.869346733668344	0.05842013839529727
54.2713567839196	0.034967532957002535
54.67336683417086	0.015669946150820176
55.07537688442211	0.023013535048465313
55.47738693467337	0.036393629258542136
55.879396984924625	0.0413540762212887
56.28140703517588	0.03612238053454405
56.68341708542714	0.022418408586095787
57.085427135678394	0.01668960634410727
57.48743718592965	0.037243105089538736
57.88944723618091	0.06106466930914937
58.29145728643216	0.07934589535342636
58.69346733668342	0.08836849335471882
59.095477386934675	0.08598934115227934
59.49748743718593	0.07334101798627707
59.89949748743719	0.05246371439014056
60.301507537688444	0.02959928641830392
60.7035175879397	0.019794399801790215
61.10552763819096	0.030579570175542376
61.50753768844221	0.04022543295018206
61.90954773869347	0.04058448910839701
62.311557788944725	0.03170799166106096
62.71356783919598	0.021041797671291638
63.11557788944724	0.02936024738267587
63.517587939698494	0.05082330336531511
63.91959798994975	0.07068413272410454
64.32160804020101	0.08271473768466957
64.72361809045226	0.08429945481662156
65.12562814070353	0.07520815384738377
65.52763819095478	0.05690821945135138
65.92964824120604	0.03304236679157194
66.33165829145729	0.0108050107127286
66.73366834170855	0.017979253808579045
67.1356783919598	0.03145989986147131
67.53768844221106	0.03551241640220232
67.93969849246231	0.028398778414937646
68.34170854271358	0.011438067604115188
68.74371859296483	0.013593073992769789
69.14572864321609	0.04040315805886084
69.54773869346734	0.06501980440384633
69.9497487437186	0.08312584386210294
70.35175879396985	0.09175374339321168
70.75376884422111	0.08884971766650768
71.15577889447236	0.07581776405514946
71.55778894472363	0.0547280883772134
71.95979899497488	0.029614776565710915
72.36180904522614	0.007469293068881995
72.76381909547739	0.015540049638440337
73.16582914572865	0.025400354104047403
73.5678391959799	0.02428303481055905
73.96984924623116	0.012378523446508458
74.37185929648241	0.007970471577835413
74.77386934673368	0.03282541662736099
75.17587939698493	0.057553912699093955
75.57788944723619	0.0776266228855173
75.97989949748744	0.08947834285468018
76.3819095477387	0.09087355113342264
76.78391959798995	0.08211881367557414
77.18592964824121	0.06464293187572895
77.58793969849246	0.04149044793023917
77.98994974874373	0.01689025733982662
78.39195979899498	0.006237038805890613
78.79396984924624	0.020800257173442575
79.19597989949749	0.026947693077514434
79.59798994974875	0.02226310592221612
80.0	0.0082741117910792
