0.0	0.01337342992564699
0.4020100502512563	0.013081380611949989
0.8040201005025126	0.010621164836394215
1.206030150753769	0.006696998396528176
1.6080402010050252	0.0032704292079971152
2.0100502512562817	0.0051558888538006786
2.412060301507538	0.008621177848817298
2.814070351758794	0.010469732920841551
3.2160804020100504	0.010313769693016797
3.6180904522613067	0.007921877614900232
4.020100502512563	0.0036390269546497252
4.42211055276382	0.002341743856444478
4.824120603015076	0.007411557992752079
5.226130653266332	0.012189306107955454
5.628140703517588	0.015094126040099718
6.030150753768845	0.015841022599885953
6.432160804020101	0.01438681098768082
6.834170854271357	0.010971481318675157
7.236180904522613	0.00688503319424851
7.63819095477387	0.004023387676177022
8.040201005025127	0.0053363471348798295
8.442211055276383	0.007386737157163638
8.84422110552764	0.007694573690976704
9.246231155778895	0.005727713777325953
9.648241206030152	0.002027871490712632
10.050251256281408	0.004017840026660168
10.452261306532664	0.00966918990481851
10.85427135678392	0.01511873169103696
11.256281407035177	0.019136135518489264
11.658291457286433	0.021206700430728736
12.06030150753769	0.02129437850671985
12.462311557788945	0.018999597484077858
12.864321608040202	0.01538116137690124
13.266331658291458	0.011100189742162083
13.668341708542714	0.007446747794565169
14.07035175879397	0.005480700984023231
14.472361809045227	0.005218975586820636
14.874371859296483	0.004558666907403296
15.27638190954774	0.003484311332990362
15.678391959798995	0.004286246377692581
16.080402010050253	0.008463447433467868
16.48241206030151	0.013521843890068636
16.884422110552766	0.0184045109505598
17.286432160804022	0.0222394647021971
17.68844221105528	0.02443598189015863
18.090452261306535	0.025137603695235954
18.49246231155779	0.023740817374291606
18.894472361809047	0.020822610763091543
19.296482412060303	0.016833898930533962
19.69849246231156	0.012400105877555665
20.100502512562816	0.009053952689635323
20.502512562814072	0.006740520260672613
20.90452261306533	0.005792516888116268
21.306532663316585	0.0051354481254550065
21.70854271356784	0.006209468904445196
22.110552763819097	0.010003852116458434
22.512562814070353	0.015259073811784516
22.91457286432161	0.020010634363177154
23.316582914572866	0.02370884335996173
23.718592964824122	0.025328856625871716
24.12060301507538	0.02476753064541357
24.522613065326635	0.022062619134183926
24.92462311557789	0.017762375316968275
25.326633165829147	0.012790157328212107
25.728643216080403	0.008583350307882234
26.13065326633166	0.005980541008134059
26.532663316582916	0.005534559311037029
26.934673366834172	0.005387886638460068
27.33668341708543	0.005032576843612153
27.738693467336685	0.006659639018476065
28.14070351758794	0.011250574886361487
28.542713567839197	0.016531548697154
28.944723618090453	0.02161312752215233
29.34673366834171	0.024925144667336453
29.748743718592966	0.025986188658703956
30.150753768844222	0.024521789587653338
30.55276381909548	0.0205755199088796
30.954773869346734	0.015129923024431339
31.35678391959799	0.009174621461992601
31.758793969849247	0.004072303416509373
32.16080402010051	0.0028127225560361704
32.56281407035176	0.004401830091814577
32.96482412060302	0.004978346948288403
33.366834170854275	0.005897307112598003
33.76884422110553	0.008974657827983918
34.17085427135679	0.01406423437282823
34.572864321608044	0.019397725531407388
34.9748743718593	0.02386178419956462
35.37688442211056	0.026410485901245707
35.77889447236181	0.026410197465279107
36.18090452261307	0.024003667747834988
36.582914572864325	0.019462818463523344
36.98492462311558	0.01358087828807621
37.38693467336684	0.007365365719339932
37.788944723618094	0.0016566170048573814
38.19095477386935	0.003420943106359689
38.59296482412061	0.005986781660800557
38.99497487437186	0.006519685847113678
39.39698492462312	0.0058880509661420315
39.798994974874375	0.007848160085627503
40.20100502512563	0.012983968731255503
40.60301507537689	0.019207617956698023
41.005025125628144	0.02440388949509773
41.4070351758794	0.027630958510513365
41.80904522613066	0.027989957220387753
42.21105527638191	0.025695248784433068
42.61306532663317	0.02103367737854909
43.015075376884425	0.014696527076424113
43.41708542713568	0.008214564478190314
43.81909547738694	0.0031619852231968004
44.221105527638194	0.0033562541893034864
44.62311557788945	0.005343048427171325
45.02512562814071	0.006229022667678847
45.42713567839196	0.0078015737804444625
45.82914572864322	0.011451003997307115
46.231155778894475	0.016151615446368756
46.63316582914573	0.020548609595895887
47.03517587939699	0.023640955710444472
47.437185929648244	0.02511487575225039
47.8391959798995	0.024655205633758292
48.24120603015076	0.022487648186079116
48.64321608040201	0.018880375378828827
49.04522613065327	0.01438459318217746
49.447236180904525	0.009206092377159726
49.84924623115578	0.004148123197943199
50.25125628140704	0.0020758296345762327
50.653266331658294	0.0049944224724450806
51.05527638190955	0.008260852543311548
51.45728643216081	0.011488137071519317
51.85929648241206	0.014565808017878375
52.26130653266332	0.01781362131431002
52.663316582914575	0.020809897883941348
53.06532663316583	0.02370000158983693
53.46733668341709	0.025458018386005095
53.869346733668344	0.025804641787824233
54.2713567839196	0.02440862548539696
54.67336683417086	0.021232935417911998
55.07537688442211	0.01677527578623657
55.47738693467337	0.011347376298546695
55.879396984924625	0.0058190085177502225
56.28140703517588	0.0016791566024088873
56.68341708542714	0.004049396509058939
57.085427135678394	0.007217592509869602
57.48743718592965	0.009976682542794003
57.88944723618091	0.01299734120850712
58.29145728643216	0.016286149170052007
58.69346733668342	0.02015438207976048
59.095477386934675	0.023584576504318527
59.49748743718593	0.025890456882694722
59.89949748743719	0.02624940331963363
60.301507537688444	0.02490496758153194
60.7035175879397	0.021886821452041006
61.10552763819096	0.0175837191281527
61.50753768844221	0.012609254331235808
61.90954773869347	0.007564170750465472
62.311557788944725	0.0026400756025585703
62.71356783919598	0.0022923991078109647
63.11557788944724	0.0068951029977068245
63.517587939698494	0.01105418663325543
63.91959798994975	0.01499989563531838
64.32160804020101	0.018674020561326856
64.72361809045226	0.021641559338584377
65.12562814070353	0.02396644777711326
65.52763819095478	0.025331357903132234
65.92964824120604	0.025354223182387357
66.33165829145729	0.024434775659762112
66.73366834170855	0.0221316700168083
67.1356783919598	0.01867195330430434
67.53768844221106	0.014183977251928506
67.93969849246231	0.008963869240827031
68.34170854271358	0.003770934146783857
68.74371859296483	0.004559326184411179
69.14572864321609	0.009761095722678052
69.54773869346734	0.01451259274419787
69.9497487437186	0.018105151352439612
70.35175879396985	0.020786557350732544
70.75376884422111	0.02271516473410941
71.15577889447236	0.024038842143675913
71.55778894472363	0.024972907583012457
71.95979899497488	0.025554637585797995
72.36180904522614	0.025507031556290576
72.76381909547739	0.024454169173432166
73.16582914572865	0.0219192372124691
73.5678391959799	0.01805162104132952
73.96984924623116	0.012860218717573804
74.37185929648241	0.008113565649429466
74.77386934673368	0.007219646937031551
75.17587939698493	0.011043966164235051
75.57788944723619	0.015062022281800402
75.97989949748744	0.018200018352253135
76.3819095477387	0.020034827951360468
76.78391959798995	0.021232805028216662
77.18592964824121	0.022448581546967848
77.58793969849246	0.02432959382864438
77.98994974874373	0.02655695525400168
78.39195979899498	0.02793884454914391
78.79396984924624	0.027516446331669758
79.19597989949749	0.02489311106857784
79.59798994974875	0.02038496047777565
80.0	0.015296950704386084
