0.0	0.011451061827397309
0.4020100502512563	0.01176932469646059
0.8040201005025126	0.010300059913991546
1.206030150753769	0.007472934330224529
1.6080402010050252	0.0037856395617749125
2.0100502512562817	0.0018323276386410178
2.412060301507538	0.004521612411279998
2.814070351758794	0.006562993741558147
3.2160804020100504	0.007012855562066997
3.6180904522613067	0.005548955101832879
4.020100502512563	0.0026138373025444547
4.42211055276382	0.002294391074830288
4.824120603015076	0.006661150203859914
5.226130653266332	0.0107713695400227
5.628140703517588	0.013958822615219487
6.030150753768845	0.015384969339235815
6.432160804020101	0.015028256875754698
6.834170854271357	0.013040977505187831
7.236180904522613	0.00975329373229568
7.63819095477387	0.005983642102595025
8.040201005025127	0.00267720581872443
8.442211055276383	0.001479176163538691
8.84422110552764	0.0016316361325475581
9.246231155778895	0.0004186640345145775
9.648241206030152	0.002663037547398855
10.050251256281408	0.0066601939210368406
10.452261306532664	0.01164994642388292
10.85427135678392	0.01624951612309882
11.256281407035177	0.019868161936527143
11.658291457286433	0.0219956428049592
12.06030150753769	0.022371443481162486
12.462311557788945	0.020735866712909896
12.864321608040202	0.01761437529665544
13.266331658291458	0.013662611651922152
13.668341708542714	0.009792884125160675
14.07035175879397	0.006862416717025711
14.472361809045227	0.005091762544226058
14.874371859296483	0.004147881576358122
15.27638190954774	0.0042072309246573535
15.678391959798995	0.007012984152790859
16.080402010050253	0.011894519688357561
16.48241206030151	0.01729369217965475
16.884422110552766	0.02226604452174197
17.286432160804022	0.026073693012719983
17.68844221105528	0.02822606553550721
18.090452261306535	0.02851236658083134
18.49246231155779	0.02692135410644043
18.894472361809047	0.023968746925997774
19.296482412060303	0.02021524905685812
19.69849246231156	0.01632177842012323
20.100502512562816	0.01277237026038974
20.502512562814072	0.010077462081814384
20.90452261306533	0.00888556564080398
21.306532663316585	0.009834775847178632
21.70854271356784	0.01302265801712842
22.110552763819097	0.01752028414538236
22.512562814070353	0.022362723415295473
22.91457286432161	0.026697090974761167
23.316582914572866	0.030060404935081726
23.718592964824122	0.03164063149416674
24.12060301507538	0.03157417720926133
24.522613065326635	0.02977786926578923
24.92462311557789	0.026516733449711345
25.326633165829147	0.022285996158500174
25.728643216080403	0.01771789355312659
26.13065326633166	0.013901995826609425
26.532663316582916	0.011553963702942113
26.934673366834172	0.011517990370385969
27.33668341708543	0.013971022109966601
27.738693467336685	0.0179908578240386
28.14070351758794	0.02265415529560364
28.542713567839197	0.02784735966515466
28.944723618090453	0.03270851723599537
29.34673366834171	0.03705648695095819
29.748743718592966	0.03982008435436575
30.150753768844222	0.040707002234532615
30.55276381909548	0.03952806523102712
30.954773869346734	0.03624995918384284
31.35678391959799	0.03164946648738628
31.758793969849247	0.026544396561444233
32.16080402010051	0.022102301898149167
32.56281407035176	0.019378355883247423
32.96482412060302	0.019069372716311348
33.366834170854275	0.021259713761974185
33.76884422110553	0.025778253371621006
34.17085427135679	0.03155265812084383
34.572864321608044	0.03805409217277653
34.9748743718593	0.04428882992448388
35.37688442211056	0.04959680063963372
35.77889447236181	0.052985879113312116
36.18090452261307	0.05439336157238377
36.582914572864325	0.053511899367912376
36.98492462311558	0.05100554005875744
37.38693467336684	0.04784106177458959
37.788944723618094	0.04434093021820011
38.19095477386935	0.04186769118769765
38.59296482412061	0.04164746794552858
38.99497487437186	0.04376386751077965
39.39698492462312	0.04824708171517795
39.798994974874375	0.054279796649370674
40.20100502512563	0.06089975207178376
40.60301507537689	0.06668610270993337
41.005025125628144	0.07081590663495024
41.4070351758794	0.07255482183180689
41.80904522613066	0.07125583273335352
42.21105527638191	0.06748711622766232
42.61306532663317	0.06181137969756517
43.015075376884425	0.05560329662169387
43.41708542713568	0.049792351108621485
43.81909547738694	0.045357402881179246
44.221105527638194	0.043443374248552234
44.62311557788945	0.044078550735676875
45.02512562814071	0.04754375845431861
45.42713567839196	0.052814637330841
45.82914572864322	0.05937522621477957
46.231155778894475	0.06571371511038399
46.63316582914573	0.07047039133659148
47.03517587939699	0.07280399587282609
47.437185929648244	0.07229932091703421
47.8391959798995	0.06888662058865788
48.24120603015076	0.0633639403801171
48.64321608040201	0.05657134279714511
49.04522613065327	0.049933495910562134
49.447236180904525	0.044479419970947134
49.84924623115578	0.041197799172488545
50.25125628140704	0.040454782895488504
50.653266331658294	0.04236730255369199
51.05527638190955	0.046532659948391286
51.45728643216081	0.05206716785123845
51.85929648241206	0.058028158300885244
52.26130653266332	0.06308725568283663
52.663316582914575	0.06644855757350562
53.06532663316583	0.06790833245374787
53.46733668341709	0.06676684773002715
53.869346733668344	0.06347230502764832
54.2713567839196	0.058893484516969255
54.67336683417086	0.05317929203050755
55.07537688442211	0.04748379927989689
55.47738693467337	0.04244007789880045
55.879396984924625	0.039068331509481864
56.28140703517588	0.038055717164561804
56.68341708542714	0.03942408917796964
57.085427135678394	0.04328770508365583
57.48743718592965	0.04901704899907515
57.88944723618091	0.05535967525736039
58.29145728643216	0.06138563834552625
58.69346733668342	0.06576433188366562
59.095477386934675	0.06781143739673103
59.49748743718593	0.06698322180094493
59.89949748743719	0.06378551988828819
60.301507537688444	0.05830078789671047
60.7035175879397	0.05180518661609755
61.10552763819096	0.045075924324105725
61.50753768844221	0.03965468650258487
61.90954773869347	0.03621882142771483
62.311557788944725	0.03575840002199709
62.71356783919598	0.038211066369657834
63.11557788944724	0.04313991095342312
63.517587939698494	0.04940277880192684
63.91959798994975	0.05600642636643908
64.32160804020101	0.06174195341645468
64.72361809045226	0.06559209910232029
65.12562814070353	0.06684594722444977
65.52763819095478	0.06504779810154492
65.92964824120604	0.06055865381749449
66.33165829145729	0.054039380962686456
66.73366834170855	0.04687873184119718
67.1356783919598	0.040115331725453555
67.53768844221106	0.03501827999640362
67.93969849246231	0.03227375213660934
68.34170854271358	0.03277545347728063
68.74371859296483	0.03612843299515875
69.14572864321609	0.04170126140123788
69.54773869346734	0.048867148769516554
69.9497487437186	0.05622402378288456
70.35175879396985	0.06247320287406218
70.75376884422111	0.06639972445908424
71.15577889447236	0.06733120831010317
71.55778894472363	0.06514705502981569
71.95979899497488	0.0599880234197789
72.36180904522614	0.05342552446448232
72.76381909547739	0.04606152181666761
73.16582914572865	0.03971562137032366
73.5678391959799	0.03536602338293438
73.96984924623116	0.03394842284911326
74.37185929648241	0.03553840131999662
74.77386934673368	0.039805670197665906
75.17587939698493	0.046151979705982275
75.57788944723619	0.053262183021981914
75.97989949748744	0.060231698946461645
76.3819095477387	0.06552334206252565
76.78391959798995	0.06828109795321582
77.18592964824121	0.06777553017463613
77.58793969849246	0.064382605694459
77.98994974874373	0.05819662801690698
78.39195979899498	0.05047636033551835
78.79396984924624	0.042837366041697564
79.19597989949749	0.036797155975533374
79.59798994974875	0.03350063500750699
80.0	0.03353153852197767
