0.0	0.018822064942093552
0.4020100502512563	0.015099229740235481
0.8040201005025126	0.00927561704936202
1.206030150753769	0.002942328728287551
1.6080402010050252	0.006643662072674944
2.0100502512562817	0.012404472345851705
2.412060301507538	0.016018850691766017
2.814070351758794	0.01676521536195718
3.2160804020100504	0.014046797690700084
3.6180904522613067	0.00870378792888683
4.020100502512563	0.0019342090454955013
4.42211055276382	0.005899357539230878
4.824120603015076	0.012417546044026232
5.226130653266332	0.016612670059703526
5.628140703517588	0.017552619259449915
6.030150753768845	0.015330634601856605
6.432160804020101	0.010379581436453487
6.834170854271357	0.004663969396679665
7.236180904522613	0.007234041287451133
7.63819095477387	0.013905366362685925
8.040201005025127	0.018680897723371594
8.442211055276383	0.020907610031150395
8.84422110552764	0.019831150277478827
9.246231155778895	0.01585173624803441
9.648241206030152	0.009986095192471473
10.050251256281408	0.003958561566553871
10.452261306532664	0.001138243329372414
10.85427135678392	0.004101275291544324
11.256281407035177	0.004277351751935411
11.658291457286433	0.001568489817212582
12.06030150753769	0.0028711633242266233
12.462311557788945	0.008640903398691545
12.864321608040202	0.014539402989045389
13.266331658291458	0.01958468483334851
13.668341708542714	0.02167567535799609
14.07035175879397	0.019414683665488174
14.472361809045227	0.012821209964202126
14.874371859296483	0.006754301614548859
15.27638190954774	0.007595400713395954
15.678391959798995	0.010564678739292689
16.080402010050253	0.010677734662308196
16.48241206030151	0.0067160497379951875
16.884422110552766	0.000930680659474961
17.286432160804022	0.011570157154802457
17.68844221105528	0.02246133815722877
18.090452261306535	0.031893810692986815
18.49246231155779	0.038338855828734274
18.894472361809047	0.041043965254158446
19.296482412060303	0.040180235535992065
19.69849246231156	0.03655205533252319
20.100502512562816	0.03144350085493011
20.502512562814072	0.02471386431466868
20.90452261306533	0.01931639003560128
21.306532663316585	0.015764942971166228
21.70854271356784	0.01551408605711114
22.110552763819097	0.017915262779825157
22.512562814070353	0.02124604405575697
22.91457286432161	0.026365323559475618
23.316582914572866	0.03246273985642216
23.718592964824122	0.039580140494575325
24.12060301507538	0.04635221815863449
24.522613065326635	0.05181092645597733
24.92462311557789	0.05350757633414403
25.326633165829147	0.051517851450280205
25.728643216080403	0.045825859961282696
26.13065326633166	0.03750896197694215
26.532663316582916	0.02908379274331968
26.934673366834172	0.023640185356400997
27.33668341708543	0.023353861933115266
27.738693467336685	0.029452355301654697
28.14070351758794	0.0377523366807489
28.542713567839197	0.04592873364935366
28.944723618090453	0.05169004247222046
29.34673366834171	0.05386978231561892
29.748743718592966	0.05182518930313137
30.150753768844222	0.04527322840351554
30.55276381909548	0.03608389177335938
30.954773869346734	0.026636202781573574
31.35678391959799	0.020338768174008304
31.758793969849247	0.018150909518223263
32.16080402010051	0.01788960779577502
32.56281407035176	0.01810372115183837
32.96482412060302	0.020081445003526203
33.366834170854275	0.02564863701708902
33.76884422110553	0.03371406717216901
34.17085427135679	0.04158421381731055
34.572864321608044	0.046524405064726077
34.9748743718593	0.047265416215128864
35.37688442211056	0.044206127824870003
35.77889447236181	0.03837402521511705
36.18090452261307	0.03354671034440976
36.582914572864325	0.03360571170783232
36.98492462311558	0.039134341151203726
37.38693467336684	0.046754252462052545
37.788944723618094	0.05290616102829093
38.19095477386935	0.05636877690996789
38.59296482412061	0.05720433827659384
38.99497487437186	0.0566523980788448
39.39698492462312	0.05541467823106595
39.798994974874375	0.05466323161067636
40.20100502512563	0.053800481761403604
40.60301507537689	0.05170410560354085
41.005025125628144	0.048536706562251085
41.4070351758794	0.045576074205608594
41.80904522613066	0.04469812158821571
42.21105527638191	0.04810086008051407
42.61306532663317	0.05402069693639796
43.015075376884425	0.05968645500762946
43.41708542713568	0.06242078328201887
43.81909547738694	0.06147722488664006
44.221105527638194	0.057277716930349144
44.62311557788945	0.05087316106034538
45.02512562814071	0.04569787427261343
45.42713567839196	0.043493560795661655
45.82914572864322	0.04314049326630269
46.231155778894475	0.042794794278451447
46.63316582914573	0.04137424705164133
47.03517587939699	0.03961585541723038
47.437185929648244	0.04064407154410275
47.8391959798995	0.04618458199148771
48.24120603015076	0.05524327756239818
48.64321608040201	0.06410425661225776
49.04522613065327	0.06996404661394197
49.447236180904525	0.07091392126755257
49.84924623115578	0.06627088072578714
50.25125628140704	0.05652472345791858
50.653266331658294	0.043474821419564436
51.05527638190955	0.028902127116812993
51.45728643216081	0.01582944646130196
51.85929648241206	0.007428526115230852
52.26130653266332	0.005990165259283035
52.663316582914575	0.007446749522071197
53.06532663316583	0.012058784487937856
53.46733668341709	0.020888268147139386
53.869346733668344	0.032175028918943
54.2713567839196	0.04318498694550859
54.67336683417086	0.05118385617963157
55.07537688442211	0.05485990184859887
55.47738693467337	0.053540052117848624
55.879396984924625	0.04749275069397471
56.28140703517588	0.03823701636049563
56.68341708542714	0.027552498837622702
57.085427135678394	0.018770513774950023
57.48743718592965	0.015518938594147252
57.88944723618091	0.017553448182476266
58.29145728643216	0.02244620813892346
58.69346733668342	0.0284230162707922
59.095477386934675	0.03558125411678954
59.49748743718593	0.043025186622596426
59.89949748743719	0.0495782790352072
60.301507537688444	0.05320499498027416
60.7035175879397	0.052833024414260764
61.10552763819096	0.04827865342662345
61.50753768844221	0.039980329939259575
61.90954773869347	0.03079056859485931
62.311557788944725	0.02537795128014732
62.71356783919598	0.02789794472110512
63.11557788944724	0.035334065485712954
63.517587939698494	0.041697007442853484
63.91959798994975	0.04498786041674112
64.32160804020101	0.04424383323350711
64.72361809045226	0.040208948833902275
65.12562814070353	0.034453949759556415
65.52763819095478	0.029393026501646678
65.92964824120604	0.02645191754155274
66.33165829145729	0.024798778363086464
66.73366834170855	0.02292909777124929
67.1356783919598	0.02007965185019622
67.53768844221106	0.018307811684381368
67.93969849246231	0.02269392150333493
68.34170854271358	0.03311852060388852
68.74371859296483	0.045862859473337896
69.14572864321609	0.05781036731603416
69.54773869346734	0.06692041352608538
69.9497487437186	0.07188485534654958
70.35175879396985	0.07200985276300291
70.75376884422111	0.06790624675032841
71.15577889447236	0.060227601677178236
71.55778894472363	0.049638366228374774
71.95979899497488	0.03886538242208607
72.36180904522614	0.030127002383973627
72.76381909547739	0.0261751760294463
73.16582914572865	0.027326263468249946
73.5678391959799	0.032901448225582886
73.96984924623116	0.04037715719083049
74.37185929648241	0.048554529756382456
74.77386934673368	0.05559340244873421
75.17587939698493	0.06039672603923655
75.57788944723619	0.061589711880680555
75.97989949748744	0.05914829743003228
76.3819095477387	0.05282698738025522
76.78391959798995	0.043517685592923114
77.18592964824121	0.032906623648152375
77.58793969849246	0.023532043552715123
77.98994974874373	0.019339935089400854
78.39195979899498	0.021683656733844862
78.79396984924624	0.027128927045776456
79.19597989949749	0.03248447388403642
79.59798994974875	0.037327196362382645
80.0	0.041720071879622095
