0.0	0.007826989922693452
0.4020100502512563	0.007796221687459989
0.8040201005025126	0.006690064796294708
1.206030150753769	0.004318055041772627
1.6080402010050252	0.0015248303134063992
2.0100502512562817	0.0015058665778714586
2.412060301507538	0.0038277975109254603
2.814070351758794	0.005285664673848044
3.2160804020100504	0.005591444081396867
3.6180904522613067	0.004630248770698153
4.020100502512563	0.0025578990218236763
4.42211055276382	0.0008154072230301372
4.824120603015076	0.003454806064970158
5.226130653266332	0.006081786422046137
5.628140703517588	0.007852431356992977
6.030150753768845	0.008409477079459705
6.432160804020101	0.007796790788819068
6.834170854271357	0.006136774970957058
7.236180904522613	0.0036079501931056885
7.63819095477387	0.0008292872527741619
8.040201005025127	0.0015901954639542869
8.442211055276383	0.0032538412639655256
8.84422110552764	0.0038190170175731292
9.246231155778895	0.0031977694757945596
9.648241206030152	0.002164853212118941
10.050251256281408	0.0032106739562867232
10.452261306532664	0.006062594173949381
10.85427135678392	0.00895255096211198
11.256281407035177	0.01138174088046445
11.658291457286433	0.01265310865779841
12.06030150753769	0.012660479914164496
12.462311557788945	0.011779823679031453
12.864321608040202	0.00990721070467229
13.266331658291458	0.007800278268292061
13.668341708542714	0.006102552626723297
14.07035175879397	0.0052332414758456975
14.472361809045227	0.00521713021895922
14.874371859296483	0.005653528806628982
15.27638190954774	0.00605583336505309
15.678391959798995	0.006585821079706826
16.080402010050253	0.007267098023927475
16.48241206030151	0.008383196748423603
16.884422110552766	0.009756129762773612
17.286432160804022	0.011274435341297686
17.68844221105528	0.012645047813111807
18.090452261306535	0.013750058841893804
18.49246231155779	0.014087379873685534
18.894472361809047	0.014078492683828991
19.296482412060303	0.013630246091232562
19.69849246231156	0.013225765850081153
20.100502512562816	0.01297494452141335
20.502512562814072	0.013443420547517595
20.90452261306533	0.014038027465392571
21.306532663316585	0.014763059996774894
21.70854271356784	0.015454885793714068
22.110552763819097	0.016343448366259217
22.512562814070353	0.01726326301944859
22.91457286432161	0.017875383605855142
23.316582914572866	0.018234152890609152
23.718592964824122	0.017743710016425992
24.12060301507538	0.01702081349261267
24.522613065326635	0.01622229367803665
24.92462311557789	0.015903446750315416
25.326633165829147	0.01623942947145121
25.728643216080403	0.017616240137778894
26.13065326633166	0.018975005804332555
26.532663316582916	0.02017337954218683
26.934673366834172	0.021201712228115066
27.33668341708543	0.021902647121104825
27.738693467336685	0.02233854350672084
28.14070351758794	0.022249092443692282
28.542713567839197	0.0219778386930035
28.944723618090453	0.02151434184991247
29.34673366834171	0.02097861226830894
29.748743718592966	0.02078090913429047
30.150753768844222	0.021133198466515256
30.55276381909548	0.022229719746784553
30.954773869346734	0.023628396502910955
31.35678391959799	0.02557116713264753
31.758793969849247	0.027449721437696507
32.16080402010051	0.02901501238786065
32.56281407035176	0.030041080289298507
32.96482412060302	0.030463952249511428
33.366834170854275	0.030260067221383434
33.76884422110553	0.029529679330164003
34.17085427135679	0.028412892218907488
34.572864321608044	0.027303739779814807
34.9748743718593	0.026555145035584045
35.37688442211056	0.026151148947445524
35.77889447236181	0.02681658748827679
36.18090452261307	0.028082450318778835
36.582914572864325	0.030139747910576543
36.98492462311558	0.03261971511211146
37.38693467336684	0.0353340205096206
37.788944723618094	0.03790459157725528
38.19095477386935	0.04035837361807582
38.59296482412061	0.0422456271439607
38.99497487437186	0.0439011203977439
39.39698492462312	0.04492522937487262
39.798994974874375	0.04571619102598467
40.20100502512563	0.04609624278510957
40.60301507537689	0.04624504046895462
41.005025125628144	0.04643315097866167
41.4070351758794	0.04709661274579628
41.80904522613066	0.04835665548978146
42.21105527638191	0.0502964966647072
42.61306532663317	0.05262197317941919
43.015075376884425	0.055411004863813985
43.41708542713568	0.05858178681131863
43.81909547738694	0.06188093094831422
44.221105527638194	0.06444610799867496
44.62311557788945	0.06604459837354282
45.02512562814071	0.06600626732609345
45.42713567839196	0.06390905603070934
45.82914572864322	0.05982622371237016
46.231155778894475	0.054509019170099336
46.63316582914573	0.04904132235447427
47.03517587939699	0.04446316341977464
47.437185929648244	0.042514414212721376
47.8391959798995	0.043436626435441245
48.24120603015076	0.04697740160154791
48.64321608040201	0.05280515821135227
49.04522613065327	0.06005763478813212
49.447236180904525	0.06686719870659176
49.84924623115578	0.07192265639896576
50.25125628140704	0.07425817785217445
50.653266331658294	0.07315983364440666
51.05527638190955	0.06868306766399694
51.45728643216081	0.06177471959722035
51.85929648241206	0.05347158599938495
52.26130653266332	0.04520046563843278
52.663316582914575	0.03860056820975475
53.06532663316583	0.03468317581984785
53.46733668341709	0.034190243108247524
53.869346733668344	0.03715938063734476
54.2713567839196	0.04300464020780542
54.67336683417086	0.050744118680923635
55.07537688442211	0.0585111406187247
55.47738693467337	0.0654786140430436
55.879396984924625	0.06961181393924971
56.28140703517588	0.07087035568964262
56.68341708542714	0.06861471648024994
57.085427135678394	0.06380795147604261
57.48743718592965	0.05719504612962105
57.88944723618091	0.05037135075574216
58.29145728643216	0.04432757736961786
58.69346733668342	0.04040121220072857
59.095477386934675	0.038768200603344585
59.49748743718593	0.03939535404643376
59.89949748743719	0.042251718752849034
60.301507537688444	0.047053541065857914
60.7035175879397	0.05282388661214512
61.10552763819096	0.05880323612839109
61.50753768844221	0.06366236152326227
61.90954773869347	0.06684803357648558
62.311557788944725	0.06758617305489846
62.71356783919598	0.06609833609654127
63.11557788944724	0.06275580004662842
63.517587939698494	0.058036182592037557
63.91959798994975	0.0530576824249017
64.32160804020101	0.048779058834117844
64.72361809045226	0.045391068581062434
65.12562814070353	0.04369017783986818
65.52763819095478	0.04373209413088609
65.92964824120604	0.045313644823162635
66.33165829145729	0.04840723348584351
66.73366834170855	0.05236888446615575
67.1356783919598	0.05661198636870818
67.53768844221106	0.06003590130327811
67.93969849246231	0.06219897686274119
68.34170854271358	0.06294376170727255
68.74371859296483	0.061828521502748465
69.14572864321609	0.05948998612194613
69.54773869346734	0.05616738584894341
69.9497487437186	0.052680919665691425
70.35175879396985	0.04934745422489599
70.75376884422111	0.046913432974254834
71.15577889447236	0.04513451129196615
71.55778894472363	0.04432282161411331
71.95979899497488	0.04442918052585003
72.36180904522614	0.04569559986233524
72.76381909547739	0.04804804171029356
73.16582914572865	0.051480961714072127
73.5678391959799	0.055408558855715384
73.96984924623116	0.05912614037571591
74.37185929648241	0.06144173141244595
74.77386934673368	0.06184344815849376
75.17587939698493	0.06044780665938302
75.57788944723619	0.05765713247119897
75.97989949748744	0.05411825488759758
76.3819095477387	0.050919275799580596
76.78391959798995	0.0485727522660795
77.18592964824121	0.04688777190751711
77.58793969849246	0.045856831758454016
77.98994974874373	0.045503707364471256
78.39195979899498	0.04605737479573735
78.79396984924624	0.04749340556079771
79.19597989949749	0.050353911331474474
79.59798994974875	0.05372217033471109
80.0	0.0566489596576919
