0.0	0.026229835555695257
0.4020100502512563	0.023034989672059764
0.8040201005025126	0.016210305926688894
1.206030150753769	0.006814200824528635
1.6080402010050252	0.003970145803415474
2.0100502512562817	0.012984318530231099
2.412060301507538	0.019500180189424572
2.814070351758794	0.021983747805767017
3.2160804020100504	0.020006213255823118
3.6180904522613067	0.014057329699159796
4.020100502512563	0.005282978643341551
4.42211055276382	0.004937731013599757
4.824120603015076	0.014313542068988184
5.226130653266332	0.02141392000203559
5.628140703517588	0.024762833813234464
6.030150753768845	0.023758604082104187
6.432160804020101	0.01869275803860516
6.834170854271357	0.010821067178237812
7.236180904522613	0.004089208143339199
7.63819095477387	0.010198234327783922
8.040201005025127	0.01733627655460454
8.442211055276383	0.02124046983689302
8.84422110552764	0.020855714536824523
9.246231155778895	0.016572291298850135
9.648241206030152	0.009054955128297648
10.050251256281408	0.002895929625642486
10.452261306532664	0.011152312085212024
10.85427135678392	0.019445976702105953
11.256281407035177	0.024733622892684944
11.658291457286433	0.026642143738770385
12.06030150753769	0.024971731663941996
12.462311557788945	0.02075467059931049
12.864321608040202	0.016907974978331526
13.266331658291458	0.016898322089045237
13.668341708542714	0.021175994625026347
14.07035175879397	0.02576700449722861
14.472361809045227	0.028627806317269973
14.874371859296483	0.02833734020753
15.27638190954774	0.025832506437230267
15.678391959798995	0.021864160794878525
16.080402010050253	0.019515335972394326
16.48241206030151	0.021662777708447087
16.884422110552766	0.026616075966638664
17.286432160804022	0.031475833273357665
17.68844221105528	0.034028476161153495
18.090452261306535	0.033355224228750154
18.49246231155779	0.02949265499080393
18.894472361809047	0.023425582896017722
19.296482412060303	0.017041953722551406
19.69849246231156	0.013986227990454337
20.100502512562816	0.015924052969934134
20.502512562814072	0.018931068847922092
20.90452261306533	0.021038928219856513
21.306532663316585	0.022165017739453445
21.70854271356784	0.02359309052382594
22.110552763819097	0.02712596486903207
22.512562814070353	0.03234143416172686
22.91457286432161	0.03792185842534705
23.316582914572866	0.04212619449694131
23.718592964824122	0.043742317263165145
24.12060301507538	0.04172574280355316
24.522613065326635	0.036536066303523095
24.92462311557789	0.02883102337391142
25.326633165829147	0.020054510388089253
25.728643216080403	0.012583583983616272
26.13065326633166	0.009657553828794546
26.532663316582916	0.010786079438720435
26.934673366834172	0.01248148358802489
27.33668341708543	0.013961270172756338
27.738693467336685	0.017584542011026154
28.14070351758794	0.0240801806498178
28.542713567839197	0.03253466954574179
28.944723618090453	0.040476952810872754
29.34673366834171	0.04630061854380372
29.748743718592966	0.04879810326455632
30.150753768844222	0.04742596729675025
30.55276381909548	0.04247757383159183
30.954773869346734	0.034659902697620794
31.35678391959799	0.02545386965496174
31.758793969849247	0.016671407531699056
32.16080402010051	0.010449342517279811
32.56281407035176	0.008502069328996302
32.96482412060302	0.009792601584873164
33.366834170854275	0.013495434395811957
33.76884422110553	0.020645555303772975
34.17085427135679	0.03051289227986211
34.572864321608044	0.041380043501447084
34.9748743718593	0.051448869906906225
35.37688442211056	0.05846400008485582
35.77889447236181	0.061623446926589845
36.18090452261307	0.06057577333957474
36.582914572864325	0.05548503191104469
36.98492462311558	0.04746809781419139
37.38693467336684	0.03821694976462038
37.788944723618094	0.029845286237591466
38.19095477386935	0.024061394614104722
38.59296482412061	0.022675639121821738
38.99497487437186	0.02575531342203357
39.39698492462312	0.0327138645132762
39.798994974874375	0.04290785179251237
40.20100502512563	0.05477479625960402
40.60301507537689	0.06663232868407513
41.005025125628144	0.07591913532737513
41.4070351758794	0.08127364914700291
41.80904522613066	0.08160834050127064
42.21105527638191	0.07690269023031966
42.61306532663317	0.06821999037800738
43.015075376884425	0.05684714875587858
43.41708542713568	0.04475273740914085
43.81909547738694	0.03398850229732482
44.221105527638194	0.026618364410236343
44.62311557788945	0.024159041555895072
45.02512562814071	0.026648074279605426
45.42713567839196	0.03391149575082854
45.82914572864322	0.04473424630866934
46.231155778894475	0.05776137291566398
46.63316582914573	0.0701085533665358
47.03517587939699	0.07961870504417713
47.437185929648244	0.08422432102618846
47.8391959798995	0.08310461575150165
48.24120603015076	0.07618308896613804
48.64321608040201	0.06479666871240938
49.04522613065327	0.05081049900444303
49.447236180904525	0.03710527855030203
49.84924623115578	0.026186083311558576
50.25125628140704	0.020506636567320657
50.653266331658294	0.020997316745017803
51.05527638190955	0.02577499452421525
51.45728643216081	0.03386013894560892
51.85929648241206	0.044803753848858686
52.26130653266332	0.05645550946702742
52.663316582914575	0.06685458539448587
53.06532663316583	0.0736464067863926
53.46733668341709	0.07607418593177531
53.869346733668344	0.07363975154647603
54.2713567839196	0.0668827820686227
54.67336683417086	0.05726771987406178
55.07537688442211	0.046421764696647445
55.47738693467337	0.037044793106325524
55.879396984924625	0.030645395886497333
56.28140703517588	0.028469469445260305
56.68341708542714	0.030359006741544996
57.085427135678394	0.03501841952509656
57.48743718592965	0.04212758786438234
57.88944723618091	0.05066502551019851
58.29145728643216	0.05902766369803088
58.69346733668342	0.06614436925516651
59.095477386934675	0.07094075922309143
59.49748743718593	0.0723482385560408
59.89949748743719	0.0702039754390984
60.301507537688444	0.0651138784177659
60.7035175879397	0.05760702661224565
61.10552763819096	0.04921187286307446
61.50753768844221	0.0416227556074092
61.90954773869347	0.03617284380087098
62.311557788944725	0.03403291694619735
62.71356783919598	0.03496303563857338
63.11557788944724	0.038572728408554684
63.517587939698494	0.0441487442255403
63.91959798994975	0.05101481514446486
64.32160804020101	0.058243432779880366
64.72361809045226	0.06443627334822871
65.12562814070353	0.06871672370807722
65.52763819095478	0.0700921417587162
65.92964824120604	0.06808831425504848
66.33165829145729	0.06299352677062275
66.73366834170855	0.055384653924936945
67.1356783919598	0.046754502492184255
67.53768844221106	0.038745261885054394
67.93969849246231	0.032755945551817434
68.34170854271358	0.03003698582733936
68.74371859296483	0.030551132605522925
69.14572864321609	0.03405689330000367
69.54773869346734	0.040417977836878664
69.9497487437186	0.04886195758346246
70.35175879396985	0.05795190287900505
70.75376884422111	0.06575542006464116
71.15577889447236	0.07098399319225031
71.55778894472363	0.07246449483273895
71.95979899497488	0.0695564141443322
72.36180904522614	0.06306141681144094
72.76381909547739	0.05367097057252351
73.16582914572865	0.04343897081556533
73.5678391959799	0.03438044884173565
73.96984924623116	0.028721938279180896
74.37185929648241	0.027202768691596563
74.77386934673368	0.029391247285578136
75.17587939698493	0.03511226382925743
75.57788944723619	0.04316988470761172
75.97989949748744	0.05288676162102672
76.3819095477387	0.06245241724498755
76.78391959798995	0.06969569728300404
77.18592964824121	0.07337059096509566
77.58793969849246	0.07229227724000387
77.98994974874373	0.06631965553334054
78.39195979899498	0.0567415503323467
78.79396984924624	0.04503021781619439
79.19597989949749	0.03379912018960981
79.59798994974875	0.025698431076066897
80.0	0.02266963570757289
