0.0	0.02149841224365959
0.4020100502512563	0.020326291638412347
0.8040201005025126	0.016004282310154473
1.206030150753769	0.008757370927283995
1.6080402010050252	0.000694568765693821
2.0100502512562817	0.007708697990271044
2.412060301507538	0.013947627318554631
2.814070351758794	0.017279853681320817
3.2160804020100504	0.01685553014438873
3.6180904522613067	0.012964022891494745
4.020100502512563	0.006205219083739061
4.42211055276382	0.0024022023601217427
4.824120603015076	0.01052923911115167
5.226130653266332	0.017522020281000625
5.628140703517588	0.021467918449780788
6.030150753768845	0.021936689534324587
6.432160804020101	0.01886555517712987
6.834170854271357	0.012898935394228686
7.236180904522613	0.005164456952102528
7.63819095477387	0.0043643640496498085
8.040201005025127	0.011005749009470695
8.442211055276383	0.01571947604687146
8.84422110552764	0.017294728111153162
9.246231155778895	0.015304445979533654
9.648241206030152	0.01029027009668357
10.050251256281408	0.0034896024114271763
10.452261306532664	0.004841364825248977
10.85427135678392	0.011709952004585427
11.256281407035177	0.01644151641157366
11.658291457286433	0.01810814259405953
12.06030150753769	0.016647634016886657
12.462311557788945	0.013255724017185545
12.864321608040202	0.011436363946072248
13.266331658291458	0.015562141207056904
13.668341708542714	0.022215523109969985
14.07035175879397	0.028114518985011817
14.472361809045227	0.030803796706996518
14.874371859296483	0.02960037099675525
15.27638190954774	0.02391790020755694
15.678391959798995	0.01480116946038067
16.080402010050253	0.0037963686814421554
16.48241206030151	0.007736721270423341
16.884422110552766	0.017137562565165153
17.286432160804022	0.023081381266672314
17.68844221105528	0.024177928626908343
18.090452261306535	0.02017105401392206
18.49246231155779	0.012525870248756213
18.894472361809047	0.009013076324043533
19.296482412060303	0.01832869282829586
19.69849246231156	0.02887153142218144
20.100502512562816	0.03622191869973091
20.502512562814072	0.03853472878477358
20.90452261306533	0.0352973473141242
21.306532663316585	0.027344017830131063
21.70854271356784	0.016533471840952437
22.110552763819097	0.007750274741598226
22.512562814070353	0.012031833935643181
22.91457286432161	0.019392616570555753
23.316582914572866	0.02309526990614206
23.718592964824122	0.021709478803510086
24.12060301507538	0.015423371298966492
24.522613065326635	0.005582931803677702
24.92462311557789	0.0070620787952142185
25.326633165829147	0.01874323012944956
25.728643216080403	0.028003259091101268
26.13065326633166	0.03330285442414426
26.532663316582916	0.033555705609093066
26.934673366834172	0.029411637743685926
27.33668341708543	0.023358421044756307
27.738693467336685	0.01991916039568914
28.14070351758794	0.023652652216223764
28.542713567839197	0.030630508460278604
28.944723618090453	0.03562507675624087
29.34673366834171	0.03639949221986054
29.748743718592966	0.031871422835185764
30.150753768844222	0.022652408537819073
30.55276381909548	0.011698970241359564
30.954773869346734	0.011297708474449913
31.35678391959799	0.02247350067681794
31.758793969849247	0.03233319617196728
32.16080402010051	0.0378320275067175
32.56281407035176	0.03896690567738555
32.96482412060302	0.03629365079747499
33.366834170854275	0.03219354698007774
33.76884422110553	0.030775392444622483
34.17085427135679	0.0332163586513844
34.572864321608044	0.037597296439919
34.9748743718593	0.040334770363311255
35.37688442211056	0.03924957478319535
35.77889447236181	0.033876110629800074
36.18090452261307	0.026069253163941087
36.582914572864325	0.020340322330547403
36.98492462311558	0.022536101172782326
37.38693467336684	0.030189229678324235
37.788944723618094	0.03677221547209484
38.19095477386935	0.03942034425370958
38.59296482412061	0.0378575279667394
38.99497487437186	0.03382743261890542
39.39698492462312	0.03127666705668537
39.798994974874375	0.034017083415131086
40.20100502512563	0.04053756298293669
40.60301507537689	0.045967823797111465
41.005025125628144	0.04699350836796917
41.4070351758794	0.04297322203516708
41.80904522613066	0.0349876228168317
42.21105527638191	0.026761923659350394
42.61306532663317	0.024904412473703695
43.015075376884425	0.03094069126349989
43.41708542713568	0.038148578745215704
43.81909547738694	0.04212759035140366
44.221105527638194	0.04128668726964037
44.62311557788945	0.037096058869030016
45.02512562814071	0.03256058489496537
45.42713567839196	0.033368406085370714
45.82914572864322	0.04013123164350653
46.231155778894475	0.04830739382410043
46.63316582914573	0.0536870646240515
47.03517587939699	0.054430662802192366
47.437185929648244	0.04967551710675884
47.8391959798995	0.04168840999322514
48.24120603015076	0.033734068747356225
48.64321608040201	0.030172630288894785
49.04522613065327	0.03243758371318167
49.447236180904525	0.0362622687021772
49.84924623115578	0.03802849687771663
50.25125628140704	0.03700624201731299
50.653266331658294	0.03594207019209875
51.05527638190955	0.038140873036336995
51.45728643216081	0.044803391317008175
51.85929648241206	0.053537001304193775
52.26130653266332	0.06069699036577512
52.663316582914575	0.06448231546400966
53.06532663316583	0.06400717799066954
53.46733668341709	0.05981980418502453
53.869346733668344	0.053303869247955146
54.2713567839196	0.047493080430343594
54.67336683417086	0.04462163166338767
55.07537688442211	0.04514688225799715
55.47738693467337	0.04763377079285625
55.879396984924625	0.05021381953294953
56.28140703517588	0.052804266073257854
56.68341708542714	0.056406893350109844
57.085427135678394	0.06173947418568347
57.48743718592965	0.06832258947640664
57.88944723618091	0.07443469350034507
58.29145728643216	0.07824834695579591
58.69346733668342	0.0785454093948997
59.095477386934675	0.07494497572472879
59.49748743718593	0.06777622703456102
59.89949748743719	0.05892390522348308
60.301507537688444	0.05055014696072589
60.7035175879397	0.0454307445847458
61.10552763819096	0.044849773632231124
61.50753768844221	0.04749939127662633
61.90954773869347	0.05077770373591023
62.311557788944725	0.05386125362320723
62.71356783919598	0.0571153301851294
63.11557788944724	0.06101386233415586
63.517587939698494	0.06560926081353965
63.91959798994975	0.07004976254291453
64.32160804020101	0.07277018424868618
64.72361809045226	0.07271064935332465
65.12562814070353	0.06888789912331984
65.52763819095478	0.06208339671642125
65.92964824120604	0.05319781034472976
66.33165829145729	0.04466035725026124
66.73366834170855	0.03974283210516151
67.1356783919598	0.039935413302216144
67.53768844221106	0.043254757557481704
67.93969849246231	0.047574682005272165
68.34170854271358	0.05145066192811669
68.74371859296483	0.05555212980918689
69.14572864321609	0.06014897391601322
69.54773869346734	0.06536210855339616
69.9497487437186	0.07025409776260191
70.35175879396985	0.0732440877028109
70.75376884422111	0.07282327870287485
71.15577889447236	0.06826067986979246
71.55778894472363	0.06004611238128728
71.95979899497488	0.049461961867390686
72.36180904522614	0.039519307402527806
72.76381909547739	0.03422461137683879
73.16582914572865	0.03538144113361847
73.5678391959799	0.04016455462866079
73.96984924623116	0.045699749036740414
74.37185929648241	0.050902654720669585
74.77386934673368	0.05621972772913836
75.17587939698493	0.062303164395495145
75.57788944723619	0.06840745502972326
75.97989949748744	0.07328667954832484
76.3819095477387	0.07552744898624626
76.78391959798995	0.07375059134223635
77.18592964824121	0.06747438963406956
77.58793969849246	0.057241354412615034
77.98994974874373	0.04502438501178892
78.39195979899498	0.03396249025416993
78.79396984924624	0.02831683812137717
79.19597989949749	0.03003392118201358
79.59798994974875	0.03550582324889664
80.0	0.04146458641833732
