0.0	0.009266792737727422
0.4020100502512563	0.008867905261553878
0.8040201005025126	0.007282966524755535
1.206030150753769	0.0050109100432382935
1.6080402010050252	0.0032982269654550714
2.0100502512562817	0.004137058221125443
2.412060301507538	0.0058645117619288015
2.814070351758794	0.0065869026373650595
3.2160804020100504	0.006378877714121868
3.6180904522613067	0.004616806074167429
4.020100502512563	0.0022036472449565524
4.42211055276382	0.0025068764052411205
4.824120603015076	0.005318338987038289
5.226130653266332	0.008121920439479886
5.628140703517588	0.009707682361787703
6.030150753768845	0.009877827527493317
6.432160804020101	0.00886746672360706
6.834170854271357	0.006825923380145099
7.236180904522613	0.004144257517643079
7.63819095477387	0.0029603059201774597
8.040201005025127	0.0039859270799488394
8.442211055276383	0.005194278265737205
8.84422110552764	0.005361656068705814
9.246231155778895	0.0044478545086390495
9.648241206030152	0.003498287179694233
10.050251256281408	0.004129032172737924
10.452261306532664	0.0065048568052935365
10.85427135678392	0.00908477935066487
11.256281407035177	0.010681123218723162
11.658291457286433	0.01129392570060634
12.06030150753769	0.010698056023922934
12.462311557788945	0.009514466097457992
12.864321608040202	0.008410083990664048
13.266331658291458	0.008132679530805893
13.668341708542714	0.008891730092369128
14.07035175879397	0.009915435241732188
14.472361809045227	0.010418330500797449
14.874371859296483	0.010369373695687665
15.27638190954774	0.01033742540618273
15.678391959798995	0.011432110650394218
16.080402010050253	0.013942799860455745
16.48241206030151	0.01736676823355997
16.884422110552766	0.02051928755370259
17.286432160804022	0.023409235430567728
17.68844221105528	0.025517238989881
18.090452261306535	0.026659119898991578
18.49246231155779	0.027426853315750642
18.894472361809047	0.027860951404117616
19.296482412060303	0.027933648412019528
19.69849246231156	0.027474099752025673
20.100502512562816	0.02656544608546601
20.502512562814072	0.02575903053415062
20.90452261306533	0.02574163164069874
21.306532663316585	0.027295271746326344
21.70854271356784	0.030167771484559923
22.110552763819097	0.03430442267907767
22.512562814070353	0.038848981149429355
22.91457286432161	0.04299016602079105
23.316582914572866	0.04618974967852417
23.718592964824122	0.048242489764725185
24.12060301507538	0.049019730178864546
24.522613065326635	0.04859724639151151
24.92462311557789	0.0474331405948533
25.326633165829147	0.046052214783205724
25.728643216080403	0.04551582563137308
26.13065326633166	0.04607903948978862
26.532663316582916	0.04836528687810612
26.934673366834172	0.052538885239465725
27.33668341708543	0.057865248991671794
27.738693467336685	0.06394844038318533
28.14070351758794	0.06925923918614327
28.542713567839197	0.07323410319410249
28.944723618090453	0.07535945140169877
29.34673366834171	0.07533455432399846
29.748743718592966	0.07334648574023897
30.150753768844222	0.06974004854344905
30.55276381909548	0.06486412484660666
30.954773869346734	0.0595990951893593
31.35678391959799	0.054720746844013346
31.758793969849247	0.05130748618490579
32.16080402010051	0.05020313205158154
32.56281407035176	0.05146485914208776
32.96482412060302	0.055015965446673
33.366834170854275	0.06033556634488442
33.76884422110553	0.0662785579163028
34.17085427135679	0.07146368225751759
34.572864321608044	0.07538308224807252
34.9748743718593	0.07693638768116468
35.37688442211056	0.07550788763596075
35.77889447236181	0.07101009824082757
36.18090452261307	0.06466786767823914
36.582914572864325	0.0571213804426081
36.98492462311558	0.04989164116786963
37.38693467336684	0.04399702489523014
37.788944723618094	0.04050180292165313
38.19095477386935	0.03995251400204237
38.59296482412061	0.042114338200118256
38.99497487437186	0.046356841164402515
39.39698492462312	0.05185913819050836
39.798994974874375	0.05719382437402578
40.20100502512563	0.06152809755797985
40.60301507537689	0.06374742023403264
41.005025125628144	0.06349328414046108
41.4070351758794	0.06121002430355079
41.80904522613066	0.05696830451278312
42.21105527638191	0.05196799716784435
42.61306532663317	0.04707466594843819
43.015075376884425	0.04298603167812872
43.41708542713568	0.040857800462922485
43.81909547738694	0.04070659075493302
44.221105527638194	0.04281644415382092
44.62311557788945	0.04647001200671656
45.02512562814071	0.05118056882746386
45.42713567839196	0.055855487182965693
45.82914572864322	0.05981450527293719
46.231155778894475	0.062168057654794974
46.63316582914573	0.06272372748601548
47.03517587939699	0.06145250704332437
47.437185929648244	0.05884042986174885
47.8391959798995	0.055062077857444346
48.24120603015076	0.05095871754783635
48.64321608040201	0.04719629067611677
49.04522613065327	0.04441539625805145
49.447236180904525	0.043103648919517845
49.84924623115578	0.04351430847704829
50.25125628140704	0.045556196532166124
50.653266331658294	0.04898723730688312
51.05527638190955	0.05292504490248205
51.45728643216081	0.05674101892042425
51.85929648241206	0.059726099730588254
52.26130653266332	0.061485726933683274
52.663316582914575	0.06150433188093636
53.06532663316583	0.05963854983076898
53.46733668341709	0.05637388620561803
53.869346733668344	0.05233560599360023
54.2713567839196	0.04805071309223958
54.67336683417086	0.04452153787054749
55.07537688442211	0.042212702075650074
55.47738693467337	0.04163762954453209
55.879396984924625	0.04248573667458303
56.28140703517588	0.044792138757106255
56.68341708542714	0.048074064089505285
57.085427135678394	0.051576817647094965
57.48743718592965	0.054902208281682276
57.88944723618091	0.05777500479677662
58.29145728643216	0.05969810176796988
58.69346733668342	0.0605110761415034
59.095477386934675	0.059555225066383145
59.49748743718593	0.05759503211273218
59.89949748743719	0.054420118535707385
60.301507537688444	0.05060198905637921
60.7035175879397	0.04665957736341386
61.10552763819096	0.04329420147159473
61.50753768844221	0.041257703068273935
61.90954773869347	0.04119128682788875
62.311557788944725	0.043214767550628
62.71356783919598	0.046968972848503585
63.11557788944724	0.051877629966903746
63.517587939698494	0.057244699947583924
63.91959798994975	0.06155927014633837
64.32160804020101	0.06446381739897668
64.72361809045226	0.06514665379242066
65.12562814070353	0.06314128344704398
65.52763819095478	0.059180936689446996
65.92964824120604	0.053673171079998375
66.33165829145729	0.04789797740356335
66.73366834170855	0.042919664835915416
67.1356783919598	0.039828736565060766
67.53768844221106	0.039182952457248135
67.93969849246231	0.04129130426738934
68.34170854271358	0.04545236349143079
68.74371859296483	0.05118510002052608
69.14572864321609	0.0573670444380537
69.54773869346734	0.06270629605585645
69.9497487437186	0.0665459529363558
70.35175879396985	0.0680827403942058
70.75376884422111	0.06696632837773145
71.15577889447236	0.06375670276976769
71.55778894472363	0.05872141670544544
71.95979899497488	0.053191909546224284
72.36180904522614	0.047830384786312796
72.76381909547739	0.04405712297256938
73.16582914572865	0.04277759925503492
73.5678391959799	0.0440145557026614
73.96984924623116	0.047768419364454966
74.37185929648241	0.05326889873198852
74.77386934673368	0.05966580378279897
75.17587939698493	0.06554552290384905
75.57788944723619	0.06997184112346119
75.97989949748744	0.07183858006788073
76.3819095477387	0.07111755043913336
76.78391959798995	0.06789260378263787
77.18592964824121	0.06264478311214623
77.58793969849246	0.056629809357210494
77.98994974874373	0.050967000552598604
78.39195979899498	0.04675176011180701
78.79396984924624	0.04486724625927215
79.19597989949749	0.045418898528788734
79.59798994974875	0.04855882473318876
80.0	0.0533017261122846
