0.0	0.02604095610006264
0.4020100502512563	0.021767017005789625
0.8040201005025126	0.014125495857383426
1.206030150753769	0.004090943737482888
1.6080402010050252	0.006457503143146628
2.0100502512562817	0.015173100739724926
2.412060301507538	0.02089700206499859
2.814070351758794	0.022491574619184926
3.2160804020100504	0.019544460201230598
3.6180904522613067	0.01279352138931516
4.020100502512563	0.0034175558063277447
4.42211055276382	0.006907768651733095
4.824120603015076	0.016106456471545943
5.226130653266332	0.022755752056968795
5.628140703517588	0.025353067829525715
6.030150753768845	0.02348508790088381
6.432160804020101	0.017856460695235395
6.834170854271357	0.009013252458242265
7.236180904522613	0.002060893452252803
7.63819095477387	0.011016730190105288
8.040201005025127	0.018345302239702262
8.442211055276383	0.022101661273704002
8.84422110552764	0.021205881620643994
9.246231155778895	0.01610864095329674
9.648241206030152	0.007579371754275683
10.050251256281408	0.0033504956132262924
10.452261306532664	0.013459868287710003
10.85427135678392	0.022022573551007653
11.256281407035177	0.02731540412375068
11.658291457286433	0.02867500046976716
12.06030150753769	0.025861952613798124
12.462311557788945	0.019656140589298873
12.864321608040202	0.011807314199269534
13.266331658291458	0.005160654902490174
13.668341708542714	0.0076220507832532565
14.07035175879397	0.01204649603935809
14.472361809045227	0.013266477889845247
14.874371859296483	0.011440431950874085
15.27638190954774	0.009253892256117434
15.678391959798995	0.013299415286331662
16.080402010050253	0.021505873378428356
16.48241206030151	0.029361985171508814
16.884422110552766	0.034076059820024006
17.286432160804022	0.03295041747096268
17.68844221105528	0.02544012891628797
18.090452261306535	0.013724303277998656
18.49246231155779	0.005635414792860625
18.894472361809047	0.012993406381316446
19.296482412060303	0.016837104901551124
19.69849246231156	0.013806900540312727
20.100502512562816	0.004748773399104204
20.502512562814072	0.014696461005828216
20.90452261306533	0.03371443907164446
21.306532663316585	0.05160189695560343
21.70854271356784	0.06452088776114322
22.110552763819097	0.0702193494993492
22.512562814070353	0.06811832112938039
22.91457286432161	0.0580906178460052
23.316582914572866	0.04309961106151421
23.718592964824122	0.025128557642312956
24.12060301507538	0.0093849841055441
24.522613065326635	0.00637570315839117
24.92462311557789	0.011302418407309953
25.326633165829147	0.009445841580500379
25.728643216080403	0.001278699301444685
26.13065326633166	0.01284721836086083
26.532663316582916	0.028529447349849118
26.934673366834172	0.04387133418192409
27.33668341708543	0.05659333110996798
27.738693467336685	0.0645251527977068
28.14070351758794	0.06576320238473696
28.542713567839197	0.06069658254897461
28.944723618090453	0.049686491219537846
29.34673366834171	0.0352615639285663
29.748743718592966	0.019757576578042054
30.150753768844222	0.008416925734066468
30.55276381909548	0.01152465596494101
30.954773869346734	0.015525616488994375
31.35678391959799	0.014298310125780417
31.758793969849247	0.010243929137192215
32.16080402010051	0.014321223824162468
32.56281407035176	0.026223591965911074
32.96482412060302	0.03871701339822406
33.366834170854275	0.0487457477848396
33.76884422110553	0.05465953662507609
34.17085427135679	0.05536370726684746
34.572864321608044	0.04986181588812272
34.9748743718593	0.04052297815554771
35.37688442211056	0.027969562968240196
35.77889447236181	0.015219419312799038
36.18090452261307	0.007610977626300452
36.582914572864325	0.012150697258075448
36.98492462311558	0.016100506030738388
37.38693467336684	0.017445623853508285
37.788944723618094	0.018537521000288798
38.19095477386935	0.025123175231984356
38.59296482412061	0.03655225387494021
38.99497487437186	0.04902224662969083
39.39698492462312	0.059841516207776044
39.798994974874375	0.06638052779965256
40.20100502512563	0.06782938599714758
40.60301507537689	0.0637650908768585
41.005025125628144	0.055577447641744604
41.4070351758794	0.044483440612932315
41.80904522613066	0.03320697460015357
42.21105527638191	0.025571477148154192
42.61306532663317	0.02495560994013294
43.015075376884425	0.028185157789743308
43.41708542713568	0.032902745526464064
43.81909547738694	0.03912621246470323
44.221105527638194	0.04703106210906914
44.62311557788945	0.055592037999403675
45.02512562814071	0.06384247211852404
45.42713567839196	0.0696180743148059
45.82914572864322	0.0720673164015506
46.231155778894475	0.07027664107715488
46.63316582914573	0.06397282107946861
47.03517587939699	0.05464608115603618
47.437185929648244	0.04499576918956267
47.8391959798995	0.038724747684174665
48.24120603015076	0.03808034847781253
48.64321608040201	0.04171850189095736
49.04522613065327	0.04600648076416445
49.447236180904525	0.04881231772970085
49.84924623115578	0.05186024049358638
50.25125628140704	0.05584178363239188
50.653266331658294	0.062036347567671825
51.05527638190955	0.06871198039953377
51.45728643216081	0.07339110525238177
51.85929648241206	0.07371153255920135
52.26130653266332	0.06891377301644144
52.663316582914575	0.05970934888917032
53.06532663316583	0.04784092930297555
53.46733668341709	0.03762475304810355
53.869346733668344	0.03343698986236664
54.2713567839196	0.03583512574420668
54.67336683417086	0.0404396138108412
55.07537688442211	0.04352231270719244
55.47738693467337	0.045041711440348645
55.879396984924625	0.046908565574771424
56.28140703517588	0.05046346736771227
56.68341708542714	0.05594865790072136
57.085427135678394	0.061692667805685955
57.48743718592965	0.06511059025255517
57.88944723618091	0.06437046354362863
58.29145728643216	0.05944706508972418
58.69346733668342	0.05059777641600875
59.095477386934675	0.04082834105298713
59.49748743718593	0.034590521781212684
59.89949748743719	0.03496031958476479
60.301507537688444	0.03926311414384203
60.7035175879397	0.04310039969412717
61.10552763819096	0.04481909691555856
61.50753768844221	0.0452813264808142
61.90954773869347	0.04672226922080391
62.311557788944725	0.05067464523914329
62.71356783919598	0.056948450222372396
63.11557788944724	0.0627300258020225
63.517587939698494	0.06555121100344459
63.91959798994975	0.06389247560968471
64.32160804020101	0.05781585565522166
64.72361809045226	0.04806226509616112
65.12562814070353	0.03729526089282732
65.52763819095478	0.029489359812443446
65.92964824120604	0.02771525061202997
66.33165829145729	0.03038469292030968
66.73366834170855	0.03385496380923049
67.1356783919598	0.03653578979690538
67.53768844221106	0.03978062710637217
67.93969849246231	0.04571566633488061
68.34170854271358	0.05398133758142566
68.74371859296483	0.062482466920066385
69.14572864321609	0.068304939497259
69.54773869346734	0.06977357724411477
69.9497487437186	0.06663720451181938
70.35175879396985	0.05891103236301454
70.75376884422111	0.04874057813759562
71.15577889447236	0.038248098483094094
71.55778894472363	0.030212921519274183
71.95979899497488	0.027222820435967954
72.36180904522614	0.028796099199021617
72.76381909547739	0.03281631611969996
73.16582914572865	0.03853817609774993
73.5678391959799	0.04622140047944116
73.96984924623116	0.0543727851262641
74.37185929648241	0.06200838863965828
74.77386934673368	0.06752384322864127
75.17587939698493	0.07018932383472998
75.57788944723619	0.06938596606548028
75.97989949748744	0.06484750308255628
76.3819095477387	0.057569646695765156
76.78391959798995	0.04862839499705404
77.18592964824121	0.039734613770103525
77.58793969849246	0.033436025660224786
77.98994974874373	0.031974022465461834
78.39195979899498	0.03454509589962403
78.79396984924624	0.038922150839890896
79.19597989949749	0.043541564526421495
79.59798994974875	0.04810071708487461
80.0	0.05278488065768734
