0.0	0.014278093820071091
0.40816326530612246	0.014134564377354952
0.8163265306122449	0.012265500771765605
1.2244897959183674	0.009257488837589463
1.6326530612244898	0.007001196897779604
2.0408163265306123	0.0074743918395214284
2.4489795918367347	0.00993508013231353
2.857142857142857	0.01168751513725513
3.2653061224489797	0.011801593391457496
3.673469387755102	0.009999568740883976
4.081632653061225	0.0065409794674309175
4.4897959183673475	0.0035923319487423536
4.8979591836734695	0.00616672809306689
5.3061224489795915	0.010829852550926368
5.714285714285714	0.014206392359644044
6.122448979591837	0.015949631002451593
6.530612244897959	0.015891582076496595
6.938775510204081	0.014046033266730429
7.346938775510204	0.011447736067208673
7.755102040816327	0.009764531889686364
8.16326530612245	0.010435799724038946
8.571428571428571	0.011902589012591076
8.979591836734695	0.012656193780895544
9.387755102040817	0.011497613761771825
9.795918367346939	0.00812478760064056
10.204081632653061	0.0033173102567294
10.612244897959183	0.0038437324898226524
11.020408163265307	0.00991578925563245
11.428571428571429	0.015450050809589755
11.83673469387755	0.019488158735287472
12.244897959183675	0.0213802527005731
12.653061224489797	0.02120473192646373
13.061224489795919	0.01954615257117363
13.46938775510204	0.01765876047348281
13.877551020408163	0.016520075830733037
14.285714285714286	0.016806797985880677
14.693877551020408	0.01738182568518018
15.10204081632653	0.017064868247319634
15.510204081632654	0.01505475090678852
15.918367346938776	0.012027841057891921
16.3265306122449	0.009947376269648315
16.73469387755102	0.011892593543298486
17.142857142857142	0.01611654751614715
17.551020408163264	0.02017472705114952
17.95918367346939	0.02296749797154616
18.367346938775512	0.024024767249076432
18.775510204081634	0.023597395926087224
19.183673469387756	0.022253293367891672
19.591836734693878	0.02092257421179979
20.0	0.020435999181758768
