0.0	0.009264993673186533
0.4020100502512563	0.009968110466920806
0.8040201005025126	0.009367993708524314
1.206030150753769	0.0074982655217216265
1.6080402010050252	0.005042263943763946
2.0100502512562817	0.0038248815974110248
2.412060301507538	0.0051020363688480536
2.814070351758794	0.006653275563651086
3.2160804020100504	0.007167828851766369
3.6180904522613067	0.006036243433207502
4.020100502512563	0.0034941839932225334
4.42211055276382	0.0008582914333689372
4.824120603015076	0.004457076060766339
5.226130653266332	0.008547528393764539
5.628140703517588	0.011601132375161662
6.030150753768845	0.013581644137232595
6.432160804020101	0.013998930540544696
6.834170854271357	0.012983043574218488
7.236180904522613	0.011198817038917373
7.63819095477387	0.009203497221474372
8.040201005025127	0.007693690355858866
8.442211055276383	0.006995832570126775
8.84422110552764	0.006398229347283094
9.246231155778895	0.005804309114213214
9.648241206030152	0.005050238494444384
10.050251256281408	0.006228415655304015
10.452261306532664	0.009631624187820981
10.85427135678392	0.013957781651107688
11.256281407035177	0.017843278440521824
11.658291457286433	0.020905630373478364
12.06030150753769	0.022885574945263876
12.462311557788945	0.02367506691833827
12.864321608040202	0.023860233379071023
13.266331658291458	0.023597517527498994
13.668341708542714	0.02368334507697612
14.07035175879397	0.02400387580817777
14.472361809045227	0.024124967143284787
14.874371859296483	0.02355545716630103
15.27638190954774	0.022275407057931036
15.678391959798995	0.02044490523560092
16.080402010050253	0.019329158271898357
16.48241206030151	0.0205656980729493
16.884422110552766	0.02403430223665043
17.286432160804022	0.028115719052527927
17.68844221105528	0.031321109986205735
18.090452261306535	0.03275779734115411
18.49246231155779	0.032647094042994526
18.894472361809047	0.032511610672531895
19.296482412060303	0.034037033717293386
19.69849246231156	0.03716081760868624
20.100502512562816	0.040615471780896126
20.502512562814072	0.04295591631835964
20.90452261306533	0.04296932133076916
21.306532663316585	0.04108153549312459
21.70854271356784	0.03795273643845306
22.110552763819097	0.03605818285374532
22.512562814070353	0.03650579268272148
22.91457286432161	0.03907323924114068
23.316582914572866	0.04161783085598838
23.718592964824122	0.042654441994132264
24.12060301507538	0.04217949020410148
24.522613065326635	0.04093231021000242
24.92462311557789	0.040805438801182814
25.326633165829147	0.042645565503222994
25.728643216080403	0.045808434401636455
26.13065326633166	0.04882401232831916
26.532663316582916	0.05065886498487754
26.934673366834172	0.05111071841692786
27.33668341708543	0.05056809631195495
27.738693467336685	0.05014903637978785
28.14070351758794	0.05040967847795219
28.542713567839197	0.05135929128646368
28.944723618090453	0.052649240428219835
29.34673366834171	0.05402339019733223
29.748743718592966	0.05523222531222018
30.150753768844222	0.056694577701919824
30.55276381909548	0.05849725573460113
30.954773869346734	0.0614014222299511
31.35678391959799	0.06447768143614517
31.758793969849247	0.06682183565329282
32.16080402010051	0.06777427516984866
32.56281407035176	0.06652729388356628
32.96482412060302	0.06311313815963596
33.366834170854275	0.05870493947314479
33.76884422110553	0.05414112731924613
34.17085427135679	0.050844888105729694
34.572864321608044	0.04968416542241143
34.9748743718593	0.050341390813706775
35.37688442211056	0.05208684345644347
35.77889447236181	0.05421738982881482
36.18090452261307	0.05665881617241488
36.582914572864325	0.05939666060993187
36.98492462311558	0.061972597373499215
37.38693467336684	0.06391847635543993
37.788944723618094	0.06435943053986518
38.19095477386935	0.06256621227746609
38.59296482412061	0.05882077012169511
38.99497487437186	0.05360260803875381
39.39698492462312	0.048045590473967024
39.798994974874375	0.04336173375980658
40.20100502512563	0.040986556706713466
40.60301507537689	0.041530046108146645
41.005025125628144	0.04439815174479214
41.4070351758794	0.04817306742894845
41.80904522613066	0.051969626894210495
42.21105527638191	0.05499479013632017
42.61306532663317	0.057248005505235455
43.015075376884425	0.058470143849183046
43.41708542713568	0.05888451019353741
43.81909547738694	0.05805280909868861
44.221105527638194	0.05632421422073982
44.62311557788945	0.05342244494796611
45.02512562814071	0.049555292627832856
45.42713567839196	0.04558537661780101
45.82914572864322	0.04260374342398907
46.231155778894475	0.041335079296754465
46.63316582914573	0.04251858112976573
47.03517587939699	0.044955717901888986
47.437185929648244	0.04734188654813434
47.8391959798995	0.04951527023885234
48.24120603015076	0.051389574598614284
48.64321608040201	0.05302036412655405
49.04522613065327	0.05468617068142734
49.447236180904525	0.05660779820784621
49.84924623115578	0.057838854489724444
50.25125628140704	0.05811420916392588
50.653266331658294	0.05672201684691963
51.05527638190955	0.053261341853072144
51.45728643216081	0.04882712904607125
51.85929648241206	0.04427230228191379
52.26130653266332	0.04111503676215337
52.663316582914575	0.04045288339919874
53.06532663316583	0.04234609427465123
53.46733668341709	0.04520754278676313
53.869346733668344	0.04834374398202806
54.2713567839196	0.051281113690752056
54.67336683417086	0.053361171222876425
55.07537688442211	0.055347951477414926
55.47738693467337	0.05696164360818499
55.879396984924625	0.05762225160471377
56.28140703517588	0.056916501331668735
56.68341708542714	0.05442182355575927
57.085427135678394	0.0500494019218386
57.48743718592965	0.045225613976781064
57.88944723618091	0.04129876481386037
58.29145728643216	0.040044671391955486
58.69346733668342	0.04182983258143654
59.095477386934675	0.045154574853360975
59.49748743718593	0.04887634217263448
59.89949748743719	0.05207248576512193
60.301507537688444	0.05488290017696888
60.7035175879397	0.057196590745082446
61.10552763819096	0.05946369619058524
61.50753768844221	0.0612180559814256
61.90954773869347	0.061838353291697644
62.311557788944725	0.06039852651710935
62.71356783919598	0.05725118897543071
63.11557788944724	0.05262682045654933
63.517587939698494	0.047996947900227446
63.91959798994975	0.04512121901946815
64.32160804020101	0.045272055513519024
64.72361809045226	0.047876357252354416
65.12562814070353	0.05175155783672181
65.52763819095478	0.05556779242951439
65.92964824120604	0.05879411327735058
66.33165829145729	0.061309452362466675
66.73366834170855	0.06313615099885321
67.1356783919598	0.06427631384879617
67.53768844221106	0.06415475589777876
67.93969849246231	0.06250918597000757
68.34170854271358	0.05921601994780139
68.74371859296483	0.05452730247433725
69.14572864321609	0.049682056503522094
69.54773869346734	0.045752682374373924
69.9497487437186	0.04454175559529109
70.35175879396985	0.04597797954196483
70.75376884422111	0.049176814789474846
71.15577889447236	0.05291080098083709
71.55778894472363	0.05612103507786316
71.95979899497488	0.05844871428163075
72.36180904522614	0.059852866869579545
72.76381909547739	0.06070515519220765
73.16582914572865	0.0610001252901719
73.5678391959799	0.06014866803123468
73.96984924623116	0.058281341272794274
74.37185929648241	0.05516282289485601
74.77386934673368	0.05132063434919656
75.17587939698493	0.047543473572619885
75.57788944723619	0.04495556911754165
75.97989949748744	0.04420086460610259
76.3819095477387	0.04559841135364128
76.78391959798995	0.048366793546830725
77.18592964824121	0.05154032471562255
77.58793969849246	0.05416671137831268
77.98994974874373	0.05640597029879073
78.39195979899498	0.05772244699941752
78.79396984924624	0.058462653052605486
79.19597989949749	0.05836124694804336
79.59798994974875	0.057297270921417696
80.0	0.05512130244905028
