0.0	0.013296409909121492
0.4020100502512563	0.012968264163240099
0.8040201005025126	0.010557371482796684
1.206030150753769	0.006717169970456899
1.6080402010050252	0.0031470136851838052
2.0100502512562817	0.004966704170243051
2.412060301507538	0.008474611511800291
2.814070351758794	0.010583394058902879
3.2160804020100504	0.010526039365062016
3.6180904522613067	0.008411306404150387
4.020100502512563	0.004742789805016613
4.42211055276382	0.00233125791373507
4.824120603015076	0.0065590884147871285
5.226130653266332	0.010914345482880219
5.628140703517588	0.013858196576299279
6.030150753768845	0.014655123415632701
6.432160804020101	0.013288191205750477
6.834170854271357	0.01043195062035968
7.236180904522613	0.006482335997884255
7.63819095477387	0.0038017484317443063
8.040201005025127	0.0053300514521519545
8.442211055276383	0.0074072771953911055
8.84422110552764	0.007922213658967074
9.246231155778895	0.006195829536658266
9.648241206030152	0.0029167742358561263
10.050251256281408	0.0029296015865677553
10.452261306532664	0.008304398824076548
10.85427135678392	0.013669370241980413
11.256281407035177	0.017719316768750316
11.658291457286433	0.019949481273523754
12.06030150753769	0.02008780496373724
12.462311557788945	0.018172587258580692
12.864321608040202	0.014490078318159943
13.266331658291458	0.010395857892051765
13.668341708542714	0.007354663752548172
14.07035175879397	0.007836756189913325
14.472361809045227	0.010567585533351994
14.874371859296483	0.013089451690485152
15.27638190954774	0.014696847366323238
15.678391959798995	0.015580229350022531
16.080402010050253	0.016596917956483846
16.48241206030151	0.018486281260054457
16.884422110552766	0.021071394379900205
17.286432160804022	0.02403716039847927
17.68844221105528	0.026458989383032823
18.090452261306535	0.027385779840990034
18.49246231155779	0.02633860707079023
18.894472361809047	0.023123524813395725
19.296482412060303	0.018125530249492063
19.69849246231156	0.013384766550876897
20.100502512562816	0.012504712589517835
20.502512562814072	0.016565103809580723
20.90452261306533	0.0214012149654002
21.306532663316585	0.024998527312331213
21.70854271356784	0.026867076697429753
22.110552763819097	0.028123410371113117
22.512562814070353	0.02993523071924984
22.91457286432161	0.03282910221207596
23.316582914572866	0.03617837702879891
23.718592964824122	0.038517964982209246
24.12060301507538	0.038449335862851784
24.522613065326635	0.035546816972208684
24.92462311557789	0.03029228211027969
25.326633165829147	0.023726453582877338
25.728643216080403	0.018677629962834785
26.13065326633166	0.017432193140585698
26.532663316582916	0.019619361095662483
26.934673366834172	0.02250756172178494
27.33668341708543	0.024351665265654108
27.738693467336685	0.025883736244964844
28.14070351758794	0.028376765297519774
28.542713567839197	0.033003588222444244
28.944723618090453	0.03859469673719548
29.34673366834171	0.04302215079003393
29.748743718592966	0.04523314153240074
30.150753768844222	0.043973456247885
30.55276381909548	0.039569404968775805
30.954773869346734	0.03362719851477843
31.35678391959799	0.028465401401959106
31.758793969849247	0.02674645726974311
32.16080402010051	0.028625010666975946
32.56281407035176	0.032014324562431154
32.96482412060302	0.034903079760070045
33.366834170854275	0.03789790637748979
33.76884422110553	0.04125231620786618
34.17085427135679	0.04529610090801042
34.572864321608044	0.04948020228530646
34.9748743718593	0.05316997664505714
35.37688442211056	0.05512209697584468
35.77889447236181	0.055221081840790096
36.18090452261307	0.05355297511419817
36.582914572864325	0.05130818209471033
36.98492462311558	0.04928345984626766
37.38693467336684	0.04875478545846588
37.788944723618094	0.04973577483761815
38.19095477386935	0.05249425540159711
38.59296482412061	0.056271111390429764
38.99497487437186	0.06046232112125266
39.39698492462312	0.06416583314150641
39.798994974874375	0.06697725480301354
40.20100502512563	0.06814200694331546
40.60301507537689	0.06762175886348545
41.005025125628144	0.06491129289062043
41.4070351758794	0.060434883140001706
41.80904522613066	0.05484129984192523
42.21105527638191	0.04918987576375553
42.61306532663317	0.04449536397216975
43.015075376884425	0.04289627161831745
43.41708542713568	0.045338459594357804
43.81909547738694	0.050892461752223575
44.221105527638194	0.05809433900238377
44.62311557788945	0.0648370107029299
45.02512562814071	0.06968669435690542
45.42713567839196	0.07151906859090595
45.82914572864322	0.06987719615985123
46.231155778894475	0.06459391077586073
46.63316582914573	0.05666925788546292
47.03517587939699	0.04741249543864534
47.437185929648244	0.03840176106136127
47.8391959798995	0.03097714303619148
48.24120603015076	0.026303856814598132
48.64321608040201	0.024255028678446516
49.04522613065327	0.025565738437426166
49.447236180904525	0.030454602112542844
49.84924623115578	0.03823791837651429
50.25125628140704	0.046928338563892516
50.653266331658294	0.05479630827322899
51.05527638190955	0.060242677409159104
51.45728643216081	0.06198397585640297
51.85929648241206	0.059609015651002614
52.26130653266332	0.05368990848845728
52.663316582914575	0.045211519311413935
53.06532663316583	0.03600888482521405
53.46733668341709	0.027918746848753832
53.869346733668344	0.022004215393580173
54.2713567839196	0.018858553303410634
54.67336683417086	0.01932369177780182
55.07537688442211	0.023509228673447742
55.47738693467337	0.030857033090454556
55.879396984924625	0.03988079161356646
56.28140703517588	0.04891721992185048
56.68341708542714	0.055938119002443075
57.085427135678394	0.06012507960971114
57.48743718592965	0.06067770320955218
57.88944723618091	0.057022142691192365
58.29145728643216	0.05024224424746369
58.69346733668342	0.041306082415907566
59.095477386934675	0.03205872160122057
59.49748743718593	0.0240174503841998
59.89949748743719	0.018696082690462208
60.301507537688444	0.01735395248769929
60.7035175879397	0.020249657245942784
61.10552763819096	0.027369241676439393
61.50753768844221	0.03689163215646221
61.90954773869347	0.0469366390293301
62.311557788944725	0.05520330761890942
62.71356783919598	0.06004678255100678
63.11557788944724	0.06042835270933642
63.517587939698494	0.05596545998295699
63.91959798994975	0.04773059567865668
64.32160804020101	0.0372225310470013
64.72361809045226	0.026279615692708917
65.12562814070353	0.017398717511366353
65.52763819095478	0.012181442219611033
65.92964824120604	0.01178091760722986
66.33165829145729	0.016168097100363092
66.73366834170855	0.02390439303774577
67.1356783919598	0.033783747030745236
67.53768844221106	0.043931121635379246
67.93969849246231	0.05222368724488298
68.34170854271358	0.0573276345810146
68.74371859296483	0.05831296820718669
69.14572864321609	0.05508871169490739
69.54773869346734	0.04863362476465872
69.9497487437186	0.0399831506551804
70.35175879396985	0.031352433046346835
70.75376884422111	0.02453296790016805
71.15577889447236	0.02130127025535989
71.55778894472363	0.021889338150113357
71.95979899497488	0.025611726048616272
72.36180904522614	0.03126016949791529
72.76381909547739	0.03831271256816089
73.16582914572865	0.04565564130229654
73.5678391959799	0.051725803515809674
73.96984924623116	0.05561158001150625
74.37185929648241	0.05649317435583503
74.77386934673368	0.0542281850888565
75.17587939698493	0.04916797679942097
75.57788944723619	0.042699491986827695
75.97989949748744	0.03618650734340494
76.3819095477387	0.031053142892014655
76.78391959798995	0.028358410472025624
77.18592964824121	0.028632082781625656
77.58793969849246	0.031011143545873858
77.98994974874373	0.03467462349002247
78.39195979899498	0.03946012294482226
78.79396984924624	0.0448356411959519
79.19597989949749	0.05000848246901597
79.59798994974875	0.05392124597944129
80.0	0.05586290812702327
