0.0	0.018893905541175322
0.4020100502512563	0.017220695821574927
0.8040201005025126	0.012871386794412151
1.206030150753769	0.006926973715335409
1.6080402010050252	0.004027527453775713
2.0100502512562817	0.008388132189932347
2.412060301507538	0.012629059413417607
2.814070351758794	0.014417064674533561
3.2160804020100504	0.012950947185030284
3.6180904522613067	0.008916689707662859
4.020100502512563	0.0027937139940415155
4.42211055276382	0.004827880700096589
4.824120603015076	0.011777738081159622
5.226130653266332	0.01706200610488831
5.628140703517588	0.020059825131762764
6.030150753768845	0.020143225956075046
6.432160804020101	0.01732038559758713
6.834170854271357	0.012677796286449577
7.236180904522613	0.008272703730486941
7.63819095477387	0.008107907789887493
8.040201005025127	0.011145278006952138
8.442211055276383	0.013512630761343689
8.84422110552764	0.012980698498079618
9.246231155778895	0.00967244986840301
9.648241206030152	0.005288685367978012
10.050251256281408	0.007211046772828393
10.452261306532664	0.014506371938157528
10.85427135678392	0.021265507754495296
11.256281407035177	0.026132410893669394
11.658291457286433	0.02813549753001069
12.06030150753769	0.027415374257855212
12.462311557788945	0.024439578084970125
12.864321608040202	0.02098701253013991
13.266331658291458	0.01843818442991889
13.668341708542714	0.017748391601103176
14.07035175879397	0.01807248447624934
14.472361809045227	0.017838626150099828
14.874371859296483	0.017360206171481842
15.27638190954774	0.01805766694054386
15.678391959798995	0.021666891380767016
16.080402010050253	0.027643368101620103
16.48241206030151	0.034048572784270544
16.884422110552766	0.0394708288228024
17.286432160804022	0.04291149314398314
17.68844221105528	0.04449905476240328
18.090452261306535	0.04463597734952377
18.49246231155779	0.044089876303557755
18.894472361809047	0.043433437768586505
19.296482412060303	0.042874678480602495
19.69849246231156	0.04242246711992591
20.100502512562816	0.041850519804019395
20.502512562814072	0.04104784659261445
20.90452261306533	0.04027749388472588
21.306532663316585	0.040387356132164313
21.70854271356784	0.04234369246684687
22.110552763819097	0.04588397149548291
22.512562814070353	0.05029474597645145
22.91457286432161	0.054658173906401875
23.316582914572866	0.05778372069838818
23.718592964824122	0.059329232012403664
24.12060301507538	0.05971051571198473
24.522613065326635	0.05969977884619496
24.92462311557789	0.05924933603997055
25.326633165829147	0.058871421893540374
25.728643216080403	0.058461199618816996
26.13065326633166	0.05807390737231181
26.532663316582916	0.05769944464153327
26.934673366834172	0.05786724327669729
27.33668341708543	0.05838191823598826
27.738693467336685	0.05945208012199841
28.14070351758794	0.061011057734053006
28.542713567839197	0.06261256974127688
28.944723618090453	0.06418440080567037
29.34673366834171	0.06527727246217328
29.748743718592966	0.06585383743638203
30.150753768844222	0.06576205741943744
30.55276381909548	0.06554189022307495
30.954773869346734	0.06496092969921248
31.35678391959799	0.06462242705623919
31.758793969849247	0.06400774072949432
32.16080402010051	0.06362318641881035
32.56281407035176	0.06289005601704883
32.96482412060302	0.06217647158435948
33.366834170854275	0.061268459553466645
33.76884422110553	0.06032666180695532
34.17085427135679	0.059392539977372635
34.572864321608044	0.05864414566423233
34.9748743718593	0.05816646309390115
35.37688442211056	0.05818323520005527
35.77889447236181	0.05829733734106095
36.18090452261307	0.05896381593985772
36.582914572864325	0.05978864597056097
36.98492462311558	0.060508614482136215
37.38693467336684	0.06100305861715716
37.788944723618094	0.060861133362608635
38.19095477386935	0.06004465648948191
38.59296482412061	0.05849122994477264
38.99497487437186	0.056495951756855955
39.39698492462312	0.05417455774584081
39.798994974874375	0.05212145723563784
40.20100502512563	0.05069132678646469
40.60301507537689	0.049890600415665114
41.005025125628144	0.0501212926630115
41.4070351758794	0.05120199493817793
41.80904522613066	0.05276742901675804
42.21105527638191	0.05465791610451924
42.61306532663317	0.05674894828741006
43.015075376884425	0.058473129959842586
43.41708542713568	0.059674173999341516
43.81909547738694	0.0598176715378575
44.221105527638194	0.0590685757472296
44.62311557788945	0.05736693591868185
45.02512562814071	0.055018189148525645
45.42713567839196	0.05268778816837364
45.82914572864322	0.05081925809821501
46.231155778894475	0.049686277408512426
46.63316582914573	0.04982832863281805
47.03517587939699	0.05085239537726781
47.437185929648244	0.05271555949320757
47.8391959798995	0.05498132186118648
48.24120603015076	0.05708328872316606
48.64321608040201	0.058703673172325235
49.04522613065327	0.059889812141700416
49.447236180904525	0.06056753266066195
49.84924623115578	0.0604801134762666
50.25125628140704	0.05954777523529685
50.653266331658294	0.05789063441293525
51.05527638190955	0.055617789157916944
51.45728643216081	0.05344817998028919
51.85929648241206	0.05140427811351236
52.26130653266332	0.05009513726610493
52.663316582914575	0.04987541646266014
53.06532663316583	0.050795759839568425
53.46733668341709	0.05269235918016981
53.869346733668344	0.05534297810438038
54.2713567839196	0.05803705277372343
54.67336683417086	0.06050074206091196
55.07537688442211	0.062266282934169914
55.47738693467337	0.06296352012368589
55.879396984924625	0.06250380210146923
56.28140703517588	0.06074797538921286
56.68341708542714	0.058360628339804155
57.085427135678394	0.05533141705929018
57.48743718592965	0.05262842382601666
57.88944723618091	0.05058266433670831
58.29145728643216	0.050189710832499755
58.69346733668342	0.05097961375506175
59.095477386934675	0.05321522742002236
59.49748743718593	0.05616372509975215
59.89949748743719	0.05942644755777289
60.301507537688444	0.0627472026985617
60.7035175879397	0.06561376609313711
61.10552763819096	0.06758187389829692
61.50753768844221	0.06819574549892433
61.90954773869347	0.0677144507675829
62.311557788944725	0.06590413666349691
62.71356783919598	0.06291442034884838
63.11557788944724	0.05951087722689594
63.517587939698494	0.05626497982303279
63.91959798994975	0.05382604377641638
64.32160804020101	0.0525963574910121
64.72361809045226	0.05275782907182368
65.12562814070353	0.05457970426302332
65.52763819095478	0.05741738529194386
65.92964824120604	0.060968687496832985
66.33165829145729	0.06459151902779656
66.73366834170855	0.06745764782612548
67.1356783919598	0.06924483624842151
67.53768844221106	0.06934448502199615
67.93969849246231	0.06754195210514957
68.34170854271358	0.06445250720593872
68.74371859296483	0.060590950149199095
69.14572864321609	0.05643070292198109
69.54773869346734	0.052954558784823656
69.9497487437186	0.05072856775994285
70.35175879396985	0.050048658962353124
70.75376884422111	0.05087963376970582
71.15577889447236	0.05302445597224446
71.55778894472363	0.05602247956452087
71.95979899497488	0.05915956000193919
72.36180904522614	0.06222166661918579
72.76381909547739	0.06434178022570429
73.16582914572865	0.06546278192096475
73.5678391959799	0.06508849438585283
73.96984924623116	0.06388181832836766
74.37185929648241	0.06178747289956389
74.77386934673368	0.059250578681057875
75.17587939698493	0.05660748699926286
75.57788944723619	0.05436958296043848
75.97989949748744	0.052731958733072695
76.3819095477387	0.05190921857583423
76.78391959798995	0.05240245407121645
77.18592964824121	0.05377634420995218
77.58793969849246	0.056061088375533655
77.98994974874373	0.058667991869027235
78.39195979899498	0.06115670512110173
78.79396984924624	0.06308459940126407
79.19597989949749	0.06404234242328273
79.59798994974875	0.06387668976592843
80.0	0.0627311374622276
