0.0	0.036230949006262586
0.4020100502512563	0.03277938616949424
0.8040201005025126	0.02376744787101665
1.206030150753769	0.011384860184288857
1.6080402010050252	0.004784198676841168
2.0100502512562817	0.016685954050014877
2.412060301507538	0.025974153712481074
2.814070351758794	0.029794397394773388
3.2160804020100504	0.02763396739522263
3.6180904522613067	0.01975754118278305
4.020100502512563	0.00769386112030679
4.42211055276382	0.007071834845469466
4.824120603015076	0.0205570166403696
5.226130653266332	0.030767688949592354
5.628140703517588	0.03620544884436934
6.030150753768845	0.03583759407852809
6.432160804020101	0.029512905395223943
6.834170854271357	0.018866338073456734
7.236180904522613	0.007508471674203357
7.63819095477387	0.010601620611264458
8.040201005025127	0.02030934317017246
8.442211055276383	0.026045657042920396
8.84422110552764	0.02636635246040085
9.246231155778895	0.02047765951443111
9.648241206030152	0.009539658364377517
10.050251256281408	0.004299195945878776
10.452261306532664	0.018630859220383537
10.85427135678392	0.03113933159716334
11.256281407035177	0.03941743793581391
11.658291457286433	0.04203946596152231
12.06030150753769	0.03882319374455941
12.462311557788945	0.03072393375440071
12.864321608040202	0.019604167275659258
13.266331658291458	0.011120186891992413
13.668341708542714	0.014412916276281034
14.07035175879397	0.021276872060907066
14.472361809045227	0.024524662785330782
14.874371859296483	0.022752557935751934
15.27638190954774	0.01600071743856915
15.678391959798995	0.006425600015572827
16.080402010050253	0.009804745301734998
16.48241206030151	0.022409699076423043
16.884422110552766	0.03290136849769253
17.286432160804022	0.03967478370593645
17.68844221105528	0.041202529338437044
18.090452261306535	0.037535602938683146
18.49246231155779	0.030063842157847343
18.894472361809047	0.021528648302694495
19.296482412060303	0.017610602815440395
19.69849246231156	0.021032165120011756
20.100502512562816	0.025490019709669638
20.502512562814072	0.027239104678038955
20.90452261306533	0.024659084878642577
21.306532663316585	0.018001525249215826
21.70854271356784	0.010892381349278429
22.110552763819097	0.013258061210340833
22.512562814070353	0.022683596036850613
22.91457286432161	0.03136151249188334
23.316582914572866	0.036507708630696176
23.718592964824122	0.03776455254303316
24.12060301507538	0.03588013427066306
24.522613065326635	0.03290092297945329
24.92462311557789	0.03150759429738627
25.326633165829147	0.032582951231211556
25.728643216080403	0.034163690638310956
26.13065326633166	0.03434753499964581
26.532663316582916	0.03105827321262663
26.934673366834172	0.02407417861236893
27.33668341708543	0.014616438491713013
27.738693467336685	0.007527669714514846
28.14070351758794	0.014054328015950173
28.542713567839197	0.02382859905596573
28.944723618090453	0.03153399894678137
29.34673366834171	0.03682851993888812
29.748743718592966	0.03968306752861242
30.150753768844222	0.04112188748996856
30.55276381909548	0.04163358129866241
30.954773869346734	0.04115216967785079
31.35678391959799	0.039665297287136046
31.758793969849247	0.03653393554586275
32.16080402010051	0.03125528883808971
32.56281407035176	0.024566494277463217
32.96482412060302	0.01704114675034501
33.366834170854275	0.013253651829504304
33.76884422110553	0.018066672125992087
34.17085427135679	0.026877605226489694
34.572864321608044	0.03530317368366934
34.9748743718593	0.04224435015935567
35.37688442211056	0.047341685682683626
35.77889447236181	0.050408653337145094
36.18090452261307	0.05196877208426468
36.582914572864325	0.05162187328689495
36.98492462311558	0.04957939574253491
37.38693467336684	0.0457651988702946
37.788944723618094	0.04040950917351895
38.19095477386935	0.03426838219761442
38.59296482412061	0.02827427698177064
38.99497487437186	0.024591593046087445
39.39698492462312	0.0245586363074625
39.798994974874375	0.02901666688153844
40.20100502512563	0.036646582957908506
40.60301507537689	0.045484604266161084
41.005025125628144	0.05453009380754633
41.4070351758794	0.06292299969505542
41.80904522613066	0.06953913061678382
42.21105527638191	0.07372278691238203
42.61306532663317	0.0748953464146241
43.015075376884425	0.07301224506351653
43.41708542713568	0.06879734472005661
43.81909547738694	0.06265615314334698
44.221105527638194	0.055820875235072474
44.62311557788945	0.049181581456944054
45.02512562814071	0.04393484659131699
45.42713567839196	0.041186594571678885
45.82914572864322	0.0425477865510919
46.231155778894475	0.04804294810847618
46.63316582914573	0.05570427567414149
47.03517587939699	0.06400672205133615
47.437185929648244	0.07135901474633953
47.8391959798995	0.07617248992936751
48.24120603015076	0.07814507555288072
48.64321608040201	0.07707374875001186
49.04522613065327	0.07339107463915076
49.447236180904525	0.06796012366653152
49.84924623115578	0.06132211830741078
50.25125628140704	0.05437713635641635
50.653266331658294	0.04765644163355614
51.05527638190955	0.04194183549507872
51.45728643216081	0.03912925698965021
51.85929648241206	0.04104727228236698
52.26130653266332	0.04739278434796222
52.663316582914575	0.05634241703904684
53.06532663316583	0.06500851995012977
53.46733668341709	0.07168642680280198
53.869346733668344	0.07516596772178243
54.2713567839196	0.07521367580303112
54.67336683417086	0.07260796990734707
55.07537688442211	0.06802208026958462
55.47738693467337	0.06244544633212803
55.879396984924625	0.05644480810091747
56.28140703517588	0.05018505762378306
56.68341708542714	0.044016879778552044
57.085427135678394	0.039399403260050744
57.48743718592965	0.03889687490103855
57.88944723618091	0.043893562377306204
58.29145728643216	0.05283932247030652
58.69346733668342	0.062305797680785015
59.095477386934675	0.07004826590959534
59.49748743718593	0.07464030946108538
59.89949748743719	0.07579166605165662
60.301507537688444	0.07394277266372049
60.7035175879397	0.07029895931606368
61.10552763819096	0.06561906420064485
61.50753768844221	0.0602663783645498
61.90954773869347	0.05464027059153095
62.311557788944725	0.048840161257433144
62.71356783919598	0.04346944322579257
63.11557788944724	0.040242935419882574
63.517587939698494	0.04128717719665117
63.91959798994975	0.0471299608849722
64.32160804020101	0.055661271837025926
64.72361809045226	0.06402471300506321
65.12562814070353	0.069973939186571
65.52763819095478	0.07292810113333822
65.92964824120604	0.07258055429594835
66.33165829145729	0.06980692953355211
66.73366834170855	0.06568295780746661
67.1356783919598	0.06086966769045486
67.53768844221106	0.055926418067343574
67.93969849246231	0.05044187962707365
68.34170854271358	0.04477569430398009
68.74371859296483	0.03962608420996167
69.14572864321609	0.03744385405706862
69.54773869346734	0.03998653445550956
69.9497487437186	0.046702811632533654
70.35175879396985	0.05490704539186477
70.75376884422111	0.062180440800031475
71.15577889447236	0.06746309698098107
71.55778894472363	0.0697667877732761
71.95979899497488	0.06981452892169938
72.36180904522614	0.06782892981448838
72.76381909547739	0.06463803207287167
73.16582914572865	0.06017832077524034
73.5678391959799	0.05509330284951367
73.96984924623116	0.04952277675407904
74.37185929648241	0.04385785993347495
74.77386934673368	0.03943434685177957
75.17587939698493	0.03831895054852473
75.57788944723619	0.041577284187460053
75.97989949748744	0.04879296475383319
76.3819095477387	0.05769511214158085
76.78391959798995	0.06573990914821778
77.18592964824121	0.07170923875989865
77.58793969849246	0.0745653905996267
77.98994974874373	0.07397387023100946
78.39195979899498	0.07039911297066465
78.79396984924624	0.06475513563363565
79.19597989949749	0.05859918481434012
79.59798994974875	0.05287732350776533
80.0	0.047858260691844914
