0.0	0.02550664709948467
0.4020100502512563	0.02631919660335021
0.8040201005025126	0.022342997339834168
1.206030150753769	0.015020445513031408
1.6080402010050252	0.00567966867756055
2.0100502512562817	0.004724765211085025
2.412060301507538	0.012720348901294195
2.814070351758794	0.01780973837244778
3.2160804020100504	0.018583455933581898
3.6180904522613067	0.014603331769501321
4.020100502512563	0.007027888826206176
4.42211055276382	0.003184157288876564
4.824120603015076	0.01419089090792879
5.226130653266332	0.024163367952369744
5.628140703517588	0.031126863474360056
6.030150753768845	0.03399889806137829
6.432160804020101	0.03251913942717298
6.834170854271357	0.026765917714435906
7.236180904522613	0.018379652570224916
7.63819095477387	0.008879730466241045
8.040201005025127	0.0022045326065805795
8.442211055276383	0.006570713769354972
8.84422110552764	0.00827592918323756
9.246231155778895	0.005405770627460725
9.648241206030152	0.0025973195853234835
10.050251256281408	0.012828359543565922
10.452261306532664	0.024974740882733097
10.85427135678392	0.03679651694533509
11.256281407035177	0.04638353315780427
11.658291457286433	0.052278083675713086
12.06030150753769	0.053662384075657155
12.462311557788945	0.05048921468609996
12.864321608040202	0.04386086198085336
13.266331658291458	0.03541540109424791
13.668341708542714	0.026900429611287295
14.07035175879397	0.020096163221225698
14.472361809045227	0.016222316182001963
14.874371859296483	0.015573260088064821
15.27638190954774	0.018157329782698205
15.678391959798995	0.02326055688782961
16.080402010050253	0.029779663879914257
16.48241206030151	0.036334145689429574
16.884422110552766	0.04254131850852452
17.286432160804022	0.04780592043772651
17.68844221105528	0.05150166194698712
18.090452261306535	0.053535662112659456
18.49246231155779	0.054038299148131276
18.894472361809047	0.05253019402159613
19.296482412060303	0.04990505908703802
19.69849246231156	0.046337263293053
20.100502512562816	0.04288101423967376
20.502512562814072	0.04050709036864636
20.90452261306533	0.0392806705205475
21.306532663316585	0.040005235061615435
21.70854271356784	0.04200778215746322
22.110552763819097	0.04494449528502648
22.512562814070353	0.04878975504408629
22.91457286432161	0.05286412658879678
23.316582914572866	0.057163508945804256
23.718592964824122	0.06090855509370445
24.12060301507538	0.06362166414605841
24.522613065326635	0.064998472524388
24.92462311557789	0.06493704495846876
25.326633165829147	0.06387651563038696
25.728643216080403	0.0623145223878548
26.13065326633166	0.060585428734837674
26.532663316582916	0.058925523582302644
26.934673366834172	0.05729104586325971
27.33668341708543	0.05544497844373033
27.738693467336685	0.05322057999040099
28.14070351758794	0.050417276245180734
28.542713567839197	0.047399128459860565
28.944723618090453	0.04507635939151722
29.34673366834171	0.04454190138590869
29.748743718592966	0.0466537685075604
30.150753768844222	0.051339606017644826
30.55276381909548	0.05783085599874843
30.954773869346734	0.06456932868632133
31.35678391959799	0.06982440739019155
31.758793969849247	0.07202774076603546
32.16080402010051	0.0708492916159698
32.56281407035176	0.06563806491869248
32.96482412060302	0.05793500697427001
33.366834170854275	0.0485068224526117
33.76884422110553	0.039287543209415084
34.17085427135679	0.031510022713048216
34.572864321608044	0.026550164013691407
34.9748743718593	0.025311068110894668
35.37688442211056	0.027841111448703864
35.77889447236181	0.03363562833588741
36.18090452261307	0.041193535191456285
36.582914572864325	0.048681134898126706
36.98492462311558	0.054762555006158876
37.38693467336684	0.05805694578521538
37.788944723618094	0.0583349234678873
38.19095477386935	0.05602586585209078
38.59296482412061	0.051571664578282585
38.99497487437186	0.04631070306250089
39.39698492462312	0.04099943697697439
39.798994974874375	0.03717894831293844
40.20100502512563	0.03516444666238739
40.60301507537689	0.03561155956708102
41.005025125628144	0.038430858728379404
41.4070351758794	0.04311515296340433
41.80904522613066	0.048501804666728585
42.21105527638191	0.05354039346366035
42.61306532663317	0.057470743201618525
43.015075376884425	0.05942990442781334
43.41708542713568	0.05901223680872296
43.81909547738694	0.05656099312923076
44.221105527638194	0.05302689720461588
44.62311557788945	0.04915023076429952
45.02512562814071	0.04602306898376395
45.42713567839196	0.04427379749802336
45.82914572864322	0.04421651980396132
46.231155778894475	0.04550823994839616
46.63316582914573	0.04782365576449315
47.03517587939699	0.05074148158681363
47.437185929648244	0.05341744279559955
47.8391959798995	0.055310880479365485
48.24120603015076	0.056431619836370836
48.64321608040201	0.056491009012473836
49.04522613065327	0.05592865160196867
49.447236180904525	0.05486310709667562
49.84924623115578	0.05373128536175824
50.25125628140704	0.052814542297081456
50.653266331658294	0.05206950239438672
51.05527638190955	0.05109523866168628
51.45728643216081	0.05021202782221914
51.85929648241206	0.04905274098439648
52.26130653266332	0.04807550009082726
52.663316582914575	0.04697170844417671
53.06532663316583	0.046368709350197455
53.46733668341709	0.04654282747019776
53.869346733668344	0.047199181841698815
54.2713567839196	0.04832994490623842
54.67336683417086	0.049729983961318676
55.07537688442211	0.05111790423344466
55.47738693467337	0.05220296468493955
55.879396984924625	0.05269023568536437
56.28140703517588	0.052476859822720975
56.68341708542714	0.05156082984965989
57.085427135678394	0.05007142607328865
57.48743718592965	0.04834723902578593
57.88944723618091	0.046702205269058654
58.29145728643216	0.04538772215142016
58.69346733668342	0.044660070317596105
59.095477386934675	0.04456106784354452
59.49748743718593	0.04528122112031299
59.89949748743719	0.046845181332160354
60.301507537688444	0.04870125505425757
60.7035175879397	0.05089897557317384
61.10552763819096	0.052805593690704186
61.50753768844221	0.054235588158287426
61.90954773869347	0.05459956864060463
62.311557788944725	0.053966939883924515
62.71356783919598	0.05228730919612479
63.11557788944724	0.04982762994630332
63.517587939698494	0.04745482221511799
63.91959798994975	0.045250708294291585
64.32160804020101	0.043746451046359776
64.72361809045226	0.04266290223677775
65.12562814070353	0.042292185416793436
65.52763819095478	0.04294860968011986
65.92964824120604	0.04431360348670594
66.33165829145729	0.04618842306679875
66.73366834170855	0.04842627265104672
67.1356783919598	0.05022494079268952
67.53768844221106	0.05139114787757802
67.93969849246231	0.05168022868476411
68.34170854271358	0.051250719158715076
68.74371859296483	0.04977840123797964
69.14572864321609	0.047729931164700354
69.54773869346734	0.045887386728014165
69.9497487437186	0.04417527227615902
70.35175879396985	0.043045633639937686
70.75376884422111	0.042851997161777095
71.15577889447236	0.04348222026501127
71.55778894472363	0.04491112770724861
71.95979899497488	0.046927247799414644
72.36180904522614	0.04943377342840255
72.76381909547739	0.051514733739457474
73.16582914572865	0.052616635814404546
73.5678391959799	0.052999876264498834
73.96984924623116	0.052430739035739325
74.37185929648241	0.050994611050097546
74.77386934673368	0.04878327845794669
75.17587939698493	0.046144983125507556
75.57788944723619	0.04376257248920935
75.97989949748744	0.04183228430574181
76.3819095477387	0.04099052620170262
76.78391959798995	0.041590069939299694
77.18592964824121	0.04366941068263846
77.58793969849246	0.0468862239790077
77.98994974874373	0.050573722077700556
78.39195979899498	0.05404846365131873
78.79396984924624	0.05663817333966755
79.19597989949749	0.05796134777963517
79.59798994974875	0.05799756298389184
80.0	0.05701955918391699
