0.0	0.022451119786609717
0.4020100502512563	0.020517168822749378
0.8040201005025126	0.014803568728324307
1.206030150753769	0.007042434161964105
1.6080402010050252	0.0038292344086084578
2.0100502512562817	0.011242523630401157
2.412060301507538	0.0168216857903023
2.814070351758794	0.01930507539654485
3.2160804020100504	0.01795219340094851
3.6180904522613067	0.012927086501654556
4.020100502512563	0.0055251275487012575
4.42211055276382	0.0037349188084974637
4.824120603015076	0.012072303846544655
5.226130653266332	0.018376929051173118
5.628140703517588	0.021640524388045042
6.030150753768845	0.021143775396146484
6.432160804020101	0.01701203825319594
6.834170854271357	0.010705866522809174
7.236180904522613	0.006210431236489341
7.63819095477387	0.010785361545977616
8.040201005025127	0.01711425291479686
8.442211055276383	0.020876281916029128
8.84422110552764	0.020661217757877298
9.246231155778895	0.01732632364188543
9.648241206030152	0.010726457150499703
10.050251256281408	0.005200855890672635
10.452261306532664	0.010264522561039945
10.85427135678392	0.01764438072827536
11.256281407035177	0.02201592400248601
11.658291457286433	0.02320046472269409
12.06030150753769	0.020974056215399318
12.462311557788945	0.017423663663400063
12.864321608040202	0.016479123678641516
13.266331658291458	0.020411795442445223
13.668341708542714	0.02625534369262325
14.07035175879397	0.030117116569943064
14.472361809045227	0.030687051628202004
14.874371859296483	0.027731576587098083
15.27638190954774	0.022017962550576163
15.678391959798995	0.016853653047499913
16.080402010050253	0.0168820657476284
16.48241206030151	0.02216153277174473
16.884422110552766	0.027613055276448233
17.286432160804022	0.030844517251864344
17.68844221105528	0.03126935495783798
18.090452261306535	0.030736692720976493
18.49246231155779	0.03124740586394322
18.894472361809047	0.03422342466365563
19.296482412060303	0.03893501154268433
19.69849246231156	0.04323869188781891
20.100502512562816	0.045462732244288276
20.502512562814072	0.04485607553032745
20.90452261306533	0.042339204830687496
21.306532663316585	0.03960642061939785
21.70854271356784	0.038698885898310525
22.110552763819097	0.040451664097856985
22.512562814070353	0.043566020114827596
22.91457286432161	0.04637831194594872
23.316582914572866	0.04830707354885446
23.718592964824122	0.049691342858718
24.12060301507538	0.05158312456338956
24.522613065326635	0.054804424239465854
24.92462311557789	0.05913114084644011
25.326633165829147	0.0634550385108687
25.728643216080403	0.06693504586406676
26.13065326633166	0.06878626484425307
26.532663316582916	0.06876399882506282
26.934673366834172	0.0672029339295477
27.33668341708543	0.0645626533630668
27.738693467336685	0.06169932008390945
28.14070351758794	0.0586953016711209
28.542713567839197	0.05550717318111632
28.944723618090453	0.05242083324393617
29.34673366834171	0.049555187736277276
29.748743718592966	0.04752084555082449
30.150753768844222	0.04774600937819136
30.55276381909548	0.051375601546931916
30.954773869346734	0.05727830615302772
31.35678391959799	0.06390879196998837
31.758793969849247	0.06948394648552383
32.16080402010051	0.07204934149266619
32.56281407035176	0.07152182597488534
32.96482412060302	0.0678358913346476
33.366834170854275	0.06206232765787327
33.76884422110553	0.055453072483029976
34.17085427135679	0.0489633819876029
34.572864321608044	0.04385583429123546
34.9748743718593	0.03987714064055099
35.37688442211056	0.03719076491275102
35.77889447236181	0.036343677165798824
36.18090452261307	0.03842278412052787
36.582914572864325	0.0431274177273719
36.98492462311558	0.049645504210790656
37.38693467336684	0.055798196776436125
37.788944723618094	0.060490278871147364
38.19095477386935	0.062287187512420905
38.59296482412061	0.06130515232187964
38.99497487437186	0.05803067682061763
39.39698492462312	0.05352826407599186
39.798994974874375	0.04910866904909636
40.20100502512563	0.04584569806617135
40.60301507537689	0.04387501277327372
41.005025125628144	0.042924081288521584
41.4070351758794	0.04255936705715327
41.80904522613066	0.04304908382381755
42.21105527638191	0.04468495593106434
42.61306532663317	0.04792791037511
43.015075376884425	0.0519072774868873
43.41708542713568	0.05576943501456555
43.81909547738694	0.058245242440418156
44.221105527638194	0.05928708867108641
44.62311557788945	0.058715774728612766
45.02512562814071	0.05713845168520619
45.42713567839196	0.05518673697500974
45.82914572864322	0.05404700756180673
46.231155778894475	0.05330542054917729
46.63316582914573	0.05319489535497124
47.03517587939699	0.05307622709672597
47.437185929648244	0.05244504703646539
47.8391959798995	0.05144991537348618
48.24120603015076	0.05059809753239726
48.64321608040201	0.050666611943544895
49.04522613065327	0.05218618848109382
49.447236180904525	0.05479475357366516
49.84924623115578	0.057864961960204485
50.25125628140704	0.0602510116886527
50.653266331658294	0.06160457614316704
51.05527638190955	0.062338473902402255
51.45728643216081	0.06262192735096869
51.85929648241206	0.0627687287756658
52.26130653266332	0.062167992577200806
52.663316582914575	0.060637632003903395
53.06532663316583	0.05769330416355696
53.46733668341709	0.0536894705808433
53.869346733668344	0.04943507552698469
54.2713567839196	0.04645125997883491
54.67336683417086	0.04614848028073865
55.07537688442211	0.04919846688247853
55.47738693467337	0.054118076126813575
55.879396984924625	0.05967065185052326
56.28140703517588	0.06455037122946662
56.68341708542714	0.06776408503988565
57.085427135678394	0.06903745600426699
57.48743718592965	0.06857701754741338
57.88944723618091	0.06637491371803339
58.29145728643216	0.06317975085920227
58.69346733668342	0.05889642081834244
59.095477386934675	0.054263337924926366
59.49748743718593	0.04936709386587947
59.89949748743719	0.045597499275083705
60.301507537688444	0.0444256608460193
60.7035175879397	0.046800998415392966
61.10552763819096	0.05198736968435221
61.50753768844221	0.058551400731905255
61.90954773869347	0.06413493994785736
62.311557788944725	0.06803799550029876
62.71356783919598	0.06934797781816855
63.11557788944724	0.06844355085677083
63.517587939698494	0.06567092317685379
63.91959798994975	0.06171225063913023
64.32160804020101	0.05734504375035475
64.72361809045226	0.05266755133404535
65.12562814070353	0.04785605319234626
65.52763819095478	0.043410398952384355
65.92964824120604	0.04111539092267115
66.33165829145729	0.04229886893406819
66.73366834170855	0.047537513777724395
67.1356783919598	0.05507615628151461
67.53768844221106	0.06277764481930362
67.93969849246231	0.06854766296879014
68.34170854271358	0.071320819148251
68.74371859296483	0.07101584416830696
69.14572864321609	0.06807209098866404
69.54773869346734	0.06313346181073448
69.9497487437186	0.05758807006792118
70.35175879396985	0.05228942898155612
70.75376884422111	0.047530993147404624
71.15577889447236	0.04366505974258659
71.55778894472363	0.04141095892078829
71.95979899497488	0.04196505551863734
72.36180904522614	0.04562729452075926
72.76381909547739	0.051713215090418554
73.16582914572865	0.058380874722782264
73.5678391959799	0.06352839935206536
73.96984924623116	0.0660927914672153
74.37185929648241	0.06549512902327712
74.77386934673368	0.0625416766562156
75.17587939698493	0.0580208179374387
75.57788944723619	0.05329665940594196
75.97989949748744	0.04923837959472624
76.3819095477387	0.04643568936854391
76.78391959798995	0.04482261352668208
77.18592964824121	0.04413711618295797
77.58793969849246	0.0446727562600608
77.98994974874373	0.047302783967541825
78.39195979899498	0.05173989206664248
78.79396984924624	0.056994672938160615
79.19597989949749	0.06183659058439382
79.59798994974875	0.06514989083358556
80.0	0.06626500135682886
