0.0	0.03321578032593757
0.4020100502512563	0.028035678352144027
0.8040201005025126	0.01853371835806025
1.206030150753769	0.00604779337297312
1.6080402010050252	0.006742673770703672
2.0100502512562817	0.017578860404970476
2.412060301507538	0.024553750690924313
2.814070351758794	0.026144731747215173
3.2160804020100504	0.022425729749068472
3.6180904522613067	0.013870367264394634
4.020100502512563	0.00210083461763605
4.42211055276382	0.01064872035842167
4.824120603015076	0.021983435655736003
5.226130653266332	0.02994498117514894
5.628140703517588	0.03262439378667502
6.030150753768845	0.030084451161227294
6.432160804020101	0.02250268376323257
6.834170854271357	0.011365967893328888
7.236180904522613	0.002041311839604649
7.63819095477387	0.013069286868837742
8.040201005025127	0.021562673968795222
8.442211055276383	0.02530228577169754
8.84422110552764	0.023609850960723232
9.246231155778895	0.016771524661868428
9.648241206030152	0.006197875904019993
10.050251256281408	0.007964899927105027
10.452261306532664	0.020140910860672726
10.85427135678392	0.030058782255135058
11.256281407035177	0.035549054144280536
11.658291457286433	0.03580110359223124
12.06030150753769	0.0305889977518558
12.462311557788945	0.021478003553773207
12.864321608040202	0.01088707018662574
13.266331658291458	0.007551512095630692
13.668341708542714	0.01522738902425361
14.07035175879397	0.020996392023862068
14.472361809045227	0.02193468365287012
14.874371859296483	0.01852012804420746
15.27638190954774	0.013001418009185136
15.678391959798995	0.013173899371842424
16.080402010050253	0.021627449164568123
16.48241206030151	0.03147668796705989
16.884422110552766	0.03838582279637129
17.286432160804022	0.04099566582267429
17.68844221105528	0.03919586500168219
18.090452261306535	0.033495353198959334
18.49246231155779	0.0260221119228141
18.894472361809047	0.019884005040602663
19.296482412060303	0.018938812020602554
19.69849246231156	0.021784295053399242
20.100502512562816	0.02487608822417622
20.502512562814072	0.02673118037885878
20.90452261306533	0.027422162499714763
21.306532663316585	0.028856609811886175
21.70854271356784	0.03221805911951388
22.110552763819097	0.037623602504985046
22.512562814070353	0.04316232996951806
22.91457286432161	0.04724109448029912
23.316582914572866	0.04843469072204812
23.718592964824122	0.04605771097952103
24.12060301507538	0.040448550866309094
24.522613065326635	0.03279741820821401
24.92462311557789	0.024954800181148328
25.326633165829147	0.02057689883521125
25.728643216080403	0.022063455082930464
26.13065326633166	0.025844954513979536
26.532663316582916	0.028933567685003124
26.934673366834172	0.03033267830213802
27.33668341708543	0.030859823506517996
27.738693467336685	0.03337476691568528
28.14070351758794	0.03845407932468963
28.542713567839197	0.04507577804968067
28.944723618090453	0.050800140400153834
29.34673366834171	0.05366661132096169
29.748743718592966	0.05268736976141155
30.150753768844222	0.04745715483000837
30.55276381909548	0.039349858477376584
30.954773869346734	0.029974796043771207
31.35678391959799	0.022924706780473376
31.758793969849247	0.020431572888379854
32.16080402010051	0.02117475638561766
32.56281407035176	0.02225321380079374
32.96482412060302	0.023502172059423034
33.366834170854275	0.026160723618792726
33.76884422110553	0.03278563878608859
34.17085427135679	0.042151813771476546
34.572864321608044	0.05205419368352428
34.9748743718593	0.05993524389066981
35.37688442211056	0.0642102218002413
35.77889447236181	0.06402526252675741
36.18090452261307	0.05949677479997449
36.582914572864325	0.05181267887016675
36.98492462311558	0.04249752679128966
37.38693467336684	0.033874382462193695
37.788944723618094	0.027892316034246363
38.19095477386935	0.025306637085026323
38.59296482412061	0.02637839963592244
38.99497487437186	0.031289802958265965
39.39698492462312	0.04084395309377298
39.798994974874375	0.05371374206388667
40.20100502512563	0.067862157730365
40.60301507537689	0.0797275789008911
41.005025125628144	0.08741066545681916
41.4070351758794	0.0895841863303084
41.80904522613066	0.08548553986965159
42.21105527638191	0.07609870953288388
42.61306532663317	0.06316936709086744
43.015075376884425	0.049013729313365444
43.41708542713568	0.03631722005973508
43.81909547738694	0.02725612808758862
44.221105527638194	0.023775202516355298
44.62311557788945	0.026071246467917586
45.02512562814071	0.03394899461923273
45.42713567839196	0.04577085753499848
45.82914572864322	0.05951167586474795
46.231155778894475	0.07217881087216
46.63316582914573	0.08138823251708108
47.03517587939699	0.08527578437571912
47.437185929648244	0.08316635280779212
47.8391959798995	0.07522389993936292
48.24120603015076	0.06316580422801689
48.64321608040201	0.04920135820461498
49.04522613065327	0.03542521424204435
49.447236180904525	0.02446425670882822
49.84924623115578	0.018483725525950973
50.25125628140704	0.017960590272817496
50.653266331658294	0.023594367912350526
51.05527638190955	0.033630641369335475
51.45728643216081	0.0466207840212379
51.85929648241206	0.059662870695075795
52.26130653266332	0.07100139603892851
52.663316582914575	0.0781462672642966
53.06532663316583	0.08061126502408197
53.46733668341709	0.07755106627154033
53.869346733668344	0.07017490739867327
54.2713567839196	0.05956856198620638
54.67336683417086	0.04747014216732616
55.07537688442211	0.03669212112982634
55.47738693467337	0.02882202498543738
55.879396984924625	0.02529651021098343
56.28140703517588	0.02722582139838046
56.68341708542714	0.034062616123125916
57.085427135678394	0.04416977572945509
57.48743718592965	0.055308383201957155
57.88944723618091	0.06561112972369236
58.29145728643216	0.07322876089960502
58.69346733668342	0.07705743871277546
59.095477386934675	0.07654437357770301
59.49748743718593	0.07198056962007374
59.89949748743719	0.06427212715605636
60.301507537688444	0.05498815844486745
60.7035175879397	0.04547296095865827
61.10552763819096	0.03732327950273534
61.50753768844221	0.031455875518316675
61.90954773869347	0.029626920031855207
62.311557788944725	0.03206682113304698
62.71356783919598	0.03827664108217964
63.11557788944724	0.04660921373768499
63.517587939698494	0.05535120543837789
63.91959798994975	0.06292699584503404
64.32160804020101	0.06825346222544446
64.72361809045226	0.07067366397173715
65.12562814070353	0.06959537707087952
65.52763819095478	0.06502135336101257
65.92964824120604	0.05772689369740887
66.33165829145729	0.048560557995689764
66.73366834170855	0.03899829698148887
67.1356783919598	0.030842426034546476
67.53768844221106	0.02577791949610796
67.93969849246231	0.02554513391926876
68.34170854271358	0.030076215804507294
68.74371859296483	0.038452886918980106
69.14572864321609	0.04928575381208007
69.54773869346734	0.06097353240778056
69.9497487437186	0.07112558012107771
70.35175879396985	0.07840198965100623
70.75376884422111	0.08098298438436534
71.15577889447236	0.07845554897384728
71.55778894472363	0.07095870323602403
71.95979899497488	0.06009563573137431
72.36180904522614	0.04743244053883992
72.76381909547739	0.035211607860815126
73.16582914572865	0.025853047698590093
73.5678391959799	0.021126315903660292
73.96984924623116	0.022322442346602474
74.37185929648241	0.029219865503479665
74.77386934673368	0.040924228627468064
75.17587939698493	0.0550809673960894
75.57788944723619	0.06898411512530808
75.97989949748744	0.07998702045911596
76.3819095477387	0.08598463961810637
76.78391959798995	0.08589543484141662
77.18592964824121	0.0795013420032998
77.58793969849246	0.06818011420762787
77.98994974874373	0.05373648306969986
78.39195979899498	0.03921774878707356
78.79396984924624	0.02714569603997601
79.19597989949749	0.019482767888190845
79.59798994974875	0.017803975095283066
80.0	0.022430167476719068
