0.0	0.008874632919370514
0.4020100502512563	0.005328657248515016
0.8040201005025126	0.0012186405503243662
1.206030150753769	0.0034007848909770066
1.6080402010050252	0.007115327868985263
2.0100502512562817	0.009515060161767142
2.412060301507538	0.010309220360944858
2.814070351758794	0.00897382950975777
3.2160804020100504	0.006292888624689248
3.6180904522613067	0.0025003584200305193
4.020100502512563	0.0016965398821861487
4.42211055276382	0.005067602160916144
4.824120603015076	0.007286355762058126
5.226130653266332	0.007975736726612625
5.628140703517588	0.006643722816560558
6.030150753768845	0.00370354447921169
6.432160804020101	0.0006275539248024279
6.834170854271357	0.004863557976809
7.236180904522613	0.009202912101545186
7.63819095477387	0.01233977099585626
8.040201005025127	0.01379487472659494
8.442211055276383	0.01374232410288267
8.84422110552764	0.011978667876481252
9.246231155778895	0.008882704928786475
9.648241206030152	0.005297531400054221
10.050251256281408	0.0021061291714736096
10.452261306532664	0.0010902204216962567
10.85427135678392	0.001978758728954409
11.256281407035177	0.0019707047382924747
11.658291457286433	0.0036372071727904715
12.06030150753769	0.007747762148292163
12.462311557788945	0.01289727448171663
12.864321608040202	0.018124166538789753
13.266331658291458	0.02242564593941214
13.668341708542714	0.025084428801023982
14.07035175879397	0.02548193330526726
14.472361809045227	0.023721874794568158
14.874371859296483	0.020060327358913554
15.27638190954774	0.015475577262253288
15.678391959798995	0.011277903013675884
16.080402010050253	0.00907086521833254
16.48241206030151	0.00906649314584142
16.884422110552766	0.010011773946288114
17.286432160804022	0.012295460563891041
17.68844221105528	0.01673888099564395
18.090452261306535	0.02229841357546013
18.49246231155779	0.028252469241863136
18.894472361809047	0.032869875593580074
19.296482412060303	0.03586877120385866
19.69849246231156	0.036613731129471014
20.100502512562816	0.03535607281052779
20.502512562814072	0.03284456680008123
20.90452261306533	0.030062211665335653
21.306532663316585	0.02806470731788252
21.70854271356784	0.027484343367432218
22.110552763819097	0.02769842383842298
22.512562814070353	0.02844225745927952
22.91457286432161	0.029804604670063413
23.316582914572866	0.031601436725120544
23.718592964824122	0.034153284614342895
24.12060301507538	0.03714990130971576
24.522613065326635	0.039778050364190694
24.92462311557789	0.04165159465326438
25.326633165829147	0.042206666291484875
25.728643216080403	0.04191891811450551
26.13065326633166	0.04109273943259534
26.532663316582916	0.040660900400759294
26.934673366834172	0.04151468080711607
27.33668341708543	0.04382129793518892
27.738693467336685	0.04709647154607471
28.14070351758794	0.050652247199749034
28.542713567839197	0.05418567439215048
28.944723618090453	0.05755486296320371
29.34673366834171	0.060107530231077934
29.748743718592966	0.061850399005842424
30.150753768844222	0.062212618233577
30.55276381909548	0.06158327608980755
30.954773869346734	0.05976588303126078
31.35678391959799	0.05728945853194334
31.758793969849247	0.05467715053307132
32.16080402010051	0.05254422911446059
32.56281407035176	0.05124234468375692
32.96482412060302	0.05096982149069934
33.366834170854275	0.05180424610671229
33.76884422110553	0.05340519568911134
34.17085427135679	0.05568049570130954
34.572864321608044	0.05774871483300331
34.9748743718593	0.05933909726164734
35.37688442211056	0.06028421644353299
35.77889447236181	0.06079309381228357
36.18090452261307	0.06062573927097187
36.582914572864325	0.059847668855699365
36.98492462311558	0.058603027697157604
37.38693467336684	0.05672041119531392
37.788944723618094	0.05465101071713265
38.19095477386935	0.05256199430249116
38.59296482412061	0.050979901537323416
38.99497487437186	0.05039354212712771
39.39698492462312	0.0504967481241785
39.798994974874375	0.05102471441149046
40.20100502512563	0.051964887671397855
40.60301507537689	0.05308049380860229
41.005025125628144	0.05391252562261627
41.4070351758794	0.05426757744384662
41.80904522613066	0.05429669351730502
42.21105527638191	0.05399692138525449
42.61306532663317	0.05331839527600225
43.015075376884425	0.05227926793902014
43.41708542713568	0.05052898877951416
43.81909547738694	0.048769686889140094
44.221105527638194	0.04715117656039147
44.62311557788945	0.04652858532814651
45.02512562814071	0.046746309548528306
45.42713567839196	0.04799975514158587
45.82914572864322	0.049759521542015815
46.231155778894475	0.051788010262894535
46.63316582914573	0.053353964179880885
47.03517587939699	0.05402635516610564
47.437185929648244	0.05393290862013134
47.8391959798995	0.05319990291649925
48.24120603015076	0.05191094580056967
48.64321608040201	0.05041615710553114
49.04522613065327	0.04862874928769351
49.447236180904525	0.04707208405584502
49.84924623115578	0.045922997450407295
50.25125628140704	0.045384570017366184
50.653266331658294	0.04581478085910283
51.05527638190955	0.04732576556507248
51.45728643216081	0.04980612057758027
51.85929648241206	0.05224555180670783
52.26130653266332	0.05398663071346373
52.663316582914575	0.054537481584981604
53.06532663316583	0.053618450931086914
53.46733668341709	0.05185527141161918
53.869346733668344	0.049491856099944026
54.2713567839196	0.04760900358825846
54.67336683417086	0.04592384820717075
55.07537688442211	0.04503989494109204
55.47738693467337	0.04451084215297173
55.879396984924625	0.04465749367582478
56.28140703517588	0.045748738492894014
56.68341708542714	0.04760760741863494
57.085427135678394	0.05025352391725726
57.48743718592965	0.05282788151669412
57.88944723618091	0.054626486699140483
58.29145728643216	0.054935896954930466
58.69346733668342	0.054037459105373095
59.095477386934675	0.05168796242393423
59.49748743718593	0.04898644040686913
59.89949748743719	0.04652900349541381
60.301507537688444	0.04480928282604506
60.7035175879397	0.04405550172053128
61.10552763819096	0.04439157290451873
61.50753768844221	0.045227706100333206
61.90954773869347	0.046869491913405295
62.311557788944725	0.04905947149530553
62.71356783919598	0.05163016426925621
63.11557788944724	0.05438797812384236
63.517587939698494	0.05626425787181973
63.91959798994975	0.05704743459567234
64.32160804020101	0.05636600341722381
64.72361809045226	0.05420418284871564
65.12562814070353	0.05120012890631005
65.52763819095478	0.04868711199299888
65.92964824120604	0.0467109282602507
66.33165829145729	0.04609211532627063
66.73366834170855	0.04628109037508016
67.1356783919598	0.04734944012371913
67.53768844221106	0.04857962642204454
67.93969849246231	0.05008014024324089
68.34170854271358	0.051497704868149495
68.74371859296483	0.05268328775900448
69.14572864321609	0.05373240023934237
69.54773869346734	0.0544264544254606
69.9497487437186	0.05440217867376999
70.35175879396985	0.053676537191655306
70.75376884422111	0.05245616280750741
71.15577889447236	0.05084205562015519
71.55778894472363	0.04940188500389041
71.95979899497488	0.0482824274257785
72.36180904522614	0.0476454059688003
72.76381909547739	0.04749391528731711
73.16582914572865	0.04765579939986543
73.5678391959799	0.0479938356307474
73.96984924623116	0.048502362828413234
74.37185929648241	0.04943211421192033
74.77386934673368	0.05074060138424693
75.17587939698493	0.052250888479817736
75.57788944723619	0.05380870945058728
75.97989949748744	0.055203788087451376
76.3819095477387	0.055370268011951274
76.78391959798995	0.054795299889749446
77.18592964824121	0.05309294205153327
77.58793969849246	0.050737537762062815
77.98994974874373	0.04868665470386779
78.39195979899498	0.04695853707775323
78.79396984924624	0.04610328909300065
79.19597989949749	0.046313334145540466
79.59798994974875	0.04736910873430428
80.0	0.04890038517279091
