0.0	0.01995469170291641
0.4020100502512563	0.019202801368202405
0.8040201005025126	0.015379670113355531
1.206030150753769	0.00938872619774023
1.6080402010050252	0.004784352341543408
2.0100502512562817	0.008164393197584056
2.412060301507538	0.013194049868881471
2.814070351758794	0.016088415833218815
3.2160804020100504	0.015701148102750497
3.6180904522613067	0.012079429647638005
4.020100502512563	0.005995634263403328
4.42211055276382	0.0024034985366859617
4.824120603015076	0.009696383360637901
5.226130653266332	0.01622655980275154
5.628140703517588	0.0202593400902975
6.030150753768845	0.02121057958068022
6.432160804020101	0.019277540091596098
6.834170854271357	0.014743832427337036
7.236180904522613	0.009668152512979016
7.63819095477387	0.007847113949384282
8.040201005025127	0.010930781332555152
8.442211055276383	0.013783721811824657
8.84422110552764	0.01421682603959179
9.246231155778895	0.011482074509487215
9.648241206030152	0.0061106302349491996
10.050251256281408	0.0034427945458695174
10.452261306532664	0.011095547098471098
10.85427135678392	0.018840426333259486
11.256281407035177	0.024779843314650156
11.658291457286433	0.02803047481312205
12.06030150753769	0.02818740954783832
12.462311557788945	0.025764788891185986
12.864321608040202	0.021693275493904075
13.266331658291458	0.017590312942630845
13.668341708542714	0.01502276527535698
14.07035175879397	0.013846912520394572
14.472361809045227	0.012550064807834646
14.874371859296483	0.009909413046164996
15.27638190954774	0.005917130246841802
15.678391959798995	0.004637746583181305
16.080402010050253	0.01102033443095916
16.48241206030151	0.018553972195679974
16.884422110552766	0.02525502490236985
17.286432160804022	0.030145526396290374
17.68844221105528	0.03287211393933066
18.090452261306535	0.03337630977836333
18.49246231155779	0.032160036168107434
18.894472361809047	0.029776278819363882
19.296482412060303	0.02645833078243386
19.69849246231156	0.022576981739909758
20.100502512562816	0.018311143177365048
20.502512562814072	0.013674453931254308
20.90452261306533	0.00965573405334926
21.306532663316585	0.009370022900211526
21.70854271356784	0.01433704461513407
22.110552763819097	0.021357136601415434
22.512562814070353	0.028497044817924137
22.91457286432161	0.03475103851578742
23.316582914572866	0.03945793696736457
23.718592964824122	0.042082809063969655
24.12060301507538	0.04231580225340618
24.522613065326635	0.039969505209058086
24.92462311557789	0.035448483705365456
25.326633165829147	0.02953595462816309
25.728643216080403	0.0226908488289222
26.13065326633166	0.016367465419670324
26.532663316582916	0.011495147600991542
26.934673366834172	0.009640153691415191
27.33668341708543	0.01197898849034673
27.738693467336685	0.017441282660547588
28.14070351758794	0.02468884332225487
28.542713567839197	0.03290329898839905
28.944723618090453	0.04049919949529413
29.34673366834171	0.046729600682537495
29.748743718592966	0.05061347362100769
30.150753768844222	0.051499439434304226
30.55276381909548	0.049633242540135084
30.954773869346734	0.04554810191209877
31.35678391959799	0.0400631565426556
31.758793969849247	0.03433268795739578
32.16080402010051	0.030028882228183784
32.56281407035176	0.028215354696168326
32.96482412060302	0.029272651382112453
33.366834170854275	0.03307334120427295
33.76884422110553	0.039365396522487175
34.17085427135679	0.04703693552422775
34.572864321608044	0.05485861769918828
34.9748743718593	0.061449526475168284
35.37688442211056	0.06600559367255966
35.77889447236181	0.06784391292571548
36.18090452261307	0.06643845893839498
36.582914572864325	0.06228723467668891
36.98492462311558	0.05565539140058858
37.38693467336684	0.04776592957510785
37.788944723618094	0.0398320883218661
38.19095477386935	0.0334372412109666
38.59296482412061	0.029772585242063505
38.99497487437186	0.02982088600919656
39.39698492462312	0.03328536691275241
39.798994974874375	0.039533419246871905
40.20100502512563	0.04749005261867135
40.60301507537689	0.055901913356373525
41.005025125628144	0.06320620521728415
41.4070351758794	0.06811853648106278
41.80904522613066	0.06964004170427371
42.21105527638191	0.06765839172995605
42.61306532663317	0.06230963469819688
43.015075376884425	0.05448711916287371
43.41708542713568	0.04562351096502815
43.81909547738694	0.037019986916154934
44.221105527638194	0.030329670164271894
44.62311557788945	0.026347513193582535
45.02512562814071	0.025991257695933162
45.42713567839196	0.029341890531066145
45.82914572864322	0.03541394024698302
46.231155778894475	0.04364496111095144
46.63316582914573	0.051912431840484684
47.03517587939699	0.05907087377406526
47.437185929648244	0.06361816863836631
47.8391959798995	0.06479802783576391
48.24120603015076	0.06222047879122664
48.64321608040201	0.05646841590386649
49.04522613065327	0.04844639726429212
49.447236180904525	0.03945160002391177
49.84924623115578	0.03129958822061878
50.25125628140704	0.025686083019798245
50.653266331658294	0.02384828395951815
51.05527638190955	0.025997466971005034
51.45728643216081	0.03191692688560753
51.85929648241206	0.0401855733091719
52.26130653266332	0.04924566593075271
52.663316582914575	0.05745179509715609
53.06532663316583	0.06328007130430674
53.46733668341709	0.06571188497382249
53.869346733668344	0.0643829154165268
54.2713567839196	0.05966026273099205
54.67336683417086	0.052499381013533054
55.07537688442211	0.044162011715148816
55.47738693467337	0.03626237644379426
55.879396984924625	0.03007493577483093
56.28140703517588	0.027049361969678453
56.68341708542714	0.028003210262065387
57.085427135678394	0.03243893061737889
57.48743718592965	0.039744341414374905
57.88944723618091	0.04799691762788988
58.29145728643216	0.055967930198870565
58.69346733668342	0.062195820247356384
59.095477386934675	0.06532335871652854
59.49748743718593	0.06537375509567425
59.89949748743719	0.06184752038025458
60.301507537688444	0.055724576629036
60.7035175879397	0.048197293503259166
61.10552763819096	0.040563644818385966
61.50753768844221	0.03436504828645691
61.90954773869347	0.030629582352799258
62.311557788944725	0.030474200951280412
62.71356783919598	0.0337687423729349
63.11557788944724	0.040141506161739775
63.517587939698494	0.04811546512446215
63.91959798994975	0.05615208586904737
64.32160804020101	0.06298182064245904
64.72361809045226	0.06738404379276387
65.12562814070353	0.06862255967217082
65.52763819095478	0.06667627151338033
65.92964824120604	0.062029404091454146
66.33165829145729	0.05549444172547432
66.73366834170855	0.04842106537090866
67.1356783919598	0.04195647856450603
67.53768844221106	0.03748174123871945
67.93969849246231	0.035754038562804284
68.34170854271358	0.03727178194873064
68.74371859296483	0.04172986307947053
69.14572864321609	0.048290637650271515
69.54773869346734	0.05566182895930087
69.9497487437186	0.06272119033364695
70.35175879396985	0.0683862326514555
70.75376884422111	0.07174071715134238
71.15577889447236	0.07223608428222315
71.55778894472363	0.0701726566943587
71.95979899497488	0.06585474258433707
72.36180904522614	0.06024615636000598
72.76381909547739	0.05407237542542424
73.16582914572865	0.04877201710550827
73.5678391959799	0.045124437378455
73.96984924623116	0.04392786679186929
74.37185929648241	0.04534088085390218
74.77386934673368	0.04930738441141613
75.17587939698493	0.055152969981145564
75.57788944723619	0.06184600619410208
75.97989949748744	0.06809590556997726
76.3819095477387	0.07305482121559378
76.78391959798995	0.075978569278815
77.18592964824121	0.07612777764944274
77.58793969849246	0.0735089076355563
77.98994974874373	0.06854665237842153
78.39195979899498	0.06216714645389303
78.79396984924624	0.05523612583947575
79.19597989949749	0.04911659280829677
79.59798994974875	0.044866255074780634
80.0	0.043054900469821356
