0.0	0.009165862887363301
0.4020100502512563	0.007190306287079326
0.8040201005025126	0.0044927783281064485
1.206030150753769	0.00254409417865924
1.6080402010050252	0.004172946761846521
2.0100502512562817	0.006414402280851582
2.412060301507538	0.007386230417916502
2.814070351758794	0.007171586060338274
3.2160804020100504	0.0054288505543718755
3.6180904522613067	0.0027166400975692047
4.020100502512563	0.0018700555330469486
4.42211055276382	0.004660426932002845
4.824120603015076	0.0073866943077025
5.226130653266332	0.009070830536803083
5.628140703517588	0.009223893597598556
6.030150753768845	0.008168600148705182
6.432160804020101	0.0061307197418581216
6.834170854271357	0.004537080920720813
7.236180904522613	0.004949787115630739
7.63819095477387	0.0066059590998957625
8.040201005025127	0.007846377264964047
8.442211055276383	0.007781968668319141
8.84422110552764	0.00624595185509289
9.246231155778895	0.0032940089326142395
9.648241206030152	0.0004976492539054986
10.050251256281408	0.004726613078394624
10.452261306532664	0.008393256813036492
10.85427135678392	0.011181197900645864
11.256281407035177	0.012632863891962484
11.658291457286433	0.012817664538114679
12.06030150753769	0.011747510873787406
12.462311557788945	0.009896202535649568
12.864321608040202	0.007667711619719202
13.266331658291458	0.0054939245177082745
13.668341708542714	0.0038424741859200326
14.07035175879397	0.0030607270237545526
14.472361809045227	0.004262036105958151
14.874371859296483	0.007442182581631681
15.27638190954774	0.011654817365834421
15.678391959798995	0.016010005936202942
16.080402010050253	0.0198623217430493
16.48241206030151	0.022954946943876602
16.884422110552766	0.024810005359344696
17.286432160804022	0.025532068157362104
17.68844221105528	0.025213894317182656
18.090452261306535	0.02424938419090662
18.49246231155779	0.023034842936584567
18.894472361809047	0.02134702869358963
19.296482412060303	0.019673770675800034
19.69849246231156	0.017897506504607884
20.100502512562816	0.01631366430963922
20.502512562814072	0.015214982738066438
20.90452261306533	0.014714574491098762
21.306532663316585	0.015279557963206783
21.70854271356784	0.01683938600143197
22.110552763819097	0.0193979218930287
22.512562814070353	0.02268168226576946
22.91457286432161	0.02658897604545437
23.316582914572866	0.030015155211675842
23.718592964824122	0.03271182247632955
24.12060301507538	0.03382412346171298
24.522613065326635	0.033475507427332026
24.92462311557789	0.03183537276228701
25.326633165829147	0.0287579460082715
25.728643216080403	0.025921540203447634
26.13065326633166	0.023179988302061756
26.532663316582916	0.021409997562440906
26.934673366834172	0.02083609789346333
27.33668341708543	0.02141892397838806
27.738693467336685	0.0228322918864534
28.14070351758794	0.024822129683696688
28.542713567839197	0.027385762395176438
28.944723618090453	0.029829887203694304
29.34673366834171	0.031962253486198265
29.748743718592966	0.033700506614682206
30.150753768844222	0.034690955864325496
30.55276381909548	0.034979886355020626
30.954773869346734	0.034687514271352096
31.35678391959799	0.03398194069216272
31.758793969849247	0.03323499167422453
32.16080402010051	0.03258593607358885
32.56281407035176	0.0325518314452084
32.96482412060302	0.032792818609773094
33.366834170854275	0.033385377349870925
33.76884422110553	0.03454466466225037
34.17085427135679	0.03641481626187225
34.572864321608044	0.03883975394080409
34.9748743718593	0.04142276196876464
35.37688442211056	0.04406879446017176
35.77889447236181	0.046267398689630444
36.18090452261307	0.04822102300231211
36.582914572864325	0.05003693101571621
36.98492462311558	0.05184319958926391
37.38693467336684	0.05370264829145294
37.788944723618094	0.05546573163924294
38.19095477386935	0.05701723329157775
38.59296482412061	0.058345492594384415
38.99497487437186	0.05895940676843007
39.39698492462312	0.059410275010596904
39.798994974874375	0.05924264513262325
40.20100502512563	0.05884266435766881
40.60301507537689	0.05817408781847446
41.005025125628144	0.057785565865168434
41.4070351758794	0.05761495695209469
41.80904522613066	0.057717327274209015
42.21105527638191	0.05803139134104165
42.61306532663317	0.058571779662130584
43.015075376884425	0.059099224633755235
43.41708542713568	0.05930586092122493
43.81909547738694	0.05954761326546494
44.221105527638194	0.05935493499492763
44.62311557788945	0.05856571768506089
45.02512562814071	0.05766083417834034
45.42713567839196	0.056461193486435315
45.82914572864322	0.055363488380035276
46.231155778894475	0.05479302053040471
46.63316582914573	0.05468493196912485
47.03517587939699	0.05484886008930957
47.437185929648244	0.05511791241775221
47.8391959798995	0.0553944633393396
48.24120603015076	0.05568297465351293
48.64321608040201	0.05547362008310282
49.04522613065327	0.05457344949193369
49.447236180904525	0.05349785693786162
49.84924623115578	0.051962732459576
50.25125628140704	0.05043555183892129
50.653266331658294	0.04922085955711298
51.05527638190955	0.048497091810893504
51.45728643216081	0.04826631081690078
51.85929648241206	0.04846531716843536
52.26130653266332	0.04913608284651477
52.663316582914575	0.050450749744977354
53.06532663316583	0.051707573093672896
53.46733668341709	0.05308787425508319
53.869346733668344	0.05392760088853079
54.2713567839196	0.054394212180975565
54.67336683417086	0.054181627684855495
55.07537688442211	0.053457768424797825
55.47738693467337	0.05216076077456845
55.879396984924625	0.05047923511724608
56.28140703517588	0.048653072844264525
56.68341708542714	0.04689371449232696
57.085427135678394	0.045599556332532966
57.48743718592965	0.0452416946960008
57.88944723618091	0.04562549343844241
58.29145728643216	0.04689292509626618
58.69346733668342	0.04897816578361111
59.095477386934675	0.0514051335987882
59.49748743718593	0.05391771488930828
59.89949748743719	0.0561174035595586
60.301507537688444	0.0571366049311402
60.7035175879397	0.057392161919708286
61.10552763819096	0.05619715230974831
61.50753768844221	0.05379992889457935
61.90954773869347	0.05112387619445995
62.311557788944725	0.04821046487911841
62.71356783919598	0.04601588404579103
63.11557788944724	0.04491205847570015
63.517587939698494	0.04511739804685806
63.91959798994975	0.04672903244955601
64.32160804020101	0.04959317979770794
64.72361809045226	0.05307600778773821
65.12562814070353	0.05652413901119043
65.52763819095478	0.059312730966187874
65.92964824120604	0.06095473231949795
66.33165829145729	0.06122994828072502
66.73366834170855	0.06025974555955962
67.1356783919598	0.05818635308193913
67.53768844221106	0.05590951714117039
67.93969849246231	0.053480623250401184
68.34170854271358	0.051602147990239024
68.74371859296483	0.050720866543593056
69.14572864321609	0.050889895210644374
69.54773869346734	0.052135198220317217
69.9497487437186	0.054252645691511316
70.35175879396985	0.05652367531866055
70.75376884422111	0.05870686280415296
71.15577889447236	0.06030953543270027
71.55778894472363	0.06111742288159263
71.95979899497488	0.06084248056560706
72.36180904522614	0.059776320771468286
72.76381909547739	0.05808382379946897
73.16582914572865	0.05622852247335167
73.5678391959799	0.05456859480086175
73.96984924623116	0.05338685736151418
74.37185929648241	0.05306344370564133
74.77386934673368	0.053375962767780824
75.17587939698493	0.05447211517090837
75.57788944723619	0.05564987880238202
75.97989949748744	0.05701582449089696
76.3819095477387	0.057878700754222655
76.78391959798995	0.05828807977627111
77.18592964824121	0.05808870126383399
77.58793969849246	0.057256048714749964
77.98994974874373	0.056091734242144156
78.39195979899498	0.05476363435624233
78.79396984924624	0.0537348303556834
79.19597989949749	0.05309144114138757
79.59798994974875	0.05319383922716451
80.0	0.053913347827246674
