0.0	0.019814320793028462
0.4020100502512563	0.018478752106704494
0.8040201005025126	0.014013498206606181
1.206030150753769	0.007642542154889816
1.6080402010050252	0.0019982653878133304
2.0100502512562817	0.007590726236093757
2.412060301507538	0.01269283297461277
2.814070351758794	0.015179306459702469
3.2160804020100504	0.014566342323451493
3.6180904522613067	0.010524868449267324
4.020100502512563	0.00417005276555372
4.42211055276382	0.0035180026224374715
4.824120603015076	0.011328113273190108
5.226130653266332	0.017641047017525717
5.628140703517588	0.021288713313804497
6.030150753768845	0.02201988417686418
6.432160804020101	0.019513592558595284
6.834170854271357	0.014212386428560722
7.236180904522613	0.007645271864232682
7.63819095477387	0.002959857478365475
8.040201005025127	0.006789156273161815
8.442211055276383	0.010149267169732325
8.84422110552764	0.010659189019768646
9.246231155778895	0.007795150340116666
9.648241206030152	0.0022458377892584877
10.050251256281408	0.005571466426436404
10.452261306532664	0.013866320542399158
10.85427135678392	0.021079195184960153
11.256281407035177	0.026236035401272655
11.658291457286433	0.028218800861794797
12.06030150753769	0.026462327472102275
12.462311557788945	0.021980764253382752
12.864321608040202	0.015192842291555219
13.266331658291458	0.008627251543638725
13.668341708542714	0.008595033831234108
14.07035175879397	0.015647012611373686
14.472361809045227	0.02242310066393445
14.874371859296483	0.02708518562527152
15.27638190954774	0.029760297891664494
15.678391959798995	0.030483236472598256
16.080402010050253	0.02702453278444778
16.48241206030151	0.019238299896173247
16.884422110552766	0.01655777953652823
17.286432160804022	0.028368997407724604
17.68844221105528	0.044549356578807
18.090452261306535	0.0582283984660675
18.49246231155779	0.06380148096617545
18.894472361809047	0.059739815059971516
19.296482412060303	0.04697649018896091
19.69849246231156	0.033223452041298736
20.100502512562816	0.03703619641982208
20.502512562814072	0.05562028883615281
20.90452261306533	0.07254745312314977
21.306532663316585	0.08019422901077321
21.70854271356784	0.07597519915688178
22.110552763819097	0.06205174978065061
22.512562814070353	0.04370792000746908
22.91457286432161	0.036872887858402696
23.316582914572866	0.052076599103990207
23.718592964824122	0.07169759940501062
24.12060301507538	0.08504101692893432
24.522613065326635	0.0875076467832132
24.92462311557789	0.07976152027562533
25.326633165829147	0.06655199906816978
25.728643216080403	0.05665550108988743
26.13065326633166	0.055663727309438985
26.532663316582916	0.0604979340461964
26.934673366834172	0.06350492615880465
27.33668341708543	0.05889287658170297
27.738693467336685	0.04746887935003431
28.14070351758794	0.03229250800752205
28.542713567839197	0.027633446794405027
28.944723618090453	0.0420317509195497
29.34673366834171	0.06084910669798664
29.748743718592966	0.0752099770243511
30.150753768844222	0.08194755596323061
30.55276381909548	0.0804263190868048
30.954773869346734	0.07064124623592503
31.35678391959799	0.05524161043429171
31.758793969849247	0.03796414534363248
32.16080402010051	0.026350791436133482
32.56281407035176	0.026678061716154944
32.96482412060302	0.030486149687272025
33.366834170854275	0.029157042289112128
33.76884422110553	0.020046556930971345
34.17085427135679	0.0039000383723737883
34.572864321608044	0.016366505463094625
34.9748743718593	0.03786191613534616
35.37688442211056	0.05697045944960183
35.77889447236181	0.07031501099674815
36.18090452261307	0.07614906904879812
36.582914572864325	0.0734183566995829
36.98492462311558	0.06246714108272493
37.38693467336684	0.04605930272164272
37.788944723618094	0.02854398827693414
38.19095477386935	0.02011130488930554
38.59296482412061	0.028293738273609908
38.99497487437186	0.03641227688092253
39.39698492462312	0.03713422150080309
39.798994974874375	0.02973423577674645
40.20100502512563	0.014249215153332818
40.60301507537689	0.00732669718976234
41.005025125628144	0.029620953002288525
41.4070351758794	0.049717543912289455
41.80904522613066	0.06467060699665858
42.21105527638191	0.07147088245557981
42.61306532663317	0.06921142405805941
43.015075376884425	0.05875166961305993
43.41708542713568	0.04403378355315498
43.81909547738694	0.03340014323686264
44.221105527638194	0.03584557115385843
44.62311557788945	0.04509427176010249
45.02512562814071	0.05095195527182016
45.42713567839196	0.049225931880932446
45.82914572864322	0.039250818584277355
46.231155778894475	0.024472321020693372
46.63316582914573	0.020585551002469848
47.03517587939699	0.03678420112437849
47.437185929648244	0.05554892688865094
47.8391959798995	0.06840682872562541
48.24120603015076	0.0727662216632238
48.64321608040201	0.06828170898303314
49.04522613065327	0.05723571164520207
49.447236180904525	0.046437983624640466
49.84924623115578	0.04654930287776094
50.25125628140704	0.05634363810919254
50.653266331658294	0.06610404375320394
51.05527638190955	0.06902820275832548
51.45728643216081	0.06246223084697131
51.85929648241206	0.04755041563295739
52.26130653266332	0.02923934572317412
52.663316582914575	0.02375865426785619
53.06532663316583	0.03948015127380025
53.46733668341709	0.056289502175178696
53.869346733668344	0.06661421791553633
54.2713567839196	0.06741751037062402
54.67336683417086	0.06108114781742641
55.07537688442211	0.05098852358649416
55.47738693467337	0.043740515998179144
55.879396984924625	0.04460130858473341
56.28140703517588	0.050277210624519696
56.68341708542714	0.053953185352935265
57.085427135678394	0.05179041440665196
57.48743718592965	0.04263822762981164
57.88944723618091	0.029182089128481352
58.29145728643216	0.02246217097448239
58.69346733668342	0.03577181321799068
59.095477386934675	0.05467449354477062
59.49748743718593	0.06953899599526117
59.89949748743719	0.077430175050039
60.301507537688444	0.07653385006867033
60.7035175879397	0.06786507314825573
61.10552763819096	0.05434098974125242
61.50753768844221	0.04129015956408753
61.90954773869347	0.034823341508833115
62.311557788944725	0.03657610549543789
62.71356783919598	0.03863049331394341
63.11557788944724	0.03551607213355012
63.517587939698494	0.025621620782188503
63.91959798994975	0.01724291525199613
64.32160804020101	0.028634592332196358
64.72361809045226	0.04964128156521377
65.12562814070353	0.06892110579776549
65.52763819095478	0.08195751133663795
65.92964824120604	0.08662532831920584
66.33165829145729	0.0821178667769901
66.73366834170855	0.07004255004577864
67.1356783919598	0.05356489874681143
67.53768844221106	0.03759226820239024
67.93969849246231	0.02892799372158015
68.34170854271358	0.02958220912870855
68.74371859296483	0.03120751644221493
69.14572864321609	0.027638230653342033
69.54773869346734	0.019711908065745694
69.9497487437186	0.01949740547973025
70.35175879396985	0.03548351103821622
70.75376884422111	0.05511845543897661
71.15577889447236	0.07126470613020457
71.55778894472363	0.08080459556781845
71.95979899497488	0.0814314397838061
72.36180904522614	0.0733042448911438
72.76381909547739	0.057707899569632
73.16582914572865	0.03798794837593174
73.5678391959799	0.019381495371570648
73.96984924623116	0.01478017461245679
74.37185929648241	0.021855727742690203
74.77386934673368	0.023445750685524628
75.17587939698493	0.016052500346919685
75.57788944723619	0.0001441374742606734
75.97989949748744	0.021869323721910517
76.3819095477387	0.0454414726262877
76.78391959798995	0.06665822753873003
77.18592964824121	0.08171539995346892
77.58793969849246	0.08788942263955997
77.98994974874373	0.08432372608268815
78.39195979899498	0.07172714229230609
78.79396984924624	0.052459373238449236
79.19597989949749	0.029661361397614
79.59798994974875	0.008216055313619698
80.0	0.008961673301426738
