0.0	0.02900735695225507
0.4020100502512563	0.028284151688096632
0.8040201005025126	0.023100787477321978
1.206030150753769	0.014459067356230815
1.6080402010050252	0.005326321668949978
2.0100502512562817	0.008974687815769693
2.412060301507538	0.016791503730129467
2.814070351758794	0.02111322193359215
3.2160804020100504	0.02085798638120747
3.6180904522613067	0.015834389331215015
4.020100502512563	0.006897946277945264
4.42211055276382	0.005047631623514722
4.824120603015076	0.016440974137669356
5.226130653266332	0.026272863279432835
5.628140703517588	0.032724556695064314
6.030150753768845	0.03484057861899613
6.432160804020101	0.032029987722834836
6.834170854271357	0.025266593299923173
7.236180904522613	0.016306988946915298
7.63819095477387	0.008593833229643147
8.040201005025127	0.009108659954392402
8.442211055276383	0.012949308239442358
8.84422110552764	0.013637480966602871
9.246231155778895	0.009565962837759286
9.648241206030152	0.003382772469171186
10.050251256281408	0.011838274365261435
10.452261306532664	0.02484799337127086
10.85427135678392	0.03718224074922867
11.256281407035177	0.04682661801357963
11.658291457286433	0.05258956336830232
12.06030150753769	0.0537188598465176
12.462311557788945	0.05019444993565322
12.864321608040202	0.04360091533621398
13.266331658291458	0.03549100107502219
13.668341708542714	0.02825775870450774
14.07035175879397	0.02322521733880787
14.472361809045227	0.021306911796579783
14.874371859296483	0.022438043724196513
15.27638190954774	0.027275442211846475
15.678391959798995	0.03536141930997672
16.080402010050253	0.045054886765796505
16.48241206030151	0.05394203184479103
16.884422110552766	0.060340357983334814
17.286432160804022	0.06302556321135673
17.68844221105528	0.062084231061984886
18.090452261306535	0.05797812527392092
18.49246231155779	0.0520942779571386
18.894472361809047	0.04635175680296066
19.296482412060303	0.042412989279275164
19.69849246231156	0.04182880797519823
20.100502512562816	0.044285245239731263
20.502512562814072	0.048825010144169026
20.90452261306533	0.054829173518788764
21.306532663316585	0.06121746303360541
21.70854271356784	0.06721761126116667
22.110552763819097	0.0717687805973668
22.512562814070353	0.07393527159156088
22.91457286432161	0.07328236875159075
23.316582914572866	0.0703197351673572
23.718592964824122	0.06543352175803921
24.12060301507538	0.05986307523003962
24.522613065326635	0.054485225094146994
24.92462311557789	0.05041868683699365
25.326633165829147	0.04801223143838647
25.728643216080403	0.04712838155869038
26.13065326633166	0.04788437881288043
26.532663316582916	0.049625343019363374
26.934673366834172	0.05266197798412411
27.33668341708543	0.0563664338435209
27.738693467336685	0.06019098651584037
28.14070351758794	0.063459484774232
28.542713567839197	0.06528447852682516
28.944723618090453	0.0652237512834895
29.34673366834171	0.06351920589514774
29.748743718592966	0.05998338268749259
30.150753768844222	0.055277825400584235
30.55276381909548	0.05013487170386952
30.954773869346734	0.04541965260286811
31.35678391959799	0.041654158467512435
31.758793969849247	0.039151187148673175
32.16080402010051	0.03828112751695455
32.56281407035176	0.03939352101661924
32.96482412060302	0.0425059692230581
33.366834170854275	0.04703419237034996
33.76884422110553	0.05177745965387241
34.17085427135679	0.055867728789648685
34.572864321608044	0.058438873166114444
34.9748743718593	0.05877690093109887
35.37688442211056	0.057274978133195376
35.77889447236181	0.05412140033852073
36.18090452261307	0.04977237174916805
36.582914572864325	0.04488046131618399
36.98492462311558	0.0403748123879258
37.38693467336684	0.03638981288868557
37.788944723618094	0.03367466400374861
38.19095477386935	0.03293785689522312
38.59296482412061	0.03454769699104464
38.99497487437186	0.038335838004133774
39.39698492462312	0.04398385254458327
39.798994974874375	0.04986996540274659
40.20100502512563	0.05497408389900377
40.60301507537689	0.058233636063845684
41.005025125628144	0.05881622756654601
41.4070351758794	0.05655477567409578
41.80904522613066	0.051871829583380755
42.21105527638191	0.045588631431499695
42.61306532663317	0.03909027502229925
43.015075376884425	0.033858436232379566
43.41708542713568	0.030525180911995797
43.81909547738694	0.029509908301028204
44.221105527638194	0.0309977375769591
44.62311557788945	0.03511109037300195
45.02512562814071	0.04177475610181595
45.42713567839196	0.04956034367952435
45.82914572864322	0.0569210020591985
46.231155778894475	0.06271081046769747
46.63316582914573	0.06490001748959542
47.03517587939699	0.06353419080536425
47.437185929648244	0.0585462168341291
47.8391959798995	0.05114840368877545
48.24120603015076	0.04280418765582399
48.64321608040201	0.035569569540036323
49.04522613065327	0.030879777002253316
49.447236180904525	0.02932172199080793
49.84924623115578	0.03047832625085222
50.25125628140704	0.034560228848700456
50.653266331658294	0.040530223930304525
51.05527638190955	0.04769667813508911
51.45728643216081	0.05472627741675774
51.85929648241206	0.05971277722215042
52.26130653266332	0.06179875616997439
52.663316582914575	0.06020306499754854
53.06532663316583	0.05537193256488565
53.46733668341709	0.04839731480598172
53.869346733668344	0.04098712581011761
54.2713567839196	0.03508083347064546
54.67336683417086	0.03171921843892564
55.07537688442211	0.03161737684135406
55.47738693467337	0.03407106531091188
55.879396984924625	0.038317028859182464
56.28140703517588	0.04378755699804534
56.68341708542714	0.050030450218171915
57.085427135678394	0.055653878424327216
57.48743718592965	0.05974013166337773
57.88944723618091	0.06122917285450226
58.29145728643216	0.0596841154444389
58.69346733668342	0.055514782918757555
59.095477386934675	0.04946055716387184
59.49748743718593	0.04296716912766395
59.89949748743719	0.037596604351248286
60.301507537688444	0.03482953311916425
60.7035175879397	0.03493305789928386
61.10552763819096	0.03738458541491678
61.50753768844221	0.04067933215173994
61.90954773869347	0.044601655982641125
62.311557788944725	0.04851559062324053
62.71356783919598	0.05193531353619102
63.11557788944724	0.05458402469537503
63.517587939698494	0.056021141021659206
63.91959798994975	0.05573685508387151
64.32160804020101	0.05337831934101807
64.72361809045226	0.049980383167320695
65.12562814070353	0.04590739456804628
65.52763819095478	0.04250021473448041
65.92964824120604	0.04070139572547894
66.33165829145729	0.040664530658790755
66.73366834170855	0.04156557153554035
67.1356783919598	0.04273544138966528
67.53768844221106	0.04398128999005476
67.93969849246231	0.0453697477140763
68.34170854271358	0.047156258393320785
68.74371859296483	0.048976060503337124
69.14572864321609	0.05076686874252837
69.54773869346734	0.05191667475211721
69.9497487437186	0.05248313791965485
70.35175879396985	0.051815147953158634
70.75376884422111	0.05039859014875968
71.15577889447236	0.04888367991564456
71.55778894472363	0.04745551656077205
71.95979899497488	0.046132250486720386
72.36180904522614	0.04518030456809618
72.76381909547739	0.04437682967730326
73.16582914572865	0.043379942350592116
73.5678391959799	0.04274772574535605
73.96984924623116	0.04272079420667281
74.37185929648241	0.043709203923527694
74.77386934673368	0.046158608609581014
75.17587939698493	0.04944040804658945
75.57788944723619	0.05285571639888662
75.97989949748744	0.05526193398378461
76.3819095477387	0.05620824360598614
76.78391959798995	0.055407675303948724
77.18592964824121	0.052977428953643234
77.58793969849246	0.05007791508274935
77.98994974874373	0.04736166099718529
78.39195979899498	0.045590796567065404
78.79396984924624	0.04510531787221444
79.19597989949749	0.045398925384338276
79.59798994974875	0.04657852112943742
80.0	0.04884945095001162
