0.0	0.020781454070565128
0.4020100502512563	0.018690357635310857
0.8040201005025126	0.013614030549188444
1.206030150753769	0.0066458069246682185
1.6080402010050252	0.0031359618206475252
2.0100502512562817	0.009549924506966779
2.412060301507538	0.014642432988831371
2.814070351758794	0.016737704605821958
3.2160804020100504	0.01540182228197022
3.6180904522613067	0.010754714164719934
4.020100502512563	0.003889845877082901
4.42211055276382	0.004506549759392039
4.824120603015076	0.012374995422194706
5.226130653266332	0.018286378018788133
5.628140703517588	0.021431740431671707
6.030150753768845	0.021308708747481593
6.432160804020101	0.017635046196432767
6.834170854271357	0.011763897559199953
7.236180904522613	0.005673028161060214
7.63819095477387	0.006785746881254643
8.040201005025127	0.01185355757257268
8.442211055276383	0.015207486462666273
8.84422110552764	0.015770320775942835
9.246231155778895	0.013070810666985894
9.648241206030152	0.007880715661318018
10.050251256281408	0.0020233149944572934
10.452261306532664	0.0065452285629723885
10.85427135678392	0.012079009066142097
11.256281407035177	0.015136097523175318
11.658291457286433	0.014494510361617571
12.06030150753769	0.010293483444624494
12.462311557788945	0.004500420677457609
12.864321608040202	0.01052129310653729
13.266331658291458	0.02262118284010365
13.668341708542714	0.034445519502329595
14.07035175879397	0.043567922185161326
14.472361809045227	0.04794033395352626
14.874371859296483	0.04452384696373089
15.27638190954774	0.03208150569325124
15.678391959798995	0.011554807157758753
16.080402010050253	0.01571579517535248
16.48241206030151	0.041606634821791895
16.884422110552766	0.06086680725349941
17.286432160804022	0.06723556138536162
17.68844221105528	0.05981787464133109
18.090452261306535	0.03954138314113628
18.49246231155779	0.013711081254802642
18.894472361809047	0.024272850766615832
19.296482412060303	0.0505440787090267
19.69849246231156	0.06844047208200062
20.100502512562816	0.07359433531051437
20.502512562814072	0.06560016832195865
20.90452261306533	0.046738372565779666
21.306532663316585	0.022431182571776155
21.70854271356784	0.017410220004854825
22.110552763819097	0.04004333716503704
22.512562814070353	0.05885603538910761
22.91457286432161	0.06763322205284479
23.316582914572866	0.06487089654557028
23.718592964824122	0.050619051580250686
24.12060301507538	0.029091552234696616
24.522613065326635	0.005568694223012692
24.92462311557789	0.0181224872906172
25.326633165829147	0.03334022031403007
25.728643216080403	0.04042159307211146
26.13065326633166	0.03811712369240343
26.532663316582916	0.029759583936075328
26.934673366834172	0.027241429087425363
27.33668341708543	0.03990323794285828
27.738693467336685	0.0578932998263733
28.14070351758794	0.07260500339291286
28.542713567839197	0.07949724409384898
28.944723618090453	0.07598592258427014
29.34673366834171	0.06301118682584791
29.748743718592966	0.043739150133297655
30.150753768844222	0.025698237986370893
30.55276381909548	0.025726253929433212
30.954773869346734	0.039099751419660045
31.35678391959799	0.050116647720415075
31.758793969849247	0.05463648709603125
32.16080402010051	0.05252723566696867
32.56281407035176	0.04714749989635582
32.96482412060302	0.04333915162785731
33.366834170854275	0.044992169267353326
33.76884422110553	0.05258360377715349
34.17085427135679	0.06043408174761091
34.572864321608044	0.06359059750475814
34.9748743718593	0.058878002857617254
35.37688442211056	0.047256453628094545
35.77889447236181	0.03248271881129089
36.18090452261307	0.024866317891866496
36.582914572864325	0.032427228633075116
36.98492462311558	0.04504252645401961
37.38693467336684	0.054208457921591194
37.788944723618094	0.05750316606632032
38.19095477386935	0.055808417395092624
38.59296482412061	0.053375428890664066
38.99497487437186	0.0537177076162512
39.39698492462312	0.05849441011891341
39.798994974874375	0.06458833955952707
40.20100502512563	0.06699011907003524
40.60301507537689	0.06352630154809424
41.005025125628144	0.054541321753793025
41.4070351758794	0.04235668487171566
41.80904522613066	0.031771104441474636
42.21105527638191	0.029633749560941967
42.61306532663317	0.03546603329449845
43.015075376884425	0.04244911322445711
43.41708542713568	0.046442736909043755
43.81909547738694	0.046550382608975996
44.221105527638194	0.04589913332429176
44.62311557788945	0.04728706342368408
45.02512562814071	0.05195380042606088
45.42713567839196	0.056794629969699716
45.82914572864322	0.05869171097608359
46.231155778894475	0.05524114844389492
46.63316582914573	0.047040256680455875
47.03517587939699	0.03558818040725106
47.437185929648244	0.025356080813028446
47.8391959798995	0.02462368803400351
48.24120603015076	0.03260743096370426
48.64321608040201	0.04183811927679341
49.04522613065327	0.04802454944683575
49.447236180904525	0.050542797666844955
49.84924623115578	0.05024962724406001
50.25125628140704	0.04937275039523837
50.653266331658294	0.04941711122003737
51.05527638190955	0.050326868676317124
51.45728643216081	0.05007644534315503
51.85929648241206	0.047085652964642774
52.26130653266332	0.040168442454039326
52.663316582914575	0.0295887635630143
53.06532663316583	0.018436271431989084
53.46733668341709	0.018189673621079074
53.869346733668344	0.03050482313038616
54.2713567839196	0.04378698992083425
54.67336683417086	0.05339457832100293
55.07537688442211	0.058460048718479485
55.47738693467337	0.059056187379142346
55.879396984924625	0.05677221414026068
56.28140703517588	0.05231531352171844
56.68341708542714	0.04686184599243104
57.085427135678394	0.04017255981987892
57.48743718592965	0.03232724812340746
57.88944723618091	0.02272969559261538
58.29145728643216	0.011142308927888155
58.69346733668342	0.005359252163820411
59.095477386934675	0.019212790113182547
59.49748743718593	0.03384757029943183
59.89949748743719	0.046971096652304846
60.301507537688444	0.05620785004327731
60.7035175879397	0.06124829856300877
61.10552763819096	0.0613248542803132
61.50753768844221	0.05704613870922222
61.90954773869347	0.049689211313291806
62.311557788944725	0.03924520347871149
62.71356783919598	0.027502215853383367
63.11557788944724	0.015844350107194344
63.517587939698494	0.0049085573337155405
63.91959798994975	0.00857460229797023
64.32160804020101	0.01944446706416931
64.72361809045226	0.030980864923131336
65.12562814070353	0.04224225674213834
65.52763819095478	0.05202167527882532
65.92964824120604	0.059298306665137065
66.33165829145729	0.06323927111762691
66.73366834170855	0.06314646484713496
67.1356783919598	0.05850441690110003
67.53768844221106	0.049985996177928545
67.93969849246231	0.03882134386356343
68.34170854271358	0.026383099597323663
68.74371859296483	0.01606696482699191
69.14572864321609	0.014227917250127505
69.54773869346734	0.02134253800022936
69.9497487437186	0.030258252975628442
70.35175879396985	0.038842926206943414
70.75376884422111	0.04630501025857113
71.15577889447236	0.05259897808606036
71.55778894472363	0.05678029108438879
71.95979899497488	0.05841797978950834
72.36180904522614	0.05642197111731388
72.76381909547739	0.05102755941448256
73.16582914572865	0.042327845201448715
73.5678391959799	0.030797609524161402
73.96984924623116	0.018629057437661724
74.37185929648241	0.011260275736733844
74.77386934673368	0.018063564338312847
75.17587939698493	0.02936791258734307
75.57788944723619	0.03961624074634474
75.97989949748744	0.0484404023378512
76.3819095477387	0.05487783794152078
76.78391959798995	0.05850688464256469
77.18592964824121	0.05928553435337075
77.58793969849246	0.05727353433086037
77.98994974874373	0.052529688745748294
78.39195979899498	0.045154694743516924
78.79396984924624	0.035649122854764584
79.19597989949749	0.02486155577884405
79.59798994974875	0.016342633079616933
80.0	0.01953648710121907
