0.0	0.01256110453844381
0.4020100502512563	0.012544811928675417
0.8040201005025126	0.011537370609075026
1.206030150753769	0.00972803115293215
1.6080402010050252	0.008065975818518407
2.0100502512562817	0.007980978149636567
2.412060301507538	0.008584491946306123
2.814070351758794	0.009344517106616306
3.2160804020100504	0.009138504211856578
3.6180904522613067	0.007147956705274866
4.020100502512563	0.004482421128764702
4.42211055276382	0.0034590979563961775
4.824120603015076	0.006939703364312072
5.226130653266332	0.01107491141744588
5.628140703517588	0.014462981490520383
6.030150753768845	0.016789374804828946
6.432160804020101	0.017766925527618056
6.834170854271357	0.017523183707929938
7.236180904522613	0.016377965936695514
7.63819095477387	0.014807912485888633
8.040201005025127	0.013115251889169306
8.442211055276383	0.011496876263292787
8.84422110552764	0.009822808771855778
9.246231155778895	0.007321721138634545
9.648241206030152	0.004666651763289746
10.050251256281408	0.005106386396443655
10.452261306532664	0.009224004567065815
10.85427135678392	0.014102898204944625
11.256281407035177	0.018752635240987373
11.658291457286433	0.021897617873621433
12.06030150753769	0.02310664887430707
12.462311557788945	0.021650135203296426
12.864321608040202	0.017834435580442214
13.266331658291458	0.011789191567762024
13.668341708542714	0.004023523586421838
14.07035175879397	0.004634436664289283
14.472361809045227	0.011506553159645432
14.874371859296483	0.014080166320307726
15.27638190954774	0.011689542121391902
15.678391959798995	0.012121848166056735
16.080402010050253	0.02382054103053662
16.48241206030151	0.03803229286920855
16.884422110552766	0.04897567613210516
17.286432160804022	0.05358692163303826
17.68844221105528	0.05029270525724829
18.090452261306535	0.04061970907197592
18.49246231155779	0.029710577284226214
18.894472361809047	0.024193952830814193
19.296482412060303	0.02544559905900909
19.69849246231156	0.02700597268340807
20.100502512562816	0.023859261566922814
20.502512562814072	0.015835662877789553
20.90452261306533	0.006005214999615134
21.306532663316585	0.013777451654009731
21.70854271356784	0.028153132762217103
22.110552763819097	0.03982354767699147
22.512562814070353	0.04656823604533295
22.91457286432161	0.04695412043572342
23.316582914572866	0.04252808255248091
23.718592964824122	0.035155991710860666
24.12060301507538	0.027588773808402866
24.522613065326635	0.023575263713384084
24.92462311557789	0.02268291777698562
25.326633165829147	0.022217180059176615
25.728643216080403	0.019859546668340246
26.13065326633166	0.01570245655205822
26.532663316582916	0.014612630936624746
26.934673366834172	0.02256749826581613
27.33668341708543	0.034087368644021725
27.738693467336685	0.04372451882816245
28.14070351758794	0.049104008314694046
28.542713567839197	0.0487034960653422
28.944723618090453	0.04472111373292951
29.34673366834171	0.04093206198447849
29.748743718592966	0.042121676591989406
30.150753768844222	0.04625153379497345
30.55276381909548	0.04941472077460416
30.954773869346734	0.0480395376599272
31.35678391959799	0.042460691038412456
31.758793969849247	0.03352430558029949
32.16080402010051	0.02610910084598887
32.56281407035176	0.025680194703212905
32.96482412060302	0.03116962613128841
33.366834170854275	0.037467929550790285
33.76884422110553	0.041977384008591544
34.17085427135679	0.04383200644651061
34.572864321608044	0.04512266594745009
34.9748743718593	0.048796748551962844
35.37688442211056	0.054134047229047855
35.77889447236181	0.058292525143827656
36.18090452261307	0.058499087363200565
36.582914572864325	0.053391266402702586
36.98492462311558	0.04359026001891387
37.38693467336684	0.030073818803228985
37.788944723618094	0.01686452638676736
38.19095477386935	0.01137513458439467
38.59296482412061	0.017639054336335485
38.99497487437186	0.024901766503072013
39.39698492462312	0.03128669417001858
39.798994974874375	0.03841524889262908
40.20100502512563	0.047157897035873836
40.60301507537689	0.057567205616330594
41.005025125628144	0.06659473223051424
41.4070351758794	0.07085815401896996
41.80904522613066	0.06873162293610953
42.21105527638191	0.06034321732399012
42.61306532663317	0.046709795951378405
43.015075376884425	0.030768841650739915
43.41708542713568	0.015112385415402066
43.81909547738694	0.0023123977126748704
44.221105527638194	0.006499975896362224
44.62311557788945	0.011331809086227001
45.02512562814071	0.014959751307168348
45.42713567839196	0.02209555884518581
45.82914572864322	0.033703224160918685
46.231155778894475	0.04686965206641416
46.63316582914573	0.0584306868902971
47.03517587939699	0.0652453624995799
47.437185929648244	0.06618430060653134
47.8391959798995	0.0607486932884874
48.24120603015076	0.050594627384851695
48.64321608040201	0.03805801601590862
49.04522613065327	0.02587500330712807
49.447236180904525	0.015555098628708755
49.84924623115578	0.007679849926302949
50.25125628140704	0.00020935926712968648
50.653266331658294	0.01021057933269004
51.05527638190955	0.023940360493077663
51.45728643216081	0.039798641275821264
51.85929648241206	0.05516989027337675
52.26130653266332	0.06778866077039031
52.663316582914575	0.07460910875228093
53.06532663316583	0.07473449155937548
53.46733668341709	0.06886271642613294
53.869346733668344	0.05985631375480978
54.2713567839196	0.05042620259755065
54.67336683417086	0.04246909124549635
55.07537688442211	0.03458881360367004
55.47738693467337	0.02536322564773203
55.879396984924625	0.016547870658769736
56.28140703517588	0.019902419660731134
56.68341708542714	0.03460270483763138
57.085427135678394	0.05079673120628542
57.48743718592965	0.06418587443031248
57.88944723618091	0.07232386961927442
58.29145728643216	0.07466628322738413
58.69346733668342	0.07173821781780695
59.095477386934675	0.06580218506964905
59.49748743718593	0.059166750939824334
59.89949748743719	0.053498795898031304
60.301507537688444	0.048337842714576806
60.7035175879397	0.041684271256423565
61.10552763819096	0.03288790780290173
61.50753768844221	0.023700569871682238
61.90954773869347	0.02048521768650964
62.311557788944725	0.02795215624013957
62.71356783919598	0.03971215728447258
63.11557788944724	0.050323981225808646
63.517587939698494	0.05805941103586445
63.91959798994975	0.0621685356286111
64.32160804020101	0.06347468246979324
64.72361809045226	0.06323240247754378
65.12562814070353	0.06197660017676053
65.52763819095478	0.060089342362505446
65.92964824120604	0.056020335821340396
66.33165829145729	0.04935351164598327
66.73366834170855	0.03961162411305489
67.1356783919598	0.028319328361433853
67.53768844221106	0.017561532666089393
67.93969849246231	0.014612153533404773
68.34170854271358	0.021365907350222976
68.74371859296483	0.030026881333867505
69.14572864321609	0.03772808849623706
69.54773869346734	0.044228295854166946
69.9497487437186	0.05007680877726506
70.35175879396985	0.05578966589406041
70.75376884422111	0.06056489047720659
71.15577889447236	0.06288863277646244
71.55778894472363	0.061452852003210955
71.95979899497488	0.05575230372184801
72.36180904522614	0.046395968696569326
72.76381909547739	0.03419158363837384
73.16582914572865	0.021294309318556373
73.5678391959799	0.010184177027215425
73.96984924623116	0.010591900121786773
74.37185929648241	0.01835148298823145
74.77386934673368	0.024891937266033146
75.17587939698493	0.029889181072953564
75.57788944723619	0.03472911260277134
75.97989949748744	0.04044146342647732
76.3819095477387	0.04702474788016487
76.78391959798995	0.05293152320309276
77.18592964824121	0.05719457797833276
77.58793969849246	0.059053569730080635
77.98994974874373	0.05779673810767113
78.39195979899498	0.05312159739348001
78.79396984924624	0.04520797061341059
79.19597989949749	0.034937158667701355
79.59798994974875	0.024547913671321364
80.0	0.018769871728189023
