0.0	0.017434387563115685
0.4020100502512563	0.017500230356403332
0.8040201005025126	0.014646084483947058
1.206030150753769	0.009469430589087023
1.6080402010050252	0.0027957169755337026
2.0100502512562817	0.004100429963201338
2.412060301507538	0.009576577824012122
2.814070351758794	0.012869966499326996
3.2160804020100504	0.013219007438992241
3.6180904522613067	0.010444023091588381
4.020100502512563	0.0051347057015304395
4.42211055276382	0.0019219053580760957
4.824120603015076	0.009297863953346893
5.226130653266332	0.015940920028118186
5.628140703517588	0.02050704714982628
6.030150753768845	0.022223119536155835
6.432160804020101	0.021084466059380802
6.834170854271357	0.01731959861552028
7.236180904522613	0.011352011021603856
7.63819095477387	0.0049049328089689394
8.040201005025127	0.001647970092539662
8.442211055276383	0.005612303455729608
8.84422110552764	0.006895806362109448
9.246231155778895	0.005625578294296369
9.648241206030152	0.003928252636745307
10.050251256281408	0.008378250156660026
10.452261306532664	0.016272926954819807
10.85427135678392	0.02403950666801444
11.256281407035177	0.030740979409193923
11.658291457286433	0.0350604462568375
12.06030150753769	0.0365037058238824
12.462311557788945	0.034952130378190976
12.864321608040202	0.031050918543900668
13.266331658291458	0.026321352331293894
13.668341708542714	0.02168980296272928
14.07035175879397	0.01821491751347613
14.472361809045227	0.016350271204032422
14.874371859296483	0.014964982257554873
15.27638190954774	0.014446946411213588
15.678391959798995	0.01639642419918146
16.080402010050253	0.02144640430604396
16.48241206030151	0.028805064244435147
16.884422110552766	0.03669819354170551
17.286432160804022	0.043529293004851616
17.68844221105528	0.04830571557681089
18.090452261306535	0.05068206020228997
18.49246231155779	0.05093155070912495
18.894472361809047	0.04930286727612236
19.296482412060303	0.04691327403305863
19.69849246231156	0.04425248082287633
20.100502512562816	0.041860991066446085
20.502512562814072	0.03993924138122056
20.90452261306533	0.039126525118760094
21.306532663316585	0.03995642505669465
21.70854271356784	0.04349894408377376
22.110552763819097	0.048916293180244735
22.512562814070353	0.05553647952129198
22.91457286432161	0.06186880167808023
23.316582914572866	0.06712184750941723
23.718592964824122	0.07073008270741767
24.12060301507538	0.07265456862884104
24.522613065326635	0.07299377614337788
24.92462311557789	0.07178879386207974
25.326633165829147	0.06945031536961488
25.728643216080403	0.06620912362029116
26.13065326633166	0.06242385717243546
26.532663316582916	0.05841412735433649
26.934673366834172	0.05477373479097204
27.33668341708543	0.051551581896887674
27.738693467336685	0.04949640066234523
28.14070351758794	0.04929129305734341
28.542713567839197	0.05070083891706131
28.944723618090453	0.05405163073072137
29.34673366834171	0.059115105422335924
29.748743718592966	0.06496470515440009
30.150753768844222	0.07067591644971188
30.55276381909548	0.074771780561765
30.954773869346734	0.07657202568643523
31.35678391959799	0.07504808264906801
31.758793969849247	0.07041280281855221
32.16080402010051	0.06314681512777805
32.56281407035176	0.054959513205298086
32.96482412060302	0.04659402747494344
33.366834170854275	0.04001164897324266
33.76884422110553	0.035887909248642644
34.17085427135679	0.035089537829157545
34.572864321608044	0.0374336329884202
34.9748743718593	0.042189167271609956
35.37688442211056	0.04837758096543353
35.77889447236181	0.054949543391087007
36.18090452261307	0.06049622403190007
36.582914572864325	0.0644853138573868
36.98492462311558	0.06586537508631864
37.38693467336684	0.06451728128193561
37.788944723618094	0.06094106533877889
38.19095477386935	0.05598316100683735
38.59296482412061	0.05055707538674107
38.99497487437186	0.04567584510906244
39.39698492462312	0.04168388859673488
39.798994974874375	0.039797452697748266
40.20100502512563	0.03988317780354775
40.60301507537689	0.041757049169010664
41.005025125628144	0.04524818402520235
41.4070351758794	0.04956845495704083
41.80904522613066	0.053843708383524626
42.21105527638191	0.05757101890972631
42.61306532663317	0.06055198205483062
43.015075376884425	0.062238205680973345
43.41708542713568	0.06253464851886395
43.81909547738694	0.06171553790028592
44.221105527638194	0.059412317606959496
44.62311557788945	0.05647414110031738
45.02512562814071	0.052670263974621864
45.42713567839196	0.04913028007361614
45.82914572864322	0.04645729645564205
46.231155778894475	0.04511536794187652
46.63316582914573	0.04569460182772462
47.03517587939699	0.047928571212529185
47.437185929648244	0.05169911025621454
47.8391959798995	0.05584015270309235
48.24120603015076	0.05987001918484806
48.64321608040201	0.06305586761687522
49.04522613065327	0.06492667261370204
49.447236180904525	0.06522840521647473
49.84924623115578	0.06381949695585251
50.25125628140704	0.0608335196944633
50.653266331658294	0.05688856109870134
51.05527638190955	0.0525303024813593
51.45728643216081	0.0485029965285201
51.85929648241206	0.04583144627882308
52.26130653266332	0.04469101354312898
52.663316582914575	0.045665739796283536
53.06532663316583	0.048388783363897396
53.46733668341709	0.05225103641258706
53.869346733668344	0.05681901231819667
54.2713567839196	0.06089403176716992
54.67336683417086	0.06417374076620315
55.07537688442211	0.0662134401276008
55.47738693467337	0.06674961906068727
55.879396984924625	0.06557916929476856
56.28140703517588	0.06290944987952546
56.68341708542714	0.05916081763545254
57.085427135678394	0.05475993682928423
57.48743718592965	0.05029339135760853
57.88944723618091	0.04715642886907557
58.29145728643216	0.04578255272565347
58.69346733668342	0.04671069225625975
59.095477386934675	0.049440861060580966
59.49748743718593	0.05347986693016339
59.89949748743719	0.058246002565557696
60.301507537688444	0.06267648160637115
60.7035175879397	0.06611213186782047
61.10552763819096	0.06794659500859074
61.50753768844221	0.06776372721074
61.90954773869347	0.06535560716485654
62.311557788944725	0.06114679265646773
62.71356783919598	0.056035248184563714
63.11557788944724	0.05093975866883005
63.517587939698494	0.046786349737716094
63.91959798994975	0.04465271060712065
64.32160804020101	0.04469874285143557
64.72361809045226	0.04696969597099171
65.12562814070353	0.0512233262961049
65.52763819095478	0.056088222750426034
65.92964824120604	0.060991844025519035
66.33165829145729	0.06490323469326045
66.73366834170855	0.06738311063448561
67.1356783919598	0.06792048391001329
67.53768844221106	0.06653665101543871
67.93969849246231	0.06350913017853448
68.34170854271358	0.05953450724976257
68.74371859296483	0.055201496649580836
69.14572864321609	0.051337058039007455
69.54773869346734	0.04872367752038812
69.9497487437186	0.04763691313200247
70.35175879396985	0.04850553246751709
70.75376884422111	0.05066507229851963
71.15577889447236	0.054155894025236705
71.55778894472363	0.0579963550013131
71.95979899497488	0.061279849340401836
72.36180904522614	0.0634859881633683
72.76381909547739	0.06407103994337296
73.16582914572865	0.06318320261566786
73.5678391959799	0.061162830964359
73.96984924623116	0.058134524927049104
74.37185929648241	0.054942693223636985
74.77386934673368	0.05197207789108075
75.17587939698493	0.04948865332803824
75.57788944723619	0.0481446099847426
75.97989949748744	0.04810928770965496
76.3819095477387	0.04916306707484079
76.78391959798995	0.05136643804775397
77.18592964824121	0.05423379641539411
77.58793969849246	0.05698762902722796
77.98994974874373	0.059338891407622316
78.39195979899498	0.06090258806502678
78.79396984924624	0.06139597959694093
79.19597989949749	0.06089761049248478
79.59798994974875	0.05956816899799405
80.0	0.057724019341382236
