0.0	0.026408030768864214
0.4020100502512563	0.02367824382405609
0.8040201005025126	0.017248629926295566
1.206030150753769	0.00807993402399003
1.6080402010050252	0.0022358495671208458
2.0100502512562817	0.011551518348378536
2.412060301507538	0.018261683459539123
2.814070351758794	0.02114135943889478
3.2160804020100504	0.019411037340381337
3.6180904522613067	0.01367767834904129
4.020100502512563	0.004928715617596764
4.42211055276382	0.005497465933829113
4.824120603015076	0.01542467720869474
5.226130653266332	0.022940453463894717
5.628140703517588	0.02697377843484445
6.030150753768845	0.02653455912105491
6.432160804020101	0.021755691221783786
6.834170854271357	0.013831236238118974
7.236180904522613	0.003947267219849096
7.63819095477387	0.005628504444706546
8.040201005025127	0.013223293927423597
8.442211055276383	0.0175166627512349
8.84422110552764	0.017151398408278135
9.246231155778895	0.012408128568480644
9.648241206030152	0.004114092104931734
10.050251256281408	0.00649784914095553
10.452261306532664	0.017418585470409104
10.85427135678392	0.026767211988262134
11.256281407035177	0.03284990349811354
11.658291457286433	0.03462960400395436
12.06030150753769	0.03217816272112794
12.462311557788945	0.026070156990167282
12.864321608040202	0.017737687327378772
13.266331658291458	0.009048138494367931
13.668341708542714	0.004033326818064663
14.07035175879397	0.00626041711132271
14.472361809045227	0.0070490147604967
14.874371859296483	0.004762106561399008
15.27638190954774	0.00432945211342027
15.678391959798995	0.011440793928044266
16.080402010050253	0.01982789387123538
16.48241206030151	0.027359784371761627
16.884422110552766	0.032493764623415286
17.286432160804022	0.03474835741319532
17.68844221105528	0.03371427695929811
18.090452261306535	0.02999567562660784
18.49246231155779	0.02450059886239272
18.894472361809047	0.018937477354117754
19.296482412060303	0.01467310723310267
19.69849246231156	0.012737128946348939
20.100502512562816	0.013124320960187405
20.502512562814072	0.014312897639159166
20.90452261306533	0.016323464465307434
21.306532663316585	0.01949489807162175
21.70854271356784	0.02429476725873409
22.110552763819097	0.02976912290795719
22.512562814070353	0.034504381424821776
22.91457286432161	0.037770920364666664
23.316582914572866	0.03909315804935092
23.718592964824122	0.03793800488204168
24.12060301507538	0.0354037379250246
24.522613065326635	0.03213768141349556
24.92462311557789	0.029532540450791105
25.326633165829147	0.027945512657278328
25.728643216080403	0.027362567523740517
26.13065326633166	0.027122006348683968
26.532663316582916	0.02659978809860254
26.934673366834172	0.026263192063185253
27.33668341708543	0.02685670215194056
27.738693467336685	0.029003625030045062
28.14070351758794	0.03233947889455213
28.542713567839197	0.036004418325449
28.944723618090453	0.039222202422699505
29.34673366834171	0.04125141988444505
29.748743718592966	0.04219992766013526
30.150753768844222	0.042381784689340715
30.55276381909548	0.043017121034271105
30.954773869346734	0.044263418736669974
31.35678391959799	0.046457036879920664
31.758793969849247	0.04939173853074497
32.16080402010051	0.05167393407518903
32.56281407035176	0.053095702979519654
32.96482412060302	0.05361794398170548
33.366834170854275	0.053563478219676976
33.76884422110553	0.05385973480615599
34.17085427135679	0.05480378444182893
34.572864321608044	0.056364130144328686
34.9748743718593	0.058003633552157555
35.37688442211056	0.05928995977126531
35.77889447236181	0.060300392904456615
36.18090452261307	0.06086232240607768
36.582914572864325	0.06143702674014365
36.98492462311558	0.06167097845911955
37.38693467336684	0.06161155703005043
37.788944723618094	0.060668874771585855
38.19095477386935	0.05876620504535777
38.59296482412061	0.056177002334186724
38.99497487437186	0.053442908356035754
39.39698492462312	0.05115273693748644
39.798994974874375	0.05046407219069553
40.20100502512563	0.05235855170928042
40.60301507537689	0.05609360908503057
41.005025125628144	0.06067242556108861
41.4070351758794	0.06497994972128426
41.80904522613066	0.06778825523880293
42.21105527638191	0.06896218522095665
42.61306532663317	0.06867865630649414
43.015075376884425	0.0671939109498619
43.41708542713568	0.06464522260824217
43.81909547738694	0.06107482957093763
44.221105527638194	0.056964542709685886
44.62311557788945	0.05212768985076453
45.02512562814071	0.047705607205098484
45.42713567839196	0.04487391966371888
45.82914572864322	0.04497064420070854
46.231155778894475	0.048438830981434214
46.63316582914573	0.053825528430547706
47.03517587939699	0.05965960677869501
47.437185929648244	0.06433466147490903
47.8391959798995	0.06751301003965747
48.24120603015076	0.06881561554118201
48.64321608040201	0.06854750900026069
49.04522613065327	0.06710959825012416
49.447236180904525	0.0644725405037016
49.84924623115578	0.06098774774016221
50.25125628140704	0.05668844128918569
50.653266331658294	0.051835143562617744
51.05527638190955	0.04753508715517514
51.45728643216081	0.04523147203489506
51.85929648241206	0.04618488994139297
52.26130653266332	0.05022771736003061
52.663316582914575	0.05581326250878284
53.06532663316583	0.060990266694283236
53.46733668341709	0.06496265068159797
53.869346733668344	0.06707325240946856
54.2713567839196	0.0676353142628827
54.67336683417086	0.06697872035299422
55.07537688442211	0.06517146447774064
55.47738693467337	0.06275674652657118
55.879396984924625	0.0592063944318285
56.28140703517588	0.05494851816635671
56.68341708542714	0.05018911310726561
57.085427135678394	0.04617256463784413
57.48743718592965	0.04438081510920627
57.88944723618091	0.04575921375551935
58.29145728643216	0.050000368048816135
58.69346733668342	0.05523174782679694
59.095477386934675	0.059989543942486165
59.49748743718593	0.06344680995284127
59.89949748743719	0.06500129113530638
60.301507537688444	0.06500118666275033
60.7035175879397	0.06396685236967234
61.10552763819096	0.06221392925447291
61.50753768844221	0.06019312604810774
61.90954773869347	0.05743570521864753
62.311557788944725	0.0545013925774833
62.71356783919598	0.0513663508324251
63.11557788944724	0.0490064398822523
63.517587939698494	0.04796117485518656
63.91959798994975	0.04878609399024792
64.32160804020101	0.051087642082455656
64.72361809045226	0.054102751091063564
65.12562814070353	0.057189885236396024
65.52763819095478	0.05957929837132202
65.92964824120604	0.06118994211170593
66.33165829145729	0.06169764482357346
66.73366834170855	0.062053819170955385
67.1356783919598	0.06193017226782123
67.53768844221106	0.061306115218489034
67.93969849246231	0.05987663159610464
68.34170854271358	0.057473542662532726
68.74371859296483	0.05400291000147687
69.14572864321609	0.05044760131951663
69.54773869346734	0.04797565803919665
69.9497487437186	0.047482024718327104
70.35175879396985	0.04944825829657639
70.75376884422111	0.05275558975931792
71.15577889447236	0.05647138261470001
71.55778894472363	0.059581670422033176
71.95979899497488	0.06173652704466975
72.36180904522614	0.062480053452308705
72.76381909547739	0.062236056471015544
73.16582914572865	0.06108531848009245
73.5678391959799	0.05964902560059186
73.96984924623116	0.0576342036545641
74.37185929648241	0.05539958912109351
74.77386934673368	0.053143009429736154
75.17587939698493	0.05121891183169143
75.57788944723619	0.05069383499555008
75.97989949748744	0.05213512396369241
76.3819095477387	0.05494473826906293
76.78391959798995	0.058241517264468766
77.18592964824121	0.06092344587718847
77.58793969849246	0.062052232991158494
77.98994974874373	0.061669823784133625
78.39195979899498	0.059840796020814935
78.79396984924624	0.057743487127911705
79.19597989949749	0.05593545538067022
79.59798994974875	0.05473473826867725
80.0	0.05434866126969775
