0.0	0.02531507994449934
0.4020100502512563	0.02363570492939611
0.8040201005025126	0.01800696178702681
1.206030150753769	0.009679183946938941
1.6080402010050252	0.0014134955401923278
2.0100502512562817	0.00948564615480084
2.412060301507538	0.01617338491348142
2.814070351758794	0.019429409273888247
3.2160804020100504	0.018760343907143498
3.6180904522613067	0.013655814983112339
4.020100502512563	0.005371877284034257
4.42211055276382	0.004333335456052116
4.824120603015076	0.014299487217005854
5.226130653266332	0.022557681720758123
5.628140703517588	0.02730931205467712
6.030150753768845	0.028156044159675757
6.432160804020101	0.025107575171401397
6.834170854271357	0.018499104621697234
7.236180904522613	0.009607019701545729
7.63819095477387	0.0009237600098903573
8.040201005025127	0.007074672862084554
8.442211055276383	0.01189927238099803
8.84422110552764	0.012472721610493577
9.246231155778895	0.009004655126971663
9.648241206030152	0.001884669183799306
10.050251256281408	0.008139835682475859
10.452261306532664	0.018713218254775725
10.85427135678392	0.028214349481262974
11.256281407035177	0.03524181223084218
11.658291457286433	0.038472149284097576
12.06030150753769	0.037586750996640494
12.462311557788945	0.03310266068189832
12.864321608040202	0.02640568070543896
13.266331658291458	0.019906557205319537
13.668341708542714	0.015841842791080973
14.07035175879397	0.01577426552434279
14.472361809045227	0.01489764713481656
14.874371859296483	0.009397473715641157
15.27638190954774	0.003920803576905172
15.678391959798995	0.016177544836025036
16.080402010050253	0.029097313634248466
16.48241206030151	0.040752375282275544
16.884422110552766	0.05013086252650269
17.286432160804022	0.05827226202072613
17.68844221105528	0.06530294819952522
18.090452261306535	0.07141972858017916
18.49246231155779	0.07462648975542488
18.894472361809047	0.07418230069718715
19.296482412060303	0.06792467162511574
19.69849246231156	0.0563571444117249
20.100502512562816	0.041475300314245955
20.502512562814072	0.025169106293560627
20.90452261306533	0.01026056536121883
21.306532663316585	0.005077084047353625
21.70854271356784	0.017501348943827395
22.110552763819097	0.032001273554771226
22.512562814070353	0.04870421827875007
22.91457286432161	0.06771503946347156
23.316582914572866	0.08635314609896212
23.718592964824122	0.10129182732260478
24.12060301507538	0.10806731816705162
24.522613065326635	0.10451633269934697
24.92462311557789	0.09000124753836043
25.326633165829147	0.06685354506508592
25.728643216080403	0.04009981716327192
26.13065326633166	0.015078801210068295
26.532663316582916	0.005861154713665363
26.934673366834172	0.015194356384959012
27.33668341708543	0.015757893699651488
27.738693467336685	0.017887800491859788
28.14070351758794	0.036472057014787375
28.542713567839197	0.06267844533564867
28.944723618090453	0.08784545076207073
29.34673366834171	0.1063191880412669
29.748743718592966	0.11293466391333977
30.150753768844222	0.10574948926963419
30.55276381909548	0.08640439685182211
30.954773869346734	0.05839679182613433
31.35678391959799	0.026834430145335226
31.758793969849247	0.0025377430485394904
32.16080402010051	0.0244036950111891
32.56281407035176	0.03523051952379776
32.96482412060302	0.03272281381407136
33.366834170854275	0.018002159070567087
33.76884422110553	0.006761219628979564
34.17085427135679	0.036187833979603436
34.572864321608044	0.06501500365962767
34.9748743718593	0.0878728812275537
35.37688442211056	0.10037668249965026
35.77889447236181	0.1009087525361045
36.18090452261307	0.08972445718018819
36.582914572864325	0.06859515166926186
36.98492462311558	0.04233317059547813
37.38693467336684	0.015401097186997583
37.788944723618094	0.00949615266151793
38.19095477386935	0.023993765959074508
38.59296482412061	0.028135998957727032
38.99497487437186	0.020464455172518367
39.39698492462312	0.003052513629916411
39.798994974874375	0.021760657018612996
40.20100502512563	0.04817952706245966
40.60301507537689	0.07172984042954542
41.005025125628144	0.08776840517434789
41.4070351758794	0.0938701724945587
41.80904522613066	0.08865136221432611
42.21105527638191	0.07375932872695881
42.61306532663317	0.05212754515774509
43.015075376884425	0.028143060206649508
43.41708542713568	0.012117625407186408
43.81909547738694	0.020690682646665643
44.221105527638194	0.027644190009828058
44.62311557788945	0.025129893963188443
45.02512562814071	0.0141453782929358
45.42713567839196	0.01820279913574179
45.82914572864322	0.04228764225478931
46.231155778894475	0.0675815580343164
46.63316582914573	0.08786627905725126
47.03517587939699	0.0995307960771533
47.437185929648244	0.10063921512859186
47.8391959798995	0.09125750280762997
48.24120603015076	0.07315370007426938
48.64321608040201	0.05144296540304035
49.04522613065327	0.03279355624604235
49.447236180904525	0.029525450063416402
49.84924623115578	0.03770372510556978
50.25125628140704	0.04278864995319814
50.653266331658294	0.04185970425741458
51.05527638190955	0.03930883130821209
51.45728643216081	0.0441978128177858
51.85929648241206	0.058895346940457435
52.26130653266332	0.07599354408366917
52.663316582914575	0.08927640126798311
53.06532663316583	0.09446841695324246
53.46733668341709	0.09041483142897913
53.869346733668344	0.07721426333657119
54.2713567839196	0.05752833726335321
54.67336683417086	0.03659300868686628
55.07537688442211	0.027868619397133455
55.47738693467337	0.038114153815090805
55.879396984924625	0.05090233376956047
56.28140703517588	0.05754343775228203
56.68341708542714	0.056754456935738516
57.085427135678394	0.05090298786520434
57.48743718592965	0.04675638264347598
57.88944723618091	0.05041377797785305
58.29145728643216	0.06004912525656695
58.69346733668342	0.06895103716363997
59.095477386934675	0.07205971842415579
59.49748743718593	0.06764635594738964
59.89949748743719	0.0561742564966356
60.301507537688444	0.041506605525498556
60.7035175879397	0.033487449546103845
61.10552763819096	0.03970338291167465
61.50753768844221	0.051651684281060414
61.90954773869347	0.060082582264786424
62.311557788944725	0.06155843424531828
62.71356783919598	0.056777974707415746
63.11557788944724	0.04938699206439889
63.517587939698494	0.046684746418347384
63.91959798994975	0.05253283031336814
64.32160804020101	0.062230427521409934
64.72361809045226	0.06926541092921842
65.12562814070353	0.06954504569073791
65.52763819095478	0.062063979304786285
65.92964824120604	0.048740857950659855
66.33165829145729	0.036200179617546666
66.73366834170855	0.0365073169660126
67.1356783919598	0.049591328522376237
67.53768844221106	0.06344784732439931
67.93969849246231	0.0710953051912744
68.34170854271358	0.07065884391815143
68.74371859296483	0.06336589447503124
69.14572864321609	0.05228752398469154
69.54773869346734	0.044158879822812365
69.9497487437186	0.043801800705518375
70.35175879396985	0.04964661664834555
70.75376884422111	0.05375814674407364
71.15577889447236	0.05227603789974415
71.55778894472363	0.04405172186326557
71.95979899497488	0.03226368861777627
72.36180904522614	0.027640907132025876
72.76381909547739	0.039055362682153545
73.16582914572865	0.05558526543630101
73.5678391959799	0.06898485791203945
73.96984924623116	0.07489909162397662
74.37185929648241	0.07285401768694497
74.77386934673368	0.06372202112201396
75.17587939698493	0.050808814883419595
75.57788944723619	0.0403434112798778
75.97989949748744	0.037937717910282394
76.3819095477387	0.04117562398243084
76.78391959798995	0.04268956006671593
77.18592964824121	0.038558984731013865
77.58793969849246	0.028952455591958887
77.98994974874373	0.023573333246249446
78.39195979899498	0.035271637943103354
78.79396984924624	0.054588324922289155
79.19597989949749	0.07180993201077923
79.59798994974875	0.08207001014001176
80.0	0.08347733386437997
