0.0	0.012341776981261517
0.4020100502512563	0.011717931196543779
0.8040201005025126	0.009766381889973716
1.206030150753769	0.007187248268608967
1.6080402010050252	0.00565292190538144
2.0100502512562817	0.006751739757673002
2.412060301507538	0.008302884437257537
2.814070351758794	0.009043643084631372
3.2160804020100504	0.008071904471650923
3.6180904522613067	0.005451214977693098
4.020100502512563	0.0018554125305756054
4.42211055276382	0.0032105986024769566
4.824120603015076	0.007589605029341091
5.226130653266332	0.011117598646680783
5.628140703517588	0.013343130129817023
6.030150753768845	0.014048719614041453
6.432160804020101	0.013325302818103069
6.834170854271357	0.011814960742722187
7.236180904522613	0.010621096688339715
7.63819095477387	0.010171128170246914
8.040201005025127	0.010562951571302721
8.442211055276383	0.010756731202602404
8.84422110552764	0.009785406612164716
9.246231155778895	0.007827178209812782
9.648241206030152	0.005470333783483548
10.050251256281408	0.0056641869579228425
10.452261306532664	0.00938296142405979
10.85427135678392	0.013693143675226139
11.256281407035177	0.017264891200636498
11.658291457286433	0.019579823997629208
12.06030150753769	0.02071870690421378
12.462311557788945	0.021015774088179322
12.864321608040202	0.021285218983417835
13.266331658291458	0.02203947825420048
13.668341708542714	0.023231838703512076
14.07035175879397	0.0243073637976035
14.472361809045227	0.024168469671957044
14.874371859296483	0.022944048651924176
15.27638190954774	0.02023936045205728
15.678391959798995	0.017339077824181013
16.080402010050253	0.015175435822154623
16.48241206030151	0.015168595049613848
16.884422110552766	0.017345314441286848
17.286432160804022	0.020556513152594026
17.68844221105528	0.023871891121739146
18.090452261306535	0.02678220612118574
18.49246231155779	0.0292280181223823
18.894472361809047	0.031199664378961843
19.296482412060303	0.03250239744933991
19.69849246231156	0.03305485743693587
20.100502512562816	0.032247538706761544
20.502512562814072	0.03048565487811388
20.90452261306533	0.027485575316560505
21.306532663316585	0.024111006893007814
21.70854271356784	0.02105396485585576
22.110552763819097	0.019378218175541476
22.512562814070353	0.01985023791209225
22.91457286432161	0.022048148713027314
23.316582914572866	0.02512875687373998
23.718592964824122	0.028408427420721992
24.12060301507538	0.03163178779772161
24.522613065326635	0.03424689765926172
24.92462311557789	0.03582796029601698
25.326633165829147	0.03610523951807958
25.728643216080403	0.03498091584367581
26.13065326633166	0.032332725254139195
26.532663316582916	0.02847560564417
26.934673366834172	0.024392936251413276
27.33668341708543	0.02062621977179166
27.738693467336685	0.018134672730854288
28.14070351758794	0.017536615669176553
28.542713567839197	0.018554707355164943
28.944723618090453	0.020672805470726415
29.34673366834171	0.02324537230672942
29.748743718592966	0.026117518029708686
30.150753768844222	0.02922011615321433
30.55276381909548	0.032167386216455665
30.954773869346734	0.034501860599649735
31.35678391959799	0.035742557825681566
31.758793969849247	0.03558096316907333
32.16080402010051	0.033695547183082354
32.56281407035176	0.03035204501314521
32.96482412060302	0.026061340776888077
33.366834170854275	0.021839149512492197
33.76884422110553	0.01847484130424423
34.17085427135679	0.016919460886790718
34.572864321608044	0.01721136907494167
34.9748743718593	0.019367602167421394
35.37688442211056	0.022899539604476698
35.77889447236181	0.02719761782920675
36.18090452261307	0.03134965966961899
36.582914572864325	0.03457477692031763
36.98492462311558	0.03635328634030064
37.38693467336684	0.0366310140714058
37.788944723618094	0.03558023679976276
38.19095477386935	0.033157057741981126
38.59296482412061	0.0302308175761765
38.99497487437186	0.0271252042989214
39.39698492462312	0.024424490159284534
39.798994974874375	0.022634997575140477
40.20100502512563	0.02194956531543055
40.60301507537689	0.022789254189230015
41.005025125628144	0.025130828050395952
41.4070351758794	0.02867984509583895
41.80904522613066	0.032966292921082614
42.21105527638191	0.03707728257799688
42.61306532663317	0.040567483411215244
43.015075376884425	0.04297345747072416
43.41708542713568	0.04417100228113355
43.81909547738694	0.04376718469136008
44.221105527638194	0.042305290389003915
44.62311557788945	0.04050026319792424
45.02512562814071	0.03846759720655157
45.42713567839196	0.03696378727591958
45.82914572864322	0.03632055469186097
46.231155778894475	0.036865343221240784
46.63316582914573	0.038923812597334836
47.03517587939699	0.0421863439829663
47.437185929648244	0.046399363125152096
47.8391959798995	0.051384291186925
48.24120603015076	0.056301059774366904
48.64321608040201	0.060571555242083575
49.04522613065327	0.06421808030794889
49.447236180904525	0.06647991834920207
49.84924623115578	0.0676331530128406
50.25125628140704	0.06735166974327579
50.653266331658294	0.06604783045748455
51.05527638190955	0.0639894235199503
51.45728643216081	0.06149839988360167
51.85929648241206	0.05887910269857145
52.26130653266332	0.05656519976389851
52.663316582914575	0.05522966720492618
53.06532663316583	0.05464718960447261
53.46733668341709	0.05506981565928121
53.869346733668344	0.056304603170757264
54.2713567839196	0.0582811041229682
54.67336683417086	0.061271540497288966
55.07537688442211	0.06473821492278878
55.47738693467337	0.06833928416795668
55.879396984924625	0.07096158419366008
56.28140703517588	0.07220096991356284
56.68341708542714	0.07138259095930419
57.085427135678394	0.0684634949527396
57.48743718592965	0.06395246935614236
57.88944723618091	0.05832569528781637
58.29145728643216	0.05254575333829274
58.69346733668342	0.047915506515364206
59.095477386934675	0.04494674188666419
59.49748743718593	0.044247063463268996
59.89949748743719	0.04607033558639797
60.301507537688444	0.049936331943272974
60.7035175879397	0.054804538761837066
61.10552763819096	0.059394298211032294
61.50753768844221	0.06265189557143516
61.90954773869347	0.06378776077607887
62.311557788944725	0.06282526965546434
62.71356783919598	0.05963389262259524
63.11557788944724	0.055086133004262794
63.517587939698494	0.049908930441346616
63.91959798994975	0.04495588459698125
64.32160804020101	0.04107923633170679
64.72361809045226	0.03905951611503029
65.12562814070353	0.03932980068406867
65.52763819095478	0.04179562669871807
65.92964824120604	0.04582861312635589
66.33165829145729	0.050744326245142045
66.73366834170855	0.055220993359921575
67.1356783919598	0.05865316120082224
67.53768844221106	0.060430596844129256
67.93969849246231	0.06039975609697782
68.34170854271358	0.05873012786591242
68.74371859296483	0.05575062193235175
69.14572864321609	0.052046855937024315
69.54773869346734	0.0482306700601087
69.9497487437186	0.04505471278362944
70.35175879396985	0.04309361252296553
70.75376884422111	0.042600835392558586
71.15577889447236	0.04399614052489246
71.55778894472363	0.04683105307711801
71.95979899497488	0.05068423009279495
72.36180904522614	0.05457832090095964
72.76381909547739	0.05814328303832709
73.16582914572865	0.06058477701450086
73.5678391959799	0.0614853699359826
73.96984924623116	0.06063454403125075
74.37185929648241	0.05859977035823285
74.77386934673368	0.05567301591471372
75.17587939698493	0.05278180393209736
75.57788944723619	0.050321834191609696
75.97989949748744	0.04848348523712197
76.3819095477387	0.04779385657227498
76.78391959798995	0.04818945381713924
77.18592964824121	0.04939239260850168
77.58793969849246	0.05158105131754089
77.98994974874373	0.054397702569694714
78.39195979899498	0.05761290357045244
78.79396984924624	0.0608893398696496
79.19597989949749	0.063670714251343
79.59798994974875	0.06551398013951405
80.0	0.06611721743792523
