0.0	0.019833814074014088
0.4020100502512563	0.016357945650603563
0.8040201005025126	0.009982839718264152
1.206030150753769	0.0023615315336316064
1.6080402010050252	0.005950422927931217
2.0100502512562817	0.012536547782044754
2.412060301507538	0.01669621761880514
2.814070351758794	0.01754151316526431
3.2160804020100504	0.01503257100807424
3.6180904522613067	0.009587592183261676
4.020100502512563	0.0023666706573379683
4.42211055276382	0.0054766485696868495
4.824120603015076	0.012061901672178193
5.226130653266332	0.016445569397308533
5.628140703517588	0.017682197610173627
6.030150753768845	0.015499513476658136
6.432160804020101	0.0102262914684134
6.834170854271357	0.003294311674925765
7.236180904522613	0.005282038407575344
7.63819095477387	0.012314523053315084
8.040201005025127	0.017290033550627335
8.442211055276383	0.019471031564158588
8.84422110552764	0.01823838274935425
9.246231155778895	0.014038863680992516
9.648241206030152	0.00757696652309032
10.050251256281408	0.0005145427897430737
10.452261306532664	0.007277266861643421
10.85427135678392	0.012818990024476892
11.256281407035177	0.015561438548491804
11.658291457286433	0.015036123206526614
12.06030150753769	0.011798122097401716
12.462311557788945	0.006323964400639351
12.864321608040202	0.0033730426483237876
13.266331658291458	0.008871826395912568
13.668341708542714	0.01438469810542677
14.07035175879397	0.018053022951127144
14.472361809045227	0.019634992933443195
14.874371859296483	0.01911519226016891
15.27638190954774	0.017246861786608173
15.678391959798995	0.015711205811313377
16.080402010050253	0.01591028101797159
16.48241206030151	0.017642944349489847
16.884422110552766	0.019284174217513834
17.286432160804022	0.019818087342104704
17.68844221105528	0.018297468754492695
18.090452261306535	0.014906192776802557
18.49246231155779	0.011126769522380592
18.894472361809047	0.010761692761770237
19.296482412060303	0.015709565958070465
19.69849246231156	0.021977461540681597
20.100502512562816	0.026939724155386972
20.502512562814072	0.029513757158744047
20.90452261306533	0.029529793590002185
21.306532663316585	0.027838911496782144
21.70854271356784	0.025776588590408045
22.110552763819097	0.0247334527735305
22.512562814070353	0.024735784785529125
22.91457286432161	0.025295596475008224
23.316582914572866	0.024553232257223303
23.718592964824122	0.02200142427560862
24.12060301507538	0.019002722855163683
24.522613065326635	0.018397695461543524
24.92462311557789	0.02238789906851655
25.326633165829147	0.029275797911110624
25.728643216080403	0.036124455270990695
26.13065326633166	0.041451753357014745
26.532663316582916	0.0443228667507868
26.934673366834172	0.044808187034412264
27.33668341708543	0.04329993600192462
27.738693467336685	0.04010002653745524
28.14070351758794	0.0362408007159402
28.542713567839197	0.032130825570434146
28.944723618090453	0.02866199092654051
29.34673366834171	0.026992996777026546
29.748743718592966	0.028368010479081624
30.150753768844222	0.032798726262651554
30.55276381909548	0.03998780461176487
30.954773869346734	0.04857418414725067
31.35678391959799	0.05672105523934612
31.758793969849247	0.0637119223213575
32.16080402010051	0.06845807801342108
32.56281407035176	0.07048938928834655
32.96482412060302	0.0698472904151945
33.366834170854275	0.06704911129079341
33.76884422110553	0.0630024008753853
34.17085427135679	0.05848666364397083
34.572864321608044	0.054481434626816996
34.9748743718593	0.05130988472944579
35.37688442211056	0.04963340342008188
35.77889447236181	0.04945985188325681
36.18090452261307	0.050772809320929646
36.582914572864325	0.05326828610034018
36.98492462311558	0.05650559029980762
37.38693467336684	0.06002373832266139
37.788944723618094	0.06337803221878868
38.19095477386935	0.06645073759814446
38.59296482412061	0.06878691024067124
38.99497487437186	0.07012404784290836
39.39698492462312	0.07005374261141951
39.798994974874375	0.06811546125176772
40.20100502512563	0.0647524057800776
40.60301507537689	0.05986026762031743
41.005025125628144	0.05435197767306564
41.4070351758794	0.048779600993799646
41.80904522613066	0.044632447526870046
42.21105527638191	0.0426275233062275
42.61306532663317	0.04344013290538805
43.015075376884425	0.04654971227778702
43.41708542713568	0.051088922058439915
43.81909547738694	0.056311936503504245
44.221105527638194	0.061187425216543426
44.62311557788945	0.06507512034263967
45.02512562814071	0.06695218714139609
45.42713567839196	0.06663068897917804
45.82914572864322	0.0637153295008393
46.231155778894475	0.058421516421160946
46.63316582914573	0.052132296241367934
47.03517587939699	0.046076318598488986
47.437185929648244	0.042020993419829664
47.8391959798995	0.04083585125921492
48.24120603015076	0.04244024925654351
48.64321608040201	0.04613043935940917
49.04522613065327	0.050772499810493275
49.447236180904525	0.0558082869833809
49.84924623115578	0.06027856065467117
50.25125628140704	0.06337471431053757
50.653266331658294	0.06492474063895005
51.05527638190955	0.06460661194008228
51.45728643216081	0.06181077241908841
51.85929648241206	0.05761055744372802
52.26130653266332	0.05247059482223543
52.663316582914575	0.04779610161264995
53.06532663316583	0.044581230193138234
53.46733668341709	0.04437631517607792
53.869346733668344	0.04654303579642898
54.2713567839196	0.05007489524185267
54.67336683417086	0.05404739007095492
55.07537688442211	0.057852366767033425
55.47738693467337	0.06061812327879333
55.879396984924625	0.06217574265776288
56.28140703517588	0.06251260324157834
56.68341708542714	0.06150919937474333
57.085427135678394	0.05919090114686061
57.48743718592965	0.05598746618520186
57.88944723618091	0.05232643425425045
58.29145728643216	0.04951805074661587
58.69346733668342	0.0476750235519455
59.095477386934675	0.04773637821884321
59.49748743718593	0.049192149739620036
59.89949748743719	0.05125256400003757
60.301507537688444	0.05358024622494452
60.7035175879397	0.05530473899684681
61.10552763819096	0.05675541533877121
61.50753768844221	0.057663104914934184
61.90954773869347	0.05801693915395597
62.311557788944725	0.05784960931871043
62.71356783919598	0.05710396183154959
63.11557788944724	0.055826360207117454
63.517587939698494	0.053834902686830347
63.91959798994975	0.05164502207154094
64.32160804020101	0.049605461288705535
64.72361809045226	0.048388928066261286
65.12562814070353	0.04836340372949841
65.52763819095478	0.049392842274294635
65.92964824120604	0.05122873639657878
66.33165829145729	0.05292956262789674
66.73366834170855	0.054521950537111175
67.1356783919598	0.05540191233724208
67.53768844221106	0.05546650407776058
67.93969849246231	0.05524867150228648
68.34170854271358	0.054260902973625756
68.74371859296483	0.05254955556135803
69.14572864321609	0.05006658521997877
69.54773869346734	0.04706769627733069
69.9497487437186	0.04437626925316469
70.35175879396985	0.04217652720330019
70.75376884422111	0.04147713742803284
71.15577889447236	0.04281250335221391
71.55778894472363	0.04541945518516058
71.95979899497488	0.04867689629222112
72.36180904522614	0.05176635065382246
72.76381909547739	0.0540703557716555
73.16582914572865	0.05530295763738646
73.5678391959799	0.055276933048886964
73.96984924623116	0.05391028475581355
74.37185929648241	0.05141456241583797
74.77386934673368	0.047970256137950765
75.17587939698493	0.04425813024365488
75.57788944723619	0.040830970832614354
75.97989949748744	0.03881621821522478
76.3819095477387	0.03938239314000842
76.78391959798995	0.042398082233474146
77.18592964824121	0.04706987996306845
77.58793969849246	0.0522440984226222
77.98994974874373	0.05661580340578385
78.39195979899498	0.05931213090872254
78.79396984924624	0.05993164027690255
79.19597989949749	0.05864996923955894
79.59798994974875	0.05583504066349482
80.0	0.052006533529233664
