0.0	0.018780455041568774
0.4020100502512563	0.015273038543469666
0.8040201005025126	0.00989346188866069
1.206030150753769	0.006229349873392272
1.6080402010050252	0.009320143275924836
2.0100502512562817	0.014144273653643786
2.412060301507538	0.01722037488024291
2.814070351758794	0.01722779143787668
3.2160804020100504	0.014149151201455604
3.6180904522613067	0.00889175249501594
4.020100502512563	0.0029422488300776275
4.42211055276382	0.006592333201233874
4.824120603015076	0.012481043212941178
5.226130653266332	0.016380564700348977
5.628140703517588	0.017817303915195197
6.030150753768845	0.016426779773219526
6.432160804020101	0.013407001046510204
6.834170854271357	0.011587791181587394
7.236180904522613	0.013687045328365724
7.63819095477387	0.017961229981706933
8.040201005025127	0.021362254563371336
8.442211055276383	0.022350978791436937
8.84422110552764	0.02028080310926589
9.246231155778895	0.01575554539652175
9.648241206030152	0.00967434217900697
10.050251256281408	0.007103160487803695
10.452261306532664	0.012121393660458855
10.85427135678392	0.018277635386301075
11.256281407035177	0.02258988382046897
11.658291457286433	0.024593110986711235
12.06030150753769	0.02521266078316739
12.462311557788945	0.025828611212927077
12.864321608040202	0.026616487156849257
13.266331658291458	0.027556193293424052
13.668341708542714	0.027971251634132093
14.07035175879397	0.026609082367635185
14.472361809045227	0.02281450702833067
14.874371859296483	0.017252475070459756
15.27638190954774	0.012454105091849691
15.678391959798995	0.012360857835622574
16.080402010050253	0.014436823793712809
16.48241206030151	0.014061541330497404
16.884422110552766	0.013049651612720417
17.286432160804022	0.018424509815894146
17.68844221105528	0.029689238981563244
18.090452261306535	0.04176575425015035
18.49246231155779	0.05065816464403485
18.894472361809047	0.05531887152101025
19.296482412060303	0.05669434509877809
19.69849246231156	0.05675340791528509
20.100502512562816	0.057471300307086096
20.502512562814072	0.05785600157984676
20.90452261306533	0.05591652596761323
21.306532663316585	0.05013421724323767
21.70854271356784	0.04111410574135153
22.110552763819097	0.03168314194895205
22.512562814070353	0.026789225130365423
22.91457286432161	0.030097838311439862
23.316582914572866	0.0383906869458782
23.718592964824122	0.04663769396457326
24.12060301507538	0.053812669814221004
24.522613065326635	0.06099687535364147
24.92462311557789	0.0684182405625527
25.326633165829147	0.07540404682079009
25.728643216080403	0.07959337987602877
26.13065326633166	0.07836778531699064
26.532663316582916	0.07155982678489814
26.934673366834172	0.0598653455320175
27.33668341708543	0.04646398484146243
27.738693467336685	0.037226736844794925
28.14070351758794	0.03632941687356559
28.542713567839197	0.042078235040758034
28.944723618090453	0.048451643255680785
29.34673366834171	0.053457380902638116
29.748743718592966	0.05879346454032891
30.150753768844222	0.06490169026292998
30.55276381909548	0.07136781252408128
30.954773869346734	0.07707744245246191
31.35678391959799	0.07911441484930545
31.758793969849247	0.07617052331110895
32.16080402010051	0.0684567652294306
32.56281407035176	0.055955735944254056
32.96482412060302	0.04260387681834506
33.366834170854275	0.03330011464044575
33.76884422110553	0.034741188052706554
34.17085427135679	0.04259781865271765
34.572864321608044	0.04968830776845285
34.9748743718593	0.05369482149187867
35.37688442211056	0.054037775867352575
35.77889447236181	0.05277786218851729
36.18090452261307	0.0525888092206947
36.582914572864325	0.054572172142852794
36.98492462311558	0.057354529806112664
37.38693467336684	0.058802894308202305
37.788944723618094	0.05644395187182395
38.19095477386935	0.05032119943939167
38.59296482412061	0.04158569333993542
38.99497487437186	0.03361240273660407
39.39698492462312	0.03192534703700952
39.798994974874375	0.03801261718483649
40.20100502512563	0.046347592425024335
40.60301507537689	0.052447069375832746
41.005025125628144	0.054516850141920425
41.4070351758794	0.05349398320256092
41.80904522613066	0.05048907953436095
42.21105527638191	0.04953823688415078
42.61306532663317	0.051607627800095444
43.015075376884425	0.054299804240087256
43.41708542713568	0.054237810773003756
43.81909547738694	0.050256225235308136
44.221105527638194	0.041751480496314275
44.62311557788945	0.030818421642240974
45.02512562814071	0.023114168629122776
45.42713567839196	0.02655525601374259
45.82914572864322	0.037207787091388334
46.231155778894475	0.04726879306374749
46.63316582914573	0.05317981952246462
47.03517587939699	0.054460469406453306
47.437185929648244	0.05176459773443033
47.8391959798995	0.04710557099175387
48.24120603015076	0.04366832091655972
48.64321608040201	0.042697644331895025
49.04522613065327	0.04286401633815827
49.447236180904525	0.04182877035900351
49.84924623115578	0.03779188278408597
50.25125628140704	0.03021377495790558
50.653266331658294	0.022166193783349913
51.05527638190955	0.022006821520819002
51.45728643216081	0.033160488107002374
51.85929648241206	0.04687908974040744
52.26130653266332	0.057417188743473846
52.663316582914575	0.062361877186900325
53.06532663316583	0.0610777571813594
53.46733668341709	0.05484112489178724
53.869346733668344	0.04565867813554918
54.2713567839196	0.03677847132149063
54.67336683417086	0.030722948484102425
55.07537688442211	0.027193123473467994
55.47738693467337	0.023234796946887973
55.879396984924625	0.01654213483808289
56.28140703517588	0.013500950036707057
56.68341708542714	0.024758449787325602
57.085427135678394	0.042390401910870616
57.48743718592965	0.059335565134730775
57.88944723618091	0.07248081353119251
58.29145728643216	0.07955690907708529
58.69346733668342	0.07940239310224115
59.095477386934675	0.07291952300526376
59.49748743718593	0.06182993029616339
59.89949748743719	0.048410577826731895
60.301507537688444	0.036618964386251986
60.7035175879397	0.02800903745337907
61.10552763819096	0.02279853009637827
61.50753768844221	0.01774762811006499
61.90954773869347	0.013933454200982335
62.311557788944725	0.02078809854153148
62.71356783919598	0.036415246030170954
63.11557788944724	0.053565524659252794
63.517587939698494	0.06820411171211832
63.91959798994975	0.07708841292899415
64.32160804020101	0.07846102867454846
64.72361809045226	0.07283042531908088
65.12562814070353	0.0608977580696544
65.52763819095478	0.04477421104373652
65.92964824120604	0.027759503898618552
66.33165829145729	0.012862227708213495
66.73366834170855	0.001881942567865618
67.1356783919598	0.006357710732239896
67.53768844221106	0.014520260749075175
67.93969849246231	0.026610866618859485
68.34170854271358	0.041702102298727575
68.74371859296483	0.05794161333087576
69.14572864321609	0.07169351836759418
69.54773869346734	0.08035764452860389
69.9497487437186	0.0825355044193524
70.35175879396985	0.07812507771014279
70.75376884422111	0.06784024607488268
71.15577889447236	0.053895440706554096
71.55778894472363	0.03845749443370074
71.95979899497488	0.024636366117019165
72.36180904522614	0.01682483339673913
72.76381909547739	0.018443116923148654
73.16582914572865	0.02437832340697209
73.5678391959799	0.031023650532717793
73.96984924623116	0.03870380735037119
74.37185929648241	0.04744441453014613
74.77386934673368	0.056471348844075044
75.17587939698493	0.06383371641886836
75.57788944723619	0.06804642498159572
75.97989949748744	0.06783936873143191
76.3819095477387	0.0629796521630879
76.78391959798995	0.05412653099803446
77.18592964824121	0.04321903094660053
77.58793969849246	0.032835691223695916
77.98994974874373	0.02807683500550289
78.39195979899498	0.03108255516354997
78.79396984924624	0.0373611161432934
79.19597989949749	0.04303534521052444
79.59798994974875	0.046874844542757046
80.0	0.049234917092764924
