0.0	0.012812740691604365
0.4020100502512563	0.011681984612830865
0.8040201005025126	0.008992682071692274
1.206030150753769	0.005556040873446849
1.6080402010050252	0.004668368908886543
2.0100502512562817	0.006971285309997827
2.412060301507538	0.009324152871542462
2.814070351758794	0.010168042320934633
3.2160804020100504	0.009192816806995895
3.6180904522613067	0.0063151933446147
4.020100502512563	0.0025252252864792187
4.42211055276382	0.003946082986712366
4.824120603015076	0.008148067950113955
5.226130653266332	0.011709768406169566
5.628140703517588	0.013537426053679042
6.030150753768845	0.013458370287542615
6.432160804020101	0.01174657425336483
6.834170854271357	0.009223748389708155
7.236180904522613	0.00762325152751567
7.63819095477387	0.008055391268536483
8.040201005025127	0.009702588446132024
8.442211055276383	0.010552150121924111
8.84422110552764	0.009853482317496675
9.246231155778895	0.007480099495005452
9.648241206030152	0.004066208499696091
10.050251256281408	0.0028906677153665897
10.452261306532664	0.00686257617551478
10.85427135678392	0.010492331922538841
11.256281407035177	0.012816058640140498
11.658291457286433	0.013539296381910784
12.06030150753769	0.012788544506898526
12.462311557788945	0.01174358664709877
12.864321608040202	0.012317062169885998
13.266331658291458	0.015178543996194612
13.668341708542714	0.01876455341359632
14.07035175879397	0.021559258273667815
14.472361809045227	0.022742886648857496
14.874371859296483	0.021608136415475734
15.27638190954774	0.018253558460405862
15.678391959798995	0.013230649023649366
16.080402010050253	0.008432014048966239
16.48241206030151	0.008996493316235046
16.884422110552766	0.014244934459007607
17.286432160804022	0.01959771838347964
17.68844221105528	0.02258780047727955
18.090452261306535	0.022860707695874248
18.49246231155779	0.020885728920563236
18.894472361809047	0.01884997968633018
19.296482412060303	0.019820891067758438
19.69849246231156	0.024289957976358616
20.100502512562816	0.029261888534672327
20.502512562814072	0.03238933834006541
20.90452261306533	0.03217543039031039
21.306532663316585	0.028456086472552655
21.70854271356784	0.022597625292867133
22.110552763819097	0.017469367746597887
22.512562814070353	0.016518281386416814
22.91457286432161	0.01973844074724341
23.316582914572866	0.023785483662189858
23.718592964824122	0.025835396207941657
24.12060301507538	0.025724982534240687
24.522613065326635	0.02452443952225089
24.92462311557789	0.024200683713859635
25.326633165829147	0.026134137178045268
25.728643216080403	0.029438652158567762
26.13065326633166	0.03207040118599784
26.532663316582916	0.03261230555135215
26.934673366834172	0.030328994368487537
27.33668341708543	0.025805813501958142
27.738693467336685	0.02106811491988071
28.14070351758794	0.019880494219624303
28.542713567839197	0.023148366311958858
28.944723618090453	0.027604898636441066
29.34673366834171	0.030472891222863074
29.748743718592966	0.030674918947391806
30.150753768844222	0.028949561974815203
30.55276381909548	0.027778813208764064
30.954773869346734	0.029249078391075052
31.35678391959799	0.03345306098767416
31.758793969849247	0.03819482145412928
32.16080402010051	0.04119477734006634
32.56281407035176	0.04134208584386439
32.96482412060302	0.03861178977010343
33.366834170854275	0.03447096559081703
33.76884422110553	0.030502020854145984
34.17085427135679	0.0288671414099543
34.572864321608044	0.02993189981538641
34.9748743718593	0.031820436529879446
35.37688442211056	0.033261838201710206
35.77889447236181	0.033948222318354544
36.18090452261307	0.034721332700812464
36.582914572864325	0.036807907262394426
36.98492462311558	0.04057743548015305
37.38693467336684	0.04504166185060718
37.788944723618094	0.04907455559369338
38.19095477386935	0.051533211092223044
38.59296482412061	0.05186716695438735
38.99497487437186	0.05028418520980434
39.39698492462312	0.0477409432174838
39.798994974874375	0.04520114338213891
40.20100502512563	0.04399373660825841
40.60301507537689	0.04483719932316505
41.005025125628144	0.047148387201499324
41.4070351758794	0.05074129962962626
41.80904522613066	0.055244202262104136
42.21105527638191	0.06006062792431348
42.61306532663317	0.06501725980985334
43.015075376884425	0.0690262886080895
43.41708542713568	0.07136205998086811
43.81909547738694	0.0713498358812562
44.221105527638194	0.06842967693281257
44.62311557788945	0.06321302300775541
45.02512562814071	0.05644072123975348
45.42713567839196	0.04962532121439311
45.82914572864322	0.04431835397126617
46.231155778894475	0.04259791082837423
46.63316582914573	0.04472933221503035
47.03517587939699	0.04980178843045882
47.437185929648244	0.055816543126889905
47.8391959798995	0.06170565413585625
48.24120603015076	0.06617353420160851
48.64321608040201	0.06882867249947502
49.04522613065327	0.06891394695371894
49.447236180904525	0.06711526191702927
49.84924623115578	0.06328882643361615
50.25125628140704	0.05812647398577814
50.653266331658294	0.051997660316068096
51.05527638190955	0.04588079308022212
51.45728643216081	0.04045833656374097
51.85929648241206	0.03739937308162722
52.26130653266332	0.03834040263725286
52.663316582914575	0.0431236380668381
53.06532663316583	0.0498111083126705
53.46733668341709	0.056413753852089896
53.869346733668344	0.06147728355214173
54.2713567839196	0.0643127126855045
54.67336683417086	0.06498189956213564
55.07537688442211	0.0643060840796725
55.47738693467337	0.062482230009566465
55.879396984924625	0.060484509754794205
56.28140703517588	0.05793782133803358
56.68341708542714	0.05428877491568394
57.085427135678394	0.05009836461350257
57.48743718592965	0.046156700694206396
57.88944723618091	0.04429302654370614
58.29145728643216	0.04593292477997054
58.69346733668342	0.05000317712466653
59.095477386934675	0.05501240393679975
59.49748743718593	0.05912030857947276
59.89949748743719	0.06160797508271387
60.301507537688444	0.06252785742947944
60.7035175879397	0.062406944464973926
61.10552763819096	0.06208873395229897
61.50753768844221	0.06203480625350999
61.90954773869347	0.06163110330060212
62.311557788944725	0.060469138132379564
62.71356783919598	0.0581545799113652
63.11557788944724	0.054790255336054784
63.517587939698494	0.05165186999942203
63.91959798994975	0.04964438421564359
64.32160804020101	0.04977112407541639
64.72361809045226	0.051832200128999015
65.12562814070353	0.0543158225266413
65.52763819095478	0.056148341178524394
65.92964824120604	0.05695625002258338
66.33165829145729	0.057411346078733605
66.73366834170855	0.05786462584651606
67.1356783919598	0.05925382026818397
67.53768844221106	0.06113667723365661
67.93969849246231	0.06259292506122695
68.34170854271358	0.06251520223188908
68.74371859296483	0.060314951625762316
69.14572864321609	0.056502813404153765
69.54773869346734	0.05216231986133494
69.9497487437186	0.04879493972574737
70.35175879396985	0.04772860695480579
70.75376884422111	0.048605907777268025
71.15577889447236	0.05077275351443909
71.55778894472363	0.05298185160997547
71.95979899497488	0.05492137576712912
72.36180904522614	0.056468428339284504
72.76381909547739	0.05838975536216882
73.16582914572865	0.060479777704502094
73.5678391959799	0.0625805036258183
73.96984924623116	0.06335616836259485
74.37185929648241	0.06226660662323551
74.77386934673368	0.05923861782310848
75.17587939698493	0.05477319668668581
75.57788944723619	0.050042480089044106
75.97989949748744	0.046775364233102315
76.3819095477387	0.04597675310547937
76.78391959798995	0.047572523021582366
77.18592964824121	0.05050124841748501
77.58793969849246	0.05333677912695509
77.98994974874373	0.055906260095113555
78.39195979899498	0.058315588983165766
78.79396984924624	0.060661087100057874
79.19597989949749	0.06272614309270694
79.59798994974875	0.06382027187080641
80.0	0.06343641946683262
