0.0	0.027611723709657626
0.4020100502512563	0.025495040037946882
0.8040201005025126	0.01951061057017763
1.206030150753769	0.011185678956737253
1.6080402010050252	0.005828104581779223
2.0100502512562817	0.011421518196692099
2.412060301507538	0.01735311404751417
2.814070351758794	0.020047677916205688
3.2160804020100504	0.01836774212966698
3.6180904522613067	0.012546659699215923
4.020100502512563	0.004095091957129199
4.42211055276382	0.007339857449333208
4.824120603015076	0.017343190014477945
5.226130653266332	0.02534226969197298
5.628140703517588	0.02968244376738096
6.030150753768845	0.029826643510181394
6.432160804020101	0.026028627070844978
6.834170854271357	0.019252692900333948
7.236180904522613	0.01243023636839614
7.63819095477387	0.010484989728913489
8.040201005025127	0.013879325805817081
8.442211055276383	0.016286778951056444
8.84422110552764	0.015439597766711976
9.246231155778895	0.010877592402074263
9.648241206030152	0.004960558228905933
10.050251256281408	0.010721011467080672
10.452261306532664	0.021226949498338886
10.85427135678392	0.030958526309032515
11.256281407035177	0.03773935074298572
11.658291457286433	0.04085481160258878
12.06030150753769	0.040033745739408676
12.462311557788945	0.03582076431247687
12.864321608040202	0.030243560632332987
13.266331658291458	0.025078263892303602
13.668341708542714	0.022368761165904232
14.07035175879397	0.0218159437240144
14.472361809045227	0.021721327195429907
14.874371859296483	0.02095859942158339
15.27638190954774	0.020496461094528403
15.678391959798995	0.023422439495831116
16.080402010050253	0.030507149592400678
16.48241206030151	0.03918288775930466
16.884422110552766	0.04722013597838482
17.286432160804022	0.05273693684907447
17.68844221105528	0.05463445934358707
18.090452261306535	0.05268593053299438
18.49246231155779	0.04749994571186605
18.894472361809047	0.040574461940635284
19.296482412060303	0.0340463205823946
19.69849246231156	0.029754863529145713
20.100502512562816	0.028490395066733187
20.502512562814072	0.028932261690183637
20.90452261306533	0.029839505872062327
21.306532663316585	0.03078851407461817
21.70854271356784	0.033455910606456155
22.110552763819097	0.03813455484411904
22.512562814070353	0.04434211856126025
22.91457286432161	0.050104289570208835
23.316582914572866	0.05336744378710743
23.718592964824122	0.052933186497665895
24.12060301507538	0.0487231570668709
24.522613065326635	0.041796323634929466
24.92462311557789	0.03446028513168461
25.326633165829147	0.030308488579540556
25.728643216080403	0.031267518775278245
26.13065326633166	0.03531230165514061
26.532663316582916	0.03936957223347055
26.934673366834172	0.041304890119673046
27.33668341708543	0.04152679788000262
27.738693467336685	0.040923833556903086
28.14070351758794	0.04077742721490073
28.542713567839197	0.04149165543463658
28.944723618090453	0.04243895618978278
29.34673366834171	0.042040640539382536
29.748743718592966	0.039526164606223685
30.150753768844222	0.035390992650533803
30.55276381909548	0.03128253336374484
30.954773869346734	0.030811341313288783
31.35678391959799	0.03534621691969156
31.758793969849247	0.04258528315403013
32.16080402010051	0.04926773697147672
32.56281407035176	0.05347803324558167
32.96482412060302	0.05480323560107305
33.366834170854275	0.05285112520379829
33.76884422110553	0.04902680480073007
34.17085427135679	0.04481711452584435
34.572864321608044	0.04126248360612545
34.9748743718593	0.03936738083276807
35.37688442211056	0.03826933863003039
35.77889447236181	0.037848932406261124
36.18090452261307	0.038797653549914615
36.582914572864325	0.042399580186113825
36.98492462311558	0.0496640047334486
37.38693467336684	0.05891271872198104
37.788944723618094	0.0679150644600418
38.19095477386935	0.07469967639672209
38.59296482412061	0.07805901926475733
38.99497487437186	0.07745279812373305
39.39698492462312	0.07335694315927152
39.798994974874375	0.06726401473537243
40.20100502512563	0.06033200604497777
40.60301507537689	0.05451446815320647
41.005025125628144	0.050426084630036914
41.4070351758794	0.04879966772826487
41.80904522613066	0.049495948014528134
42.21105527638191	0.052400182666775
42.61306532663317	0.05737794960526319
43.015075376884425	0.06357211020554851
43.41708542713568	0.06952962382481251
43.81909547738694	0.0743979802158735
44.221105527638194	0.07676517738100794
44.62311557788945	0.0766739680149758
45.02512562814071	0.07405871214127797
45.42713567839196	0.06907160334542511
45.82914572864322	0.06285349663705203
46.231155778894475	0.0567262056111967
46.63316582914573	0.051976759298455646
47.03517587939699	0.04930793983867857
47.437185929648244	0.048009630733220995
47.8391959798995	0.04785668199273907
48.24120603015076	0.04882895665367413
48.64321608040201	0.05087503633031769
49.04522613065327	0.05412520575672834
49.447236180904525	0.057782122172071806
49.84924623115578	0.061240321224736105
50.25125628140704	0.06334412818934254
50.653266331658294	0.0633882246406843
51.05527638190955	0.06120706443144173
51.45728643216081	0.056570897669928545
51.85929648241206	0.050689524342295136
52.26130653266332	0.044356918908477226
52.663316582914575	0.03897665844902435
53.06532663316583	0.03535375872343148
53.46733668341709	0.03389062380937938
53.869346733668344	0.03492846672881453
54.2713567839196	0.03820332553885321
54.67336683417086	0.04389188976755458
55.07537688442211	0.051588574864607474
55.47738693467337	0.059585689604279214
55.879396984924625	0.0663529651834151
56.28140703517588	0.07041491887925756
56.68341708542714	0.07073305754307443
57.085427135678394	0.06722220623815751
57.48743718592965	0.060206634423618656
57.88944723618091	0.05125944283498225
58.29145728643216	0.04217873375586158
58.69346733668342	0.03465331026085055
59.095477386934675	0.030478219058586102
59.49748743718593	0.0300667657706304
59.89949748743719	0.03345023699656412
60.301507537688444	0.04030787950006869
60.7035175879397	0.049723835823395394
61.10552763819096	0.06007671708456032
61.50753768844221	0.06949675598798724
61.90954773869347	0.07567649592815372
62.311557788944725	0.07789397349480424
62.71356783919598	0.07533260904591277
63.11557788944724	0.06887850644792284
63.517587939698494	0.05983087331739699
63.91959798994975	0.0498511616608676
64.32160804020101	0.041100198769709835
64.72361809045226	0.03470385135484973
65.12562814070353	0.03208904344707848
65.52763819095478	0.03362620717446073
65.92964824120604	0.03851710371702791
66.33165829145729	0.046029439052195927
66.73366834170855	0.0546198853736878
67.1356783919598	0.06309604564948981
67.53768844221106	0.06948854467706166
67.93969849246231	0.07346948242688549
68.34170854271358	0.07417537426250775
68.74371859296483	0.07177539045295925
69.14572864321609	0.06682762063690109
69.54773869346734	0.06015285095972962
69.9497487437186	0.05283252207112253
70.35175879396985	0.04599085892554981
70.75376884422111	0.04065657240925873
71.15577889447236	0.03766413345182729
71.55778894472363	0.03821420169990314
71.95979899497488	0.04183842499154834
72.36180904522614	0.04800215906209702
72.76381909547739	0.05550909176057321
73.16582914572865	0.06290608551279193
73.5678391959799	0.06900257704009755
73.96984924623116	0.07260527229114096
74.37185929648241	0.07295549454122405
74.77386934673368	0.0704558279829462
75.17587939698493	0.06533558949994216
75.57788944723619	0.058489340177054115
75.97989949748744	0.05081935618423984
76.3819095477387	0.04392309791945791
76.78391959798995	0.03859632533401623
77.18592964824121	0.035688494397080786
77.58793969849246	0.036060334579016536
77.98994974874373	0.03979506736889056
78.39195979899498	0.04608751816874493
78.79396984924624	0.053800941428308144
79.19597989949749	0.060968178196847224
79.59798994974875	0.06635915667057213
80.0	0.06890952639793888
