0.0	0.008722090591369042
0.4020100502512563	0.008828455451444731
0.8040201005025126	0.007559377267202097
1.206030150753769	0.005303669541036671
1.6080402010050252	0.003284546234248427
2.0100502512562817	0.003257891261036968
2.412060301507538	0.004893073499901757
2.814070351758794	0.005971153461298266
3.2160804020100504	0.0058723885948432
3.6180904522613067	0.004506339696426368
4.020100502512563	0.0021806576457700367
4.42211055276382	0.002029166629887715
4.824120603015076	0.005113083427003256
5.226130653266332	0.00808357657596193
5.628140703517588	0.010152261488454148
6.030150753768845	0.010885956562884663
6.432160804020101	0.01049413659469325
6.834170854271357	0.009069462863618889
7.236180904522613	0.007277377301365397
7.63819095477387	0.0058821277949221516
8.040201005025127	0.005626803095247015
8.442211055276383	0.005769925972694366
8.84422110552764	0.005299453142344984
9.246231155778895	0.0041165139768076665
9.648241206030152	0.0027094931515977794
10.050251256281408	0.004137230464420024
10.452261306532664	0.007656517133173049
10.85427135678392	0.011568164479528327
11.256281407035177	0.014625999924347191
11.658291457286433	0.01654740173945264
12.06030150753769	0.01744272519263974
12.462311557788945	0.017375148237029868
12.864321608040202	0.016615456566372623
13.266331658291458	0.01565025463023347
13.668341708542714	0.014946382230194372
14.07035175879397	0.014676910612603669
14.472361809045227	0.014262974388109157
14.874371859296483	0.01435344854844324
15.27638190954774	0.015364402652280385
15.678391959798995	0.017598270386613137
16.080402010050253	0.020892245550377345
16.48241206030151	0.025027008833925186
16.884422110552766	0.028890918692286115
17.286432160804022	0.03223662704962158
17.68844221105528	0.033980269872686576
18.090452261306535	0.03431612208393958
18.49246231155779	0.033016970285641246
18.894472361809047	0.03038430254393245
19.296482412060303	0.026970062541198946
19.69849246231156	0.023216898074948235
20.100502512562816	0.01983229712361626
20.502512562814072	0.017245371637272036
20.90452261306533	0.015798900988910784
21.306532663316585	0.015563478592819724
21.70854271356784	0.017885865166300103
22.110552763819097	0.02305532974508557
22.512562814070353	0.02951746492417216
22.91457286432161	0.036167435242091414
23.316582914572866	0.04119831360094477
23.718592964824122	0.043308060365408886
24.12060301507538	0.042567102797271154
24.522613065326635	0.039272561461110314
24.92462311557789	0.03476912801740549
25.326633165829147	0.030340837461266257
25.728643216080403	0.02764829726658789
26.13065326633166	0.026609765423763938
26.532663316582916	0.0262479897315203
26.934673366834172	0.025962537113382027
27.33668341708543	0.02611807635464226
27.738693467336685	0.0276836480174657
28.14070351758794	0.031333076996689316
28.542713567839197	0.035834760946729396
28.944723618090453	0.040030957231852446
29.34673366834171	0.04222093531509541
29.748743718592966	0.04190854767843562
30.150753768844222	0.03953169088753032
30.55276381909548	0.03587289276140188
30.954773869346734	0.03296951842311348
31.35678391959799	0.031669584163699624
31.758793969849247	0.03210155161730502
32.16080402010051	0.03311345792337889
32.56281407035176	0.03357075966500834
32.96482412060302	0.03343922165065452
33.366834170854275	0.034272085458211046
33.76884422110553	0.03723131002494977
34.17085427135679	0.04228304387000005
34.572864321608044	0.04784166700969913
34.9748743718593	0.05200430457357469
35.37688442211056	0.05420124331825127
35.77889447236181	0.05485850733164523
36.18090452261307	0.05412119162569131
36.582914572864325	0.0535805640231685
36.98492462311558	0.05317357163339307
37.38693467336684	0.05324824415215494
37.788944723618094	0.05329777966904044
38.19095477386935	0.05322411683855803
38.59296482412061	0.052876749527010006
38.99497487437186	0.05340887593680073
39.39698492462312	0.05485747197489219
39.798994974874375	0.05763735466452211
40.20100502512563	0.06104156451417776
40.60301507537689	0.06378090803918675
41.005025125628144	0.06542522019835373
41.4070351758794	0.06512023382931317
41.80904522613066	0.06292574648114785
42.21105527638191	0.059269509460290394
42.61306532663317	0.05499642264213096
43.015075376884425	0.05124261799398905
43.41708542713568	0.04893151200970806
43.81909547738694	0.048084070247269455
44.221105527638194	0.04911292489662546
44.62311557788945	0.051784056949474966
45.02512562814071	0.05654101395073957
45.42713567839196	0.06215812508266948
45.82914572864322	0.06781870078120064
46.231155778894475	0.07149327228036192
46.63316582914573	0.07243182671515294
47.03517587939699	0.06954444627365255
47.437185929648244	0.06401451739203357
47.8391959798995	0.05634988747018055
48.24120603015076	0.04833173933010654
48.64321608040201	0.04156083986932589
49.04522613065327	0.037604871715100754
49.447236180904525	0.037091425219167605
49.84924623115578	0.03959133160830986
50.25125628140704	0.04402457385114733
50.653266331658294	0.04988487845211503
51.05527638190955	0.05586771203249817
51.45728643216081	0.06083217101908116
51.85929648241206	0.06414765626153748
52.26130653266332	0.06488859701808677
52.663316582914575	0.06319949381384433
53.06532663316583	0.05904754214138722
53.46733668341709	0.05317760238066974
53.869346733668344	0.046401482523258014
54.2713567839196	0.04015239658358229
54.67336683417086	0.03556750961011606
55.07537688442211	0.034310369123505734
55.47738693467337	0.036095865503401284
55.879396984924625	0.040139779521280124
56.28140703517588	0.04559095908491193
56.68341708542714	0.05136358924760748
57.085427135678394	0.05662504482555815
57.48743718592965	0.060551043027472565
57.88944723618091	0.06271705317945422
58.29145728643216	0.062684341228956
58.69346733668342	0.060536932209530145
59.095477386934675	0.05674601406822376
59.49748743718593	0.05211869859942327
59.89949748743719	0.04714602617933105
60.301507537688444	0.042778319211863244
60.7035175879397	0.04021950388286005
61.10552763819096	0.04021802307367088
61.50753768844221	0.042967570812361223
61.90954773869347	0.04722081640467517
62.311557788944725	0.05192812529512823
62.71356783919598	0.05585909340595565
63.11557788944724	0.05842971092582912
63.517587939698494	0.05969698031486277
63.91959798994975	0.05991947192151502
64.32160804020101	0.05972203192573673
64.72361809045226	0.05912516380817935
65.12562814070353	0.05752631292342943
65.52763819095478	0.05500107591601512
65.92964824120604	0.052093960758422785
66.33165829145729	0.0496596283244843
66.73366834170855	0.048624414991036445
67.1356783919598	0.04963199661996611
67.53768844221106	0.051218375287605
67.93969849246231	0.053040432739606916
68.34170854271358	0.05414990038425085
68.74371859296483	0.05448781000013436
69.14572864321609	0.054881031436834406
69.54773869346734	0.05622424160008195
69.9497487437186	0.0585707387813126
70.35175879396985	0.06137015387906786
70.75376884422111	0.06335140682878548
71.15577889447236	0.06364986575125772
71.55778894472363	0.061714148033201854
71.95979899497488	0.05858475892949094
72.36180904522614	0.05488123500592227
72.76381909547739	0.05203980134743993
73.16582914572865	0.05037060599913819
73.5678391959799	0.049550013640128523
73.96984924623116	0.04907480730838236
74.37185929648241	0.048726098616644224
74.77386934673368	0.04924729147406885
75.17587939698493	0.051521088493830594
75.57788944723619	0.05544131277455776
75.97989949748744	0.06006568940163359
76.3819095477387	0.06378399852699679
76.78391959798995	0.06517644524014776
77.18592964824121	0.06357059693167172
77.58793969849246	0.05950217588091017
77.98994974874373	0.05434346833927149
78.39195979899498	0.04973789630943988
78.79396984924624	0.04685259911419086
79.19597989949749	0.04597795491512404
79.59798994974875	0.04631240543971802
80.0	0.04703358107771905
