0.0	0.016863274677981682
0.4020100502512563	0.014493721276783292
0.8040201005025126	0.009520986893415937
1.206030150753769	0.003367761762931504
1.6080402010050252	0.0033614813575368425
2.0100502512562817	0.009206221201130238
2.412060301507538	0.012914313506541064
2.814070351758794	0.014000114633037275
3.2160804020100504	0.012307778685521624
3.6180904522613067	0.007988249518786234
4.020100502512563	0.002251902801378029
4.42211055276382	0.004699548084375019
4.824120603015076	0.010614209054056663
5.226130653266332	0.014931451811810137
5.628140703517588	0.01682928672900792
6.030150753768845	0.015840822844020105
6.432160804020101	0.012140740675697152
6.834170854271357	0.006630565239625387
7.236180904522613	0.0015806770654232336
7.63819095477387	0.006386565001772641
8.040201005025127	0.010857919732253807
8.442211055276383	0.013100107902203431
8.84422110552764	0.012380079830724495
9.246231155778895	0.00901371465840601
9.648241206030152	0.0037799572006606192
10.050251256281408	0.00424232883438051
10.452261306532664	0.01041348537324924
10.85427135678392	0.01588932167849851
11.256281407035177	0.019519211830610356
11.658291457286433	0.020705344325737177
12.06030150753769	0.019800936864139855
12.462311557788945	0.017049644672357006
12.864321608040202	0.013877217960515864
13.266331658291458	0.012086963489419032
13.668341708542714	0.01259161298223523
14.07035175879397	0.013700389962774595
14.472361809045227	0.013888701425353195
14.874371859296483	0.012316441139492882
15.27638190954774	0.008990380558637063
15.678391959798995	0.004308428279222394
16.080402010050253	0.0024364067698307216
16.48241206030151	0.007780007816252793
16.884422110552766	0.01262847347818781
17.286432160804022	0.01579859692801356
17.68844221105528	0.017440071222433563
18.090452261306535	0.018033250222038808
18.49246231155779	0.018118784580246308
18.894472361809047	0.018033629393860356
19.296482412060303	0.01800063158770342
19.69849246231156	0.018009721607331
20.100502512562816	0.017552442663607903
20.502512562814072	0.016390870782159103
20.90452261306533	0.014181548541179109
21.306532663316585	0.010710979971552941
21.70854271356784	0.006242205724805269
22.110552763819097	0.0015865315398388123
22.512562814070353	0.005069593655448222
22.91457286432161	0.01008979793608669
23.316582914572866	0.014175087769546726
23.718592964824122	0.016629424894886745
24.12060301507538	0.01725944744458733
24.522613065326635	0.01613278812680526
24.92462311557789	0.014304185248361806
25.326633165829147	0.013083910397622297
25.728643216080403	0.012931435627123252
26.13065326633166	0.013671869797993157
26.532663316582916	0.014293058116676258
26.934673366834172	0.013996729960846934
27.33668341708543	0.01268897209492122
27.738693467336685	0.010476498885150523
28.14070351758794	0.007920305584401707
28.542713567839197	0.005953283619381643
28.944723618090453	0.006391434690882697
29.34673366834171	0.008816605113108339
29.748743718592966	0.011826563371529538
30.150753768844222	0.014757033704706074
30.55276381909548	0.017163442936806703
30.954773869346734	0.01855216362417402
31.35678391959799	0.01915401342604036
31.758793969849247	0.01869133899978395
32.16080402010051	0.017796875341374613
32.56281407035176	0.016655251457304572
32.96482412060302	0.015839140001763185
33.366834170854275	0.014604052169783045
33.76884422110553	0.012441234160450577
34.17085427135679	0.008907113123745224
34.572864321608044	0.003947295792842527
34.9748743718593	0.0018699665051517774
35.37688442211056	0.007742357050020622
35.77889447236181	0.012633619221213458
36.18090452261307	0.015528688078066292
36.582914572864325	0.015908162473002727
36.98492462311558	0.014387384104768136
37.38693467336684	0.012170412043218191
37.788944723618094	0.011623861407804708
38.19095477386935	0.013769602211350308
38.59296482412061	0.016686168347543127
38.99497487437186	0.018260122125488984
39.39698492462312	0.017416055490774664
39.798994974874375	0.014246995127300845
40.20100502512563	0.00994574473969417
40.60301507537689	0.007773771609415223
41.005025125628144	0.010668375588162875
41.4070351758794	0.015014545695886736
41.80904522613066	0.01827702213363959
42.21105527638191	0.019207080996663357
42.61306532663317	0.01836976370962933
43.015075376884425	0.016484222921926944
43.41708542713568	0.015220002517771235
43.81909547738694	0.015966867553864193
44.221105527638194	0.017879667744543505
44.62311557788945	0.01955364935257133
45.02512562814071	0.019765716467813003
45.42713567839196	0.01818055223282676
45.82914572864322	0.014651269098328193
46.231155778894475	0.010064856131134363
46.63316582914573	0.007508868585738131
47.03517587939699	0.009431583516397148
47.437185929648244	0.01303735308132208
47.8391959798995	0.015085307552473948
48.24120603015076	0.015047582320772237
48.64321608040201	0.013474377763064014
49.04522613065327	0.011935831880929634
49.447236180904525	0.012540243393589936
49.84924623115578	0.015344963375337403
50.25125628140704	0.018490894194502554
50.653266331658294	0.02023989693263575
51.05527638190955	0.020494943974179558
51.45728643216081	0.018887341194663364
51.85929648241206	0.01643179422637895
52.26130653266332	0.01445688751871404
52.663316582914575	0.014608758051926615
53.06532663316583	0.016504073765729675
53.46733668341709	0.018294596575038114
53.869346733668344	0.018611183645181974
54.2713567839196	0.016988987870348724
54.67336683417086	0.01372881702916177
55.07537688442211	0.010197773014379114
55.47738693467337	0.00947932890646159
55.879396984924625	0.012785469304116314
56.28140703517588	0.016837010866270933
56.68341708542714	0.019421326865354586
57.085427135678394	0.019929635179380456
57.48743718592965	0.018481476518066968
57.88944723618091	0.015690692560482812
58.29145728643216	0.012924988624641429
58.69346733668342	0.011507426616380805
59.095477386934675	0.012247433696090722
59.49748743718593	0.013401591684363733
59.89949748743719	0.013302366883769581
60.301507537688444	0.01172434658853696
60.7035175879397	0.008975426469960237
61.10552763819096	0.007554089144419268
61.50753768844221	0.010230346131633398
61.90954773869347	0.014843586355097632
62.311557788944725	0.01893027996812659
62.71356783919598	0.021516013204617202
63.11557788944724	0.02197571115094901
63.517587939698494	0.020606824592403067
63.91959798994975	0.01827052222896425
64.32160804020101	0.016236100168280965
64.72361809045226	0.01533360797155699
65.12562814070353	0.015515572802081063
65.52763819095478	0.015388350524162023
65.92964824120604	0.014234781548189343
66.33165829145729	0.01147322097463329
66.73366834170855	0.007543897830624038
67.1356783919598	0.00603291724484188
67.53768844221106	0.00962442690930954
67.93969849246231	0.014536256930008004
68.34170854271358	0.01870567348265407
68.74371859296483	0.021105616382634994
69.14572864321609	0.021578409396213687
69.54773869346734	0.020353798306640004
69.9497487437186	0.018312131823990874
70.35175879396985	0.016452174516049228
70.75376884422111	0.01541309615418707
71.15577889447236	0.01511789939212703
71.55778894472363	0.014600955834116794
71.95979899497488	0.013195841762145766
72.36180904522614	0.010100798921060403
72.76381909547739	0.006116596687099529
73.16582914572865	0.0045896870419136464
73.5678391959799	0.009229493060849372
73.96984924623116	0.015148176696142
74.37185929648241	0.019863938721059127
74.77386934673368	0.022961995599390737
75.17587939698493	0.0240417036586401
75.57788944723619	0.023207127735149304
75.97989949748744	0.020881755744721966
76.3819095477387	0.018025101168288364
76.78391959798995	0.01521142898425185
77.18592964824121	0.013274743291202654
77.58793969849246	0.011586079912464723
77.98994974874373	0.009595085282476674
78.39195979899498	0.006388022368331264
78.79396984924624	0.002798143909240927
79.19597989949749	0.00531770389068736
79.59798994974875	0.011290445437152432
80.0	0.017108737244735807
