0.0	0.010083573449063389
0.4020100502512563	0.009385567731862382
0.8040201005025126	0.0073327656897045155
1.206030150753769	0.0048322203672534194
1.6080402010050252	0.0036554276269093605
2.0100502512562817	0.005159591843083228
2.412060301507538	0.00719799677437119
2.814070351758794	0.00803620023018196
3.2160804020100504	0.0074726903401319015
3.6180904522613067	0.005347666970323442
4.020100502512563	0.0022648224040054616
4.42211055276382	0.002330337587694724
4.824120603015076	0.0059344979083369494
5.226130653266332	0.009209877549356689
5.628140703517588	0.010963375786440613
6.030150753768845	0.01171681705668049
6.432160804020101	0.011408884052975632
6.834170854271357	0.010003468410588474
7.236180904522613	0.008836011143935686
7.63819095477387	0.008549550727244589
8.040201005025127	0.008914862183993937
8.442211055276383	0.008965320262687997
8.84422110552764	0.008414739864034874
9.246231155778895	0.007095708757780749
9.648241206030152	0.006167286985099692
10.050251256281408	0.008143438766988524
10.452261306532664	0.012209353628640235
10.85427135678392	0.016581269550760315
11.256281407035177	0.02048461337973352
11.658291457286433	0.0237682264941263
12.06030150753769	0.025793955008247705
12.462311557788945	0.026485115011533878
12.864321608040202	0.026095998477324966
13.266331658291458	0.02492013433087286
13.668341708542714	0.02331917116107566
14.07035175879397	0.020733051751190078
14.472361809045227	0.017530162978668634
14.874371859296483	0.014765914456490354
15.27638190954774	0.011733773486633629
15.678391959798995	0.009893045132671568
16.080402010050253	0.013241124513829357
16.48241206030151	0.02136043501397519
16.884422110552766	0.03224609549428641
17.286432160804022	0.0449286579440943
17.68844221105528	0.05818942504198431
18.090452261306535	0.07172306917222024
18.49246231155779	0.08320686353109727
18.894472361809047	0.09113021864837778
19.296482412060303	0.09315971205631993
19.69849246231156	0.08919660503794505
20.100502512562816	0.07800321586844032
20.502512562814072	0.062100220052859555
20.90452261306533	0.04444915372739589
21.306532663316585	0.03024227558855176
21.70854271356784	0.025238343988885793
22.110552763819097	0.030779151380526275
22.512562814070353	0.04291166976793101
22.91457286432161	0.059096615809658706
23.316582914572866	0.07698112322420847
23.718592964824122	0.09418139621940509
24.12060301507538	0.10705927416935294
24.522613065326635	0.11256375722413652
24.92462311557789	0.10956293030805923
25.326633165829147	0.09847036914843262
25.728643216080403	0.08136895439540219
26.13065326633166	0.06063078930308467
26.532663316582916	0.04041194815819078
26.934673366834172	0.02351378393384119
27.33668341708543	0.012579502008709822
27.738693467336685	0.012294499648171907
28.14070351758794	0.023754199608115985
28.542713567839197	0.04176294553476427
28.944723618090453	0.06214416032550505
29.34673366834171	0.08106450230820304
29.748743718592966	0.09616736237378802
30.150753768844222	0.10448829486271685
30.55276381909548	0.1043705731173417
30.954773869346734	0.09582149179515596
31.35678391959799	0.07936234560125867
31.758793969849247	0.05793071259744311
32.16080402010051	0.03580214172518225
32.56281407035176	0.018910485019384728
32.96482412060302	0.014391067894795401
33.366834170854275	0.014654238684437954
33.76884422110553	0.007768343564111423
34.17085427135679	0.008056704933885557
34.572864321608044	0.029421738129167967
34.9748743718593	0.05409058226743324
35.37688442211056	0.07719463662339196
35.77889447236181	0.09504281783584537
36.18090452261307	0.10457652274187845
36.582914572864325	0.10374774868133949
36.98492462311558	0.09285273837237898
37.38693467336684	0.07417774215545789
37.788944723618094	0.05183099875961068
38.19095477386935	0.03196163383969933
38.59296482412061	0.022259196764981233
38.99497487437186	0.02171081167203341
39.39698492462312	0.017971141021234656
39.798994974874375	0.007989023309258497
40.20100502512563	0.017547899710873626
40.60301507537689	0.04222869839741063
41.005025125628144	0.06832277855007325
41.4070351758794	0.0905529713579241
41.80904522613066	0.10501152473375397
42.21105527638191	0.10930969285949654
42.61306532663317	0.10336478691579806
43.015075376884425	0.0893711175433582
43.41708542713568	0.07012025047662691
43.81909547738694	0.051070911403588146
44.221105527638194	0.0377264720782283
44.62311557788945	0.03222162652845661
45.02512562814071	0.02926008527810784
45.42713567839196	0.02234207543665549
45.82914572864322	0.014492249668124915
46.231155778894475	0.0222488475409507
46.63316582914573	0.042621142032995885
47.03517587939699	0.0634493784223942
47.437185929648244	0.0801438733258572
47.8391959798995	0.08941308507594073
48.24120603015076	0.09008635455783447
48.64321608040201	0.08236165984824
49.04522613065327	0.06825494334076929
49.447236180904525	0.05208825245824987
49.84924623115578	0.03969493797021227
50.25125628140704	0.03643336448943436
50.653266331658294	0.03829080961494009
51.05527638190955	0.037059214835850236
51.45728643216081	0.029860369121802184
51.85929648241206	0.01899058562496255
52.26130653266332	0.021919509124033672
52.663316582914575	0.04144703194565773
53.06532663316583	0.062481642606585855
53.46733668341709	0.07918547467096496
53.869346733668344	0.08763575706896246
54.2713567839196	0.08732445781332324
54.67336683417086	0.07899325702205587
55.07537688442211	0.06539969309471906
55.47738693467337	0.05165728336429478
55.879396984924625	0.04287355421913318
56.28140703517588	0.041485934013231154
56.68341708542714	0.04217882195357247
57.085427135678394	0.03829381987422378
57.48743718592965	0.02872910451077452
57.88944723618091	0.020165028743813457
58.29145728643216	0.029537036396185063
58.69346733668342	0.04987347811241373
59.095477386934675	0.06966487732563881
59.49748743718593	0.08371751895614143
59.89949748743719	0.08952879169337884
60.301507537688444	0.08637849596531391
60.7035175879397	0.0756471914927441
61.10552763819096	0.060645168833163045
61.50753768844221	0.04702783618319316
61.90954773869347	0.0409376713420038
62.311557788944725	0.0417525634084408
62.71356783919598	0.04231706566253629
63.11557788944724	0.038090392875184065
63.517587939698494	0.030085058523243093
63.91959798994975	0.02780063128694301
64.32160804020101	0.04057954703859609
64.72361809045226	0.060158107166101496
65.12562814070353	0.07778650893124335
65.52763819095478	0.08911173474594639
65.92964824120604	0.09207678379771397
66.33165829145729	0.08645351122926948
66.73366834170855	0.07387865562067164
67.1356783919598	0.05881725561662382
67.53768844221106	0.04695467813683371
67.93969849246231	0.043222738371004564
68.34170854271358	0.04517566938061683
68.74371859296483	0.04566048735465199
69.14572864321609	0.041258931394881036
69.54773869346734	0.033406711838648226
69.9497487437186	0.03205276983389769
70.35175879396985	0.04494474743046349
70.75376884422111	0.06350127032203247
71.15577889447236	0.07994950567841844
71.55778894472363	0.08941158448100277
71.95979899497488	0.08999218414492417
72.36180904522614	0.08172486262274108
72.76381909547739	0.06730943576957679
73.16582914572865	0.052033794591473156
73.5678391959799	0.04413036287108535
73.96984924623116	0.04612176685883554
74.37185929648241	0.05106134931701206
74.77386934673368	0.051665127286790125
75.17587939698493	0.04663035949863904
75.57788944723619	0.03919589360970351
75.97989949748744	0.039067073177157526
76.3819095477387	0.05063903079968825
76.78391959798995	0.06654679670761908
77.18592964824121	0.07928981845919089
77.58793969849246	0.08505116467784035
77.98994974874373	0.08279408572167349
78.39195979899498	0.07366601826293889
78.79396984924624	0.06072239099760509
79.19597989949749	0.049897175605236335
79.59798994974875	0.04684266303900992
80.0	0.05074105954974478
