0.0	0.01984277206243388
0.4020100502512563	0.01862053686011854
0.8040201005025126	0.0145464919748455
1.206030150753769	0.008955201758484138
1.6080402010050252	0.006046335798668829
2.0100502512562817	0.010026336492358807
2.412060301507538	0.014514242030742638
2.814070351758794	0.01664625192596151
3.2160804020100504	0.01558657948858766
3.6180904522613067	0.011411539478319748
4.020100502512563	0.0049909983728860284
4.42211055276382	0.003612670655747811
4.824120603015076	0.011381137947197991
5.226130653266332	0.01771306514243812
5.628140703517588	0.021507880943499716
6.030150753768845	0.02264547670528038
6.432160804020101	0.020696659853996994
6.834170854271357	0.01695619913519557
7.236180904522613	0.013510725243618713
7.63819095477387	0.01297786568404131
8.040201005025127	0.015117677195333629
8.442211055276383	0.01685237275376914
8.84422110552764	0.01624585587887623
9.246231155778895	0.012901590739299617
9.648241206030152	0.009004580399744715
10.050251256281408	0.009883776726871752
10.452261306532664	0.01692926257163931
10.85427135678392	0.024680128294938503
11.256281407035177	0.03082834395222588
11.658291457286433	0.034497678386869055
12.06030150753769	0.03571329391818958
12.462311557788945	0.03495385821073323
12.864321608040202	0.03359504625559564
13.266331658291458	0.03318405236294043
13.668341708542714	0.03373261286525795
14.07035175879397	0.03442583217872202
14.472361809045227	0.03411259698506332
14.874371859296483	0.03283533470755841
15.27638190954774	0.031460150858441824
15.678391959798995	0.03165890630568092
16.080402010050253	0.03436400641554763
16.48241206030151	0.03903417759653772
16.884422110552766	0.044022363191185104
17.286432160804022	0.04786712375605678
17.68844221105528	0.0504523536882848
18.090452261306535	0.05191011276610924
18.49246231155779	0.05324034614755224
18.894472361809047	0.05589227104005606
19.296482412060303	0.05952886648488084
19.69849246231156	0.06379977556869926
20.100502512562816	0.06775628661739577
20.502512562814072	0.07049510086082525
20.90452261306533	0.07156178300313212
21.306532663316585	0.07125144204100933
21.70854271356784	0.06981699208000201
22.110552763819097	0.06794936415374332
22.512562814070353	0.06622858577851529
22.91457286432161	0.0643865192787311
23.316582914572866	0.0628124257606063
23.718592964824122	0.061282482679351394
24.12060301507538	0.060254487727219294
24.522613065326635	0.060093956532394
24.92462311557789	0.06119785856614689
25.326633165829147	0.06356098900740559
25.728643216080403	0.06638972147979869
26.13065326633166	0.06843432717783839
26.532663316582916	0.06882669582876089
26.934673366834172	0.06691691759503188
27.33668341708543	0.06361640404009748
27.738693467336685	0.059157739864874895
28.14070351758794	0.054798848648341135
28.542713567839197	0.05153673692288937
28.944723618090453	0.0501236616155293
29.34673366834171	0.04981637404892462
29.748743718592966	0.05066165715245281
30.150753768844222	0.051915216223150304
30.55276381909548	0.05377242258655888
30.954773869346734	0.05604033643896074
31.35678391959799	0.05868367994321623
31.758793969849247	0.06061457490618342
32.16080402010051	0.06153755761272507
32.56281407035176	0.06097684866684907
32.96482412060302	0.05890715077302903
33.366834170854275	0.05540827780706281
33.76884422110553	0.05162404107059253
34.17085427135679	0.048735497460252034
34.572864321608044	0.047039765983995604
34.9748743718593	0.047406649549096735
35.37688442211056	0.048890414574594435
35.77889447236181	0.05116073207547728
36.18090452261307	0.05360943150711567
36.582914572864325	0.05608282776061848
36.98492462311558	0.058215512600746866
37.38693467336684	0.06021702139624206
37.788944723618094	0.06141477478527951
38.19095477386935	0.061381800536719676
38.59296482412061	0.06006554032277096
38.99497487437186	0.05749763095809425
39.39698492462312	0.05414502011403347
39.798994974874375	0.05084116197682098
40.20100502512563	0.048673421189068235
40.60301507537689	0.048390611146119526
41.005025125628144	0.04970589928656087
41.4070351758794	0.051976928743977434
41.80904522613066	0.05453386720965732
42.21105527638191	0.05694232006771247
42.61306532663317	0.05887158406356476
43.015075376884425	0.06055279758604608
43.41708542713568	0.06194114989565598
43.81909547738694	0.06257498353524268
44.221105527638194	0.062305849210669596
44.62311557788945	0.06078200702896018
45.02512562814071	0.05797126550671857
45.42713567839196	0.05405637372963136
45.82914572864322	0.05044112086841436
46.231155778894475	0.04801151981556197
46.63316582914573	0.04758890662815045
47.03517587939699	0.049148823127142985
47.437185929648244	0.05187691951835873
47.8391959798995	0.05484963018941872
48.24120603015076	0.057536285524682415
48.64321608040201	0.059721067018202956
49.04522613065327	0.06152830941213629
49.447236180904525	0.06285468598573071
49.84924623115578	0.06357075476618432
50.25125628140704	0.06338425957392692
50.653266331658294	0.061846839027241154
51.05527638190955	0.05898264666600757
51.45728643216081	0.05539512619802213
51.85929648241206	0.05189819156121851
52.26130653266332	0.04980006115947624
52.663316582914575	0.04972075806089314
53.06532663316583	0.05135710250751241
53.46733668341709	0.05407771509203654
53.869346733668344	0.0573857330442649
54.2713567839196	0.06024059168389688
54.67336683417086	0.0630360447117712
55.07537688442211	0.0651925662463677
55.47738693467337	0.06674531499730017
55.879396984924625	0.06766432751182715
56.28140703517588	0.0671873055615975
56.68341708542714	0.06539540932664786
57.085427135678394	0.06215836506501331
57.48743718592965	0.05827645450475055
57.88944723618091	0.054758172816293735
58.29145728643216	0.052465416197063394
58.69346733668342	0.0520669967748321
59.095477386934675	0.05356292748191889
59.49748743718593	0.05623293043753077
59.89949748743719	0.05935648516287795
60.301507537688444	0.06250378592930447
60.7035175879397	0.0652328404900664
61.10552763819096	0.06714052821962838
61.50753768844221	0.0681024351439519
61.90954773869347	0.06779604380788987
62.311557788944725	0.06582003282077582
62.71356783919598	0.06232854378155624
63.11557788944724	0.05790661846545701
63.517587939698494	0.05324475425614763
63.91959798994975	0.049422278410857966
64.32160804020101	0.04727541582323236
64.72361809045226	0.04734395261086826
65.12562814070353	0.04946973367059951
65.52763819095478	0.05310317257289482
65.92964824120604	0.05721077780634729
66.33165829145729	0.06106838559454118
66.73366834170855	0.06381668975971941
67.1356783919598	0.06492162813259904
67.53768844221106	0.06438500453777675
67.93969849246231	0.062451518884806934
68.34170854271358	0.059158690679003756
68.74371859296483	0.05493882702068755
69.14572864321609	0.05045630362628416
69.54773869346734	0.046351109841549124
69.9497487437186	0.04359871886524147
70.35175879396985	0.04276456538083588
70.75376884422111	0.04424272169943848
71.15577889447236	0.04755048065786103
71.55778894472363	0.05195855665825897
71.95979899497488	0.05652999432638558
72.36180904522614	0.060321451974136686
72.76381909547739	0.06270559238384717
73.16582914572865	0.06346715464501952
73.5678391959799	0.062368724001479914
73.96984924623116	0.05994109679886719
74.37185929648241	0.056408822563324565
74.77386934673368	0.0520680272446194
75.17587939698493	0.04768448007416378
75.57788944723619	0.043951541711480614
75.97989949748744	0.041887315946958006
76.3819095477387	0.04229513490511842
76.78391959798995	0.04502821678264941
77.18592964824121	0.049376798389260096
77.58793969849246	0.054357874454647556
77.98994974874373	0.058894711744591176
78.39195979899498	0.062230765735700265
78.79396984924624	0.06364143335841109
79.19597989949749	0.06347132084660112
79.59798994974875	0.061633593019064924
80.0	0.05879875266708142
