0.0	0.014971044357085928
0.4020100502512563	0.012521777053493513
0.8040201005025126	0.00862670610531206
1.206030150753769	0.004946774431384472
1.6080402010050252	0.0062674671232188
2.0100502512562817	0.00993971264969241
2.412060301507538	0.012443877947148345
2.814070351758794	0.01299472171558512
3.2160804020100504	0.010905004539528652
3.6180904522613067	0.006925091848232957
4.020100502512563	0.0026000037960657047
4.42211055276382	0.0052075538561169405
4.824120603015076	0.010173472834826124
5.226130653266332	0.013613763149726912
5.628140703517588	0.014871935120954286
6.030150753768845	0.014244617992297624
6.432160804020101	0.011913878184073183
6.834170854271357	0.009359775244261365
7.236180904522613	0.009236519094442557
7.63819095477387	0.011524222683601575
8.040201005025127	0.013690645911004953
8.442211055276383	0.014493044673110264
8.84422110552764	0.012963237345410328
9.246231155778895	0.009368044035979196
9.648241206030152	0.004315011979115514
10.050251256281408	0.0036776149780477613
10.452261306532664	0.00901237819853164
10.85427135678392	0.013502961964730345
11.256281407035177	0.016223633871111323
11.658291457286433	0.016799418583908397
12.06030150753769	0.015600684033796875
12.462311557788945	0.013450930707834518
12.864321608040202	0.011729425227013746
13.266331658291458	0.011529783020309504
13.668341708542714	0.012866730870632555
14.07035175879397	0.014023159893865886
14.472361809045227	0.013673435665025335
14.874371859296483	0.011561673851166993
15.27638190954774	0.007770903087762982
15.678391959798995	0.0037074486120834563
16.080402010050253	0.005228465329082389
16.48241206030151	0.010203822732300558
16.884422110552766	0.014430941931733953
17.286432160804022	0.01730634379492175
17.68844221105528	0.018357715072664284
18.090452261306535	0.017748146778437304
18.49246231155779	0.016369265461194833
18.894472361809047	0.015065031100876147
19.296482412060303	0.014697319708641349
19.69849246231156	0.015148469964403421
20.100502512562816	0.015592014185316328
20.502512562814072	0.015001340745316288
20.90452261306533	0.012907152536850866
21.306532663316585	0.009642209174235791
21.70854271356784	0.006300580776890917
22.110552763819097	0.006281102639484294
22.512562814070353	0.009676576324569613
22.91457286432161	0.013444360367554725
23.316582914572866	0.01603539732684125
23.718592964824122	0.01704833461959527
24.12060301507538	0.016190799634967536
24.522613065326635	0.01484013756892052
24.92462311557789	0.0141164037585505
25.326633165829147	0.015068924321816227
25.728643216080403	0.016930486125362368
26.13065326633166	0.018766086457460716
26.532663316582916	0.018902596246267
26.934673366834172	0.01701068971266465
27.33668341708543	0.013464423470388075
27.738693467336685	0.009149184070372351
28.14070351758794	0.007341775217047798
28.542713567839197	0.0100341408043184
28.944723618090453	0.013719557451760395
29.34673366834171	0.016603325071531685
29.748743718592966	0.017953977591043967
30.150753768844222	0.017935087067468974
30.55276381909548	0.017483463355935057
30.954773869346734	0.017758412000710277
31.35678391959799	0.018683136116883943
31.758793969849247	0.019771445963823922
32.16080402010051	0.02002089262513302
32.56281407035176	0.018556945291358727
32.96482412060302	0.015422362728675662
33.366834170854275	0.010900473401858977
33.76884422110553	0.0072663210666290235
34.17085427135679	0.008330254096489784
34.572864321608044	0.012588370478810406
34.9748743718593	0.016418492279890413
35.37688442211056	0.01908030854415642
35.77889447236181	0.020286538151012855
36.18090452261307	0.020754343713168637
36.582914572864325	0.021428590666862177
36.98492462311558	0.02219936488649335
37.38693467336684	0.02317147041261767
37.788944723618094	0.023314566247930168
38.19095477386935	0.022088732530853465
38.59296482412061	0.019548619173159112
38.99497487437186	0.01576106806261146
39.39698492462312	0.012869415128952313
39.798994974874375	0.01329982298569451
40.20100502512563	0.01716182319517477
40.60301507537689	0.022121260139065447
41.005025125628144	0.026571104325163825
41.4070351758794	0.0298020852097913
41.80904522613066	0.031600021190407085
42.21105527638191	0.03230611268200286
42.61306532663317	0.0322949558656187
43.015075376884425	0.03207990624933585
43.41708542713568	0.031644713947164
43.81909547738694	0.03120579955784502
44.221105527638194	0.030350741140904764
44.62311557788945	0.02952551423274128
45.02512562814071	0.02937092695482934
45.42713567839196	0.03063965547557118
45.82914572864322	0.03331360977522078
46.231155778894475	0.03634782782137417
46.63316582914573	0.038408663134482726
47.03517587939699	0.038739388443015194
47.437185929648244	0.03717823109196995
47.8391959798995	0.03404657866425286
48.24120603015076	0.030309550233740774
48.64321608040201	0.027766430339353044
49.04522613065327	0.02734333470444412
49.447236180904525	0.028470418179954892
49.84924623115578	0.030370676477448306
50.25125628140704	0.03261999374799093
50.653266331658294	0.035261666049096314
51.05527638190955	0.03841101840480877
51.45728643216081	0.041509704539147534
51.85929648241206	0.04382631607267546
52.26130653266332	0.04444493097027377
52.663316582914575	0.0429303018225695
53.06532663316583	0.039425899184137296
53.46733668341709	0.034591574449634524
53.869346733668344	0.029775536699262813
54.2713567839196	0.026769796004405693
54.67336683417086	0.02661209082259037
55.07537688442211	0.028464663361252418
55.47738693467337	0.03074684113223799
55.879396984924625	0.032756705740830935
56.28140703517588	0.034866712767593025
56.68341708542714	0.0371412781858947
57.085427135678394	0.03958505282954379
57.48743718592965	0.04146947864006783
57.88944723618091	0.04251629355293858
58.29145728643216	0.04210213524715808
58.69346733668342	0.04025263544805772
59.095477386934675	0.037532232176956316
59.49748743718593	0.03489057675530517
59.89949748743719	0.03345521199476137
60.301507537688444	0.03367605209007912
60.7035175879397	0.03549577361431596
61.10552763819096	0.03782189089521718
61.50753768844221	0.04047133015550376
61.90954773869347	0.04290953305466372
62.311557788944725	0.04518802039305899
62.71356783919598	0.04751643445068498
63.11557788944724	0.04982490496710697
63.517587939698494	0.05225060971614509
63.91959798994975	0.05424497168978114
64.32160804020101	0.055497145059716625
64.72361809045226	0.055919753800891016
65.12562814070353	0.056132019568292224
65.52763819095478	0.05586217489267063
65.92964824120604	0.05562142609135721
66.33165829145729	0.055875694774251215
66.73366834170855	0.056098921293980274
67.1356783919598	0.05599823059748986
67.53768844221106	0.05548965476721024
67.93969849246231	0.05453184725942799
68.34170854271358	0.05353823696692517
68.74371859296483	0.05240697920903947
69.14572864321609	0.052090326320953215
69.54773869346734	0.052427177570532335
69.9497487437186	0.053391354238547205
70.35175879396985	0.05474261218312056
70.75376884422111	0.05630088977122373
71.15577889447236	0.05735593874570444
71.55778894472363	0.058330282637030384
71.95979899497488	0.05859669301539253
72.36180904522614	0.05804504235196193
72.76381909547739	0.057257252075637324
73.16582914572865	0.055324969219808305
73.5678391959799	0.05330558861298627
73.96984924623116	0.051018226982323646
74.37185929648241	0.04910551522337476
74.77386934673368	0.0480852988921762
75.17587939698493	0.04826451281944328
75.57788944723619	0.049685258692918406
75.97989949748744	0.05185223686571967
76.3819095477387	0.05414956541971555
76.78391959798995	0.05602449109687065
77.18592964824121	0.056804580438305954
77.58793969849246	0.05671612903819786
77.98994974874373	0.05545954611218534
78.39195979899498	0.05354823384594968
78.79396984924624	0.051315540108924716
79.19597989949749	0.04856944507642798
79.59798994974875	0.04622259478008152
80.0	0.044579064561482466
