0.0	0.020499156016461073
0.4020100502512563	0.020246310286758475
0.8040201005025126	0.01678915092477476
1.206030150753769	0.011011441932893041
1.6080402010050252	0.0037772778036722827
2.0100502512562817	0.004682993823439585
2.412060301507538	0.010546270146040215
2.814070351758794	0.01407817853160615
3.2160804020100504	0.01431218384548023
3.6180904522613067	0.011245009365876473
4.020100502512563	0.005382199625723537
4.42211055276382	0.0031155790336429845
4.824120603015076	0.010710039347724024
5.226130653266332	0.01781257535168844
5.628140703517588	0.02251132574977713
6.030150753768845	0.02398473723269646
6.432160804020101	0.02248755584963715
6.834170854271357	0.017836956522640578
7.236180904522613	0.011509212652845336
7.63819095477387	0.005135213203556989
8.040201005025127	0.00409639959849426
8.442211055276383	0.007481351549725163
8.84422110552764	0.008105006712984237
9.246231155778895	0.0055802435988075655
9.648241206030152	0.00038868922808757704
10.050251256281408	0.007814806530005106
10.452261306532664	0.016657415022493918
10.85427135678392	0.02487461085134089
11.256281407035177	0.03128775806404106
11.658291457286433	0.034633137205104705
12.06030150753769	0.03447928274359209
12.462311557788945	0.03147742692824776
12.864321608040202	0.026072177642203608
13.266331658291458	0.01964181714127599
13.668341708542714	0.014052086118155338
14.07035175879397	0.010988425803305502
14.472361809045227	0.010030320097148855
14.874371859296483	0.008499216307448165
15.27638190954774	0.005949420330515854
15.678391959798995	0.007608886454376794
16.080402010050253	0.015257215944229402
16.48241206030151	0.024648177353665354
16.884422110552766	0.03370537975555003
17.286432160804022	0.04098372298884735
17.68844221105528	0.0451694254047384
18.090452261306535	0.046055671115521724
18.49246231155779	0.04366850209073812
18.894472361809047	0.039258947553375535
19.296482412060303	0.034105757795170395
19.69849246231156	0.0296548080195281
20.100502512562816	0.026305790571498493
20.502512562814072	0.02382698803296056
20.90452261306533	0.022024749420824948
21.306532663316585	0.021662165596551795
21.70854271356784	0.02475184064021834
22.110552763819097	0.03091898478486948
22.512562814070353	0.03862848081525153
22.91457286432161	0.0454433983150303
23.316582914572866	0.050434991232272554
23.718592964824122	0.05265167583342879
24.12060301507538	0.05214697051234145
24.522613065326635	0.04967075465317567
24.92462311557789	0.0459111347823108
25.326633165829147	0.04210448879660087
25.728643216080403	0.03852412517331686
26.13065326633166	0.0359496402066735
26.532663316582916	0.034431339190859035
26.934673366834172	0.03450242174026942
27.33668341708543	0.03728829311178514
27.738693467336685	0.04298018961023066
28.14070351758794	0.05073152911871272
28.542713567839197	0.05948183487577867
28.944723618090453	0.0672285689645738
29.34673366834171	0.07258292594404685
29.748743718592966	0.07497148875915956
30.150753768844222	0.07386105678557502
30.55276381909548	0.06967592925368866
30.954773869346734	0.06342000602181684
31.35678391959799	0.056515997202493215
31.758793969849247	0.05042140180007987
32.16080402010051	0.046328771241025614
32.56281407035176	0.044049137930270384
32.96482412060302	0.043721990866231054
33.366834170854275	0.04521041573958275
33.76884422110553	0.0488277715305581
34.17085427135679	0.05442117001351123
34.572864321608044	0.06054009598685963
34.9748743718593	0.06602578600300277
35.37688442211056	0.06975923349847564
35.77889447236181	0.07096994659456632
36.18090452261307	0.06962924362927644
36.582914572864325	0.06600179877014292
36.98492462311558	0.06085018222340523
37.38693467336684	0.05543310131702837
37.788944723618094	0.05080271774923763
38.19095477386935	0.047668937295438474
38.59296482412061	0.04597924239434833
38.99497487437186	0.045699654891658906
39.39698492462312	0.046994186418883435
39.798994974874375	0.04962621577248832
40.20100502512563	0.05378737052262596
40.60301507537689	0.05875579834645621
41.005025125628144	0.06350126023175005
41.4070351758794	0.0668785552836611
41.80904522613066	0.06775936669292185
42.21105527638191	0.06606423905062131
42.61306532663317	0.062033761230043595
43.015075376884425	0.05686910559291468
43.41708542713568	0.0516552464404054
43.81909547738694	0.047458584437315016
44.221105527638194	0.04496772374747093
44.62311557788945	0.044322121659028255
45.02512562814071	0.045266684148783584
45.42713567839196	0.04739024149989314
45.82914572864322	0.05135334098458603
46.231155778894475	0.05663282144928774
46.63316582914573	0.06255582128398499
47.03517587939699	0.0677202395031031
47.437185929648244	0.07080689847974168
47.8391959798995	0.07125233122601762
48.24120603015076	0.06883336820565442
48.64321608040201	0.06414791670228456
49.04522613065327	0.0583641873169873
49.447236180904525	0.052845723278327025
49.84924623115578	0.04876717260165146
50.25125628140704	0.04673045787268353
50.653266331658294	0.046112782919855454
51.05527638190955	0.046311747500209
51.45728643216081	0.0478436027520317
51.85929648241206	0.050904119140351325
52.26130653266332	0.05564071659659429
52.663316582914575	0.06132721116552016
53.06532663316583	0.06644552582412008
53.46733668341709	0.0693750218596187
53.869346733668344	0.06920781857968593
54.2713567839196	0.06600573936856019
54.67336683417086	0.060342503915269394
55.07537688442211	0.05355183374320126
55.47738693467337	0.04717300787662333
55.879396984924625	0.042436038273585545
56.28140703517588	0.040036607894051376
56.68341708542714	0.0395434999662924
57.085427135678394	0.04078178211984556
57.48743718592965	0.04357997850717569
57.88944723618091	0.0487375171751664
58.29145728643216	0.05538502992268822
58.69346733668342	0.06196408424817716
59.095477386934675	0.06685865210976495
59.49748743718593	0.06864816949555516
59.89949748743719	0.06714048152331072
60.301507537688444	0.06265462742391356
60.7035175879397	0.05587562895114373
61.10552763819096	0.04866716162939379
61.50753768844221	0.04287617888430802
61.90954773869347	0.03953837350686848
62.311557788944725	0.03889067286601595
62.71356783919598	0.04027148961762665
63.11557788944724	0.04309491333472459
63.517587939698494	0.047186927633082174
63.91959798994975	0.05274328819978062
64.32160804020101	0.05868440598761362
64.72361809045226	0.06393629457482937
65.12562814070353	0.06692886818283822
65.52763819095478	0.0670113372923505
65.92964824120604	0.06358431994131872
66.33165829145729	0.05767942088476802
66.73366834170855	0.05039575398640106
67.1356783919598	0.04346021123925317
67.53768844221106	0.03883964367722216
67.93969849246231	0.03750710148965294
68.34170854271358	0.03901564181468206
68.74371859296483	0.0424738173685368
69.14572864321609	0.04710443466469119
69.54773869346734	0.05272649710591765
69.9497487437186	0.05848938752043588
70.35175879396985	0.06354921242731977
70.75376884422111	0.06699389519233398
71.15577889447236	0.06782121725861608
71.55778894472363	0.0660740601719714
71.95979899497488	0.061715500919572716
72.36180904522614	0.055629647549288716
72.76381909547739	0.049053372794316
73.16582914572865	0.04346348467532564
73.5678391959799	0.04042769223066697
73.96984924623116	0.04100827787124574
74.37185929648241	0.04413940827581554
74.77386934673368	0.04896293385178237
75.17587939698493	0.054404566685754975
75.57788944723619	0.060085436360235854
75.97989949748744	0.06519037788528918
76.3819095477387	0.06897420828764635
76.78391959798995	0.07110841934984077
77.18592964824121	0.07102947745692637
77.58793969849246	0.0684034205923261
77.98994974874373	0.06363794440282182
78.39195979899498	0.05721036177317418
78.79396984924624	0.05055132688042454
79.19597989949749	0.04527601053309969
79.59798994974875	0.04309830829214564
80.0	0.04438034011424365
