0.0	0.03308907226126455
0.4020100502512563	0.030957653352069507
0.8040201005025126	0.023760427087786095
1.206030150753769	0.012829464406055896
1.6080402010050252	0.0011835977625429739
2.0100502512562817	0.011970849987632754
2.412060301507538	0.020895413810558254
2.814070351758794	0.025362736523746356
3.2160804020100504	0.024348611296826906
3.6180904522613067	0.017822859388550428
4.020100502512563	0.0072144639408007515
4.42211055276382	0.005723738776317373
4.824120603015076	0.01859502399245861
5.226130653266332	0.029225375133220082
5.628140703517588	0.035706725765953774
6.030150753768845	0.03673225182047859
6.432160804020101	0.03271865054513881
6.834170854271357	0.024024514959087584
7.236180904522613	0.01266828288413665
7.63819095477387	0.0011727790444246472
8.040201005025127	0.009532010938308721
8.442211055276383	0.016085717985736932
8.84422110552764	0.017892235465432213
9.246231155778895	0.014300188831759635
9.648241206030152	0.006521146051430694
10.050251256281408	0.004437161050920791
10.452261306532664	0.01584805372774895
10.85427135678392	0.026105310793121596
11.256281407035177	0.033125374057058746
11.658291457286433	0.03557781090683593
12.06030150753769	0.03363136097462299
12.462311557788945	0.028079118655080715
12.864321608040202	0.020852690005708458
13.266331658291458	0.015609114745586645
13.668341708542714	0.011906821536574685
14.07035175879397	0.008862159560647313
14.472361809045227	0.008140355917642193
14.874371859296483	0.011189760158455377
15.27638190954774	0.017279552166007052
15.678391959798995	0.024676711086997354
16.080402010050253	0.03270396433771224
16.48241206030151	0.0408241760550349
16.884422110552766	0.05005357306632001
17.286432160804022	0.05804252494448921
17.68844221105528	0.06280218379386214
18.090452261306535	0.0620104537753946
18.49246231155779	0.054435959545506805
18.894472361809047	0.041582186815582275
19.296482412060303	0.02713570818797938
19.69849246231156	0.015465183204508829
20.100502512562816	0.01367247606627627
20.502512562814072	0.01621440306272133
20.90452261306533	0.01668745241017219
21.306532663316585	0.01583203176052021
21.70854271356784	0.020857096183378155
22.110552763819097	0.03342759725350536
22.512562814070353	0.04768627557029905
22.91457286432161	0.06061668433772995
23.316582914572866	0.06763505065265407
23.718592964824122	0.06677369849845415
24.12060301507538	0.05787132740470572
24.522613065326635	0.041893134588480006
24.92462311557789	0.022503813858476773
25.326633165829147	0.006626960975128084
25.728643216080403	0.01791118841860252
26.13065326633166	0.029551232878403284
26.532663316582916	0.03324183850486626
26.934673366834172	0.029688276021324938
27.33668341708543	0.023447914258829042
27.738693467336685	0.027364504789967898
28.14070351758794	0.04228356712018078
28.542713567839197	0.05730554886488547
28.944723618090453	0.06722146589231866
29.34673366834171	0.06895408848038873
29.748743718592966	0.062361004463526756
30.150753768844222	0.048991997539426915
30.55276381909548	0.03367052105221182
30.954773869346734	0.02331656673514663
31.35678391959799	0.02603083147715038
31.758793969849247	0.034143460232414866
32.16080402010051	0.03868550248436807
32.56281407035176	0.038286209728244126
32.96482412060302	0.034094149471168005
33.366834170854275	0.0319216659336586
33.76884422110553	0.03703930203011045
34.17085427135679	0.04724408523432159
34.572864321608044	0.056725791194039185
34.9748743718593	0.06120792901410495
35.37688442211056	0.05943032311447992
35.77889447236181	0.05070111043504524
36.18090452261307	0.037796413152741286
36.582914572864325	0.026958772157876166
36.98492462311558	0.02882466317016224
37.38693467336684	0.040495200682431065
37.788944723618094	0.05065590041613551
38.19095477386935	0.05544816837597286
38.59296482412061	0.05356813131273008
38.99497487437186	0.04767550577272741
39.39698492462312	0.04298129268988034
39.798994974874375	0.04424790557957066
40.20100502512563	0.05032146999041898
40.60301507537689	0.054755039298991434
41.005025125628144	0.05401904553698776
41.4070351758794	0.04592114890296554
41.80904522613066	0.03095700275436551
42.21105527638191	0.011256012004274975
42.61306532663317	0.009771310062157208
43.015075376884425	0.027411585573631832
43.41708542713568	0.038790877663676636
43.81909547738694	0.04247135493325001
44.221105527638194	0.03946013619884954
44.62311557788945	0.036010860292936986
45.02512562814071	0.039669923652074744
45.42713567839196	0.05152109881182974
45.82914572864322	0.06430383267939332
46.231155778894475	0.0723503576204274
46.63316582914573	0.07321079992051703
47.03517587939699	0.06608883914437103
47.437185929648244	0.05285473264964467
47.8391959798995	0.03584371224667547
48.24120603015076	0.019971416243586296
48.64321608040201	0.013487281375477365
49.04522613065327	0.017689445755443796
49.447236180904525	0.019733743923326573
49.84924623115578	0.01668865257726678
50.25125628140704	0.014349515539964414
50.653266331658294	0.023647602125959878
51.05527638190955	0.03938558801435481
51.45728643216081	0.0551348793448991
51.85929648241206	0.06745967605757819
52.26130653266332	0.07416141133795134
52.663316582914575	0.07414470685506684
53.06532663316583	0.06837854532379103
53.46733668341709	0.05763000785702519
53.869346733668344	0.044363612724025045
54.2713567839196	0.03079559925824152
54.67336683417086	0.018628960578194843
55.07537688442211	0.008627718008458306
55.47738693467337	0.0010236195431932065
55.879396984924625	0.011801851756964831
56.28140703517588	0.025548103652678733
56.68341708542714	0.04044609104239406
57.085427135678394	0.054522652447066035
57.48743718592965	0.06519608508933525
57.88944723618091	0.07035779583573752
58.29145728643216	0.0690104539149674
58.69346733668342	0.06146551638389043
59.095477386934675	0.04870720470651728
59.49748743718593	0.03290417308416333
59.89949748743719	0.017191587475132847
60.301507537688444	0.005581832108552094
60.7035175879397	0.00893843905397521
61.10552763819096	0.01522545340303103
61.50753768844221	0.02130636803440237
61.90954773869347	0.029254237678364308
62.311557788944725	0.038964521660240684
62.71356783919598	0.048210943474915
63.11557788944724	0.054545710761896946
63.517587939698494	0.056090493521353965
63.91959798994975	0.052267813826267884
64.32160804020101	0.04275423836142233
64.72361809045226	0.029656957113955374
65.12562814070353	0.015028924927464504
65.52763819095478	0.007557254939362425
65.92964824120604	0.01632407208105569
66.33165829145729	0.023788350408382872
66.73366834170855	0.02659977020597064
67.1356783919598	0.026472067779779913
67.53768844221106	0.02776310712647862
67.93969849246231	0.03443912169510729
68.34170854271358	0.044493560928839666
68.74371859296483	0.053603581503377094
69.14572864321609	0.05891593356547936
69.54773869346734	0.05846131282073484
69.9497487437186	0.051839152647676336
70.35175879396985	0.040123451116432195
70.75376884422111	0.026377597117438683
71.15577889447236	0.014759568750420626
71.55778894472363	0.0137435287597242
71.95979899497488	0.017919396046847468
72.36180904522614	0.01894153199839741
72.76381909547739	0.016466122073960674
73.16582914572865	0.017099815593205784
73.5678391959799	0.027202458252761418
73.96984924623116	0.04153713832099773
74.37185929648241	0.05563805799231526
74.77386934673368	0.06566970360446243
75.17587939698493	0.07023523409230975
75.57788944723619	0.069276975973975
75.97989949748744	0.06320708788899183
76.3819095477387	0.053587224452970574
76.78391959798995	0.04279308494716822
77.18592964824121	0.03247263559498715
77.58793969849246	0.023440560643994843
77.98994974874373	0.014507023301813313
78.39195979899498	0.0053963622112079565
78.79396984924624	0.01262767035060582
79.19597989949749	0.028495322218809134
79.59798994974875	0.04519204775118982
80.0	0.05966188960231063
