0.0	0.012172357293488045
0.4020100502512563	0.010730648028378762
0.8040201005025126	0.007601887963897651
1.206030150753769	0.0033728328719784617
1.6080402010050252	0.0017999485576332235
2.0100502512562817	0.005840024404245126
2.412060301507538	0.008769201124984386
2.814070351758794	0.009882413778410412
3.2160804020100504	0.00903487416382779
3.6180904522613067	0.006357436629993191
4.020100502512563	0.00217745345243578
4.42211055276382	0.0027629440462527974
4.824120603015076	0.00714578019225451
5.226130653266332	0.010771770011234964
5.628140703517588	0.012706899366220908
6.030150753768845	0.01255226839884686
6.432160804020101	0.010662434545060686
6.834170854271357	0.0073585623729302465
7.236180904522613	0.0031182494711775926
7.63819095477387	0.00157225556285362
8.040201005025127	0.004597390795019875
8.442211055276383	0.006489260895780004
8.84422110552764	0.006586168761890556
9.246231155778895	0.004572464882447127
9.648241206030152	0.0023534011181598237
10.050251256281408	0.0057461426026898695
10.452261306532664	0.010783544288085275
10.85427135678392	0.015961252978678325
11.256281407035177	0.020365171243383294
11.658291457286433	0.023216856316863193
12.06030150753769	0.024312411923582567
12.462311557788945	0.024227180780681187
12.864321608040202	0.02350139901922104
13.266331658291458	0.023614707834882072
13.668341708542714	0.024768230042185136
14.07035175879397	0.02752248385829975
14.472361809045227	0.031452600333950524
14.874371859296483	0.03441521913745003
15.27638190954774	0.033623567535517485
15.678391959798995	0.026350254700430627
16.080402010050253	0.01543962911608501
16.48241206030151	0.02070361215710475
16.884422110552766	0.03905873740438121
17.286432160804022	0.05418489712423787
17.68844221105528	0.05919649920577489
18.090452261306535	0.05340169301752543
18.49246231155779	0.03990979588331724
18.894472361809047	0.03459282144692887
19.296482412060303	0.05190415992493123
19.69849246231156	0.07372777243023836
20.100502512562816	0.08783138425670886
20.502512562814072	0.0895206515174877
20.90452261306533	0.07735047896750756
21.306532663316585	0.056037316527239554
21.70854271356784	0.03647099321808453
22.110552763819097	0.04038116339616974
22.512562814070353	0.06054576440341895
22.91457286432161	0.07571818539805156
23.316582914572866	0.0787756475076838
23.718592964824122	0.06801663678110784
24.12060301507538	0.046201953627281564
24.522613065326635	0.025699773092620986
24.92462311557789	0.035921936631908034
25.326633165829147	0.05972452249586972
25.728643216080403	0.07636565484020044
26.13065326633166	0.08058576367561668
26.532663316582916	0.07221962292299583
26.934673366834172	0.05333760689064596
27.33668341708543	0.035657957240741875
27.738693467336685	0.043122198698031244
28.14070351758794	0.0665094791911871
28.542713567839197	0.08675477973221885
28.944723618090453	0.09585849460770027
29.34673366834171	0.09184542776333307
29.748743718592966	0.07681974057971015
30.150753768844222	0.05419228033761984
30.55276381909548	0.033882295759972716
30.954773869346734	0.031694524181982216
31.35678391959799	0.044972710231231325
31.758793969849247	0.0554137778768943
32.16080402010051	0.05748222060467275
32.56281407035176	0.04961499453219663
32.96482412060302	0.03382414510402574
33.366834170854275	0.014722820268763214
33.76884422110553	0.020797016787533807
34.17085427135679	0.043188964974644285
34.572864321608044	0.062458443365297066
34.9748743718593	0.07385010217004019
35.37688442211056	0.07673138376806252
35.77889447236181	0.072871168537202
36.18090452261307	0.06455861680021491
36.582914572864325	0.055854983211670386
36.98492462311558	0.04940099350457898
37.38693467336684	0.04597571357921971
37.788944723618094	0.043330033964866864
38.19095477386935	0.039617680710300654
38.59296482412061	0.03401048568160274
38.99497487437186	0.02633825090389257
39.39698492462312	0.01922344896354481
39.798994974874375	0.0164978130222019
40.20100502512563	0.02208974233455246
40.60301507537689	0.032306955707787514
41.005025125628144	0.04317827396329732
41.4070351758794	0.05257670594349123
41.80904522613066	0.060889875015042075
42.21105527638191	0.06604927232643247
42.61306532663317	0.06678932129496608
43.015075376884425	0.06263665158301149
43.41708542713568	0.05473512273997294
43.81909547738694	0.044695494181853014
44.221105527638194	0.035313569661747646
44.62311557788945	0.028270561275760164
45.02512562814071	0.02479643542305869
45.42713567839196	0.024511164675706833
45.82914572864322	0.024398969728911944
46.231155778894475	0.0237557484124113
46.63316582914573	0.027876683292783942
47.03517587939699	0.03979775976038434
47.437185929648244	0.056015099852802105
47.8391959798995	0.07117801842566349
48.24120603015076	0.08121507462056587
48.64321608040201	0.08350456156703362
49.04522613065327	0.07670218604341758
49.447236180904525	0.062110581655709186
49.84924623115578	0.04142904085140637
50.25125628140704	0.018455407176669002
50.653266331658294	0.003699443626133417
51.05527638190955	0.02116179335813315
51.45728643216081	0.03196786725486366
51.85929648241206	0.03635540804591141
52.26130653266332	0.03749565897647677
52.663316582914575	0.042563756486073495
53.06532663316583	0.05586144501272773
53.46733668341709	0.07400396305767225
53.869346733668344	0.09069923790976495
54.2713567839196	0.10185241142581067
54.67336683417086	0.10473965547877202
55.07537688442211	0.09811880768000322
55.47738693467337	0.08201544706401924
55.879396984924625	0.058565010524541675
56.28140703517588	0.03296754105084914
56.68341708542714	0.019856840699387406
57.085427135678394	0.03377381797693809
57.48743718592965	0.04857741805335378
57.88944723618091	0.055420723324267354
58.29145728643216	0.05428508931826533
58.69346733668342	0.050101447578478585
59.095477386934675	0.050817270555723396
59.49748743718593	0.060848491348079556
59.89949748743719	0.07540909843211907
60.301507537688444	0.08730912259708593
60.7035175879397	0.09169001321450686
61.10552763819096	0.08640247964657159
61.50753768844221	0.07108092560084978
61.90954773869347	0.04781435030985698
62.311557788944725	0.023528845108372373
62.71356783919598	0.025585522433955954
63.11557788944724	0.04865798261523063
63.517587939698494	0.06764840293703951
63.91959798994975	0.07747937410339048
64.32160804020101	0.07721534890270192
64.72361809045226	0.06801912248793117
65.12562814070353	0.05492262149738637
65.52763819095478	0.04622869713245181
65.92964824120604	0.048803392358357525
66.33165829145729	0.05815898505273538
66.73366834170855	0.0640511116822038
67.1356783919598	0.061562847564882714
67.53768844221106	0.04936749365673046
67.93969849246231	0.028851112822636395
68.34170854271358	0.006841953305777702
68.74371859296483	0.02686746183934425
69.14572864321609	0.051767235701350334
69.54773869346734	0.07096860796849785
69.9497487437186	0.08196191348554717
70.35175879396985	0.08407718477135169
70.75376884422111	0.07855265429494734
71.15577889447236	0.06768211372325227
71.55778894472363	0.05566556334637002
71.95979899497488	0.04708419066800389
72.36180904522614	0.044298339778417364
72.76381909547739	0.04356874964519791
73.16582914572865	0.0397435407656337
73.5678391959799	0.03023726026524313
73.96984924623116	0.015783736983342227
74.37185929648241	0.01044379979634513
74.77386934673368	0.02895835201398474
75.17587939698493	0.04844072796342397
75.57788944723619	0.06426376887112814
75.97989949748744	0.07421746503257229
76.3819095477387	0.07741246275885996
76.78391959798995	0.07374742996182788
77.18592964824121	0.06545150201234158
77.58793969849246	0.054388858478896
77.98994974874373	0.042944826052636206
78.39195979899498	0.03296518187922405
78.79396984924624	0.02464021443153188
79.19597989949749	0.018544189118084177
79.59798994974875	0.017293596177697816
80.0	0.02266150769010202
