0.0	0.01421234012142942
0.4020100502512563	0.012282952754762074
0.8040201005025126	0.008533880319433036
1.206030150753769	0.0034053308175879876
1.6080402010050252	0.0023641068472446468
2.0100502512562817	0.007264566277902139
2.412060301507538	0.010514996773325097
2.814070351758794	0.011677193815803604
3.2160804020100504	0.010470347267200222
3.6180904522613067	0.007157057894835417
4.020100502512563	0.00231080055924728
4.42211055276382	0.0034794679585568996
4.824120603015076	0.008480663139866949
5.226130653266332	0.012262259661925349
5.628140703517588	0.013895188432182284
6.030150753768845	0.013147504383155187
6.432160804020101	0.010149599600621659
6.834170854271357	0.0054488352673091305
7.236180904522613	0.0011837072690642726
7.63819095477387	0.00547053496027325
8.040201005025127	0.009297159346870369
8.442211055276383	0.011191941994955093
8.84422110552764	0.01084524732961619
9.246231155778895	0.008157405169971575
9.648241206030152	0.0034505685831680024
10.050251256281408	0.0020242770980115027
10.452261306532664	0.007449911517344257
10.85427135678392	0.01189990153697972
11.256281407035177	0.014349824743262268
11.658291457286433	0.014829536349301143
12.06030150753769	0.013357519688023952
12.462311557788945	0.011162170306951293
12.864321608040202	0.0100550828035811
13.266331658291458	0.01154674900639158
13.668341708542714	0.014373646526078762
14.07035175879397	0.016809675147174994
14.472361809045227	0.017708602030525638
14.874371859296483	0.01652041471494873
15.27638190954774	0.013721170731176489
15.678391959798995	0.01087303346711804
16.080402010050253	0.011207604809997983
16.48241206030151	0.015009469776438734
16.884422110552766	0.01939678352457362
17.286432160804022	0.022609724577681976
17.68844221105528	0.023944886011245472
18.090452261306535	0.02375998909644971
18.49246231155779	0.023064212255411862
18.894472361809047	0.022843386367149693
19.296482412060303	0.02384647113573659
19.69849246231156	0.025548591372337386
20.100502512562816	0.026818094538454507
20.502512562814072	0.026752364056638594
20.90452261306533	0.02573893245503882
21.306532663316585	0.024711801286244034
21.70854271356784	0.025494195376536643
22.110552763819097	0.02857400633597563
22.512562814070353	0.033108258883370614
22.91457286432161	0.0374513060880548
23.316582914572866	0.0406882644672105
23.718592964824122	0.042096938921271844
24.12060301507538	0.042010280993799776
24.522613065326635	0.04085057756959974
24.92462311557789	0.03918325938135897
25.326633165829147	0.03758954526086784
25.728643216080403	0.03629758638467097
26.13065326633166	0.035480958270017744
26.532663316582916	0.035152154427430776
26.934673366834172	0.03642250185811394
27.33668341708543	0.04016303803791145
27.738693467336685	0.045994992173574646
28.14070351758794	0.05332103986848206
28.542713567839197	0.06093874452407592
28.944723618090453	0.06712400108730239
29.34673366834171	0.07087362420584206
29.748743718592966	0.07204563646805308
30.150753768844222	0.07089931821943626
30.55276381909548	0.06759957818683598
30.954773869346734	0.06333694123356992
31.35678391959799	0.05892474172401746
31.758793969849247	0.055079230416158545
32.16080402010051	0.05221275997734953
32.56281407035176	0.050745260626123966
32.96482412060302	0.0507474855672949
33.366834170854275	0.052391357668032545
33.76884422110553	0.05550000147933892
34.17085427135679	0.0598224601801328
34.572864321608044	0.06418598257093482
34.9748743718593	0.06755304187597193
35.37688442211056	0.06949927135914703
35.77889447236181	0.06965453062715558
36.18090452261307	0.0684333442910225
36.582914572864325	0.06573261166856575
36.98492462311558	0.06224819683264058
37.38693467336684	0.05856500692483172
37.788944723618094	0.055256294659021724
38.19095477386935	0.05216208646197641
38.59296482412061	0.049850899073958885
38.99497487437186	0.04838656860832126
39.39698492462312	0.04819373544092223
39.798994974874375	0.04947155915797781
40.20100502512563	0.05231816754975886
40.60301507537689	0.05596198367283106
41.005025125628144	0.059205036017963765
41.4070351758794	0.061542874519685944
41.80904522613066	0.06212829579325937
42.21105527638191	0.06097783406067873
42.61306532663317	0.05834746445662131
43.015075376884425	0.0547861132191616
43.41708542713568	0.05102062572551552
43.81909547738694	0.0475236386725667
44.221105527638194	0.0444614594206028
44.62311557788945	0.04259174905227308
45.02512562814071	0.04251999560763495
45.42713567839196	0.04475320358608238
45.82914572864322	0.04888954644495358
46.231155778894475	0.05384911544137403
46.63316582914573	0.058781747993591295
47.03517587939699	0.06217767851349878
47.437185929648244	0.06371978772867468
47.8391959798995	0.06311546180323399
48.24120603015076	0.060170163233727855
48.64321608040201	0.05590228875668958
49.04522613065327	0.05116150145859345
49.447236180904525	0.046798658793777065
49.84924623115578	0.043585834659781345
50.25125628140704	0.04215066404709339
50.653266331658294	0.04309858937049445
51.05527638190955	0.04617150171850616
51.45728643216081	0.0508880676640312
51.85929648241206	0.05650237201287517
52.26130653266332	0.06161452253006788
52.663316582914575	0.06549703836397747
53.06532663316583	0.0671177350414802
53.46733668341709	0.0662036230901289
53.869346733668344	0.06308473963265054
54.2713567839196	0.05860933200317847
54.67336683417086	0.05341277842121441
55.07537688442211	0.048520968336974446
55.47738693467337	0.04507468363404218
55.879396984924625	0.04339123583784225
56.28140703517588	0.04386501245268037
56.68341708542714	0.0466904617619352
57.085427135678394	0.05121241639928296
57.48743718592965	0.05660342049637516
57.88944723618091	0.06157249690687623
58.29145728643216	0.06523945796467837
58.69346733668342	0.06660991981589487
59.095477386934675	0.06542440042942778
59.49748743718593	0.06224948915136981
59.89949748743719	0.057517740544573835
60.301507537688444	0.05237863204995687
60.7035175879397	0.04792118289403406
61.10552763819096	0.04493562376507039
61.50753768844221	0.04349555034122389
61.90954773869347	0.044054796288920534
62.311557788944725	0.046272689235071905
62.71356783919598	0.04959664080921604
63.11557788944724	0.05361518015373971
63.517587939698494	0.0576127825863401
63.91959798994975	0.060671318857920806
64.32160804020101	0.06263542545837897
64.72361809045226	0.06290767123719884
65.12562814070353	0.06194579439611444
65.52763819095478	0.05950824555605412
65.92964824120604	0.0566889038148604
66.33165829145729	0.053176988667483605
66.73366834170855	0.04982990568443745
67.1356783919598	0.047362617396857105
67.53768844221106	0.04585076843822662
67.93969849246231	0.045548961463938636
68.34170854271358	0.04669917024662086
68.74371859296483	0.049203456930325455
69.14572864321609	0.05271127951880376
69.54773869346734	0.0570933589180221
69.9497487437186	0.06115854964541499
70.35175879396985	0.0648024590040172
70.75376884422111	0.06707868502514344
71.15577889447236	0.06742253325874303
71.55778894472363	0.06595865003411876
71.95979899497488	0.06264696276468792
72.36180904522614	0.058228137261036726
72.76381909547739	0.05337741201646977
73.16582914572865	0.048763703562291386
73.5678391959799	0.045299050182844254
73.96984924623116	0.043674474192856576
74.37185929648241	0.044291011331604915
74.77386934673368	0.04729619135263225
75.17587939698493	0.05204361257664379
75.57788944723619	0.05789259453157958
75.97989949748744	0.06391787866951261
76.3819095477387	0.06897405247658567
76.78391959798995	0.07197986211566179
77.18592964824121	0.07243797188369379
77.58793969849246	0.07021302422625493
77.98994974874373	0.06558365114424808
78.39195979899498	0.0590081956959287
78.79396984924624	0.052464592382183275
79.19597989949749	0.04663471472952517
79.59798994974875	0.04291837162234828
80.0	0.041991891954925545
