0.0	0.002824107515479632
0.4020100502512563	0.0021275565120100802
0.8040201005025126	0.0014830781611996355
1.206030150753769	0.0009567810434582631
1.6080402010050252	0.0009262639969326499
2.0100502512562817	0.001180842827583966
2.412060301507538	0.001575293437464385
2.814070351758794	0.0018237244522733616
3.2160804020100504	0.001788495336410218
3.6180904522613067	0.002192610398779295
4.020100502512563	0.0024928972193722404
4.42211055276382	0.002555583638079312
4.824120603015076	0.0028267802767507665
5.226130653266332	0.00270773258267558
5.628140703517588	0.002148206646291042
6.030150753768845	0.0016308319087278676
6.432160804020101	0.0009589029036868701
6.834170854271357	0.00028711356520470446
7.236180904522613	0.0010257979453051234
7.63819095477387	0.0016155379223752385
8.040201005025127	0.0022116615562192527
8.442211055276383	0.002586880227606636
8.84422110552764	0.003040675047342344
9.246231155778895	0.003640678091028045
9.648241206030152	0.004288662823328948
10.050251256281408	0.004754561135026758
10.452261306532664	0.005179133376756665
10.85427135678392	0.0051499488838617855
11.256281407035177	0.00490057389596349
11.658291457286433	0.004461019636931095
12.06030150753769	0.004175472574518076
12.462311557788945	0.004035932549986134
12.864321608040202	0.004468762614560821
13.266331658291458	0.0054409365976235005
13.668341708542714	0.006714479931939582
14.07035175879397	0.008123662527333526
14.472361809045227	0.00945656295875209
14.874371859296483	0.01069499274495976
15.27638190954774	0.011537038215625076
15.678391959798995	0.0120094594408876
16.080402010050253	0.012181501881784693
16.48241206030151	0.011853764824517696
16.884422110552766	0.01125386112811554
17.286432160804022	0.01075823830139791
17.68844221105528	0.010303561316734799
18.090452261306535	0.010225264704705186
18.49246231155779	0.010947819489404074
18.894472361809047	0.012132890111553454
19.296482412060303	0.013827359604512235
19.69849246231156	0.016122344791159732
20.100502512562816	0.018413694333837115
20.502512562814072	0.020948198274563172
20.90452261306533	0.02337637483852386
21.306532663316585	0.02527238308337415
21.70854271356784	0.026117834656151945
22.110552763819097	0.02658880925331713
22.512562814070353	0.02642936529745568
22.91457286432161	0.02576151130161844
23.316582914572866	0.025215948591706533
23.718592964824122	0.024843740541816556
24.12060301507538	0.02498751942063288
24.522613065326635	0.025841052250920142
24.92462311557789	0.027280903087475154
25.326633165829147	0.029338432225014054
25.728643216080403	0.03152050280002147
26.13065326633166	0.03351877730113787
26.532663316582916	0.03536832036903127
26.934673366834172	0.03654749747705421
27.33668341708543	0.03724784982293418
27.738693467336685	0.037615165396836535
28.14070351758794	0.03754636469280465
28.542713567839197	0.037488597092667456
28.944723618090453	0.037749864178527985
29.34673366834171	0.038217965049211135
29.748743718592966	0.03926763186921169
30.150753768844222	0.04140487350266757
30.55276381909548	0.04436079234739475
30.954773869346734	0.04806613467192072
31.35678391959799	0.05209034801465201
31.758793969849247	0.0564302883176214
32.16080402010051	0.05999010954109678
32.56281407035176	0.06253127739424033
32.96482412060302	0.06400673722818358
33.366834170854275	0.06404584934731967
33.76884422110553	0.06316977796008427
34.17085427135679	0.061480310558407414
34.572864321608044	0.05951676055462683
34.9748743718593	0.057631263625981755
35.37688442211056	0.05616864117310001
35.77889447236181	0.05556870800349399
36.18090452261307	0.05565669138036554
36.582914572864325	0.056350298249602346
36.98492462311558	0.05725800679016686
37.38693467336684	0.05822516681715643
37.788944723618094	0.059191948230245685
38.19095477386935	0.06021657757788026
38.59296482412061	0.06144020077344582
38.99497487437186	0.06276246699424759
39.39698492462312	0.06390127662693405
39.798994974874375	0.06476684883386834
40.20100502512563	0.0649430998725585
40.60301507537689	0.06424151676674526
41.005025125628144	0.06269321722027857
41.4070351758794	0.060194778009631376
41.80904522613066	0.05727170760624176
42.21105527638191	0.05448421071534636
42.61306532663317	0.05240021453734547
43.015075376884425	0.0515102865451351
43.41708542713568	0.05148151931994899
43.81909547738694	0.05300538938122388
44.221105527638194	0.05494176739383473
44.62311557788945	0.057351550647019224
45.02512562814071	0.05926281369789678
45.42713567839196	0.060602723395670986
45.82914572864322	0.060673283247358246
46.231155778894475	0.060017904955227554
46.63316582914573	0.05841123394477883
47.03517587939699	0.05635984249045093
47.437185929648244	0.05429554812450145
47.8391959798995	0.05220065855984578
48.24120603015076	0.05103949195079012
48.64321608040201	0.05056567956075011
49.04522613065327	0.05075954922604457
49.447236180904525	0.0515695989972107
49.84924623115578	0.05296155075691896
50.25125628140704	0.05450429364730799
50.653266331658294	0.05587679680414356
51.05527638190955	0.05705851920709183
51.45728643216081	0.0574017099409902
51.85929648241206	0.05728536463397484
52.26130653266332	0.05657421992231425
52.663316582914575	0.05559234900782324
53.06532663316583	0.05466890317212754
53.46733668341709	0.05385385762918512
53.869346733668344	0.0531133691304728
54.2713567839196	0.0527837913510004
54.67336683417086	0.05250381531064339
55.07537688442211	0.052538829283179475
55.47738693467337	0.052963488798810285
55.879396984924625	0.053389923641633495
56.28140703517588	0.054058029186011144
56.68341708542714	0.05466647111691122
57.085427135678394	0.05512048987598054
57.48743718592965	0.055466563895438616
57.88944723618091	0.0555948324414617
58.29145728643216	0.05532430576513494
58.69346733668342	0.05486489347265554
59.095477386934675	0.05419300255391087
59.49748743718593	0.053494640793949236
59.89949748743719	0.052937223130953004
60.301507537688444	0.05278829749384627
60.7035175879397	0.052961914135378485
61.10552763819096	0.053587978535612424
61.50753768844221	0.0542144307071496
61.90954773869347	0.054917717504364104
62.311557788944725	0.055801752720816764
62.71356783919598	0.05626852780834833
63.11557788944724	0.05637847891774701
63.517587939698494	0.05650183324102365
63.91959798994975	0.05611693763809957
64.32160804020101	0.05562812974292858
64.72361809045226	0.05505216672038996
65.12562814070353	0.05473171777171959
65.52763819095478	0.054520755120268626
65.92964824120604	0.054614390418753676
66.33165829145729	0.05512978672344623
66.73366834170855	0.05563777113243775
67.1356783919598	0.05627223418171721
67.53768844221106	0.05678054809420937
67.93969849246231	0.05698273650510814
68.34170854271358	0.05699774014832709
68.74371859296483	0.05645619360190233
69.14572864321609	0.055805802741279796
69.54773869346734	0.05531891800795689
69.9497487437186	0.054850972655960596
70.35175879396985	0.05465989781927945
70.75376884422111	0.05441504892405474
71.15577889447236	0.054407438463648414
71.55778894472363	0.05450514163849716
71.95979899497488	0.05485978141410687
72.36180904522614	0.05531720595630681
72.76381909547739	0.05592198448254491
73.16582914572865	0.056305596593253224
73.5678391959799	0.056530920612615096
73.96984924623116	0.05643185233899384
74.37185929648241	0.05590658352075136
74.77386934673368	0.055430019397038975
75.17587939698493	0.05486852023788583
75.57788944723619	0.05434540253507687
75.97989949748744	0.05398576787204649
76.3819095477387	0.05389942463656079
76.78391959798995	0.054104512720139865
77.18592964824121	0.05441420006741591
77.58793969849246	0.05504588737586276
77.98994974874373	0.05587531753103634
78.39195979899498	0.05670595396049601
78.79396984924624	0.057451777815989216
79.19597989949749	0.05774338425676212
79.59798994974875	0.057665687729469214
80.0	0.056812800726050494
