0.0	0.012201908440702677
0.4020100502512563	0.01414695962949877
0.8040201005025126	0.013995520743893375
1.206030150753769	0.011653117995078656
1.6080402010050252	0.0075630128171367715
2.0100502512562817	0.0029265373999385526
2.412060301507538	0.0019443759519570058
2.814070351758794	0.005554962488110643
3.2160804020100504	0.0073052270221116
3.6180904522613067	0.006913603976009782
4.020100502512563	0.004312896294904377
4.42211055276382	0.000786314597940137
4.824120603015076	0.005817855877175521
5.226130653266332	0.011473414500294928
5.628140703517588	0.01621312086926234
6.030150753768845	0.019268629267641196
6.432160804020101	0.020377071623346663
6.834170854271357	0.0192018962232073
7.236180904522613	0.016113980497588602
7.63819095477387	0.012149285751214066
8.040201005025127	0.007787104969113545
8.442211055276383	0.00418611773845587
8.84422110552764	0.0023274244856550373
9.246231155778895	0.0022188921221085165
9.648241206030152	0.004152058293886166
10.050251256281408	0.007964100584723592
10.452261306532664	0.01300605778802788
10.85427135678392	0.018870538466532822
11.256281407035177	0.024365459978567594
11.658291457286433	0.028633329313932886
12.06030150753769	0.031359833172129974
12.462311557788945	0.03194443266600285
12.864321608040202	0.030432403917765433
13.266331658291458	0.027066076977111497
13.668341708542714	0.02255345807544442
14.07035175879397	0.018102140357734765
14.472361809045227	0.014277620642628473
14.874371859296483	0.01197731125400196
15.27638190954774	0.011995864559232775
15.678391959798995	0.0144099664783249
16.080402010050253	0.018781998166545064
16.48241206030151	0.02458912425507358
16.884422110552766	0.03146448290009174
17.286432160804022	0.03793028025854424
17.68844221105528	0.04355865967600878
18.090452261306535	0.04762612342256482
18.49246231155779	0.049547256043315925
18.894472361809047	0.0494153417266472
19.296482412060303	0.04754139148882773
19.69849246231156	0.04477629450621225
20.100502512562816	0.041989465909863175
20.502512562814072	0.04009662096527487
20.90452261306533	0.03970807688096536
21.306532663316585	0.04131414045632231
21.70854271356784	0.044792179348287955
22.110552763819097	0.050049669431841984
22.512562814070353	0.056580689209480686
22.91457286432161	0.06342024289692483
23.316582914572866	0.06987593421077198
23.718592964824122	0.07552280279523148
24.12060301507538	0.07923512954883302
24.522613065326635	0.08106798311780453
24.92462311557789	0.0805575501801168
25.326633165829147	0.07791986348677606
25.728643216080403	0.07385943946489676
26.13065326633166	0.06862903058368999
26.532663316582916	0.06378894685707495
26.934673366834172	0.05968340974052159
27.33668341708543	0.05716358553845402
27.738693467336685	0.056127788561536274
28.14070351758794	0.057195685320872894
28.542713567839197	0.06041943900261021
28.944723618090453	0.06556372859007142
29.34673366834171	0.07148853553329078
29.748743718592966	0.07741053808714206
30.150753768844222	0.08167398738087753
30.55276381909548	0.0829517058638877
30.954773869346734	0.0812526714365051
31.35678391959799	0.07603482930173287
31.758793969849247	0.06819458354159388
32.16080402010051	0.05865856787453392
32.56281407035176	0.04888074888995418
32.96482412060302	0.04050411250681139
33.366834170854275	0.03473704685380889
33.76884422110553	0.032332421168202855
34.17085427135679	0.033779853732590424
34.572864321608044	0.0381166356866841
34.9748743718593	0.044503055392471895
35.37688442211056	0.051038515327546365
35.77889447236181	0.05675778414815417
36.18090452261307	0.06036898822770352
36.582914572864325	0.06085223965859845
36.98492462311558	0.058352667790152246
37.38693467336684	0.05336250352243478
37.788944723618094	0.04654173109588535
38.19095477386935	0.03965131958746036
38.59296482412061	0.03367488970909209
38.99497487437186	0.03029543117163312
39.39698492462312	0.029846016185076197
39.798994974874375	0.03259137806565378
40.20100502512563	0.03786662701724246
40.60301507537689	0.044751331267000476
41.005025125628144	0.05246081512481161
41.4070351758794	0.05942830127932808
41.80904522613066	0.06461921794853971
42.21105527638191	0.06740441636431811
42.61306532663317	0.06741971749866538
43.015075376884425	0.06484943499216422
43.41708542713568	0.060224296435774614
43.81909547738694	0.05433374562070105
44.221105527638194	0.048435813026457664
44.62311557788945	0.0436447013315992
45.02512562814071	0.04066900488647858
45.42713567839196	0.040146358069352364
45.82914572864322	0.04233979143351745
46.231155778894475	0.04668660551146033
46.63316582914573	0.05238862227931875
47.03517587939699	0.058766383719456625
47.437185929648244	0.06450518758560495
47.8391959798995	0.06889069339270384
48.24120603015076	0.07097734205636144
48.64321608040201	0.07095714040258136
49.04522613065327	0.06841147661793155
49.447236180904525	0.06395172433543257
49.84924623115578	0.058405019958081415
50.25125628140704	0.05238302479001872
50.653266331658294	0.04693176564302557
51.05527638190955	0.043196110633203735
51.45728643216081	0.041754619544994216
51.85929648241206	0.042769214678525326
52.26130653266332	0.046360185926550286
52.663316582914575	0.05161241293446257
53.06532663316583	0.05781447075446246
53.46733668341709	0.0636946831580669
53.869346733668344	0.06807322869988588
54.2713567839196	0.07020925059089392
54.67336683417086	0.06958377412083054
55.07537688442211	0.06625909689990524
55.47738693467337	0.06053038431078626
55.879396984924625	0.053782268964014744
56.28140703517588	0.0473816053156392
56.68341708542714	0.04241743071336656
57.085427135678394	0.04006967875739415
57.48743718592965	0.04042268561790123
57.88944723618091	0.043631806764284506
58.29145728643216	0.04871139764542977
58.69346733668342	0.05486084186809054
59.095477386934675	0.060940841226977606
59.49748743718593	0.06606014879064963
59.89949748743719	0.0689885071693692
60.301507537688444	0.06927419273051899
60.7035175879397	0.06680358910033538
61.10552763819096	0.06184479134779293
61.50753768844221	0.05553198028786386
61.90954773869347	0.04880408947487729
62.311557788944725	0.04343194307509555
62.71356783919598	0.04017308428378924
63.11557788944724	0.039642212236301363
63.517587939698494	0.04178169972482937
63.91959798994975	0.04618495889513563
64.32160804020101	0.05186951963041161
64.72361809045226	0.05788863886480289
65.12562814070353	0.06282555394936425
65.52763819095478	0.0660137285758161
65.92964824120604	0.06674089678909077
66.33165829145729	0.06497643688376388
66.73366834170855	0.06114046757717675
67.1356783919598	0.05580588357520633
67.53768844221106	0.05000254409757855
67.93969849246231	0.04469047735831163
68.34170854271358	0.041351946260348306
68.74371859296483	0.040391031831569495
69.14572864321609	0.041905035214471524
69.54773869346734	0.04547889243804448
69.9497487437186	0.0503919954396572
70.35175879396985	0.05558228326932578
70.75376884422111	0.06026763507801928
71.15577889447236	0.06346104269584155
71.55778894472363	0.0648004682246128
71.95979899497488	0.06389788194460648
72.36180904522614	0.061367887792327845
72.76381909547739	0.05738626075283274
73.16582914572865	0.052524528509306424
73.5678391959799	0.04779306358393384
73.96984924623116	0.04444326843081592
74.37185929648241	0.04300211121876793
74.77386934673368	0.043686677935988946
75.17587939698493	0.0463516276711949
75.57788944723619	0.04999261817175788
75.97989949748744	0.05457217741641367
76.3819095477387	0.05888886753289413
76.78391959798995	0.06260512259168573
77.18592964824121	0.06465598225960116
77.58793969849246	0.06543017040008012
77.98994974874373	0.0643443624514158
78.39195979899498	0.0614648200357224
78.79396984924624	0.057281215780686456
79.19597989949749	0.05261413753278919
79.59798994974875	0.04830621883828688
80.0	0.04490242325027777
