0.0	0.005372676311112453
0.4020100502512563	0.004090841415644927
0.8040201005025126	0.0024858307070673422
1.206030150753769	0.0017073614241430372
1.6080402010050252	0.0026623095787120764
2.0100502512562817	0.003844899177166982
2.412060301507538	0.004427834261524412
2.814070351758794	0.004174402637951336
3.2160804020100504	0.0032537151681629886
3.6180904522613067	0.0017363301138838953
4.020100502512563	0.0009727584133104317
4.42211055276382	0.002210887393111884
4.824120603015076	0.003555024570877222
5.226130653266332	0.004343963151198038
5.628140703517588	0.004139669225382896
6.030150753768845	0.003522006625654157
6.432160804020101	0.002775960312529974
6.834170854271357	0.0029525365534607668
7.236180904522613	0.004146040416085161
7.63819095477387	0.0053225046913543475
8.040201005025127	0.005888755828423691
8.442211055276383	0.005986520435837311
8.84422110552764	0.005220610819614854
9.246231155778895	0.00374106668908795
9.648241206030152	0.0020854162213062508
10.050251256281408	0.0017310251605766446
10.452261306532664	0.00300668096486674
10.85427135678392	0.004282988478609325
11.256281407035177	0.00523179632729086
11.658291457286433	0.005624044687634208
12.06030150753769	0.0063050720299100945
12.462311557788945	0.007115561988698093
12.864321608040202	0.008391373878861935
13.266331658291458	0.010090940730651267
13.668341708542714	0.01130004975241625
14.07035175879397	0.012214817961653763
14.472361809045227	0.012707623664288853
14.874371859296483	0.0128819004654714
15.27638190954774	0.013378374524906958
15.678391959798995	0.014593502985237056
16.080402010050253	0.01613729284767409
16.48241206030151	0.018387557470405196
16.884422110552766	0.020707618176767553
17.286432160804022	0.022506960350385397
17.68844221105528	0.023644930433490106
18.090452261306535	0.02390331679489915
18.49246231155779	0.022906639406905193
18.894472361809047	0.021173358472125585
19.296482412060303	0.018884309320327437
19.69849246231156	0.017295588410162977
20.100502512562816	0.016625830680566077
20.502512562814072	0.016791783786831202
20.90452261306533	0.01635466224527906
21.306532663316585	0.015705430258271685
21.70854271356784	0.01696908994122755
22.110552763819097	0.020991989535976537
22.512562814070353	0.026671255078143042
22.91457286432161	0.03238647522593446
23.316582914572866	0.03624131380450515
23.718592964824122	0.0377197790033476
24.12060301507538	0.03690865998368983
24.522613065326635	0.03458528863812661
24.92462311557789	0.03221788619065639
25.326633165829147	0.03126379332691475
25.728643216080403	0.031382361171370506
26.13065326633166	0.03172212088180072
26.532663316582916	0.031417899007675665
26.934673366834172	0.029864429368300784
27.33668341708543	0.028582622207917248
27.738693467336685	0.028945701324920282
28.14070351758794	0.03181396037446703
28.542713567839197	0.035806712719438936
28.944723618090453	0.03939044551842333
29.34673366834171	0.04158559617639827
29.748743718592966	0.0421845223670395
30.150753768844222	0.04210733374004233
30.55276381909548	0.04163585290376279
30.954773869346734	0.041485672529008526
31.35678391959799	0.04155044303347969
31.758793969849247	0.04134612071016772
32.16080402010051	0.04067824720713417
32.56281407035176	0.03959784831921492
32.96482412060302	0.03931289327669719
33.366834170854275	0.041092087274212
33.76884422110553	0.045639883487587546
34.17085427135679	0.05220272337645822
34.572864321608044	0.05989958437189504
34.9748743718593	0.0658604050720934
35.37688442211056	0.0695069887070825
35.77889447236181	0.0702483474823828
36.18090452261307	0.06804050093233548
36.582914572864325	0.0637960628411069
36.98492462311558	0.05879223899839786
37.38693467336684	0.054211972109610304
37.788944723618094	0.050824224804944376
38.19095477386935	0.04915517383828365
38.59296482412061	0.04888568147251589
38.99497487437186	0.05017315716154362
39.39698492462312	0.053144604474556746
39.798994974874375	0.057443000746216735
40.20100502512563	0.062328342468996246
40.60301507537689	0.06640770577729228
41.005025125628144	0.0687471229593061
41.4070351758794	0.06857537536611612
41.80904522613066	0.06624525282226232
42.21105527638191	0.0618982431385828
42.61306532663317	0.05693404778265091
43.015075376884425	0.052754012930209385
43.41708542713568	0.05024294885365542
43.81909547738694	0.049767100674936546
44.221105527638194	0.05087095440891563
44.62311557788945	0.05313218138511107
45.02512562814071	0.055829822391143834
45.42713567839196	0.058649053847178424
45.82914572864322	0.060886071964376856
46.231155778894475	0.062453662878710715
46.63316582914573	0.06285197806044926
47.03517587939699	0.06147770448948966
47.437185929648244	0.05852760717151145
47.8391959798995	0.05393768353480246
48.24120603015076	0.04890957612747352
48.64321608040201	0.044490278452155134
49.04522613065327	0.04187820746605535
49.447236180904525	0.041940705713247414
49.84924623115578	0.04444757221413452
50.25125628140704	0.04805419139091999
50.653266331658294	0.05202773061135022
51.05527638190955	0.05553635901380558
51.45728643216081	0.057833185401724406
51.85929648241206	0.05877075254946955
52.26130653266332	0.05835850577104531
52.663316582914575	0.05692236050960977
53.06532663316583	0.05448097813208212
53.46733668341709	0.05107317260551255
53.869346733668344	0.047407401364098746
54.2713567839196	0.044061564335429855
54.67336683417086	0.04221712591192838
55.07537688442211	0.0424948670759404
55.47738693467337	0.04516855181804889
55.879396984924625	0.048837530253611566
56.28140703517588	0.05261964449602182
56.68341708542714	0.05561760322137921
57.085427135678394	0.05684963465572686
57.48743718592965	0.05656488832911842
57.88944723618091	0.055303935370023226
58.29145728643216	0.05362998936830436
58.69346733668342	0.05188321802927061
59.095477386934675	0.050207013982504115
59.49748743718593	0.04829412462245554
59.89949748743719	0.04625518234477389
60.301507537688444	0.0446668413244595
60.7035175879397	0.044409193079016876
61.10552763819096	0.046162379610857986
61.50753768844221	0.049193617520915583
61.90954773869347	0.05254932556437557
62.311557788944725	0.05507696719782338
62.71356783919598	0.05618786412616718
63.11557788944724	0.0558522259739644
63.517587939698494	0.05458210732569304
63.91959798994975	0.05287428928725883
64.32160804020101	0.05168436929542401
64.72361809045226	0.05124507009515792
65.12562814070353	0.05093579868439192
65.52763819095478	0.050559282276987624
65.92964824120604	0.04981466272808144
66.33165829145729	0.04889010944225953
66.73366834170855	0.04903295268460615
67.1356783919598	0.05040324124389285
67.53768844221106	0.052502193830010514
67.93969849246231	0.05492428574446464
68.34170854271358	0.05669509941049432
68.74371859296483	0.05729629336083978
69.14572864321609	0.056826001811602536
69.54773869346734	0.05624241135688505
69.9497487437186	0.055944402954383396
70.35175879396985	0.05582247631104011
70.75376884422111	0.05602519041103783
71.15577889447236	0.055609159972868326
71.55778894472363	0.054860318002389066
71.95979899497488	0.05354505089759687
72.36180904522614	0.05262166002924552
72.76381909547739	0.0523557089986182
73.16582914572865	0.05339474570385453
73.5678391959799	0.05515172719734429
73.96984924623116	0.05725122837493892
74.37185929648241	0.05919104505888351
74.77386934673368	0.06043586163395557
75.17587939698493	0.06105762434504782
75.57788944723619	0.06145853811136753
75.97989949748744	0.06164857424558703
76.3819095477387	0.061341418026273985
76.78391959798995	0.060424325215105004
77.18592964824121	0.058672056552882115
77.58793969849246	0.0562942482256263
77.98994974874373	0.0536241599626671
78.39195979899498	0.05118715043431556
78.79396984924624	0.049782674760907114
79.19597989949749	0.05020225281048533
79.59798994974875	0.05209701676015018
80.0	0.05497911713329843
