0.0	0.019917854102151775
0.4020100502512563	0.018528966442362797
0.8040201005025126	0.014093738090353022
1.206030150753769	0.007386001643894208
1.6080402010050252	0.00013279122525886226
2.0100502512562817	0.007183834262290187
2.412060301507538	0.012478946342925191
2.814070351758794	0.014816967719606586
3.2160804020100504	0.013913586242762444
3.6180904522613067	0.009981811516962267
4.020100502512563	0.0035172234473353206
4.42211055276382	0.004104237545664702
4.824120603015076	0.011647865908558774
5.226130653266332	0.01764976156428325
5.628140703517588	0.020907202365693052
6.030150753768845	0.021004800563692586
6.432160804020101	0.018081543566786023
6.834170854271357	0.012521671704836057
7.236180904522613	0.005503553560053272
7.63819095477387	0.0016991757817315517
8.040201005025127	0.007389087028493673
8.442211055276383	0.010619396613963406
8.84422110552764	0.010575583100050317
9.246231155778895	0.00726349132575905
9.648241206030152	0.0013131157561657536
10.050251256281408	0.006857259970775754
10.452261306532664	0.015294362194775108
10.85427135678392	0.0228107448818916
11.256281407035177	0.027878642315247497
11.658291457286433	0.029922653210287593
12.06030150753769	0.028444289843570985
12.462311557788945	0.024145219978522963
12.864321608040202	0.017720642340641076
13.266331658291458	0.010741800823376958
13.668341708542714	0.005450108727820252
14.07035175879397	0.004999399614466837
14.472361809045227	0.005832040150349506
14.874371859296483	0.004676780728716655
15.27638190954774	0.004590149748578422
15.678391959798995	0.01020134951587869
16.080402010050253	0.01787831251307043
16.48241206030151	0.025565821803988503
16.884422110552766	0.03174167570310368
17.286432160804022	0.035597689690477254
17.68844221105528	0.03646350968581869
18.090452261306535	0.034503504551788924
18.49246231155779	0.03030929806020108
18.894472361809047	0.024873319759374853
19.296482412060303	0.01999399128817431
19.69849246231156	0.01706356985931678
20.100502512562816	0.01601573385390228
20.502512562814072	0.016075954315316887
20.90452261306533	0.016399876729637282
21.306532663316585	0.01814943015022862
21.70854271356784	0.02243656044732662
22.110552763819097	0.028328554274474404
22.512562814070353	0.03431879022728511
22.91457286432161	0.039062372299566814
23.316582914572866	0.04137854153798556
23.718592964824122	0.04111506722775974
24.12060301507538	0.03864759189193705
24.522613065326635	0.034784466142409425
24.92462311557789	0.03089448121297168
25.326633165829147	0.027912471666017995
25.728643216080403	0.026481037629542886
26.13065326633166	0.025821121964942694
26.532663316582916	0.025771816646543443
26.934673366834172	0.026131966963879077
27.33668341708543	0.02779777285287498
27.738693467336685	0.031747891284096455
28.14070351758794	0.03694602799801787
28.542713567839197	0.042391203271401806
28.944723618090453	0.04725190473344799
29.34673366834171	0.05032112673550545
29.748743718592966	0.051491677454227135
30.150753768844222	0.05107265099676296
30.55276381909548	0.04975569044428497
30.954773869346734	0.04810345944671024
31.35678391959799	0.046751745214573245
31.758793969849247	0.04589817060072136
32.16080402010051	0.045488398561513835
32.56281407035176	0.04585891112976937
32.96482412060302	0.04690244898331855
33.366834170854275	0.04940621224444179
33.76884422110553	0.05356448688751603
34.17085427135679	0.0586482785976861
34.572864321608044	0.06403449906298093
34.9748743718593	0.0684347838264472
35.37688442211056	0.07045117526379566
35.77889447236181	0.07000463646627599
36.18090452261307	0.06685203554123005
36.582914572864325	0.061691274093602845
36.98492462311558	0.05534823129184043
37.38693467336684	0.04926343203294813
37.788944723618094	0.04441109242081944
38.19095477386935	0.04124418263723529
38.59296482412061	0.040254027299194306
38.99497487437186	0.041657041452639605
39.39698492462312	0.04601711000647701
39.798994974874375	0.05343117859334238
40.20100502512563	0.06236066773837441
40.60301507537689	0.07040697476090434
41.005025125628144	0.07546909278729706
41.4070351758794	0.07624330774394038
41.80904522613066	0.07234254776480376
42.21105527638191	0.06450612613634626
42.61306532663317	0.05460841025150474
43.015075376884425	0.04474496728701893
43.41708542713568	0.037692658513764465
43.81909547738694	0.03435128305461409
44.221105527638194	0.03427863645616801
44.62311557788945	0.035698352499314204
45.02512562814071	0.03901957394176424
45.42713567839196	0.043919204084379874
45.82914572864322	0.05034071187687152
46.231155778894475	0.056990387940052144
46.63316582914573	0.06230754373223992
47.03517587939699	0.06495450230601035
47.437185929648244	0.06423475975216072
47.8391959798995	0.06042522662587685
48.24120603015076	0.054150027806249834
48.64321608040201	0.04674046846158601
49.04522613065327	0.04001052336053303
49.447236180904525	0.03579171886247933
49.84924623115578	0.034323338813982245
50.25125628140704	0.034601910180423065
50.653266331658294	0.035630035117219294
51.05527638190955	0.03798976085808104
51.45728643216081	0.04208140178717197
51.85929648241206	0.04814669441182089
52.26130653266332	0.05523760042283528
52.663316582914575	0.06171277894688389
53.06532663316583	0.0656811657571779
53.46733668341709	0.06665287027768525
53.869346733668344	0.06395417899332174
54.2713567839196	0.0584466599892283
54.67336683417086	0.05200455325095245
55.07537688442211	0.046095186045396794
55.47738693467337	0.04262199886780475
55.879396984924625	0.041311652871787626
56.28140703517588	0.04141667190209408
56.68341708542714	0.04191685538940467
57.085427135678394	0.04297666318276154
57.48743718592965	0.04560989020163284
57.88944723618091	0.05028065900183968
58.29145728643216	0.05628135471516392
58.69346733668342	0.0620375474149358
59.095477386934675	0.06582769479806787
59.49748743718593	0.06642584674592852
59.89949748743719	0.06380348593816242
60.301507537688444	0.05858769791684054
60.7035175879397	0.05227149040699466
61.10552763819096	0.04689502488384173
61.50753768844221	0.04362642713590918
61.90954773869347	0.04279212285072246
62.311557788944725	0.04338747363887578
62.71356783919598	0.044159431092601835
63.11557788944724	0.04586125886270111
63.517587939698494	0.04892176604493213
63.91959798994975	0.05370528455789316
64.32160804020101	0.059632927749010536
64.72361809045226	0.06516356415342314
65.12562814070353	0.06828797117644245
65.52763819095478	0.068131774102031
65.92964824120604	0.06474934162867968
66.33165829145729	0.058652021624488716
66.73366834170855	0.05156059766425937
67.1356783919598	0.045548467002985885
67.53768844221106	0.042451512103645075
67.93969849246231	0.042361939771498124
68.34170854271358	0.04380242941502829
68.74371859296483	0.04542924590800283
69.14572864321609	0.047183392090138845
69.54773869346734	0.04988414652377492
69.9497487437186	0.05389154740331824
70.35175879396985	0.05856390552970273
70.75376884422111	0.0623029581725034
71.15577889447236	0.06373201235646411
71.55778894472363	0.062008661167960846
71.95979899497488	0.05734840905181478
72.36180904522614	0.05082353600811037
72.76381909547739	0.04427173659821187
73.16582914572865	0.04064200881435951
73.5678391959799	0.040625579876888016
73.96984924623116	0.04319704995632389
74.37185929648241	0.046118225040048824
74.77386934673368	0.04869704434943637
75.17587939698493	0.05061248045900481
75.57788944723619	0.05305682478990638
75.97989949748744	0.056449869779371976
76.3819095477387	0.06036741480781308
76.78391959798995	0.06306002958236054
77.18592964824121	0.06354573064300355
77.58793969849246	0.06091061857941531
77.98994974874373	0.05529948433810579
78.39195979899498	0.04845054380437143
78.79396984924624	0.04269084146115501
79.19597989949749	0.04046583392151984
79.59798994974875	0.04193397611944945
80.0	0.044937462254247204
