0.0	0.010071284146680851
0.4020100502512563	0.011797934805742972
0.8040201005025126	0.0116174704747145
1.206030150753769	0.009649621047423486
1.6080402010050252	0.006535501490713388
2.0100502512562817	0.0031834632420162075
2.412060301507538	0.003226420081144496
2.814070351758794	0.005717677556636722
3.2160804020100504	0.007124651917853414
3.6180904522613067	0.006790644179009495
4.020100502512563	0.004567118701473664
4.42211055276382	0.0013235543725252056
4.824120603015076	0.004117141446633645
5.226130653266332	0.008974997965913329
5.628140703517588	0.013006503403191849
6.030150753768845	0.016232691004477752
6.432160804020101	0.017580119782489856
6.834170854271357	0.016822224748807187
7.236180904522613	0.014823649561309823
7.63819095477387	0.011551724680830575
8.040201005025127	0.007871000801579538
8.442211055276383	0.004970232372563493
8.84422110552764	0.0036908312817579914
9.246231155778895	0.003460619759760166
9.648241206030152	0.003125255443300104
10.050251256281408	0.0035678954434494557
10.452261306532664	0.005821269537870353
10.85427135678392	0.00899664766621522
11.256281407035177	0.012141867535664017
11.658291457286433	0.014089550760386321
12.06030150753769	0.01440212308672439
12.462311557788945	0.012413728090531834
12.864321608040202	0.008580256954267156
13.266331658291458	0.005728968063484785
13.668341708542714	0.007992896513998735
14.07035175879397	0.012001548016669241
14.472361809045227	0.014063158871135887
14.874371859296483	0.012749443543056477
15.27638190954774	0.010466943187977239
15.678391959798995	0.01318356078419446
16.080402010050253	0.019761904393636454
16.48241206030151	0.02554131502934929
16.884422110552766	0.027298077446948253
17.286432160804022	0.0243874567233504
17.68844221105528	0.017873734645405405
18.090452261306535	0.011930510720147832
18.49246231155779	0.010765441612401951
18.894472361809047	0.015138188374847964
19.296482412060303	0.019818474220636907
19.69849246231156	0.022369834071801174
20.100502512562816	0.022243933795030875
20.502512562814072	0.01913818477197918
20.90452261306533	0.016046246914667765
21.306532663316585	0.015144923810115262
21.70854271356784	0.018137595649009686
22.110552763819097	0.023186771157935986
22.512562814070353	0.027281245389987697
22.91457286432161	0.029248650371493
23.316582914572866	0.02895745080094942
23.718592964824122	0.02742848274156487
24.12060301507538	0.026081001569006074
24.522613065326635	0.025542256942339074
24.92462311557789	0.026165256373045585
25.326633165829147	0.02615932782068997
25.728643216080403	0.02423133793852848
26.13065326633166	0.02153759123192963
26.532663316582916	0.01976229945136124
26.934673366834172	0.018741475036796483
27.33668341708543	0.017949767385170283
27.738693467336685	0.01724637202989352
28.14070351758794	0.017900716628057204
28.542713567839197	0.021398978019440792
28.944723618090453	0.02795861128618743
29.34673366834171	0.035398150180161576
29.748743718592966	0.04115331295008155
30.150753768844222	0.04293770720124886
30.55276381909548	0.04142150181426677
30.954773869346734	0.03682508769860424
31.35678391959799	0.02954796817916632
31.758793969849247	0.021827870176361695
32.16080402010051	0.014674409884006739
32.56281407035176	0.009010370290828965
32.96482412060302	0.006577232907105654
33.366834170854275	0.00881365815878712
33.76884422110553	0.015507411710983318
34.17085427135679	0.023089263763621786
34.572864321608044	0.030161733409751174
34.9748743718593	0.03602368351619392
35.37688442211056	0.03918962217934033
35.77889447236181	0.03975005256747577
36.18090452261307	0.03868133953278936
36.582914572864325	0.03568581450963271
36.98492462311558	0.032418201029758086
37.38693467336684	0.028831923350598355
37.788944723618094	0.025777496090872532
38.19095477386935	0.02335047600895531
38.59296482412061	0.02350025356889578
38.99497487437186	0.027446466578530244
39.39698492462312	0.03284178655294579
39.798994974874375	0.03808179153824419
40.20100502512563	0.041902530075547485
40.60301507537689	0.04240757219428462
41.005025125628144	0.039919065404045065
41.4070351758794	0.035254792700838374
41.80904522613066	0.02985131414857741
42.21105527638191	0.0251288125120404
42.61306532663317	0.023052285779771534
43.015075376884425	0.023061174479672156
43.41708542713568	0.02460297353011528
43.81909547738694	0.027351101012784273
44.221105527638194	0.030618922086779306
44.62311557788945	0.035363941489173545
45.02512562814071	0.03948113852781963
45.42713567839196	0.04286875992839788
45.82914572864322	0.044654709408432275
46.231155778894475	0.0443327591141142
46.63316582914573	0.04224402043833218
47.03517587939699	0.03818224278802932
47.437185929648244	0.03266297456488864
47.8391959798995	0.026351053378539692
48.24120603015076	0.020927294130230405
48.64321608040201	0.017991910489679054
49.04522613065327	0.017898956072670173
49.447236180904525	0.018970511467286323
49.84924623115578	0.020048949482320142
50.25125628140704	0.021379685347392843
50.653266331658294	0.023443380744328012
51.05527638190955	0.025607429632826063
51.45728643216081	0.027359565670406788
51.85929648241206	0.027251061109553547
52.26130653266332	0.025254445560044764
52.663316582914575	0.021527215040396175
53.06532663316583	0.018038172034691182
53.46733668341709	0.017728438958653347
53.869346733668344	0.02117998846944049
54.2713567839196	0.025033083725310563
54.67336683417086	0.02715322902795216
55.07537688442211	0.026559118860311
55.47738693467337	0.022719118941774794
55.879396984924625	0.0169684732679507
56.28140703517588	0.010159219888326718
56.68341708542714	0.0037141950773197097
57.085427135678394	0.0015646858489101318
57.48743718592965	0.004349485057890757
57.88944723618091	0.005805731472106453
58.29145728643216	0.007923924574525927
58.69346733668342	0.012946353092580493
59.095477386934675	0.02005731552849125
59.49748743718593	0.02758098850056785
59.89949748743719	0.034753806779515145
60.301507537688444	0.03955338345136598
60.7035175879397	0.041446745203354826
61.10552763819096	0.039924433023851
61.50753768844221	0.03510864723344935
61.90954773869347	0.027527389646325708
62.311557788944725	0.01957586100348963
62.71356783919598	0.011949623443371651
63.11557788944724	0.007391649414825602
63.517587939698494	0.00640779116427756
63.91959798994975	0.008064184203908035
64.32160804020101	0.012202251173847935
64.72361809045226	0.019213030919811788
65.12562814070353	0.027553040398774542
65.52763819095478	0.03494909920010048
65.92964824120604	0.04067148693838968
66.33165829145729	0.043093751173421124
66.73366834170855	0.04170984772388824
67.1356783919598	0.036715502325083985
67.53768844221106	0.0294382270154405
67.93969849246231	0.02143230102988618
68.34170854271358	0.01435706658042583
68.74371859296483	0.010316189629963394
69.14572864321609	0.010070583843470033
69.54773869346734	0.012156517486633187
69.9497487437186	0.01666102624296527
70.35175879396985	0.023557849721696347
70.75376884422111	0.03176045353705291
71.15577889447236	0.03966206509494895
71.55778894472363	0.04570793962307751
71.95979899497488	0.048917308938359785
72.36180904522614	0.04798038439290429
72.76381909547739	0.043183702759253983
73.16582914572865	0.035740035736712854
73.5678391959799	0.026642027263356564
73.96984924623116	0.01765792538647083
74.37185929648241	0.010251552357518564
74.77386934673368	0.006522679088340998
75.17587939698493	0.006853075982032862
75.57788944723619	0.010419522527900172
75.97989949748744	0.016713143312661074
76.3819095477387	0.024578378853608664
76.78391959798995	0.032424652040434196
77.18592964824121	0.03839342205212873
77.58793969849246	0.041148633545380335
77.98994974874373	0.03980660243814845
78.39195979899498	0.03433831278630229
78.79396984924624	0.02506214889302546
79.19597989949749	0.013828559842992702
79.59798994974875	0.0027766990173452447
80.0	0.00878178973684323
