0.0	0.03188609684228534
0.4020100502512563	0.029275579198263475
0.8040201005025126	0.021840832416290267
1.206030150753769	0.01108741348033806
1.6080402010050252	0.0023785022673327794
2.0100502512562817	0.012778850093160923
2.412060301507538	0.021018898127106465
2.814070351758794	0.024703298537872585
3.2160804020100504	0.023240498883155276
3.6180904522613067	0.01666033060151146
4.020100502512563	0.006227642368036768
4.42211055276382	0.006280692461488597
4.824120603015076	0.018372594561776177
5.226130653266332	0.02810043491109049
5.628140703517588	0.03361028072182482
6.030150753768845	0.03397980360722109
6.432160804020101	0.02944765996422183
6.834170854271357	0.020825272087265832
7.236180904522613	0.009949772481999821
7.63819095477387	0.004326002998230776
8.040201005025127	0.012164026477080637
8.442211055276383	0.017572772303589744
8.84422110552764	0.018067016299013666
9.246231155778895	0.013668330810187859
9.648241206030152	0.004794163460526968
10.050251256281408	0.00800407908012657
10.452261306532664	0.020828352146610555
10.85427135678392	0.0327381686324774
11.256281407035177	0.041292593648748724
11.658291457286433	0.04484798384296113
12.06030150753769	0.04366546461470662
12.462311557788945	0.0378038769608157
12.864321608040202	0.028217760692351934
13.266331658291458	0.016408306324536027
13.668341708542714	0.005567448473698711
14.07035175879397	0.00636843074931636
14.472361809045227	0.011181862993828727
14.874371859296483	0.012050869463290148
15.27638190954774	0.009741793188233006
15.678391959798995	0.008834057330292945
16.080402010050253	0.014172430054441614
16.48241206030151	0.021315566045493096
16.884422110552766	0.02835338449273212
17.286432160804022	0.03593252435048986
17.68844221105528	0.043613427449613856
18.090452261306535	0.04982187740393669
18.49246231155779	0.05419639737029246
18.894472361809047	0.0552047632166079
19.296482412060303	0.052392668778384055
19.69849246231156	0.04594699487512721
20.100502512562816	0.03894114971724669
20.502512562814072	0.033076574213976716
20.90452261306533	0.03206060819289786
21.306532663316585	0.03463730750685767
21.70854271356784	0.03986210594971152
22.110552763819097	0.04509552642254809
22.512562814070353	0.04921899319439174
22.91457286432161	0.05248242357747747
23.316582914572866	0.054074858335581254
23.718592964824122	0.05450363626250952
24.12060301507538	0.0542842717468172
24.522613065326635	0.054084133999940644
24.92462311557789	0.05319784841478855
25.326633165829147	0.051152888901715585
25.728643216080403	0.048051038180958225
26.13065326633166	0.04374928338294924
26.532663316582916	0.04017008219880054
26.934673366834172	0.039071814231411595
27.33668341708543	0.04122717754651713
27.738693467336685	0.045016078339961844
28.14070351758794	0.04874050028360012
28.542713567839197	0.050486174951242746
28.944723618090453	0.05021870346842193
29.34673366834171	0.04802776903720461
29.748743718592966	0.045080684818935325
30.150753768844222	0.04488862444955197
30.55276381909548	0.048256602371728526
30.954773869346734	0.05342608881714095
31.35678391959799	0.05748186594082695
31.758793969849247	0.058765587489132576
32.16080402010051	0.055454192600459695
32.56281407035176	0.04828465838823992
32.96482412060302	0.040244922442840676
33.366834170854275	0.03381046374899554
33.76884422110553	0.03156971663943121
34.17085427135679	0.03200508620856253
34.572864321608044	0.03263799059157274
34.9748743718593	0.032543970120069605
35.37688442211056	0.03418885898938277
35.77889447236181	0.03946126600449655
36.18090452261307	0.04803595053058823
36.582914572864325	0.05642670475596747
36.98492462311558	0.062236689467503936
37.38693467336684	0.06438087795495798
37.788944723618094	0.06160236967559492
38.19095477386935	0.0549321206330232
38.59296482412061	0.04502829300895086
38.99497487437186	0.0345819667574331
39.39698492462312	0.02570360182776904
39.798994974874375	0.01939488612154639
40.20100502512563	0.017188848315033263
40.60301507537689	0.01769624996348152
41.005025125628144	0.020668668447238286
41.4070351758794	0.029116629134424456
41.80904522613066	0.04130349066645016
42.21105527638191	0.0543583686957609
42.61306532663317	0.06534111478670984
43.015075376884425	0.07211478871710533
43.41708542713568	0.07312967603957289
43.81909547738694	0.06871615134064765
44.221105527638194	0.05992206719164374
44.62311557788945	0.047783694525412854
45.02512562814071	0.03520159912673508
45.42713567839196	0.024292593373751538
45.82914572864322	0.017301664860065007
46.231155778894475	0.014824801242915927
46.63316582914573	0.017527778651332385
47.03517587939699	0.025244314971133535
47.437185929648244	0.03644510367438821
47.8391959798995	0.04958194735997077
48.24120603015076	0.06209408359217387
48.64321608040201	0.07247750534022086
49.04522613065327	0.07870613660433051
49.447236180904525	0.07977848789935583
49.84924623115578	0.075630845347859
50.25125628140704	0.06705339943988642
50.653266331658294	0.054834308598642814
51.05527638190955	0.041726238201438184
51.45728643216081	0.030243060633668016
51.85929648241206	0.02294119560431567
52.26130653266332	0.02145272071543132
52.663316582914575	0.02439411102264006
53.06532663316583	0.03158282961052883
53.46733668341709	0.042205598563521934
53.869346733668344	0.0544395516840399
54.2713567839196	0.06592931141392568
54.67336683417086	0.07423576481390191
55.07537688442211	0.07762886827322851
55.47738693467337	0.07596155379583219
55.879396984924625	0.06949985264392194
56.28140703517588	0.059644069168710165
56.68341708542714	0.04845400575236118
57.085427135678394	0.03857790233070967
57.48743718592965	0.03262163758053309
57.88944723618091	0.030928417867569218
58.29145728643216	0.03217102169870929
58.69346733668342	0.03475684078587531
59.095477386934675	0.038949342531684965
59.49748743718593	0.04559897888952927
59.89949748743719	0.05358905372208407
60.301507537688444	0.0608996146798355
60.7035175879397	0.06592551222827948
61.10552763819096	0.0667931050224419
61.50753768844221	0.06337058938323196
61.90954773869347	0.05601598619416052
62.311557788944725	0.04691725854292915
62.71356783919598	0.03819324861166526
63.11557788944724	0.03325924081436563
63.517587939698494	0.03319060269398602
63.91959798994975	0.035144575613864235
64.32160804020101	0.036767702656053954
64.72361809045226	0.03759968123183348
65.12562814070353	0.03910695019414925
65.52763819095478	0.04241578505089452
65.92964824120604	0.04726563958680404
66.33165829145729	0.05197221934182691
66.73366834170855	0.05440778684252197
67.1356783919598	0.05358355706093225
67.53768844221106	0.04944765548801041
67.93969849246231	0.04320990763647216
68.34170854271358	0.0377190333606436
68.74371859296483	0.03562804063065045
69.14572864321609	0.037618864607112994
69.54773869346734	0.04123213561460761
69.9497487437186	0.043508728932205636
70.35175879396985	0.04381478001078715
70.75376884422111	0.0426665898410719
71.15577889447236	0.0417418229637484
71.55778894472363	0.04287517104367221
71.95979899497488	0.045689962960817856
72.36180904522614	0.04870861120318829
72.76381909547739	0.05029040616518062
73.16582914572865	0.04923708824978299
73.5678391959799	0.04610864400120317
73.96984924623116	0.04219061766728251
74.37185929648241	0.03989581770647959
74.77386934673368	0.04149442451054943
75.17587939698493	0.04583174422332051
75.57788944723619	0.05016043367632618
75.97989949748744	0.052353059352408304
76.3819095477387	0.051405102500787225
76.78391959798995	0.048227453414546165
77.18592964824121	0.04427733819849343
77.58793969849246	0.041622346873580005
77.98994974874373	0.04141302190422659
78.39195979899498	0.0423250762982783
78.79396984924624	0.04251550509061506
79.19597989949749	0.040922690788202834
79.59798994974875	0.03806081106283421
80.0	0.03674849220386027
