0.0	0.04717290889210006
0.4020100502512563	0.04391782968881093
0.8040201005025126	0.03334253437161889
1.206030150753769	0.018035998573187058
1.6080402010050252	0.006243679725995175
2.0100502512562817	0.019146115772658578
2.412060301507538	0.031225883046708935
2.814070351758794	0.03696554595483039
3.2160804020100504	0.034956402402754154
3.6180904522613067	0.025359056085816734
4.020100502512563	0.010393862435712367
4.42211055276382	0.009041461129124111
4.824120603015076	0.026490088825045825
5.226130653266332	0.040587854467473254
5.628140703517588	0.048565027223634524
6.030150753768845	0.048985857219577565
6.432160804020101	0.04176761671419217
6.834170854271357	0.02889488569104896
7.236180904522613	0.014208712113540505
7.63819095477387	0.012087343179388498
8.040201005025127	0.023256780125841803
8.442211055276383	0.03076475186481608
8.84422110552764	0.031321524386267965
9.246231155778895	0.024109136081201812
9.648241206030152	0.010247125402400128
10.050251256281408	0.008181472117414714
10.452261306532664	0.0272940195758277
10.85427135678392	0.04415905482499537
11.256281407035177	0.05577571127370583
11.658291457286433	0.06010611821822733
12.06030150753769	0.056980293928267124
12.462311557788945	0.04716304327770414
12.864321608040202	0.033014721392883466
13.266331658291458	0.01892344143406343
13.668341708542714	0.013473946114735433
14.07035175879397	0.018021347152092818
14.472361809045227	0.020346443845935463
14.874371859296483	0.016029206762359954
15.27638190954774	0.006108993233148978
15.678391959798995	0.014518773104640675
16.080402010050253	0.03401420585780666
16.48241206030151	0.05320626659156726
16.884422110552766	0.06854982136497623
17.286432160804022	0.07793000093021926
17.68844221105528	0.07950256763630528
18.090452261306535	0.0738752817014677
18.49246231155779	0.06204886588563095
18.894472361809047	0.04685403106641586
19.296482412060303	0.03138927780194274
19.69849246231156	0.01990134243489149
20.100502512562816	0.015399320520186343
20.502512562814072	0.01419971319314323
20.90452261306533	0.01068134382890143
21.306532663316585	0.00955912135762174
21.70854271356784	0.020852666389113907
22.110552763819097	0.037302434411657384
22.512562814070353	0.05403472676073171
22.91457286432161	0.06784313304914999
23.316582914572866	0.07614336324305024
23.718592964824122	0.07776360970944583
24.12060301507538	0.07253418759303817
24.522613065326635	0.06171805237172697
24.92462311557789	0.047721404663603376
25.326633165829147	0.033643483625662
25.728643216080403	0.023191200489983698
26.13065326633166	0.01779955958447852
26.532663316582916	0.014576857465300566
26.934673366834172	0.009440529194544363
27.33668341708543	0.007525769680212156
27.738693467336685	0.01953161887296983
28.14070351758794	0.03537360091102108
28.542713567839197	0.05044948847523493
28.944723618090453	0.06230439159077239
29.34673366834171	0.0689957014941664
29.748743718592966	0.06906464186736824
30.150753768844222	0.0634090478407681
30.55276381909548	0.05255545101852514
30.954773869346734	0.03861630684540916
31.35678391959799	0.024549735918413307
31.758793969849247	0.013894257013327017
32.16080402010051	0.009211827656860754
32.56281407035176	0.007106806233962699
32.96482412060302	0.0019113352346984548
33.366834170854275	0.009424155538889797
33.76884422110553	0.02304824666090894
34.17085427135679	0.037753760172518976
34.572864321608044	0.05079739846575258
34.9748743718593	0.060147458645995286
35.37688442211056	0.0646366519060002
35.77889447236181	0.06342192935786549
36.18090452261307	0.057126454180228846
36.582914572864325	0.04703679944554136
36.98492462311558	0.03465920957947924
37.38693467336684	0.022159257803530705
37.788944723618094	0.011452750031920035
38.19095477386935	0.005483127348771366
38.59296482412061	0.008122104619389562
38.99497487437186	0.01440219362232159
39.39698492462312	0.02332762008440286
39.798994974874375	0.03427360202134576
40.20100502512563	0.04612210245778388
40.60301507537689	0.05657740943689218
41.005025125628144	0.06437269420198842
41.4070351758794	0.06793285171008209
41.80904522613066	0.0668834827851134
42.21105527638191	0.06118587692802285
42.61306532663317	0.051786570837852895
43.015075376884425	0.039864152174538876
43.41708542713568	0.028104836610037993
43.81909547738694	0.019722956373833034
44.221105527638194	0.0172417631501176
44.62311557788945	0.01950458067247037
45.02512562814071	0.02500599012315765
45.42713567839196	0.033635557421015094
45.82914572864322	0.045725916935818386
46.231155778894475	0.05924148742014731
46.63316582914573	0.07204118507982396
47.03517587939699	0.0818023220567711
47.437185929648244	0.08682866320495727
47.8391959798995	0.08594793561408058
48.24120603015076	0.07934432300952386
48.64321608040201	0.06832847144782564
49.04522613065327	0.055274951920369894
49.447236180904525	0.04321956706918056
49.84924623115578	0.0349081281564996
50.25125628140704	0.032124870517324634
50.653266331658294	0.03467890328909239
51.05527638190955	0.042383523556075636
51.45728643216081	0.053855560750409745
51.85929648241206	0.06697846018565308
52.26130653266332	0.0795938349551228
52.663316582914575	0.08926246811683759
53.06532663316583	0.09390624904308616
53.46733668341709	0.09302397100994304
53.869346733668344	0.08684034500231039
54.2713567839196	0.07633136013096141
54.67336683417086	0.06364548510229492
55.07537688442211	0.05073633974743742
55.47738693467337	0.03978996224051989
55.879396984924625	0.03282940214094646
56.28140703517588	0.031135276166920023
56.68341708542714	0.034696598563374884
57.085427135678394	0.04213003621570262
57.48743718592965	0.05215493896862805
57.88944723618091	0.0629352588739743
58.29145728643216	0.07274511457969482
58.69346733668342	0.07968881604890451
59.095477386934675	0.08268036457007623
59.49748743718593	0.08098879600999952
59.89949748743719	0.0744949333732873
60.301507537688444	0.06411216488405798
60.7035175879397	0.051581908565530264
61.10552763819096	0.03912889952776714
61.50753768844221	0.028778638038148462
61.90954773869347	0.022304066416734856
62.311557788944725	0.020860435928413627
62.71356783919598	0.025310819621528945
63.11557788944724	0.0349102886269307
63.517587939698494	0.04742497514981732
63.91959798994975	0.06034665872652759
64.32160804020101	0.07149333013840166
64.72361809045226	0.07869028558441511
65.12562814070353	0.08084636691178405
65.52763819095478	0.0774043294952188
65.92964824120604	0.06958225425918355
66.33165829145729	0.05868880904763134
66.73366834170855	0.047147767581892625
67.1356783919598	0.036997571404456815
67.53768844221106	0.02967464522306646
67.93969849246231	0.025621872522374595
68.34170854271358	0.025156497144577118
68.74371859296483	0.029793688880172392
69.14572864321609	0.039592188727308165
69.54773869346734	0.05191572163043743
69.9497487437186	0.06409889000057041
70.35175879396985	0.07389595738403779
70.75376884422111	0.07921946822991341
71.15577889447236	0.07959541275170127
71.55778894472363	0.07533687998367689
71.95979899497488	0.06755640133962357
72.36180904522614	0.05812221477189977
72.76381909547739	0.04910863415186261
73.16582914572865	0.04187599619106987
73.5678391959799	0.037290700622080404
73.96984924623116	0.03518073595904149
74.37185929648241	0.03586409898000876
74.77386934673368	0.040353082702322976
75.17587939698493	0.04886667510226401
75.57788944723619	0.05949502420530278
75.97989949748744	0.06978409732718661
76.3819095477387	0.07747679137725384
76.78391959798995	0.08126754537388856
77.18592964824121	0.08063465058531069
77.58793969849246	0.07634880112672489
77.98994974874373	0.06938201330024127
78.39195979899498	0.061522089039326364
78.79396984924624	0.05430733442721099
79.19597989949749	0.04868496549745761
79.59798994974875	0.04462896336588601
80.0	0.0425779400195313
