0.0	0.014124028091121541
0.4020100502512563	0.01137874414077655
0.8040201005025126	0.007303316728141879
1.206030150753769	0.003787931383419536
1.6080402010050252	0.006097869650587277
2.0100502512562817	0.009887531579740682
2.412060301507538	0.012228466416602572
2.814070351758794	0.012676145130583846
3.2160804020100504	0.010636425105071557
3.6180904522613067	0.006698336195947856
4.020100502512563	0.0014756543885645866
4.42211055276382	0.0038381803340496825
4.824120603015076	0.008336470847900812
5.226130653266332	0.011195554213835364
5.628140703517588	0.012142706259802736
6.030150753768845	0.010699551251495016
6.432160804020101	0.007899687516869189
6.834170854271357	0.006508751835465873
7.236180904522613	0.00861853536858195
7.63819095477387	0.012443389855999326
8.040201005025127	0.015375317592847012
8.442211055276383	0.01646418508216501
8.84422110552764	0.015401787664852474
9.246231155778895	0.012295130455921652
9.648241206030152	0.00819035784284971
10.050251256281408	0.005923587785590672
10.452261306532664	0.008367095146341194
10.85427135678392	0.01186064605985658
11.256281407035177	0.014680494021713768
11.658291457286433	0.015613175565632246
12.06030150753769	0.015338311360258455
12.462311557788945	0.014488637621005033
12.864321608040202	0.014275164965664925
13.266331658291458	0.015411511568572869
13.668341708542714	0.01726808753105806
14.07035175879397	0.018414658681971084
14.472361809045227	0.01834765397978604
14.874371859296483	0.016847081940141128
15.27638190954774	0.014588168970170925
15.678391959798995	0.012615524594159235
16.080402010050253	0.011682046295350974
16.48241206030151	0.011916524959044128
16.884422110552766	0.012989246363336728
17.286432160804022	0.013964003204970746
17.68844221105528	0.014603027810564509
18.090452261306535	0.01531050745766388
18.49246231155779	0.016360354462229512
18.894472361809047	0.018211148902201733
19.296482412060303	0.02029569098273691
19.69849246231156	0.02216084999811169
20.100502512562816	0.02289500376489911
20.502512562814072	0.022658849343941537
20.90452261306533	0.021089894439052546
21.306532663316585	0.01855356683987532
21.70854271356784	0.01619977388124789
22.110552763819097	0.014787053255852178
22.512562814070353	0.014711857864221373
22.91457286432161	0.015354710040349356
23.316582914572866	0.015803381800420638
23.718592964824122	0.015637235742025087
24.12060301507538	0.015163558040208396
24.522613065326635	0.015447554576799855
24.92462311557789	0.016923186038505567
25.326633165829147	0.01949236079970554
25.728643216080403	0.021897246700074237
26.13065326633166	0.023390798589482897
26.532663316582916	0.023244113181948137
26.934673366834172	0.021571428773676564
27.33668341708543	0.018686199568578348
27.738693467336685	0.015330089103868707
28.14070351758794	0.013115874826378285
28.542713567839197	0.012367765109447456
28.944723618090453	0.012839737022455357
29.34673366834171	0.013207283725672406
29.748743718592966	0.013613231706381845
30.150753768844222	0.01394144850976375
30.55276381909548	0.015271703237551424
30.954773869346734	0.018098249989305416
31.35678391959799	0.02168651773919711
31.758793969849247	0.024850478915298593
32.16080402010051	0.0267920970369594
32.56281407035176	0.026940286655912117
32.96482412060302	0.025294724648734456
33.366834170854275	0.02214894206722701
33.76884422110553	0.018410721436476124
34.17085427135679	0.015002979843190458
34.572864321608044	0.013060113126350595
34.9748743718593	0.012594033168764845
35.37688442211056	0.012423514429910165
35.77889447236181	0.012194641080114877
36.18090452261307	0.01246769678153495
36.582914572864325	0.014185220932467154
36.98492462311558	0.01756016645421764
37.38693467336684	0.021421072806746176
37.788944723618094	0.02439364229565206
38.19095477386935	0.025834075699774566
38.59296482412061	0.02554153643216453
38.99497487437186	0.023778951734857973
39.39698492462312	0.021379644839145253
39.798994974874375	0.019380252428332613
40.20100502512563	0.018698231015731297
40.60301507537689	0.018756131429479385
41.005025125628144	0.018765323007265414
41.4070351758794	0.01778720418584006
41.80904522613066	0.01619592977995114
42.21105527638191	0.015223977002451716
42.61306532663317	0.016254810658662716
43.015075376884425	0.01923960743142424
43.41708542713568	0.022872057189959025
43.81909547738694	0.02565190479320207
44.221105527638194	0.02697939437326542
44.62311557788945	0.027049215258034127
45.02512562814071	0.02567842936810864
45.42713567839196	0.023884031491305458
45.82914572864322	0.021832645868713717
46.231155778894475	0.019918367610063638
46.63316582914573	0.017728735608414654
47.03517587939699	0.015693709312239786
47.437185929648244	0.013789845146838467
47.8391959798995	0.012887650959150962
48.24120603015076	0.013990843678114432
48.64321608040201	0.016822590110439333
49.04522613065327	0.02088549462342223
49.447236180904525	0.024738442247630353
49.84924623115578	0.027830064299713343
50.25125628140704	0.029719412576551297
50.653266331658294	0.030335742097650453
51.05527638190955	0.02959955294995873
51.45728643216081	0.028143260835397234
51.85929648241206	0.025869731502088496
52.26130653266332	0.02369082101859104
52.663316582914575	0.021557263528832714
53.06532663316583	0.01978821274113391
53.46733668341709	0.019077066704240885
53.869346733668344	0.019694308815008877
54.2713567839196	0.021923315453798192
54.67336683417086	0.025124967352079274
55.07537688442211	0.028607971212127353
55.47738693467337	0.03166884281017189
55.879396984924625	0.03413786161096983
56.28140703517588	0.03509043592626028
56.68341708542714	0.035093590820411975
57.085427135678394	0.03409510425260598
57.48743718592965	0.032150069836103405
57.88944723618091	0.0292366882883738
58.29145728643216	0.02630693493821204
58.69346733668342	0.024077127791864994
59.095477386934675	0.02284577801141025
59.49748743718593	0.023031426243476573
59.89949748743719	0.024889840237966004
60.301507537688444	0.0284175572294579
60.7035175879397	0.032925841191350724
61.10552763819096	0.03782398393450629
61.50753768844221	0.04246967413605792
61.90954773869347	0.045955258025500836
62.311557788944725	0.04810240525153866
62.71356783919598	0.0483841125784111
63.11557788944724	0.04703166600856856
63.517587939698494	0.04474831504108315
63.91959798994975	0.04196493907448075
64.32160804020101	0.03924010602235857
64.72361809045226	0.03759441172986415
65.12562814070353	0.037354382198250144
65.52763819095478	0.038736034115103894
65.92964824120604	0.04173300639149397
66.33165829145729	0.046484018334219876
66.73366834170855	0.05216919902939147
67.1356783919598	0.05840525020720363
67.53768844221106	0.06406704778762624
67.93969849246231	0.06871916486379573
68.34170854271358	0.07160990291447214
68.74371859296483	0.07239615646040251
69.14572864321609	0.07108801138215765
69.54773869346734	0.06807951176934238
69.9497487437186	0.06400307432218978
70.35175879396985	0.05907582856862196
70.75376884422111	0.05415066626043981
71.15577889447236	0.04968541310202524
71.55778894472363	0.046412541587153334
71.95979899497488	0.04485578442498916
72.36180904522614	0.04568488649054804
72.76381909547739	0.049104708819360916
73.16582914572865	0.05465772710812868
73.5678391959799	0.061588879180545876
73.96984924623116	0.06813087721059521
74.37185929648241	0.07320871313552631
74.77386934673368	0.07558059562296685
75.17587939698493	0.07456765787392375
75.57788944723619	0.07031812106040478
75.97989949748744	0.06348150886084328
76.3819095477387	0.054900820848134316
76.78391959798995	0.046172258917020384
77.18592964824121	0.03853474284014019
77.58793969849246	0.03334465604986214
77.98994974874373	0.03180230238797778
78.39195979899498	0.034169966851182745
78.79396984924624	0.0397410038282304
79.19597989949749	0.04745757539049865
79.59798994974875	0.05545244036575121
80.0	0.062087048737089645
