0.0	0.009414506544594803
0.4020100502512563	0.005844188369609577
0.8040201005025126	0.0023046713376421034
1.206030150753769	0.004060988784344861
1.6080402010050252	0.007443581985680769
2.0100502512562817	0.009377976543285392
2.412060301507538	0.00986232082114255
2.814070351758794	0.008585486914614493
3.2160804020100504	0.005698565526265567
3.6180904522613067	0.002235251165068566
4.020100502512563	0.0023517246662444436
4.42211055276382	0.005625539715010202
4.824120603015076	0.0074937027159670076
5.226130653266332	0.007938419870176194
5.628140703517588	0.006572499771608035
6.030150753768845	0.004002381149611512
6.432160804020101	0.0030516015072027283
6.834170854271357	0.006343531944043258
7.236180904522613	0.01000976918171698
7.63819095477387	0.012875623347474868
8.040201005025127	0.014059365716004116
8.442211055276383	0.013291485825582313
8.84422110552764	0.010867220584368077
9.246231155778895	0.0070748053423885906
9.648241206030152	0.0027064727461623157
10.050251256281408	0.0014762632826384923
10.452261306532664	0.00469157077799451
10.85427135678392	0.006638712115219557
11.256281407035177	0.006973994672802265
11.658291457286433	0.005661484534361659
12.06030150753769	0.00431430222189172
12.462311557788945	0.004724201865918071
12.864321608040202	0.007037963515996774
13.266331658291458	0.00949313927809283
13.668341708542714	0.010769209378158538
14.07035175879397	0.010633890729429473
14.472361809045227	0.009202151200050152
14.874371859296483	0.006586927624682803
15.27638190954774	0.003601458124558058
15.678391959798995	0.0021686805011360845
16.080402010050253	0.004503338389318623
16.48241206030151	0.00706265135097686
16.884422110552766	0.009119669924400607
17.286432160804022	0.010716760329622516
17.68844221105528	0.011607647886955548
18.090452261306535	0.011900751883458665
18.49246231155779	0.011556006185165387
18.894472361809047	0.010970070598734009
19.296482412060303	0.010006551757170365
19.69849246231156	0.008933355778730433
20.100502512562816	0.007471193897785731
20.502512562814072	0.006613335341298624
20.90452261306533	0.007010071214977759
21.306532663316585	0.009357382665956555
21.70854271356784	0.012597193835036255
22.110552763819097	0.016131387575004742
22.512562814070353	0.01912093369049388
22.91457286432161	0.021195841007670906
23.316582914572866	0.02203395539705854
23.718592964824122	0.021798249390635956
24.12060301507538	0.020750044669520247
24.522613065326635	0.019152378056216928
24.92462311557789	0.017369873262508443
25.326633165829147	0.01590735622327055
25.728643216080403	0.01537608525874734
26.13065326633166	0.015343913916609057
26.532663316582916	0.016521487014703535
26.934673366834172	0.018950618490201597
27.33668341708543	0.02211949159043482
27.738693467336685	0.025422415858821396
28.14070351758794	0.02829585518794911
28.542713567839197	0.030332285207586795
28.944723618090453	0.03138690922210304
29.34673366834171	0.03180254833263038
29.748743718592966	0.03174874658419
30.150753768844222	0.031382206018426055
30.55276381909548	0.03105297262829383
30.954773869346734	0.030890737903970057
31.35678391959799	0.03079890088294344
31.758793969849247	0.031065305371128265
32.16080402010051	0.03200384819174061
32.56281407035176	0.03323744546495854
32.96482412060302	0.034707254999995205
33.366834170854275	0.03661698683602398
33.76884422110553	0.03857728600332756
34.17085427135679	0.04045962327838845
34.572864321608044	0.041980820805045234
34.9748743718593	0.04313915893699167
35.37688442211056	0.04412135510708982
35.77889447236181	0.04487786151983026
36.18090452261307	0.04571064026571253
36.582914572864325	0.047008914267307904
36.98492462311558	0.04891727274758013
37.38693467336684	0.050960097038633
37.788944723618094	0.05317942376948398
38.19095477386935	0.05476098446420367
38.59296482412061	0.056241203604499045
38.99497487437186	0.057658530667442455
39.39698492462312	0.05883203922077723
39.798994974874375	0.060016768172917
40.20100502512563	0.06124891917893299
40.60301507537689	0.06249978852548872
41.005025125628144	0.06361399922441376
41.4070351758794	0.06468056861242706
41.80904522613066	0.06522004337529837
42.21105527638191	0.06529723563188751
42.61306532663317	0.06451331909794136
43.015075376884425	0.06292576041814844
43.41708542713568	0.061065153800799396
43.81909547738694	0.05888166157926482
44.221105527638194	0.057071277781827315
44.62311557788945	0.05591038307216163
45.02512562814071	0.055811640402013474
45.42713567839196	0.05654682853875069
45.82914572864322	0.05783847942426459
46.231155778894475	0.059428818169261696
46.63316582914573	0.060625614953490524
47.03517587939699	0.0614842473663287
47.437185929648244	0.06133902421477453
47.8391959798995	0.06065275486134586
48.24120603015076	0.05917021075971314
48.64321608040201	0.05735843521985057
49.04522613065327	0.055149916998072104
49.447236180904525	0.05290280861501595
49.84924623115578	0.05106330957934764
50.25125628140704	0.04985035996909405
50.653266331658294	0.049670009930099554
51.05527638190955	0.05052676970827855
51.45728643216081	0.052230746656830564
51.85929648241206	0.054472053191494854
52.26130653266332	0.056731318093692126
52.663316582914575	0.058386347396880846
53.06532663316583	0.05920801585290385
53.46733668341709	0.059056958649869686
53.869346733668344	0.05749208778340351
54.2713567839196	0.05506988183923661
54.67336683417086	0.052292442154717234
55.07537688442211	0.04964984465660451
55.47738693467337	0.04774764838552911
55.879396984924625	0.046588847216637266
56.28140703517588	0.04680483942577265
56.68341708542714	0.048421290858309825
57.085427135678394	0.051126707056443524
57.48743718592965	0.0542260471562497
57.88944723618091	0.05736212140214599
58.29145728643216	0.0596498411999075
58.69346733668342	0.0604418197287405
59.095477386934675	0.06003424924254962
59.49748743718593	0.05829045118008743
59.89949748743719	0.05565899313273134
60.301507537688444	0.05288877646079247
60.7035175879397	0.05054605196660487
61.10552763819096	0.04907437068154615
61.50753768844221	0.04873359045784241
61.90954773869347	0.04914306770529385
62.311557788944725	0.05048451923583436
62.71356783919598	0.052589458498999896
63.11557788944724	0.05505818742282846
63.517587939698494	0.0573626611221487
63.91959798994975	0.0592461104652799
64.32160804020101	0.06008308379221272
64.72361809045226	0.05968323805419244
65.12562814070353	0.05800943936967741
65.52763819095478	0.0559554144426906
65.92964824120604	0.053620322558799983
66.33165829145729	0.05193979321616572
66.73366834170855	0.0509351175424871
67.1356783919598	0.05089541136590313
67.53768844221106	0.051517099935998734
67.93969849246231	0.05269045306184533
68.34170854271358	0.05408658405122333
68.74371859296483	0.0556378616022987
69.14572864321609	0.05697748231942945
69.54773869346734	0.05776487374459048
69.9497487437186	0.05795609534498335
70.35175879396985	0.05743850644399321
70.75376884422111	0.05653799717626588
71.15577889447236	0.05549937297009706
71.55778894472363	0.05471828464843177
71.95979899497488	0.054602716751724144
72.36180904522614	0.054839377208643715
72.76381909547739	0.05536177102554649
73.16582914572865	0.05618564840870401
73.5678391959799	0.05653854208954381
73.96984924623116	0.056743961410433606
74.37185929648241	0.05662423448454834
74.77386934673368	0.05634247603959034
75.17587939698493	0.05645533118125259
75.57788944723619	0.05637543706818273
75.97989949748744	0.05653030599656609
76.3819095477387	0.05690346045597611
76.78391959798995	0.05748787392907685
77.18592964824121	0.05810301572554716
77.58793969849246	0.058732075566781686
77.98994974874373	0.059526509677379914
78.39195979899498	0.059773551010100366
78.79396984924624	0.05967197093660968
79.19597989949749	0.0594807880070534
79.59798994974875	0.059183986067424
80.0	0.05876184708349672
