0.0	0.002328730454548024
0.4020100502512563	0.002203471266403332
0.8040201005025126	0.002897379485465239
1.206030150753769	0.0036487462507386464
1.6080402010050252	0.004127255303023696
2.0100502512562817	0.004166652721383163
2.412060301507538	0.0036669520148357427
2.814070351758794	0.0028227037872370995
3.2160804020100504	0.0023017959141690574
3.6180904522613067	0.00235843962289745
4.020100502512563	0.0026935102272646677
4.42211055276382	0.0030459090490491778
4.824120603015076	0.003186310600259029
5.226130653266332	0.0028440601959780275
5.628140703517588	0.0026884084896983676
6.030150753768845	0.0028503845250528277
6.432160804020101	0.0035771281909226767
6.834170854271357	0.0043506373735456
7.236180904522613	0.005112397362827473
7.63819095477387	0.005143606697545552
8.040201005025127	0.004825901156965932
8.442211055276383	0.003744959861693363
8.84422110552764	0.0024319966740728722
9.246231155778895	0.001468630333288622
9.648241206030152	0.0019169619455031556
10.050251256281408	0.0030854485872793226
10.452261306532664	0.0038795188539540873
10.85427135678392	0.004526732082329671
11.256281407035177	0.004704700239553096
11.658291457286433	0.0046613545407009245
12.06030150753769	0.004491500491561587
12.462311557788945	0.004031134517055523
12.864321608040202	0.0032526561205705627
13.266331658291458	0.0023206813827384184
13.668341708542714	0.002842985212488566
14.07035175879397	0.0049585757990890204
14.472361809045227	0.007464690782171662
14.874371859296483	0.010057523695795368
15.27638190954774	0.012162977663597627
15.678391959798995	0.014053898257224001
16.080402010050253	0.015287358436428793
16.48241206030151	0.016211638767511576
16.884422110552766	0.016816867610382525
17.286432160804022	0.016796244727229587
17.68844221105528	0.0166520571208231
18.090452261306535	0.016277180532883427
18.49246231155779	0.015828712453057222
18.894472361809047	0.015660888025811042
19.296482412060303	0.01621548054440859
19.69849246231156	0.017389084130995897
20.100502512562816	0.019064611518251028
20.502512562814072	0.021019614308700744
20.90452261306533	0.023209692499691487
21.306532663316585	0.025310208530019106
21.70854271356784	0.026889705624553006
22.110552763819097	0.02813098592650548
22.512562814070353	0.029322072540621358
22.91457286432161	0.03061582215750384
23.316582914572866	0.03170046490876659
23.718592964824122	0.032764036888519435
24.12060301507538	0.033492709003055336
24.522613065326635	0.033926218743950284
24.92462311557789	0.03438134409717473
25.326633165829147	0.034710481950267644
25.728643216080403	0.035337461075472164
26.13065326633166	0.036366231889200025
26.532663316582916	0.03771120212420498
26.934673366834172	0.03937462856671306
27.33668341708543	0.04115691066310252
27.738693467336685	0.043927940484120305
28.14070351758794	0.04707617798845092
28.542713567839197	0.050730940419827716
28.944723618090453	0.05426903301025211
29.34673366834171	0.05735740588155149
29.748743718592966	0.05977914417348108
30.150753768844222	0.061331890094630234
30.55276381909548	0.06181744103760177
30.954773869346734	0.06172663315240717
31.35678391959799	0.06136094628524689
31.758793969849247	0.06111156421600009
32.16080402010051	0.06122635737803195
32.56281407035176	0.06172265366666154
32.96482412060302	0.06223810391056332
33.366834170854275	0.062459994018137274
33.76884422110553	0.06213124446836572
34.17085427135679	0.06098656169130455
34.572864321608044	0.05942509012617453
34.9748743718593	0.057856915971698564
35.37688442211056	0.05732447499402491
35.77889447236181	0.05799397500158693
36.18090452261307	0.059677923664235355
36.582914572864325	0.061633591501613884
36.98492462311558	0.06361461806140234
37.38693467336684	0.06478050478778401
37.788944723618094	0.06517612136954967
38.19095477386935	0.06430293436281337
38.59296482412061	0.06194076607916501
38.99497487437186	0.05875738052787475
39.39698492462312	0.054818597169394266
39.798994974874375	0.05131202324712342
40.20100502512563	0.048902603946965356
40.60301507537689	0.047703514059946286
41.005025125628144	0.04782270929070468
41.4070351758794	0.04897022713854275
41.80904522613066	0.05065581374643665
42.21105527638191	0.05222896794517062
42.61306532663317	0.05333517041623785
43.015075376884425	0.05372517865176242
43.41708542713568	0.05368177929699604
43.81909547738694	0.052866982599493816
44.221105527638194	0.051241943004096825
44.62311557788945	0.04916424995573475
45.02512562814071	0.04730697343080485
45.42713567839196	0.04564863836297596
45.82914572864322	0.04500254610789732
46.231155778894475	0.04544867298171544
46.63316582914573	0.046987016346829225
47.03517587939699	0.04934969584293841
47.437185929648244	0.052112424104726995
47.8391959798995	0.054753558729009756
48.24120603015076	0.05723860653541535
48.64321608040201	0.05918216030689795
49.04522613065327	0.06031575599633081
49.447236180904525	0.06043194468272315
49.84924623115578	0.05958093605818064
50.25125628140704	0.05771118839655535
50.653266331658294	0.05486182533024013
51.05527638190955	0.05176067082219389
51.45728643216081	0.04915795006764127
51.85929648241206	0.04776265434861268
52.26130653266332	0.0481294323086541
52.663316582914575	0.05040948715336595
53.06532663316583	0.05382510319341912
53.46733668341709	0.05766869278180985
53.869346733668344	0.06119763643922628
54.2713567839196	0.06389782075095239
54.67336683417086	0.06520889619118372
55.07537688442211	0.06462843485507642
55.47738693467337	0.06254039605891834
55.879396984924625	0.05922400231150125
56.28140703517588	0.05533057466542564
56.68341708542714	0.051571189762323735
57.085427135678394	0.048549558277519014
57.48743718592965	0.04672884774424329
57.88944723618091	0.04646986711904002
58.29145728643216	0.04771864984399791
58.69346733668342	0.050368370467371845
59.095477386934675	0.053563339173120415
59.49748743718593	0.056932918651962094
59.89949748743719	0.059905623767580116
60.301507537688444	0.06165485141765627
60.7035175879397	0.06163962730426006
61.10552763819096	0.05989086727940879
61.50753768844221	0.056660469242297916
61.90954773869347	0.052965255525977896
62.311557788944725	0.049345379069201195
62.71356783919598	0.046441950814789676
63.11557788944724	0.044649560832523874
63.517587939698494	0.044369056453186805
63.91959798994975	0.045947155371813445
64.32160804020101	0.048834890821851
64.72361809045226	0.05290352868104593
65.12562814070353	0.057173006781343114
65.52763819095478	0.06067248944414838
65.92964824120604	0.06285714069191749
66.33165829145729	0.06299061631913513
66.73366834170855	0.06126943186664078
67.1356783919598	0.058011799042337865
67.53768844221106	0.05423307495969767
67.93969849246231	0.05052140065773617
68.34170854271358	0.04723181181609653
68.74371859296483	0.045327084913666126
69.14572864321609	0.04440111879328512
69.54773869346734	0.045030078379647454
69.9497487437186	0.04721198254805451
70.35175879396985	0.05038052662848066
70.75376884422111	0.05389883820115128
71.15577889447236	0.05730952626858134
71.55778894472363	0.05959692412999512
71.95979899497488	0.06048431951718901
72.36180904522614	0.060012827277524106
72.76381909547739	0.058325383645092585
73.16582914572865	0.055753492715456154
73.5678391959799	0.052690117047993215
73.96984924623116	0.050033337740331765
74.37185929648241	0.047804537755153184
74.77386934673368	0.04634353412028768
75.17587939698493	0.046115057007510424
75.57788944723619	0.04736279542061693
75.97989949748744	0.05003617470412565
76.3819095477387	0.05381565843265046
76.78391959798995	0.05788712775156374
77.18592964824121	0.06137936866930886
77.58793969849246	0.06349808503394948
77.98994974874373	0.06388081854380281
78.39195979899498	0.06229374177050767
78.79396984924624	0.059295148956748846
79.19597989949749	0.05551223073627145
79.59798994974875	0.05154944743811596
80.0	0.0485138251723569
