0.0	0.016538684847342566
0.4020100502512563	0.010748377666367156
0.8040201005025126	0.0033680246934949037
1.206030150753769	0.005086612748141441
1.6080402010050252	0.011967848400421442
2.0100502512562817	0.016868426788021078
2.412060301507538	0.01863048675585559
2.814070351758794	0.01711932336946037
3.2160804020100504	0.012542197875309769
3.6180904522613067	0.0061564920268107745
4.020100502512563	0.0011731764117080116
4.42211055276382	0.007716097923354119
4.824120603015076	0.012264305607553882
5.226130653266332	0.013978931668805622
5.628140703517588	0.01234936551800406
6.030150753768845	0.007703264448700044
6.432160804020101	0.0007553494468805238
6.834170854271357	0.007250506100100239
7.236180904522613	0.015097470292621123
7.63819095477387	0.021122534538222798
8.040201005025127	0.02428215885482693
8.442211055276383	0.024218938927129473
8.84422110552764	0.021072929640033867
9.246231155778895	0.015516707519171507
9.648241206030152	0.008562359070739146
10.050251256281408	0.0018572129775200684
10.452261306532664	0.0037288316389345517
10.85427135678392	0.006883876791598598
11.256281407035177	0.006987544910444066
11.658291457286433	0.004211835081562212
12.06030150753769	0.0022704147617526554
12.462311557788945	0.008371477138766747
12.864321608040202	0.015411596448499825
13.266331658291458	0.021422758620251867
13.668341708542714	0.025556794437865665
14.07035175879397	0.026818441694909025
14.472361809045227	0.02545809086662157
14.874371859296483	0.021524562991936887
15.27638190954774	0.015895142891767345
15.678391959798995	0.009403457562971122
16.080402010050253	0.003180971033361607
16.48241206030151	0.001960182073334453
16.884422110552766	0.004205679193221637
17.286432160804022	0.0039076299476670726
17.68844221105528	0.0006677821820753739
18.090452261306535	0.004915316878503456
18.49246231155779	0.011779243515767531
18.894472361809047	0.0188063628311594
19.296482412060303	0.024658426834445142
19.69849246231156	0.028566284960482562
20.100502512562816	0.029620601061122454
20.502512562814072	0.027876645041216418
20.90452261306533	0.023592745848602752
21.306532663316585	0.017443625076666747
21.70854271356784	0.010358395729806442
22.110552763819097	0.0035024269472270575
22.512562814070353	0.001825695711095887
22.91457286432161	0.004674267449928096
23.316582914572866	0.004922624223067785
23.718592964824122	0.00288662918958429
24.12060301507538	0.0048019814895769175
24.522613065326635	0.01062082843773055
24.92462311557789	0.017095405321219607
25.326633165829147	0.02243023617113884
25.728643216080403	0.025684989154701115
26.13065326633166	0.026215154548270576
26.532663316582916	0.02372835477697502
26.934673366834172	0.01884454722866745
27.33668341708543	0.01247007076632919
27.738693467336685	0.0062973914813991925
28.14070351758794	0.004925220574041758
28.542713567839197	0.00798154038999657
28.944723618090453	0.009716279004485873
29.34673366834171	0.009600179923613086
29.748743718592966	0.009240556112781136
30.150753768844222	0.010570116203418738
30.55276381909548	0.014481309651074099
30.954773869346734	0.019087618271817628
31.35678391959799	0.022667640358990992
31.758793969849247	0.024253031305610982
32.16080402010051	0.023513732591529248
32.56281407035176	0.02066226031763341
32.96482412060302	0.016374131819525344
33.366834170854275	0.01292984438461062
33.76884422110553	0.013256319833673733
34.17085427135679	0.016471262869879807
34.572864321608044	0.019461688979511782
34.9748743718593	0.020402490768014828
35.37688442211056	0.018951583819411064
35.77889447236181	0.015987260171872773
36.18090452261307	0.013853462252198315
36.582914572864325	0.01597874586255675
36.98492462311558	0.020732586689960704
37.38693467336684	0.02514580669452195
37.788944723618094	0.02728740918037631
38.19095477386935	0.02611597068989749
38.59296482412061	0.022626940015514147
38.99497487437186	0.018711774972220933
39.39698492462312	0.01704124002439903
39.798994974874375	0.019042378293046128
40.20100502512563	0.02217057013403867
40.60301507537689	0.023640939326095917
41.005025125628144	0.02202270791060431
41.4070351758794	0.01773242147879456
41.80904522613066	0.013013777602371962
42.21105527638191	0.012944159008871105
42.61306532663317	0.01848787268185002
43.015075376884425	0.024761779206014533
43.41708542713568	0.02858397129563848
43.81909547738694	0.02933777000078382
44.221105527638194	0.027377019456868795
44.62311557788945	0.02417112321933098
45.02512562814071	0.02174560607066341
45.42713567839196	0.020928136870671778
45.82914572864322	0.02079625249741631
46.231155778894475	0.019475616555590047
46.63316582914573	0.016179638151516202
47.03517587939699	0.011000087521214643
47.437185929648244	0.0055143774609888955
47.8391959798995	0.007791610498572977
48.24120603015076	0.014331764640174943
48.64321608040201	0.01995055490946738
49.04522613065327	0.023923989241224915
49.447236180904525	0.026323581765114838
49.84924623115578	0.027002644013272837
50.25125628140704	0.026832632196492623
50.653266331658294	0.025935048601403714
51.05527638190955	0.02473997086205208
51.45728643216081	0.02311465873568599
51.85929648241206	0.0208631961414129
52.26130653266332	0.017841100386968727
52.663316582914575	0.013927723005185928
53.06532663316583	0.009519278471014874
53.46733668341709	0.006042958264804206
53.869346733668344	0.007707871884553769
54.2713567839196	0.012676075308750784
54.67336683417086	0.017660361028598335
55.07537688442211	0.021527307328257975
55.47738693467337	0.024263250722710936
55.879396984924625	0.02594035619192449
56.28140703517588	0.02701683937241393
56.68341708542714	0.02748393327914799
57.085427135678394	0.027250816689254692
57.48743718592965	0.025990968516442225
57.88944723618091	0.02338511867267975
58.29145728643216	0.019764797973129987
58.69346733668342	0.015158333949100548
59.095477386934675	0.01049366678350976
59.49748743718593	0.007811211728877885
59.89949748743719	0.008579666144979115
60.301507537688444	0.011252311380973407
60.7035175879397	0.01473253481603037
61.10552763819096	0.018660915495318304
61.50753768844221	0.022418291639226533
61.90954773869347	0.026337332726561746
62.311557788944725	0.029741318246726545
62.71356783919598	0.03174331174049032
63.11557788944724	0.03213915867639153
63.517587939698494	0.030601256804434672
63.91959798994975	0.027462960025916205
64.32160804020101	0.023328614505714527
64.72361809045226	0.018361084951308608
65.12562814070353	0.014152095235214384
65.52763819095478	0.011614549629709264
65.92964824120604	0.012235179069759445
66.33165829145729	0.015460334166304043
66.73366834170855	0.019943125792863066
67.1356783919598	0.02485631138481152
67.53768844221106	0.02940936589820058
67.93969849246231	0.033570791763014016
68.34170854271358	0.03668453299504814
68.74371859296483	0.03856658720267197
69.14572864321609	0.038973591184934285
69.54773869346734	0.0379842539070145
69.9497487437186	0.03557915047524211
70.35175879396985	0.03195841000287303
70.75376884422111	0.027537323855164036
71.15577889447236	0.023358052635716216
71.55778894472363	0.020346522954519462
71.95979899497488	0.019739546154810505
72.36180904522614	0.02161928238229816
72.76381909547739	0.025372751618701762
73.16582914572865	0.02987727845693784
73.5678391959799	0.03490309805985019
73.96984924623116	0.039661841098329445
74.37185929648241	0.04397700828505894
74.77386934673368	0.04731199981479935
75.17587939698493	0.04941744011077634
75.57788944723619	0.04961268079028423
75.97989949748744	0.04785648678081261
76.3819095477387	0.04434830418546455
76.78391959798995	0.0396536810999984
77.18592964824121	0.03515044491725079
77.58793969849246	0.03201223005733667
77.98994974874373	0.03140585120453254
78.39195979899498	0.03346751301283595
78.79396984924624	0.03784814854532948
79.19597989949749	0.04355599355228916
79.59798994974875	0.049933577378778946
80.0	0.05687820473989369
