0.0	0.03699554219113671
0.4020100502512563	0.033835364292324185
0.8040201005025126	0.025133017463925045
1.206030150753769	0.012328157865222589
1.6080402010050252	0.002374832795914171
2.0100502512562817	0.01551079525984184
2.412060301507538	0.02513426882988477
2.814070351758794	0.029354567964090382
3.2160804020100504	0.0275127985026846
3.6180904522613067	0.01979586330557307
4.020100502512563	0.00756041160083316
4.42211055276382	0.007007392779233459
4.824120603015076	0.02079972772928434
5.226130653266332	0.03166856869283093
5.628140703517588	0.03735413568360956
6.030150753768845	0.036759145008723536
6.432160804020101	0.03019599136076608
6.834170854271357	0.019271346217844276
7.236180904522613	0.005894244757218488
7.63819095477387	0.008506295331230245
8.040201005025127	0.01928967373912897
8.442211055276383	0.025284557911935002
8.84422110552764	0.025279020298170658
9.246231155778895	0.019316919345305036
9.648241206030152	0.008152701337500918
10.050251256281408	0.006234408788560622
10.452261306532664	0.020407971612941257
10.85427135678392	0.03258627066523418
11.256281407035177	0.03990522819138022
11.658291457286433	0.04114392162131075
12.06030150753769	0.03646084021684285
12.462311557788945	0.026477287782967762
12.864321608040202	0.01362088010152238
13.266331658291458	0.005286150218844374
13.668341708542714	0.01586515262870376
14.07035175879397	0.02492719945521662
14.472361809045227	0.028805515067453456
14.874371859296483	0.026437588591784578
15.27638190954774	0.018200946117164576
15.678391959798995	0.005824934691280512
16.080402010050253	0.009950313441061556
16.48241206030151	0.024432911114733592
16.884422110552766	0.036168702836483026
17.286432160804022	0.04309860299270794
17.68844221105528	0.04387494487397054
18.090452261306535	0.038498915261591216
18.49246231155779	0.02743514449959896
18.894472361809047	0.01298592970562803
19.296482412060303	0.004858590923468377
19.69849246231156	0.017990340985800442
20.100502512562816	0.027757889021266156
20.502512562814072	0.03149615085315384
20.90452261306533	0.02862566380480635
21.306532663316585	0.01980867463987502
21.70854271356784	0.009198292591998676
22.110552763819097	0.012844866415405262
22.512562814070353	0.02495378045299913
22.91457286432161	0.03445590234013862
23.316582914572866	0.03823128543775546
23.718592964824122	0.03546083225484661
24.12060301507538	0.0262525269481391
24.522613065326635	0.012739738459787264
24.92462311557789	0.002918103828655005
25.326633165829147	0.01755409090325348
25.728643216080403	0.028620585390555918
26.13065326633166	0.03412984890010528
26.532663316582916	0.03315692482140834
26.934673366834172	0.02668765327833242
27.33668341708543	0.017618605724372467
27.738693467336685	0.015011281995439699
28.14070351758794	0.023920010522649533
28.542713567839197	0.03406054248619567
28.944723618090453	0.039866755685495484
29.34673366834171	0.040062229120901335
29.748743718592966	0.0340024863136605
30.150753768844222	0.022498498311486672
30.55276381909548	0.0081441564652123
30.954773869346734	0.009684885100918944
31.35678391959799	0.023118683850082977
31.758793969849247	0.032439989429340205
32.16080402010051	0.035873758414959454
32.56281407035176	0.0334264425994355
32.96482412060302	0.02666410279262111
33.366834170854275	0.02065100781693127
33.76884422110553	0.023093053235500184
34.17085427135679	0.03109254986885267
34.572864321608044	0.03768360768452155
34.9748743718593	0.039191212697123314
35.37688442211056	0.034549400476013035
35.77889447236181	0.02453612199311204
36.18090452261307	0.011173353605450517
36.582914572864325	0.00810572501190768
36.98492462311558	0.02068803429241885
37.38693467336684	0.030817332978327512
37.788944723618094	0.035185316948932614
38.19095477386935	0.034080702449748604
38.59296482412061	0.028803414842291868
38.99497487437186	0.024176521117901674
39.39698492462312	0.02643382351085107
39.798994974874375	0.034058853249681886
40.20100502512563	0.04128203264754955
40.60301507537689	0.044334198290548285
41.005025125628144	0.04157354544683375
41.4070351758794	0.03341737946298699
41.80904522613066	0.021459997640327685
42.21105527638191	0.011379756943156434
42.61306532663317	0.01670654597394476
43.015075376884425	0.02772774039609799
43.41708542713568	0.035621604720014854
43.81909547738694	0.03813734391031136
44.221105527638194	0.03637679169936166
44.62311557788945	0.03234169833592436
45.02512562814071	0.03058557235804358
45.42713567839196	0.033859130124037996
45.82914572864322	0.04011207220782837
46.231155778894475	0.04493333851023407
46.63316582914573	0.045739930721635305
47.03517587939699	0.041216871192031
47.437185929648244	0.032255542993079214
47.8391959798995	0.021066865327439285
48.24120603015076	0.014455925318208976
48.64321608040201	0.020291542385956943
49.04522613065327	0.029759823979271894
49.447236180904525	0.03613272352015788
49.84924623115578	0.0382350153936495
50.25125628140704	0.03729597018396642
50.653266331658294	0.03592724414412427
51.05527638190955	0.0376628335965994
51.45728643216081	0.04292919437139283
51.85929648241206	0.049321263089152405
52.26130653266332	0.053363894400295465
52.663316582914575	0.052902013328468764
53.06532663316583	0.04759394879387013
53.46733668341709	0.0382850239512222
53.869346733668344	0.0284438756846025
54.2713567839196	0.024973627302135166
54.67336683417086	0.031041846907291788
55.07537688442211	0.03991176911388074
55.47738693467337	0.04575951280696086
55.879396984924625	0.04772549417023374
56.28140703517588	0.046572958204044744
56.68341708542714	0.04564030844494323
57.085427135678394	0.04797878811609757
57.48743718592965	0.05342924886459475
57.88944723618091	0.05935101699970281
58.29145728643216	0.06215485118331424
58.69346733668342	0.060076011557017486
59.095477386934675	0.05364299722988127
59.49748743718593	0.04475728687903353
59.89949748743719	0.03822262779216803
60.301507537688444	0.039062048274134016
60.7035175879397	0.04647557841676418
61.10552763819096	0.05495439977420136
61.50753768844221	0.06121832404344435
61.90954773869347	0.06479417785565565
62.311557788944725	0.06673559488801478
62.71356783919598	0.0685405057277411
63.11557788944724	0.07145333705823065
63.517587939698494	0.0745490679283911
63.91959798994975	0.07627432659492886
64.32160804020101	0.07496748927642805
64.72361809045226	0.06973919373313849
65.12562814070353	0.06132532415996872
65.52763819095478	0.05165813705093044
65.92964824120604	0.04469843799258549
66.33165829145729	0.04487004697444012
66.73366834170855	0.05093948797427457
67.1356783919598	0.05890523278866154
67.53768844221106	0.06497684263289098
67.93969849246231	0.0680767220264091
68.34170854271358	0.06873890847595882
68.74371859296483	0.06891775441330929
69.14572864321609	0.06973624352468102
69.54773869346734	0.0712671012757814
69.9497487437186	0.07206560283901522
70.35175879396985	0.07037952895714286
70.75376884422111	0.06487716207700142
71.15577889447236	0.05624687100068222
71.55778894472363	0.04668460843700006
71.95979899497488	0.04095571739117006
72.36180904522614	0.04288152599518201
72.76381909547739	0.05001943431711259
73.16582914572865	0.05749695360037153
73.5678391959799	0.06263941876649821
73.96984924623116	0.06454904977590985
74.37185929648241	0.06410241785638836
74.77386934673368	0.06331807660873356
75.17587939698493	0.06397352092080591
75.57788944723619	0.06607365195667425
75.97989949748744	0.0676813156783887
76.3819095477387	0.06710632534363656
76.78391959798995	0.0628087127562586
77.18592964824121	0.05581272671105103
77.58793969849246	0.04836492037775931
77.98994974874373	0.04477830249331071
78.39195979899498	0.04750780598597847
78.79396984924624	0.054267627787927285
79.19597989949749	0.06098218845395614
79.59798994974875	0.06461629162767166
80.0	0.06472733022167779
