0.0	0.004190280732993363
0.4020100502512563	0.005363776040287996
0.8040201005025126	0.005784259667314211
1.206030150753769	0.005765680092130731
1.6080402010050252	0.004962675975792553
2.0100502512562817	0.003820530087150517
2.412060301507538	0.0032616424750683804
2.814070351758794	0.0034700573447716703
3.2160804020100504	0.004045864465735839
3.6180904522613067	0.00429720465388119
4.020100502512563	0.00363772816705913
4.42211055276382	0.0020860925917147543
4.824120603015076	0.001290104903791576
5.226130653266332	0.0029093817802775977
5.628140703517588	0.005284853661495866
6.030150753768845	0.0071129280561308406
6.432160804020101	0.00849397304897633
6.834170854271357	0.009374119158721498
7.236180904522613	0.009363848387808349
7.63819095477387	0.008662740584843748
8.040201005025127	0.008066825820764848
8.442211055276383	0.007238592408147809
8.84422110552764	0.006657804331677092
9.246231155778895	0.006255369655164655
9.648241206030152	0.005836025910786378
10.050251256281408	0.005778216850165575
10.452261306532664	0.006395193469291157
10.85427135678392	0.007928745249207505
11.256281407035177	0.01013165942905766
11.658291457286433	0.012835834235971682
12.06030150753769	0.015519912487433183
12.462311557788945	0.017573933210622887
12.864321608040202	0.018984727127304948
13.266331658291458	0.01935807481546023
13.668341708542714	0.018446447747685522
14.07035175879397	0.01619748816293091
14.472361809045227	0.012844036315334786
14.874371859296483	0.008825986172301684
15.27638190954774	0.004686211366704769
15.678391959798995	0.0013732734026155379
16.080402010050253	0.0012849343253999736
16.48241206030151	0.0020034965172786214
16.884422110552766	0.00412162827009197
17.286432160804022	0.008586097412901695
17.68844221105528	0.013987044141267077
18.090452261306535	0.019083682434614946
18.49246231155779	0.02284650094281047
18.894472361809047	0.024626961013225274
19.296482412060303	0.024164508943499297
19.69849246231156	0.021367692982140432
20.100502512562816	0.01710762035390342
20.502512562814072	0.012120828930459472
20.90452261306533	0.0073680027748373855
21.306532663316585	0.004225472309815269
21.70854271356784	0.003365744905861782
22.110552763819097	0.0034281471079619535
22.512562814070353	0.002927184610785693
22.91457286432161	0.0030106032754478587
23.316582914572866	0.005446513565110679
23.718592964824122	0.00867431013269217
24.12060301507538	0.011411662852288377
24.522613065326635	0.013110125450675317
24.92462311557789	0.013281927379130653
25.326633165829147	0.011724682834271468
25.728643216080403	0.008450629818259855
26.13065326633166	0.005031020176095503
26.532663316582916	0.004623864624341917
26.934673366834172	0.007500148974579039
27.33668341708543	0.010522837101535534
27.738693467336685	0.01222649201027306
28.14070351758794	0.012276991080108619
28.542713567839197	0.0117607934026522
28.944723618090453	0.01131573447786019
29.34673366834171	0.01182157408559423
29.748743718592966	0.013323408732868542
30.150753768844222	0.014752734257690508
30.55276381909548	0.015404823615617642
30.954773869346734	0.014819459379858704
31.35678391959799	0.013248742163100185
31.758793969849247	0.011924621834948867
32.16080402010051	0.01238762683350211
32.56281407035176	0.014772361867146287
32.96482412060302	0.017804280831475436
33.366834170854275	0.020292167670555483
33.76884422110553	0.021670862149145584
34.17085427135679	0.02191996548500922
34.572864321608044	0.020967133365141236
34.9748743718593	0.019280334594424818
35.37688442211056	0.017296456216169064
35.77889447236181	0.01556726177549928
36.18090452261307	0.013967846942756166
36.582914572864325	0.012914645763002422
36.98492462311558	0.012110475199056562
37.38693467336684	0.012212615154778325
37.788944723618094	0.013699815029372753
38.19095477386935	0.016488788354424706
38.59296482412061	0.019786280251216853
38.99497487437186	0.023167110554678204
39.39698492462312	0.026022733595462477
39.798994974874375	0.027861028136992406
40.20100502512563	0.028326626760809954
40.60301507537689	0.027704909681973162
41.005025125628144	0.026222390859373605
41.4070351758794	0.024145184588544956
41.80904522613066	0.021884885828389444
42.21105527638191	0.019586799377213197
42.61306532663317	0.017791570971011306
43.015075376884425	0.016910654586376188
43.41708542713568	0.017166405564365196
43.81909547738694	0.018506723627621135
44.221105527638194	0.020661369082430877
44.62311557788945	0.023372512135467878
45.02512562814071	0.02586271453441049
45.42713567839196	0.027521045302666185
45.82914572864322	0.028099930588039567
46.231155778894475	0.0277209930412995
46.63316582914573	0.026557851464650988
47.03517587939699	0.024609052431110518
47.437185929648244	0.022528126652025342
47.8391959798995	0.020674133050009726
48.24120603015076	0.019330303017311708
48.64321608040201	0.019133125839266255
49.04522613065327	0.019792028140864025
49.447236180904525	0.021339524437376665
49.84924623115578	0.02381447638369805
50.25125628140704	0.026946382217278055
50.653266331658294	0.030112935421988413
51.05527638190955	0.03305616591659862
51.45728643216081	0.03540644207712211
51.85929648241206	0.03663045864322239
52.26130653266332	0.03665538364849922
52.663316582914575	0.03544964451854331
53.06532663316583	0.033504421284114946
53.46733668341709	0.030941400147292443
53.869346733668344	0.02852583117194619
54.2713567839196	0.026613616119949873
54.67336683417086	0.025856390536306208
55.07537688442211	0.02642069380106603
55.47738693467337	0.028328495134500982
55.879396984924625	0.03155049704628946
56.28140703517588	0.03523573733387415
56.68341708542714	0.03910925283650028
57.085427135678394	0.042458496137849314
57.48743718592965	0.04491623618098374
57.88944723618091	0.04580155391556667
58.29145728643216	0.04510150299262617
58.69346733668342	0.04359294211382754
59.095477386934675	0.041330299255945585
59.49748743718593	0.03924863457585738
59.89949748743719	0.03828595324706763
60.301507537688444	0.03884494189984558
60.7035175879397	0.040864710146735775
61.10552763819096	0.044737231113378725
61.50753768844221	0.04961357525128891
61.90954773869347	0.05497473071554256
62.311557788944725	0.059738835907901244
62.71356783919598	0.06318170385664157
63.11557788944724	0.06503057192485986
63.517587939698494	0.06513722762310965
63.91959798994975	0.06376982443658454
64.32160804020101	0.06136439876141273
64.72361809045226	0.058617697380701515
65.12562814070353	0.056441803934325116
65.52763819095478	0.05508059298856699
65.92964824120604	0.05454233753758235
66.33165829145729	0.05504806121034039
66.73366834170855	0.056077560853400585
67.1356783919598	0.05671909562263703
67.53768844221106	0.05721231674766897
67.93969849246231	0.05721878816079893
68.34170854271358	0.05703493133979275
68.74371859296483	0.056898549778809
69.14572864321609	0.057186350908708675
69.54773869346734	0.057548389934527155
69.9497487437186	0.05825438041315099
70.35175879396985	0.058886804832976626
70.75376884422111	0.05923338199822986
71.15577889447236	0.059213343393506646
71.55778894472363	0.05862132236252564
71.95979899497488	0.0574685391695204
72.36180904522614	0.055470106174603684
72.76381909547739	0.05332675249385321
73.16582914572865	0.050970044939298464
73.5678391959799	0.04902113452932462
73.96984924623116	0.047450112994150265
74.37185929648241	0.04653506545776309
74.77386934673368	0.046340557712692174
75.17587939698493	0.046913686282905154
75.57788944723619	0.04820991739034097
75.97989949748744	0.049993761921231436
76.3819095477387	0.051918860565072125
76.78391959798995	0.05374846933729886
77.18592964824121	0.05494296066265607
77.58793969849246	0.05539665225127448
77.98994974874373	0.054667638391287424
78.39195979899498	0.05321046844272671
78.79396984924624	0.05125463889293458
79.19597989949749	0.04909223726303515
79.59798994974875	0.04702868520089
80.0	0.04542602150725689
