0.0	0.008039705578258054
0.4020100502512563	0.0068698236211096105
0.8040201005025126	0.004604184226770231
1.206030150753769	0.0020834100298111236
1.6080402010050252	0.0015583553675324437
2.0100502512562817	0.003285390577767152
2.412060301507538	0.004229236778519226
2.814070351758794	0.004284100065938519
3.2160804020100504	0.0031887042445708906
3.6180904522613067	0.0011149229840304816
4.020100502512563	0.0020487233617057623
4.42211055276382	0.004687536013244096
4.824120603015076	0.007209408012629355
5.226130653266332	0.008728731520414442
5.628140703517588	0.00913821349401159
6.030150753768845	0.00842387255701324
6.432160804020101	0.006864257984807323
6.834170854271357	0.004670338539990978
7.236180904522613	0.003126756531197413
7.63819095477387	0.0030249575016162134
8.040201005025127	0.0036767087230989487
8.442211055276383	0.003950124205665875
8.84422110552764	0.0033361921779535217
9.246231155778895	0.002859963102190512
9.648241206030152	0.004148175484287102
10.050251256281408	0.006747250088352677
10.452261306532664	0.009695074330992853
10.85427135678392	0.012064550547724116
11.256281407035177	0.013468777357252071
11.658291457286433	0.013912781447367439
12.06030150753769	0.013580891902975054
12.462311557788945	0.012430109982059647
12.864321608040202	0.01128901434849523
13.266331658291458	0.010726009251543274
13.668341708542714	0.01090500368490641
14.07035175879397	0.011559109432967271
14.472361809045227	0.012860920505083518
14.874371859296483	0.014508214450498685
15.27638190954774	0.016877642528316864
15.678391959798995	0.019469422544356928
16.080402010050253	0.022323115021131983
16.48241206030151	0.024919373224678264
16.884422110552766	0.02690816133219362
17.286432160804022	0.028033723704141294
17.68844221105528	0.028213122777423043
18.090452261306535	0.028035736249206605
18.49246231155779	0.027189077575986053
18.894472361809047	0.02596009469379492
19.296482412060303	0.024141625231614935
19.69849246231156	0.022345111131231964
20.100502512562816	0.020822705860240532
20.502512562814072	0.02052853772634465
20.90452261306533	0.021978393430517894
21.306532663316585	0.024911520703400858
21.70854271356784	0.02899296820023366
22.110552763819097	0.03338408465000099
22.512562814070353	0.03813919624073425
22.91457286432161	0.042214196879931505
23.316582914572866	0.04526445721480044
23.718592964824122	0.04707794225743828
24.12060301507538	0.04736920944175822
24.522613065326635	0.04610338886453398
24.92462311557789	0.04398682352916299
25.326633165829147	0.04155323644600006
25.728643216080403	0.03922040936518436
26.13065326633166	0.037421298766096636
26.532663316582916	0.0370129645185215
26.934673366834172	0.03777641524173828
27.33668341708543	0.03972206615772468
27.738693467336685	0.042771025713185314
28.14070351758794	0.04692963972153559
28.542713567839197	0.05131770169797528
28.944723618090453	0.05583799289979739
29.34673366834171	0.05950027908889295
29.748743718592966	0.062454249019775775
30.150753768844222	0.06402837629267445
30.55276381909548	0.06447431886807596
30.954773869346734	0.06406025260753485
31.35678391959799	0.06328871565581981
31.758793969849247	0.06223189062852776
32.16080402010051	0.06129587417222583
32.56281407035176	0.06007206252354782
32.96482412060302	0.05849569737478476
33.366834170854275	0.0568206402398875
33.76884422110553	0.05497271483606675
34.17085427135679	0.05312306981880144
34.572864321608044	0.052154375365608706
34.9748743718593	0.052745276535095434
35.37688442211056	0.054670901129110196
35.77889447236181	0.057757382104642464
36.18090452261307	0.061590354137340056
36.582914572864325	0.06486891396764753
36.98492462311558	0.06702718733980964
37.38693467336684	0.06734497110174115
37.788944723618094	0.06560557744161112
38.19095477386935	0.06168505954329725
38.59296482412061	0.0565601486440126
38.99497487437186	0.050708563534314965
39.39698492462312	0.04517626325452274
39.798994974874375	0.04098114301097247
40.20100502512563	0.03869817851081806
40.60301507537689	0.03858552176301756
41.005025125628144	0.040693545528769304
41.4070351758794	0.04413692984891024
41.80904522613066	0.04861586183851052
42.21105527638191	0.05313439771487947
42.61306532663317	0.05672292943570919
43.015075376884425	0.05878890403566679
43.41708542713568	0.05916127490537963
43.81909547738694	0.057792594263246753
44.221105527638194	0.055053246514439345
44.62311557788945	0.051518803074628305
45.02512562814071	0.047865098425797045
45.42713567839196	0.044964411863552545
45.82914572864322	0.04311882663980522
46.231155778894475	0.04258856798312865
46.63316582914573	0.043248744422930044
47.03517587939699	0.04475597797600303
47.437185929648244	0.0475295586630293
47.8391959798995	0.05080098237694371
48.24120603015076	0.05465138047933329
48.64321608040201	0.05815033566744403
49.04522613065327	0.06088132742103951
49.447236180904525	0.06251657760594734
49.84924623115578	0.06295309962422363
50.25125628140704	0.06194620783196374
50.653266331658294	0.060012594937780314
51.05527638190955	0.057203328923832765
51.45728643216081	0.05412022457757558
51.85929648241206	0.05108313367539026
52.26130653266332	0.04874927497475805
52.663316582914575	0.047760028634193444
53.06532663316583	0.04815103866611897
53.46733668341709	0.04995058660132779
53.869346733668344	0.05280966112660679
54.2713567839196	0.05626984394113947
54.67336683417086	0.059696707391165206
55.07537688442211	0.062204862713751696
55.47738693467337	0.0636354399090883
55.879396984924625	0.0635785866115195
56.28140703517588	0.0621828802463439
56.68341708542714	0.05963250888818337
57.085427135678394	0.056419178492002786
57.48743718592965	0.05274895124915584
57.88944723618091	0.04959437986390601
58.29145728643216	0.04712265188852491
58.69346733668342	0.04603264311536056
59.095477386934675	0.04677966179407207
59.49748743718593	0.049237672037497446
59.89949748743719	0.053199540563777424
60.301507537688444	0.057816813030045586
60.7035175879397	0.06224470862733909
61.10552763819096	0.06561107195175123
61.50753768844221	0.06729182935719148
61.90954773869347	0.06702556350299427
62.311557788944725	0.06479100684622079
62.71356783919598	0.06077217087297051
63.11557788944724	0.05609918565700393
63.517587939698494	0.05113767673897405
63.91959798994975	0.047074267659131246
64.32160804020101	0.04457582332175432
64.72361809045226	0.04435534140612415
65.12562814070353	0.04644860570376191
65.52763819095478	0.0504260602729993
65.92964824120604	0.055479364804160866
66.33165829145729	0.06047113123442978
66.73366834170855	0.06430100497517324
67.1356783919598	0.0664747971086658
67.53768844221106	0.06658428968298383
67.93969849246231	0.06428799029709589
68.34170854271358	0.06038109560261233
68.74371859296483	0.055760741608579814
69.14572864321609	0.05110369973278652
69.54773869346734	0.04741587632281277
69.9497487437186	0.04514480078089421
70.35175879396985	0.04470136862960018
70.75376884422111	0.04624772356594111
71.15577889447236	0.04925781044040627
71.55778894472363	0.053392562200919015
71.95979899497488	0.05795348208107618
72.36180904522614	0.06212551932267526
72.76381909547739	0.06486998892762258
73.16582914572865	0.06589726638478402
73.5678391959799	0.06502485923606646
73.96984924623116	0.06236823674994032
74.37185929648241	0.05847209569614401
74.77386934673368	0.0539564630664461
75.17587939698493	0.049621506491955264
75.57788944723619	0.04644128930882473
75.97989949748744	0.04449432989042446
76.3819095477387	0.04410728306140958
76.78391959798995	0.04545577983106421
77.18592964824121	0.04826092272912295
77.58793969849246	0.0516253012280604
77.98994974874373	0.05524036042435335
78.39195979899498	0.05846427666874769
78.79396984924624	0.06083241066506832
79.19597989949749	0.06186223462023186
79.59798994974875	0.061565633296594625
80.0	0.0597311966287327
