0.0	0.01946159402602174
0.4020100502512563	0.018629856271607927
0.8040201005025126	0.014682869697996818
1.206030150753769	0.008521201904252495
1.6080402010050252	0.001731708152442946
2.0100502512562817	0.006269885528363538
2.412060301507538	0.011699637872693087
2.814070351758794	0.014517003980573581
3.2160804020100504	0.014277566460659103
3.6180904522613067	0.010799919991887879
4.020100502512563	0.0046884156693688854
4.42211055276382	0.003123739266945194
4.824120603015076	0.010783888960832062
5.226130653266332	0.017409606143887042
5.628140703517588	0.02165593223734383
6.030150753768845	0.022859762047696457
6.432160804020101	0.020818874023804102
6.834170854271357	0.016054096964245444
7.236180904522613	0.00959302979379555
7.63819095477387	0.002828070446047892
8.040201005025127	0.004051485144014954
8.442211055276383	0.007880168896799492
8.84422110552764	0.0088244656854423
9.246231155778895	0.006255684080104053
9.648241206030152	0.0016415893069562618
10.050251256281408	0.0070021086933389045
10.452261306532664	0.01540516226499431
10.85427135678392	0.023277620201579786
11.256281407035177	0.028664888131935174
11.658291457286433	0.03118561865704328
12.06030150753769	0.030813494758358033
12.462311557788945	0.02736115808416371
12.864321608040202	0.02130623372853934
13.266331658291458	0.01607938220443867
13.668341708542714	0.01575825619405507
14.07035175879397	0.020257754161886007
14.472361809045227	0.025163590497592387
14.874371859296483	0.02814562427872867
15.27638190954774	0.02903808293311431
15.678391959798995	0.02715641828593927
16.080402010050253	0.02323378117069669
16.48241206030151	0.023717953516911243
16.884422110552766	0.03456810642042555
17.286432160804022	0.05081967100472619
17.68844221105528	0.06620608776427261
18.090452261306535	0.07608754226945666
18.49246231155779	0.07735394401372206
18.894472361809047	0.06996282743552594
19.296482412060303	0.0556955514198995
19.69849246231156	0.04530602706554239
20.100502512562816	0.04894670218337469
20.502512562814072	0.06341653911030083
20.90452261306533	0.07634277912266847
21.306532663316585	0.08266169178673576
21.70854271356784	0.08143893772431174
22.110552763819097	0.07601761965534307
22.512562814070353	0.07416962899356606
22.91457286432161	0.0807404830089348
23.316582914572866	0.09180495775152736
23.718592964824122	0.10026593326178798
24.12060301507538	0.10130985489287554
24.522613065326635	0.0938042869062217
24.92462311557789	0.0794432025585402
25.326633165829147	0.0616992080385365
25.728643216080403	0.04651900104121552
26.13065326633166	0.04125805521898798
26.532663316582916	0.04539829657724136
26.934673366834172	0.05100048947787263
27.33668341708543	0.05401536620282023
27.738693467336685	0.055225250151035875
28.14070351758794	0.058356564006773984
28.542713567839197	0.06548217130965463
28.944723618090453	0.07433382791918643
29.34673366834171	0.08143396708999665
29.748743718592966	0.08379185833748067
30.150753768844222	0.0803035127166903
30.55276381909548	0.06930137069115158
30.954773869346734	0.05250290661129834
31.35678391959799	0.03211307570088175
31.758793969849247	0.017200644046043566
32.16080402010051	0.024263514736604257
32.56281407035176	0.03634133613645166
32.96482412060302	0.04166272141471787
33.366834170854275	0.0375952564550907
33.76884422110553	0.02501660193116721
34.17085427135679	0.01054195662726259
34.572864321608044	0.02147858146716235
34.9748743718593	0.041604459529238524
35.37688442211056	0.05730650198810098
35.77889447236181	0.06579351596269786
36.18090452261307	0.06580712877851232
36.582914572864325	0.05987185501357879
36.98492462311558	0.05502162726155213
37.38693467336684	0.05905706088577106
37.788944723618094	0.07128660639894116
38.19095477386935	0.08345492440117344
38.59296482412061	0.08973730407434663
38.99497487437186	0.08728840132645763
39.39698492462312	0.07644013291826962
39.798994974874375	0.0596940490880782
40.20100502512563	0.042091368641883564
40.60301507537689	0.03255671983074365
41.005025125628144	0.037520032966817295
41.4070351758794	0.048102962997788656
41.80904522613066	0.05515232587306107
42.21105527638191	0.05738434216375018
42.61306532663317	0.057031847433210714
43.015075376884425	0.05871811632418196
43.41708542713568	0.06518684259550538
43.81909547738694	0.07502847947050771
44.221105527638194	0.08354701209644508
44.62311557788945	0.0873574269029885
45.02512562814071	0.08374864356612606
45.42713567839196	0.072493981121356
45.82914572864322	0.05441105053408235
46.231155778894475	0.03208915056348999
46.63316582914573	0.008800265802020887
47.03517587939699	0.012029467048478204
47.437185929648244	0.027772461990132735
47.8391959798995	0.03561324300273135
48.24120603015076	0.03535297064183031
48.64321608040201	0.029297149021364755
49.04522613065327	0.02489484343355383
49.447236180904525	0.03199110736324186
49.84924623115578	0.04535210365126178
50.25125628140704	0.056447408694568914
50.653266331658294	0.060941220928549214
51.05527638190955	0.057332880662685146
51.45728643216081	0.04598181224720145
51.85929648241206	0.030648402469051334
52.26130653266332	0.019857960777872333
52.663316582914575	0.027229110712442734
53.06532663316583	0.0407807302258923
53.46733668341709	0.05025808487485247
53.869346733668344	0.05233602307755801
54.2713567839196	0.045894832174787716
54.67336683417086	0.032483849817747504
55.07537688442211	0.014319798279504229
55.47738693467337	0.005337794698900654
55.879396984924625	0.022702114552329424
56.28140703517588	0.034807840834929694
56.68341708542714	0.039600428228368505
57.085427135678394	0.03694089471089536
57.48743718592965	0.03047288234878399
57.88944723618091	0.030151510141790117
58.29145728643216	0.04215546726253872
58.69346733668342	0.05886716816733014
59.095477386934675	0.07337516350822075
59.49748743718593	0.08145882981594584
59.89949748743719	0.08117578074920781
60.301507537688444	0.07281334369577705
60.7035175879397	0.05822763660950435
61.10552763819096	0.04040232552352578
61.50753768844221	0.022814070256288774
61.90954773869347	0.009860816030213162
62.311557788944725	0.0075078486816189905
62.71356783919598	0.01190775155088373
63.11557788944724	0.01992648373234204
63.517587939698494	0.033392177411830655
63.91959798994975	0.05022546580000335
64.32160804020101	0.06729654732776412
64.72361809045226	0.08098014189575012
65.12562814070353	0.08874827442925924
65.52763819095478	0.08899638316546254
65.92964824120604	0.08187183806312605
66.33165829145729	0.06791780378456644
66.73366834170855	0.05008972942906548
67.1356783919598	0.03166806058714544
67.53768844221106	0.01670990734562304
67.93969849246231	0.009329801553103945
68.34170854271358	0.00831438888064211
68.74371859296483	0.00482070528225578
69.14572864321609	0.007630802651087498
69.54773869346734	0.021181756969860414
69.9497487437186	0.03695382234721839
70.35175879396985	0.051116094557775923
70.75376884422111	0.06112185846307735
71.15577889447236	0.0654090694041975
71.55778894472363	0.0630643111897108
71.95979899497488	0.05495637705361254
72.36180904522614	0.04361076289078673
72.76381909547739	0.03184444259262712
73.16582914572865	0.024913866806864384
73.5678391959799	0.02423922069584973
73.96984924623116	0.025173066955944345
74.37185929648241	0.022868861962022535
74.77386934673368	0.016856502930053602
75.17587939698493	0.012916927209985506
75.57788944723619	0.021797684909696507
75.97989949748744	0.0359583809412982
76.3819095477387	0.048873263407982134
76.78391959798995	0.057854637086707086
77.18592964824121	0.06138469834367875
77.58793969849246	0.05933638109090681
77.98994974874373	0.052757461416167196
78.39195979899498	0.04410303895866731
78.79396984924624	0.03702814044259215
79.19597989949749	0.03481730663012485
79.59798994974875	0.036579661895963116
80.0	0.03766179994952811
