0.0	0.006158629791744249
0.4020100502512563	0.0054209835207819435
0.8040201005025126	0.0041214687595626815
1.206030150753769	0.0037963413463805674
1.6080402010050252	0.00423642227479403
2.0100502512562817	0.0052876517004652865
2.412060301507538	0.005822777678013024
2.814070351758794	0.005482366278346831
3.2160804020100504	0.00465286379615398
3.6180904522613067	0.0030042776224212175
4.020100502512563	0.0014058875721160336
4.42211055276382	0.002110351849573296
4.824120603015076	0.0039300473004299325
5.226130653266332	0.005303247191248719
5.628140703517588	0.006099982353562522
6.030150753768845	0.006278184891041302
6.432160804020101	0.006380792627363209
6.834170854271357	0.006913600694396059
7.236180904522613	0.0077050616848477055
7.63819095477387	0.008714440943982988
8.040201005025127	0.009557448475277295
8.442211055276383	0.009676132330254678
8.84422110552764	0.009132618049601896
9.246231155778895	0.008019338813312906
9.648241206030152	0.006437487093558019
10.050251256281408	0.005619570758233305
10.452261306532664	0.006085202199322875
10.85427135678392	0.007676432496168705
11.256281407035177	0.009472195792544713
11.658291457286433	0.011485951672817454
12.06030150753769	0.014018165927949851
12.462311557788945	0.016392726342561094
12.864321608040202	0.019022328799494396
13.266331658291458	0.021857665517100413
13.668341708542714	0.02421168594927681
14.07035175879397	0.025977634803699086
14.472361809045227	0.026810576685710928
14.874371859296483	0.025984022544842517
15.27638190954774	0.02405196422741671
15.678391959798995	0.021343475005058087
16.080402010050253	0.017822722800266817
16.48241206030151	0.016697066225775527
16.884422110552766	0.021480271679672015
17.286432160804022	0.028451358397514864
17.68844221105528	0.0352597241106913
18.090452261306535	0.04093110062955387
18.49246231155779	0.045886570891934125
18.894472361809047	0.05320749786401522
19.296482412060303	0.06275874415469494
19.69849246231156	0.07440263744019947
20.100502512562816	0.08427128531169877
20.502512562814072	0.08962359348726312
20.90452261306533	0.08794808168217641
21.306532663316585	0.07923807133642993
21.70854271356784	0.06538051644602917
22.110552763819097	0.050729724647780285
22.512562814070353	0.04008496807952267
22.91457286432161	0.03637851323631978
23.316582914572866	0.03753620523134041
23.718592964824122	0.04034614093638891
24.12060301507538	0.046438605967489464
24.522613065326635	0.05809232985844687
24.92462311557789	0.07454846197492619
25.326633165829147	0.09113206043855406
25.728643216080403	0.10225985151501434
26.13065326633166	0.1046318346254359
26.532663316582916	0.09752717262135889
26.934673366834172	0.08212456338451785
27.33668341708543	0.061377768705481506
27.738693467336685	0.04099706602058358
28.14070351758794	0.027200625117848626
28.542713567839197	0.025490590925907154
28.944723618090453	0.028006781816644503
29.34673366834171	0.029742468681436422
29.748743718592966	0.03433608439668462
30.150753768844222	0.04618920442439039
30.55276381909548	0.06361259245249115
30.954773869346734	0.08053791257753258
31.35678391959799	0.09233280425486048
31.758793969849247	0.09641659047863252
32.16080402010051	0.09118072558289939
32.56281407035176	0.07724524073272751
32.96482412060302	0.05734657758873354
33.366834170854275	0.03616981946194692
33.76884422110553	0.02310640793963683
34.17085427135679	0.02834220692276853
34.572864321608044	0.037485412763015896
34.9748743718593	0.04182647118548948
35.37688442211056	0.042078680154702244
35.77889447236181	0.042675743989385735
36.18090452261307	0.04871029904914168
36.582914572864325	0.05973742097067417
36.98492462311558	0.07106639078194917
37.38693467336684	0.07812693222265629
37.788944723618094	0.07865584521461076
38.19095477386935	0.07129114267103145
38.59296482412061	0.057453517346378435
38.99497487437186	0.04051812758426469
39.39698492462312	0.02796451163581303
39.798994974874375	0.03128092181117183
40.20100502512563	0.04368859480781569
40.60301507537689	0.05504934884880495
41.005025125628144	0.061581445680394406
41.4070351758794	0.06304013161240214
41.80904522613066	0.062147497765838625
42.21105527638191	0.061317248634473645
42.61306532663317	0.06220405398453176
43.015075376884425	0.06484216784368456
43.41708542713568	0.0666713000316906
43.81909547738694	0.06480494985910776
44.221105527638194	0.057987813038839285
44.62311557788945	0.047689035950363896
45.02512562814071	0.038280032553862905
45.42713567839196	0.03784247751077812
45.82914572864322	0.04801343010522231
46.231155778894475	0.06156071315596286
46.63316582914573	0.07226297836290868
47.03517587939699	0.07695365907092451
47.437185929648244	0.07576966853114304
47.8391959798995	0.06985430475240158
48.24120603015076	0.061992270183197404
48.64321608040201	0.055897002240562176
49.04522613065327	0.05337855011982391
49.447236180904525	0.05275468125393658
49.84924623115578	0.05093335990022715
50.25125628140704	0.04620835162954613
50.653266331658294	0.04058371245944227
51.05527638190955	0.04017701191127626
51.45728643216081	0.049446613007539955
51.85929648241206	0.06379025789915013
52.26130653266332	0.07686160896516421
52.663316582914575	0.08466542064269628
53.06532663316583	0.08561488365542161
53.46733668341709	0.08008137459322587
53.869346733668344	0.06993269983301638
54.2713567839196	0.05858149836389831
54.67336683417086	0.048874460537032566
55.07537688442211	0.04296536995805103
55.47738693467337	0.039750896918124515
55.879396984924625	0.03625772485088106
56.28140703517588	0.03317735751086172
56.68341708542714	0.034373887819095554
57.085427135678394	0.04382346416035872
57.48743718592965	0.05825319317726283
57.88944723618091	0.07275757186079676
58.29145728643216	0.083731254263612
58.69346733668342	0.0885716440497728
59.095477386934675	0.08640065937694225
59.49748743718593	0.0779066289641861
59.89949748743719	0.06477161679415905
60.301507537688444	0.05005936621756842
60.7035175879397	0.03735761354117558
61.10552763819096	0.02984612754980449
61.50753768844221	0.026730092099550774
61.90954773869347	0.024192723954610362
62.311557788944725	0.022038904024400913
62.71356783919598	0.025405155395807837
63.11557788944724	0.03771957752654663
63.517587939698494	0.054066149310459846
63.91959798994975	0.06946667561673778
64.32160804020101	0.08014024669770238
64.72361809045226	0.0840548829821588
65.12562814070353	0.08056666649226703
65.52763819095478	0.07020759353960897
65.92964824120604	0.05508059099929764
66.33165829145729	0.0384507855370084
66.73366834170855	0.024122583969615256
67.1356783919598	0.016460009119252446
67.53768844221106	0.01435821690112217
67.93969849246231	0.011474559875770552
68.34170854271358	0.011935585091705808
68.74371859296483	0.02384101546812724
69.14572864321609	0.041034976007664814
69.54773869346734	0.058613409565387596
69.9497487437186	0.07282835952447336
70.35175879396985	0.08106984902291624
70.75376884422111	0.08172787346178037
71.15577889447236	0.07491260823043897
71.55778894472363	0.06161783898698807
71.95979899497488	0.04458383546269497
72.36180904522614	0.026984614772003764
72.76381909547739	0.013122598411110417
73.16582914572865	0.007662973750546772
73.5678391959799	0.00666764809626508
73.96984924623116	0.004225246591376901
74.37185929648241	0.015104380526119676
74.77386934673368	0.032691535659590924
75.17587939698493	0.05182126381872123
75.57788944723619	0.06855251719849
75.97989949748744	0.0801944320539689
76.3819095477387	0.08408241887721615
76.78391959798995	0.08011276094867935
77.18592964824121	0.06864047791796403
77.58793969849246	0.05236883248555805
77.98994974874373	0.03425111573842146
78.39195979899498	0.017370975382327507
78.79396984924624	0.005315245419434323
79.19597989949749	0.0008167099021655439
79.59798994974875	0.003132721911078168
80.0	0.0131485641448808
