0.0	0.007191576358828652
0.4020100502512563	0.006612445780554225
0.8040201005025126	0.004957283044401764
1.206030150753769	0.0025287886195086247
1.6080402010050252	0.0010685258249006568
2.0100502512562817	0.003535403344173328
2.412060301507538	0.005616867603920124
2.814070351758794	0.006837733147096682
3.2160804020100504	0.006602637781620148
3.6180904522613067	0.005483928819189029
4.020100502512563	0.003494134542355632
4.42211055276382	0.0013820476966475
4.824120603015076	0.0026065148172722454
5.226130653266332	0.004547160620139583
5.628140703517588	0.005617082883748457
6.030150753768845	0.005534360201544645
6.432160804020101	0.004570067659105823
6.834170854271357	0.0026743530350038136
7.236180904522613	0.0017271999338442842
7.63819095477387	0.00380411916339531
8.040201005025127	0.0062107627778220965
8.442211055276383	0.007784762875705608
8.84422110552764	0.008323247727619434
9.246231155778895	0.007620114270438035
9.648241206030152	0.006216521401149703
10.050251256281408	0.0040496681747981145
10.452261306532664	0.0019011977762394233
10.85427135678392	0.001527461331370616
11.256281407035177	0.002497195855620145
11.658291457286433	0.002687154145166748
12.06030150753769	0.001745865204350135
12.462311557788945	0.0004510835080683845
12.864321608040202	0.0032529358359994786
13.266331658291458	0.006434345898735895
13.668341708542714	0.009535320676258847
14.07035175879397	0.012210317707222505
14.472361809045227	0.014003726749045275
14.874371859296483	0.01485953049658908
15.27638190954774	0.01524134285351152
15.678391959798995	0.015267731053559419
16.080402010050253	0.01485461104438517
16.48241206030151	0.014123411294576727
16.884422110552766	0.013172957203114056
17.286432160804022	0.012234869962279658
17.68844221105528	0.011601105622683267
18.090452261306535	0.011377898572317286
18.49246231155779	0.012420427306148247
18.894472361809047	0.01459379576853255
19.296482412060303	0.017916321018406386
19.69849246231156	0.021646289291736336
20.100502512562816	0.025062581887091113
20.502512562814072	0.02784572611549439
20.90452261306533	0.030014771673912265
21.306532663316585	0.031258891314966876
21.70854271356784	0.03159883201754342
22.110552763819097	0.031212594999224037
22.512562814070353	0.030319131041983978
22.91457286432161	0.029410889992664013
23.316582914572866	0.02865517488860479
23.718592964824122	0.028665578743351544
24.12060301507538	0.029844898688377912
24.522613065326635	0.03235717117253496
24.92462311557789	0.03603292046105375
25.326633165829147	0.04037695289347949
25.728643216080403	0.044799731081528016
26.13065326633166	0.04877194342425895
26.532663316582916	0.05189948438692142
26.934673366834172	0.05398938261585194
27.33668341708543	0.05502854661355542
27.738693467336685	0.055226402174471736
28.14070351758794	0.054730484297778804
28.542713567839197	0.054465880393067455
28.944723618090453	0.054293387229777855
29.34673366834171	0.05485272332971434
29.748743718592966	0.056271472346855936
30.150753768844222	0.05862506770450236
30.55276381909548	0.061523934702430075
30.954773869346734	0.06459337563466497
31.35678391959799	0.06758987440840124
31.758793969849247	0.06976026549107814
32.16080402010051	0.07039769940997817
32.56281407035176	0.06963249026832415
32.96482412060302	0.06736059001462867
33.366834170854275	0.06382210282650369
33.76884422110553	0.0595542449784119
34.17085427135679	0.055727286066555026
34.572864321608044	0.05287286659053386
34.9748743718593	0.05165899555690382
35.37688442211056	0.05246742339207107
35.77889447236181	0.055219747219544944
36.18090452261307	0.05945826671488426
36.582914572864325	0.06370228194599428
36.98492462311558	0.06751080080616981
37.38693467336684	0.07003493413174579
37.788944723618094	0.07011561688198599
38.19095477386935	0.06824449530270307
38.59296482412061	0.06427271147599976
38.99497487437186	0.058949880712048396
39.39698492462312	0.053006686365881774
39.798994974874375	0.04786115906244236
40.20100502512563	0.04358858007472708
40.60301507537689	0.04160013419428062
41.005025125628144	0.04171816128914489
41.4070351758794	0.0439431704775383
41.80904522613066	0.04766254456959007
42.21105527638191	0.052257362203605016
42.61306532663317	0.056718865507048785
43.015075376884425	0.06041878536097693
43.41708542713568	0.0626117335110896
43.81909547738694	0.06279015092219707
44.221105527638194	0.06085647215456501
44.62311557788945	0.0572811280454682
45.02512562814071	0.052540221634246854
45.42713567839196	0.047827171287508956
45.82914572864322	0.04380933912263249
46.231155778894475	0.04134962068745899
46.63316582914573	0.04075466016491916
47.03517587939699	0.04241744063785528
47.437185929648244	0.04595949071389261
47.8391959798995	0.05043648807162299
48.24120603015076	0.05507759149239185
48.64321608040201	0.05908574681962662
49.04522613065327	0.061830490044087805
49.447236180904525	0.06234721751769891
49.84924623115578	0.06104183839101872
50.25125628140704	0.058348589067099534
50.653266331658294	0.05494043607635085
51.05527638190955	0.05119297820901662
51.45728643216081	0.04809052552368854
51.85929648241206	0.045933402065463154
52.26130653266332	0.04498523678922402
52.663316582914575	0.045648129419807566
53.06532663316583	0.04742838190780625
53.46733668341709	0.05007445059662054
53.869346733668344	0.05332527120675188
54.2713567839196	0.056454004617666684
54.67336683417086	0.05906624357291947
55.07537688442211	0.061025982525620914
55.47738693467337	0.06139996162143546
55.879396984924625	0.06083341550656396
56.28140703517588	0.05928899319653732
56.68341708542714	0.05677326354961006
57.085427135678394	0.053955452684596804
57.48743718592965	0.05096757728289336
57.88944723618091	0.04844801790801424
58.29145728643216	0.04694517251310264
58.69346733668342	0.04657174799063668
59.095477386934675	0.04769133261076956
59.49748743718593	0.049695285792379425
59.89949748743719	0.052899353516180025
60.301507537688444	0.05638004854580057
60.7035175879397	0.059725088343394704
61.10552763819096	0.06247940883475526
61.50753768844221	0.06392756413949673
61.90954773869347	0.06406054983998344
62.311557788944725	0.062403564600751235
62.71356783919598	0.059423470234807395
63.11557788944724	0.05585725703376584
63.517587939698494	0.05193300906982308
63.91959798994975	0.0486159497643815
64.32160804020101	0.04675243974389327
64.72361809045226	0.04641351894661787
65.12562814070353	0.048020538440262606
65.52763819095478	0.05128353354112144
65.92964824120604	0.05553009351994177
66.33165829145729	0.059965796897378645
66.73366834170855	0.06379769891181161
67.1356783919598	0.06615526910907948
67.53768844221106	0.0665735354366498
67.93969849246231	0.06470013455528016
68.34170854271358	0.0608912306593694
68.74371859296483	0.05593869880684418
69.14572864321609	0.05086382623559521
69.54773869346734	0.0465710284336843
69.9497487437186	0.04424917970395047
70.35175879396985	0.04420593211290293
70.75376884422111	0.04617996143121349
71.15577889447236	0.050104616731288534
71.55778894472363	0.054711297669651895
71.95979899497488	0.059615301751857516
72.36180904522614	0.06372589643620724
72.76381909547739	0.066270980904391
73.16582914572865	0.06677903341994967
73.5678391959799	0.06513355285052701
73.96984924623116	0.06203270001696084
74.37185929648241	0.05784807540814955
74.77386934673368	0.05313243991049395
75.17587939698493	0.04893872907331363
75.57788944723619	0.046083141924152235
75.97989949748744	0.04504812678550605
76.3819095477387	0.04593086982662132
76.78391959798995	0.04863912794800622
77.18592964824121	0.05258130611306472
77.58793969849246	0.057343929110065694
77.98994974874373	0.061570769010127445
78.39195979899498	0.06477935043213304
78.79396984924624	0.06626692195153652
79.19597989949749	0.06624381155142248
79.59798994974875	0.06430641438025908
80.0	0.06084855408636256
