0.0	0.027390205672017897
0.4020100502512563	0.02912454063137614
0.8040201005025126	0.02599008184713849
1.206030150753769	0.018719957849328256
1.6080402010050252	0.008880300587399964
2.0100502512562817	0.00209855163535292
2.412060301507538	0.011585039271287796
2.814070351758794	0.017872036679248464
3.2160804020100504	0.019817317889717988
3.6180904522613067	0.01682984821702428
4.020100502512563	0.00926127926025532
4.42211055276382	0.0015913447284044175
4.824120603015076	0.013736394088449507
5.226130653266332	0.025373504677566133
5.628140703517588	0.0344689832817499
6.030150753768845	0.03963147843157181
6.432160804020101	0.040137470000801874
6.834170854271357	0.03601684759983509
7.236180904522613	0.028363549343181395
7.63819095477387	0.019038757125572577
8.040201005025127	0.009739386271044466
8.442211055276383	0.0032836045108627886
8.84422110552764	0.001917183824123265
9.246231155778895	0.0021788292059871884
9.648241206030152	0.008326114914649315
10.050251256281408	0.019014460040883467
10.452261306532664	0.032571982457567684
10.85427135678392	0.046831655978040586
11.256281407035177	0.05961084068469067
11.658291457286433	0.06881715927167567
12.06030150753769	0.07354556089989858
12.462311557788945	0.07315588676543569
12.864321608040202	0.06733128349893705
13.266331658291458	0.05808893008359345
13.668341708542714	0.04755770626191437
14.07035175879397	0.03651205966609142
14.472361809045227	0.02679746708514994
14.874371859296483	0.02151514331618746
15.27638190954774	0.020619470750185893
15.678391959798995	0.019481516577999795
16.080402010050253	0.018513898939457228
16.48241206030151	0.02688511781893114
16.884422110552766	0.04632153965517993
17.286432160804022	0.07023062071572862
17.68844221105528	0.09270100474817813
18.090452261306535	0.10813125606777178
18.49246231155779	0.11383627840232327
18.894472361809047	0.10994071948657355
19.296482412060303	0.09790739024974555
19.69849246231156	0.08438703778900647
20.100502512562816	0.0734826845530545
20.502512562814072	0.06647803858727841
20.90452261306533	0.059814708624148095
21.306532663316585	0.04972873539206481
21.70854271356784	0.03545770937901675
22.110552763819097	0.024146040602830657
22.512562814070353	0.032204100471305105
22.91457286432161	0.05059368725874728
23.316582914572866	0.06606873656931596
23.718592964824122	0.07407592738526259
24.12060301507538	0.0729383879535115
24.522613065326635	0.06539130968109302
24.92462311557789	0.05533515189902875
25.326633165829147	0.04847976491041445
25.728643216080403	0.049174654246677725
26.13065326633166	0.054488920715875265
26.532663316582916	0.05967799913029579
26.934673366834172	0.0618657313970795
27.33668341708543	0.05854882319149918
27.738693467336685	0.04786564410750811
28.14070351758794	0.03143620950637802
28.542713567839197	0.01256720373594957
28.944723618090453	0.008619388914597294
29.34673366834171	0.022485779380572956
29.748743718592966	0.02986836243415377
30.150753768844222	0.029273521762732985
30.55276381909548	0.022118792244675608
30.954773869346734	0.016354028850731582
31.35678391959799	0.026797362250396955
31.758793969849247	0.04546936088931115
32.16080402010051	0.06426979434310631
32.56281407035176	0.07889173363608246
32.96482412060302	0.08787422451053253
33.366834170854275	0.09048192521791884
33.76884422110553	0.08638506345440958
34.17085427135679	0.07669768377213457
34.572864321608044	0.06324363203305836
34.9748743718593	0.048686988152473507
35.37688442211056	0.03568585651213152
35.77889447236181	0.0261417417861124
36.18090452261307	0.02345784757365725
36.582914572864325	0.02783673664491119
36.98492462311558	0.03731543676460322
37.38693467336684	0.04926380492024876
37.788944723618094	0.06128944506294316
38.19095477386935	0.07137630190661612
38.59296482412061	0.07812306928587216
38.99497487437186	0.08061773680852077
39.39698492462312	0.07816569659016295
39.798994974874375	0.07139058217290058
40.20100502512563	0.06190116953878857
40.60301507537689	0.05133004248282419
41.005025125628144	0.0409384952067536
41.4070351758794	0.031726108205052804
41.80904522613066	0.02272976881015731
42.21105527638191	0.012715660450790634
42.61306532663317	0.0018984573362854872
43.015075376884425	0.011472104115647266
43.41708542713568	0.0232482294382187
43.81909547738694	0.033078378657728565
44.221105527638194	0.03954900417288814
44.62311557788945	0.041182132289841085
45.02512562814071	0.03861560029649257
45.42713567839196	0.03388835092692742
45.82914572864322	0.03216127857463141
46.231155778894475	0.038107331273201595
46.63316582914573	0.049901456928784255
47.03517587939699	0.06189183549790446
47.437185929648244	0.07086321441000917
47.8391959798995	0.07447894294953407
48.24120603015076	0.07186677614894381
48.64321608040201	0.06402533740117612
49.04522613065327	0.05161990282319886
49.447236180904525	0.03693880706880932
49.84924623115578	0.023993682312289363
50.25125628140704	0.02019200010200221
50.653266331658294	0.028147845045248504
51.05527638190955	0.04042805220979564
51.45728643216081	0.052640619453316426
51.85929648241206	0.06323443065581494
52.26130653266332	0.0698026703733554
52.663316582914575	0.07243018263548509
53.06532663316583	0.07119544729320079
53.46733668341709	0.06781139026978747
53.869346733668344	0.06417084291674174
54.2713567839196	0.06059006857254369
54.67336683417086	0.0557488782107736
55.07537688442211	0.0477671378879873
55.47738693467337	0.036640451465640614
55.879396984924625	0.02405054007094103
56.28140703517588	0.018569146210548754
56.68341708542714	0.027596702368630405
57.085427135678394	0.039961004876807475
57.48743718592965	0.04875364348271602
57.88944723618091	0.052347617373981595
58.29145728643216	0.05061748949998564
58.69346733668342	0.044945663510807324
59.095477386934675	0.03990573060087428
59.49748743718593	0.039603554232045424
59.89949748743719	0.044743218957198294
60.301507537688444	0.05050857360918113
60.7035175879397	0.053608775660355545
61.10552763819096	0.05222604894167652
61.50753768844221	0.04619525892982208
61.90954773869347	0.03655693980171853
62.311557788944725	0.024930821661931293
62.71356783919598	0.012794603119338211
63.11557788944724	0.0014317085684210536
63.517587939698494	0.009997755561881979
63.91959798994975	0.02116795574102974
64.32160804020101	0.03323092671460536
64.72361809045226	0.045262121975591575
65.12562814070353	0.05637531858728131
65.52763819095478	0.06405179391717526
65.92964824120604	0.06698806575723773
66.33165829145729	0.06499070151507588
66.73366834170855	0.058234706779128995
67.1356783919598	0.04872398718201952
67.53768844221106	0.03755948884994119
67.93969849246231	0.026282536825861492
68.34170854271358	0.0175998714108412
68.74371859296483	0.013485635704412538
69.14572864321609	0.01228744541446985
69.54773869346734	0.010754369016333719
69.9497487437186	0.009881577537461474
70.35175879396985	0.014608649369916663
70.75376884422111	0.024055945106097786
71.15577889447236	0.03477943749170768
71.55778894472363	0.04466156391093088
71.95979899497488	0.05160469003174739
72.36180904522614	0.05484876540877145
72.76381909547739	0.053735251364624606
73.16582914572865	0.04951741742500433
73.5678391959799	0.043961114989110275
73.96984924623116	0.03950919675363013
74.37185929648241	0.036786107368614665
74.77386934673368	0.03399602053250627
75.17587939698493	0.029152428491137826
75.57788944723619	0.021270564229381762
75.97989949748744	0.012069969023802318
76.3819095477387	0.013163770995327024
76.78391959798995	0.02584120159313517
77.18592964824121	0.039798276233444355
77.58793969849246	0.05106729193088094
77.98994974874373	0.05789058246764343
78.39195979899498	0.05909433141896917
78.79396984924624	0.05542061243034367
79.19597989949749	0.04905260703443497
79.59798994974875	0.0429342278110907
80.0	0.03872744298888656
