0.0	0.007034463311719241
0.4020100502512563	0.006380797371251618
0.8040201005025126	0.006959600903624403
1.206030150753769	0.008105573401246575
1.6080402010050252	0.009166626828486258
2.0100502512562817	0.009211688328387983
2.412060301507538	0.00859538700237623
2.814070351758794	0.007381473900483016
3.2160804020100504	0.005555175694552458
3.6180904522613067	0.004245383155779217
4.020100502512563	0.0037095873654468523
4.42211055276382	0.0039081729876622425
4.824120603015076	0.004151814007269829
5.226130653266332	0.00495859847807221
5.628140703517588	0.006696278088720661
6.030150753768845	0.009132105915256863
6.432160804020101	0.011723211703687404
6.834170854271357	0.014109397660865964
7.236180904522613	0.015870752814736485
7.63819095477387	0.016543748489142838
8.040201005025127	0.016014145956869945
8.442211055276383	0.014423981047344511
8.84422110552764	0.01223002228206203
9.246231155778895	0.009797778972499196
9.648241206030152	0.007962104275459016
10.050251256281408	0.0073632104106591935
10.452261306532664	0.008921169010789414
10.85427135678392	0.01256750527646866
11.256281407035177	0.016862731255728073
11.658291457286433	0.021426863675773893
12.06030150753769	0.025624456977866483
12.462311557788945	0.029117079982896782
12.864321608040202	0.031626519274853084
13.266331658291458	0.03321974506295723
13.668341708542714	0.033644435281746474
14.07035175879397	0.03328624252612821
14.472361809045227	0.03261345568340841
14.874371859296483	0.03161716054237147
15.27638190954774	0.03129483475877563
15.678391959798995	0.032233890256431315
16.080402010050253	0.03462663052653495
16.48241206030151	0.038554975493974845
16.884422110552766	0.04359231814582266
17.286432160804022	0.04884271547214589
17.68844221105528	0.05352138072668078
18.090452261306535	0.057297411633271136
18.49246231155779	0.05969247464750723
18.894472361809047	0.06079024458268395
19.296482412060303	0.060988741143969114
19.69849246231156	0.06085700956500826
20.100502512562816	0.060423043431812484
20.502512562814072	0.06033430077036842
20.90452261306533	0.0602507629133312
21.306532663316585	0.06101094546528699
21.70854271356784	0.062441117715868785
22.110552763819097	0.0649009355370417
22.512562814070353	0.06812832899021695
22.91457286432161	0.07152119584280056
23.316582914572866	0.07408712040207345
23.718592964824122	0.07555002075786597
24.12060301507538	0.07570319827818471
24.522613065326635	0.07444537217960084
24.92462311557789	0.0724504316812291
25.326633165829147	0.06996918371194402
25.728643216080403	0.06780775008399686
26.13065326633166	0.06583557896674677
26.532663316582916	0.06415389982625914
26.934673366834172	0.06277984712275575
27.33668341708543	0.061213456607703734
27.738693467336685	0.05974614153925763
28.14070351758794	0.058725877327477846
28.542713567839197	0.058122576837366755
28.944723618090453	0.05743012291045433
29.34673366834171	0.056378650453372946
29.748743718592966	0.05471667199853843
30.150753768844222	0.05271084640952171
30.55276381909548	0.05046029116624773
30.954773869346734	0.04854003989028939
31.35678391959799	0.047759315207077595
31.758793969849247	0.04824658392669602
32.16080402010051	0.04937596865779177
32.56281407035176	0.050457943080665625
32.96482412060302	0.05083133375160189
33.366834170854275	0.05013190360278139
33.76884422110553	0.04825688164817015
34.17085427135679	0.04546489740998866
34.572864321608044	0.04227184376452919
34.9748743718593	0.039344071805754846
35.37688442211056	0.03705410776977307
35.77889447236181	0.035564172761462405
36.18090452261307	0.03510610185002163
36.582914572864325	0.03549695119394218
36.98492462311558	0.03717123225411435
37.38693467336684	0.03968213768140681
37.788944723618094	0.042281206851282865
38.19095477386935	0.04479894598603807
38.59296482412061	0.04637427835491499
38.99497487437186	0.04679115905934723
39.39698492462312	0.04571373048592002
39.798994974874375	0.04351690818989737
40.20100502512563	0.04029659067606732
40.60301507537689	0.03706616943583271
41.005025125628144	0.034250937409863604
41.4070351758794	0.03244213498630315
41.80904522613066	0.032095540946132636
42.21105527638191	0.03303984814184309
42.61306532663317	0.03566811600587304
43.015075376884425	0.039546446091559544
43.41708542713568	0.04438857119831078
43.81909547738694	0.0493596725750183
44.221105527638194	0.05342670147085472
44.62311557788945	0.05640389638551678
45.02512562814071	0.057267485759313244
45.42713567839196	0.056100175507956526
45.82914572864322	0.053201331792257424
46.231155778894475	0.04889140619044289
46.63316582914573	0.04443191713451673
47.03517587939699	0.04020518700048857
47.437185929648244	0.037896566496438674
47.8391959798995	0.037439774171885355
48.24120603015076	0.03972985624652841
48.64321608040201	0.0441132866691066
49.04522613065327	0.04997656591717351
49.447236180904525	0.05673467315810486
49.84924623115578	0.06326587199352342
50.25125628140704	0.06848332228457663
50.653266331658294	0.07148781327031985
51.05527638190955	0.07193875600152129
51.45728643216081	0.06982484669377932
51.85929648241206	0.0658454776144692
52.26130653266332	0.06101333296780289
52.663316582914575	0.05640525194700073
53.06532663316583	0.05295922162198524
53.46733668341709	0.05123103629330653
53.869346733668344	0.05171220131896361
54.2713567839196	0.05414495023520516
54.67336683417086	0.058107590730802613
55.07537688442211	0.06259260255238074
55.47738693467337	0.06703952196723974
55.879396984924625	0.07024564416932302
56.28140703517588	0.07172343145092948
56.68341708542714	0.07126191541853202
57.085427135678394	0.06936986774006358
57.48743718592965	0.0663774604164662
57.88944723618091	0.06302834290181666
58.29145728643216	0.05969631675648298
58.69346733668342	0.05671532400798675
59.095477386934675	0.05439144667078373
59.49748743718593	0.052764308072079324
59.89949748743719	0.0522954133211304
60.301507537688444	0.05305501896218802
60.7035175879397	0.05499066512441594
61.10552763819096	0.057561261412961404
61.50753768844221	0.060232886215313995
61.90954773869347	0.062436130776501605
62.311557788944725	0.0634337911480094
62.71356783919598	0.06301006369065587
63.11557788944724	0.06137046835861394
63.517587939698494	0.0586879879795716
63.91959798994975	0.05568036650379312
64.32160804020101	0.05283858676235563
64.72361809045226	0.05065499410879776
65.12562814070353	0.04908344309258113
65.52763819095478	0.04865160514473518
65.92964824120604	0.049154113269163455
66.33165829145729	0.05083792240170053
66.73366834170855	0.05336349319185789
67.1356783919598	0.05643601623922582
67.53768844221106	0.05917844604892068
67.93969849246231	0.06129220839345505
68.34170854271358	0.062105088300596835
68.74371859296483	0.06156637205977681
69.14572864321609	0.059821221052701976
69.54773869346734	0.05725508644557549
69.9497487437186	0.054405618241374146
70.35175879396985	0.05185196226869597
70.75376884422111	0.04991542772591339
71.15577889447236	0.048946134635294264
71.55778894472363	0.0492584562680857
71.95979899497488	0.050530585841948014
72.36180904522614	0.0529221464594567
72.76381909547739	0.05569034214636415
73.16582914572865	0.0587635428293378
73.5678391959799	0.061077067848058185
73.96984924623116	0.06215680832100816
74.37185929648241	0.062035210888166416
74.77386934673368	0.06033047817988413
75.17587939698493	0.05769947887469386
75.57788944723619	0.054696784114515895
75.97989949748744	0.05180975869396866
76.3819095477387	0.04975593174831233
76.78391959798995	0.04877735037610605
77.18592964824121	0.04861774631920621
77.58793969849246	0.04957472283324766
77.98994974874373	0.05126283435750932
78.39195979899498	0.053458457185867336
78.79396984924624	0.05623911301500034
79.19597989949749	0.05907613460808002
79.59798994974875	0.06127350474462588
80.0	0.062457316955184174
