0.0	0.012329282065374857
0.4020100502512563	0.010144528134657287
0.8040201005025126	0.00631542924433838
1.206030150753769	0.0016613944372282966
1.6080402010050252	0.0034305421442653236
2.0100502512562817	0.007483345488021785
2.412060301507538	0.00995365198026883
2.814070351758794	0.010440265065695276
3.2160804020100504	0.008970158952506123
3.6180904522613067	0.0057266415233226935
4.020100502512563	0.0013237168755805512
4.42211055276382	0.0032270460227714843
4.824120603015076	0.007270249301506782
5.226130653266332	0.009946025120069705
5.628140703517588	0.010534219404291298
6.030150753768845	0.009127333998326936
6.432160804020101	0.005957257446343046
6.834170854271357	0.0015399508344907692
7.236180904522613	0.0035166275416913554
7.63819095477387	0.008012242201631773
8.040201005025127	0.011357378343088023
8.442211055276383	0.012785195896596005
8.84422110552764	0.012338458247023454
9.246231155778895	0.010081904253291241
9.648241206030152	0.006632709168555284
10.050251256281408	0.0032386013968583884
10.452261306532664	0.003293571187914198
10.85427135678392	0.00548015653658947
11.256281407035177	0.006423405702172177
11.658291457286433	0.0057471807965168
12.06030150753769	0.003800188388898887
12.462311557788945	0.003664056867942254
12.864321608040202	0.007725105405106321
13.266331658291458	0.012711462318278816
13.668341708542714	0.016916685609094297
14.07035175879397	0.020048267780847027
14.472361809045227	0.021569807607451977
14.874371859296483	0.021450339016604952
15.27638190954774	0.019919852817251366
15.678391959798995	0.017402845051751888
16.080402010050253	0.01462988041504181
16.48241206030151	0.0123228392319877
16.884422110552766	0.010668841707438922
17.286432160804022	0.009699231637293717
17.68844221105528	0.009513073276008803
18.090452261306535	0.010813325097368053
18.49246231155779	0.014487290113222797
18.894472361809047	0.020037293534492427
19.296482412060303	0.02677343398284081
19.69849246231156	0.03390340680737876
20.100502512562816	0.04016651966037663
20.502512562814072	0.04489381459967804
20.90452261306533	0.0478077022474966
21.306532663316585	0.048207863089242006
21.70854271356784	0.04657767082047996
22.110552763819097	0.04366864756355018
22.512562814070353	0.03999668047422326
22.91457286432161	0.03664310058375976
23.316582914572866	0.03420574228622373
23.718592964824122	0.03341854893604533
24.12060301507538	0.03457998094615572
24.522613065326635	0.038026602535821734
24.92462311557789	0.04335615321135239
25.326633165829147	0.05008667204039054
25.728643216080403	0.05715200997925216
26.13065326633166	0.06356219789129236
26.532663316582916	0.06879961005337937
26.934673366834172	0.07185002832963996
27.33668341708543	0.0728848786003769
27.738693467336685	0.07208372173379299
28.14070351758794	0.06958030642340059
28.542713567839197	0.06611816506878694
28.944723618090453	0.06253466518390757
29.34673366834171	0.05947763246045
29.748743718592966	0.057636188806679
30.150753768844222	0.05750118160199354
30.55276381909548	0.05869284394816422
30.954773869346734	0.06106785679901781
31.35678391959799	0.06421056778561386
31.758793969849247	0.06735013092269544
32.16080402010051	0.07016878840175643
32.56281407035176	0.0719892640957246
32.96482412060302	0.0730477978384145
33.366834170854275	0.07287468621722965
33.76884422110553	0.07143944191373555
34.17085427135679	0.06868278984155099
34.572864321608044	0.06481235530234752
34.9748743718593	0.060276325283433296
35.37688442211056	0.05602549594040572
35.77889447236181	0.052358872177783275
36.18090452261307	0.04971527601855848
36.582914572864325	0.04847648494256467
36.98492462311558	0.049007039719648364
37.38693467336684	0.0511002349730573
37.788944723618094	0.053999479292806594
38.19095477386935	0.05740545464968346
38.59296482412061	0.05997893690919152
38.99497487437186	0.06134093528399818
39.39698492462312	0.06087074602672079
39.798994974874375	0.05859637944790641
40.20100502512563	0.05480276716170505
40.60301507537689	0.05027509109240508
41.005025125628144	0.04594365608562567
41.4070351758794	0.04239588763462562
41.80904522613066	0.04033649179415429
42.21105527638191	0.04031688663557698
42.61306532663317	0.04200656322967057
43.015075376884425	0.045421986741570296
43.41708542713568	0.04960313081748559
43.81909547738694	0.053731770715286196
44.221105527638194	0.056904155781582186
44.62311557788945	0.05844744162001277
45.02512562814071	0.05830563882997991
45.42713567839196	0.05638228721657411
45.82914572864322	0.053222544062514754
46.231155778894475	0.04967500632176468
46.63316582914573	0.046104103564865925
47.03517587939699	0.04330756874538013
47.437185929648244	0.04197291993407092
47.8391959798995	0.04214806731440417
48.24120603015076	0.043583341041394705
48.64321608040201	0.04626925778123036
49.04522613065327	0.049674770838557494
49.447236180904525	0.053148613888233054
49.84924623115578	0.056069492915748864
50.25125628140704	0.057709132679224416
50.653266331658294	0.058073403904777145
51.05527638190955	0.05713122064092017
51.45728643216081	0.05492477066259034
51.85929648241206	0.05214320000184314
52.26130653266332	0.04909638309694233
52.663316582914575	0.04634618649527928
53.06532663316583	0.04448042005812176
53.46733668341709	0.043654539086967925
53.869346733668344	0.04449359987356314
54.2713567839196	0.046643031800252845
54.67336683417086	0.04981529796829614
55.07537688442211	0.05330024187768323
55.47738693467337	0.05647194453143756
55.879396984924625	0.05857352123479642
56.28140703517588	0.05965796373124904
56.68341708542714	0.05931512238706059
57.085427135678394	0.05794004020778405
57.48743718592965	0.05576541022609651
57.88944723618091	0.05326751217688428
58.29145728643216	0.05094201548581747
58.69346733668342	0.04927924535263524
59.095477386934675	0.04814321031739032
59.49748743718593	0.047918696897896525
59.89949748743719	0.04847498894868677
60.301507537688444	0.04973051320432502
60.7035175879397	0.05145920215722619
61.10552763819096	0.05327060116049367
61.50753768844221	0.055096717960548144
61.90954773869347	0.05695971802071124
62.311557788944725	0.058171323138724154
62.71356783919598	0.058991617920742354
63.11557788944724	0.05905640123820759
63.517587939698494	0.05830846930020809
63.91959798994975	0.05665767428942742
64.32160804020101	0.054631344982419075
64.72361809045226	0.052212677963260054
65.12562814070353	0.050118100464961145
65.52763819095478	0.048431119401054025
65.92964824120604	0.0474990006049926
66.33165829145729	0.048012321498094576
66.73366834170855	0.04963340808356282
67.1356783919598	0.05257621038761412
67.53768844221106	0.0561993718152757
67.93969849246231	0.06000097775680371
68.34170854271358	0.06290143987910622
68.74371859296483	0.06468901028326621
69.14572864321609	0.06450491128129207
69.54773869346734	0.06266390944450828
69.9497487437186	0.059348958923013194
70.35175879396985	0.05538354075905159
70.75376884422111	0.05143654843993019
71.15577889447236	0.04828985481784746
71.55778894472363	0.04638120241173523
71.95979899497488	0.04608947944713585
72.36180904522614	0.04754966805866338
72.76381909547739	0.050464442741677426
73.16582914572865	0.05435633825406764
73.5678391959799	0.05836827134124881
73.96984924623116	0.06195271247463776
74.37185929648241	0.06465842917349987
74.77386934673368	0.0654413148165823
75.17587939698493	0.06456051576182673
75.57788944723619	0.061892447197868905
75.97989949748744	0.0576776727254467
76.3819095477387	0.05303798617081238
76.78391959798995	0.04855501625086755
77.18592964824121	0.04526650312025895
77.58793969849246	0.04381216793875889
77.98994974874373	0.0443030209643351
78.39195979899498	0.04678368314325199
78.79396984924624	0.050615197540353006
79.19597989949749	0.05509960380214265
79.59798994974875	0.05938356472070875
80.0	0.062482327454840926
