0.0	0.029012784599629894
0.4020100502512563	0.02593171938388205
0.8040201005025126	0.018745137179872286
1.206030150753769	0.00859267882851113
1.6080402010050252	0.0034294301289620214
2.0100502512562817	0.012999569365684189
2.412060301507538	0.020216233558166853
2.814070351758794	0.02304442004235848
3.2160804020100504	0.021015038356182656
3.6180904522613067	0.014327114865467228
4.020100502512563	0.004518725732038947
4.42211055276382	0.006974123442651579
4.824120603015076	0.01760255246698794
5.226130653266332	0.025860415648093677
5.628140703517588	0.030031518840248118
6.030150753768845	0.02945949287373264
6.432160804020101	0.02439772595689925
6.834170854271357	0.015854062268727286
7.236180904522613	0.006592715253117667
7.63819095477387	0.007586135848260243
8.040201005025127	0.014997269418428544
8.442211055276383	0.019106329698903586
8.84422110552764	0.018693985426552377
9.246231155778895	0.013677040302254476
9.648241206030152	0.004729890515919414
10.050251256281408	0.007519799024438693
10.452261306532664	0.01912494482171754
10.85427135678392	0.029167565693830555
11.256281407035177	0.035984980818660126
11.658291457286433	0.038288939362503285
12.06030150753769	0.03595338730906506
12.462311557788945	0.02972572741434812
12.864321608040202	0.020921090989870196
13.266331658291458	0.011656774547655749
13.668341708542714	0.006344203551271378
14.07035175879397	0.007757098104706063
14.472361809045227	0.008946234611358125
14.874371859296483	0.006537229604598417
15.27638190954774	0.00035200031343463674
15.678391959798995	0.009045004375909672
16.080402010050253	0.019620989476991816
16.48241206030151	0.029991022008181732
16.884422110552766	0.03830953134430176
17.286432160804022	0.043242392778777734
17.68844221105528	0.04388385256705361
18.090452261306535	0.04054124688240868
18.49246231155779	0.033841823910568676
18.894472361809047	0.02531322620762468
19.296482412060303	0.016509712391155413
19.69849246231156	0.009026837281848105
20.100502512562816	0.004011959529722084
20.502512562814072	0.002156463473691291
20.90452261306533	0.006062312497543956
21.306532663316585	0.013743680322268931
21.70854271356784	0.024078530957516688
22.110552763819097	0.03559874763881762
22.512562814070353	0.04629559962332928
22.91457286432161	0.05452682908377885
23.316582914572866	0.0588251544045181
23.718592964824122	0.05869421778351307
24.12060301507538	0.054162079122795706
24.522613065326635	0.04655349517252964
24.92462311557789	0.03698575037121938
25.326633165829147	0.027902287818076042
25.728643216080403	0.021213810573845745
26.13065326633166	0.018636840420349417
26.532663316582916	0.019988962067206753
26.934673366834172	0.02521389725874587
27.33668341708543	0.03393841807807505
27.738693467336685	0.04533410224352489
28.14070351758794	0.05770851896631687
28.542713567839197	0.06909642980893613
28.944723618090453	0.07752583750979161
29.34673366834171	0.08163918593767142
29.748743718592966	0.08144009805242672
30.150753768844222	0.07737673730391767
30.55276381909548	0.07044428859593024
30.954773869346734	0.06243319734661722
31.35678391959799	0.0549060083839147
31.758793969849247	0.050028713692269265
32.16080402010051	0.04805710554651266
32.56281407035176	0.049541329149915284
32.96482412060302	0.05358590665145986
33.366834170854275	0.059937101061265194
33.76884422110553	0.06740022981744179
34.17085427135679	0.07471866902402655
34.572864321608044	0.08063178344640974
34.9748743718593	0.084195349681694
35.37688442211056	0.08486250330741839
35.77889447236181	0.0823520848035174
36.18090452261307	0.0770840786188326
36.582914572864325	0.06962786483257768
36.98492462311558	0.061474222099515065
37.38693467336684	0.053752966520867376
37.788944723618094	0.04768381202430076
38.19095477386935	0.04413270509880125
38.59296482412061	0.043017562659686995
38.99497487437186	0.044301232021551874
39.39698492462312	0.047352408711488686
39.798994974874375	0.051728722225770865
40.20100502512563	0.056588745831269494
40.60301507537689	0.06091796833610432
41.005025125628144	0.06402740865870045
41.4070351758794	0.06506468293441946
41.80904522613066	0.06365893347980571
42.21105527638191	0.06007539854811864
42.61306532663317	0.05482247039797913
43.015075376884425	0.04865984078845892
43.41708542713568	0.042644953206046374
43.81909547738694	0.037854477233953424
44.221105527638194	0.03553388829373201
44.62311557788945	0.03587644294436853
45.02512562814071	0.038953603024853393
45.42713567839196	0.044189987778990844
45.82914572864322	0.050973088824952204
46.231155778894475	0.05835454051054795
46.63316582914573	0.06510628333678535
47.03517587939699	0.07056077628786443
47.437185929648244	0.07365469653917095
47.8391959798995	0.07362297187969567
48.24120603015076	0.07044404630427141
48.64321608040201	0.06461585485601115
49.04522613065327	0.05705942598041367
49.447236180904525	0.04893134138915392
49.84924623115578	0.0418118240975298
50.25125628140704	0.03692703855815086
50.653266331658294	0.03537013389559479
51.05527638190955	0.037542461834138466
51.45728643216081	0.04330469997657903
51.85929648241206	0.05135471131224225
52.26130653266332	0.060348796110614236
52.663316582914575	0.0688602215160556
53.06532663316583	0.07504266406266401
53.46733668341709	0.07812037505606131
53.869346733668344	0.07760730618675554
54.2713567839196	0.07322923614569418
54.67336683417086	0.06604800321270035
55.07537688442211	0.05684472737660495
55.47738693467337	0.04731940566169528
55.879396984924625	0.03906245178661686
56.28140703517588	0.03368700048846854
56.68341708542714	0.032662965156539964
57.085427135678394	0.036043557062049494
57.48743718592965	0.04289663398066852
57.88944723618091	0.051415654065491735
58.29145728643216	0.06050146882822162
58.69346733668342	0.06831453632457865
59.095477386934675	0.07352418886407099
59.49748743718593	0.0753715113547917
59.89949748743719	0.0734764488528928
60.301507537688444	0.06801189563922194
60.7035175879397	0.0597508427050495
61.10552763819096	0.05004054971390355
61.50753768844221	0.04076144296556321
61.90954773869347	0.03344929896991898
62.311557788944725	0.02972132639050249
62.71356783919598	0.030721320240548383
63.11557788944724	0.03634992489311503
63.517587939698494	0.04522955339656149
63.91959798994975	0.05550973099956326
64.32160804020101	0.0656328355932698
64.72361809045226	0.07353099034656932
65.12562814070353	0.07791798505482717
65.52763819095478	0.07810213910506775
65.92964824120604	0.0739757573664278
66.33165829145729	0.0661539574208572
66.73366834170855	0.05655221785691961
67.1356783919598	0.046796476650308574
67.53768844221106	0.03831964803875425
67.93969849246231	0.03280168127626225
68.34170854271358	0.03143384717639518
68.74371859296483	0.03507428901898607
69.14572864321609	0.04269254192171545
69.54773869346734	0.05270481949843275
69.9497487437186	0.06305910270189355
70.35175879396985	0.07143385754541869
70.75376884422111	0.07680380934076263
71.15577889447236	0.07803237990874169
71.55778894472363	0.0751166889444305
71.95979899497488	0.06876147128398835
72.36180904522614	0.060108344980878456
72.76381909547739	0.050999354857053605
73.16582914572865	0.04304057646194654
73.5678391959799	0.03729190036716287
73.96984924623116	0.03492743990253927
74.37185929648241	0.036656041387282866
74.77386934673368	0.04171104280387696
75.17587939698493	0.04931060044583595
75.57788944723619	0.057873483278103245
75.97989949748744	0.06588269761996449
76.3819095477387	0.0718171448121315
76.78391959798995	0.07491286010615408
77.18592964824121	0.07471327502043648
77.58793969849246	0.07134847785254986
77.98994974874373	0.0652047347890608
78.39195979899498	0.05786478486959988
78.79396984924624	0.05017793620904726
79.19597989949749	0.0437986259670985
79.59798994974875	0.03951495564492981
80.0	0.03810360329333893
