0.0	0.02062723453589935
0.4020100502512563	0.019054863239384528
0.8040201005025126	0.01428192839972883
1.206030150753769	0.007410644074564691
1.6080402010050252	0.0029227135163440087
2.0100502512562817	0.00918700944226689
2.412060301507538	0.014548582053531045
2.814070351758794	0.0171060394205305
3.2160804020100504	0.016014823488018002
3.6180904522613067	0.011703799108272876
4.020100502512563	0.004831051622968317
4.42211055276382	0.003966535709100632
4.824120603015076	0.011710622925662023
5.226130653266332	0.018129035544114422
5.628140703517588	0.021611642557145035
6.030150753768845	0.0214573272280997
6.432160804020101	0.01822035644039773
6.834170854271357	0.012108987153660152
7.236180904522613	0.005496438977674301
7.63819095477387	0.005482687042404256
8.040201005025127	0.010957656689635246
8.442211055276383	0.014387853508512202
8.84422110552764	0.014483659867931991
9.246231155778895	0.011090290654252547
9.648241206030152	0.004571954897669169
10.050251256281408	0.0039317108335355806
10.452261306532664	0.012643673308975664
10.85427135678392	0.020183192698985154
11.256281407035177	0.025238695348599027
11.658291457286433	0.0267520486528156
12.06030150753769	0.024572343196445835
12.462311557788945	0.019296738233985963
12.864321608040202	0.012010951790798783
13.266331658291458	0.004440821562628166
13.668341708542714	0.00365423348040401
14.07035175879397	0.007805822208542218
14.472361809045227	0.009079120413702135
14.874371859296483	0.007370688842251195
15.27638190954774	0.004196411945515672
15.678391959798995	0.007776663385661206
16.080402010050253	0.015026297735221749
16.48241206030151	0.022004839239476406
16.884422110552766	0.027281239978788473
17.286432160804022	0.02991146230815463
17.68844221105528	0.029260063602290116
18.090452261306535	0.026021961719194207
18.49246231155779	0.020317805180915183
18.894472361809047	0.013574507760234647
19.296482412060303	0.007183358231200876
19.69849246231156	0.0039135316356077934
20.100502512562816	0.006024885717290419
20.502512562814072	0.008329323564215563
20.90452261306533	0.009667772124935529
21.306532663316585	0.011677577740856034
21.70854271356784	0.015486822416051085
22.110552763819097	0.020399888310975525
22.512562814070353	0.025145637823171012
22.91457286432161	0.028667075851686784
23.316582914572866	0.030010821576358655
23.718592964824122	0.028957970958959127
24.12060301507538	0.025297610261425102
24.522613065326635	0.020117216762586407
24.92462311557789	0.014172374628332245
25.326633165829147	0.010026656232341257
25.728643216080403	0.010054791503962336
26.13065326633166	0.012509632613868593
26.532663316582916	0.014896041787731708
26.934673366834172	0.01700417733542705
27.33668341708543	0.019188500879337038
27.738693467336685	0.02242512712700274
28.14070351758794	0.026245357179784136
28.542713567839197	0.02945425718430513
28.944723618090453	0.030993976779177545
29.34673366834171	0.030042441881594363
29.748743718592966	0.026707063072327102
30.150753768844222	0.02148920537882109
30.55276381909548	0.016312901973320037
30.954773869346734	0.013658892459512939
31.35678391959799	0.014768572628602181
31.758793969849247	0.01759257390870583
32.16080402010051	0.01992483862819017
32.56281407035176	0.021271493662720506
32.96482412060302	0.022575030598473024
33.366834170854275	0.024774350547983222
33.76884422110553	0.028080924678162377
34.17085427135679	0.03131722817553305
34.572864321608044	0.033481846974864754
34.9748743718593	0.03380166421642259
35.37688442211056	0.031882709244393875
35.77889447236181	0.028523087189014796
36.18090452261307	0.024851114706454555
36.582914572864325	0.022065452074839946
36.98492462311558	0.02111782405660507
37.38693467336684	0.022114703730577456
37.788944723618094	0.024204178450803356
38.19095477386935	0.026780776034109305
38.59296482412061	0.029340226199579905
38.99497487437186	0.031948276988266605
39.39698492462312	0.03432588574040209
39.798994974874375	0.03627035235831683
40.20100502512563	0.037520748059870976
40.60301507537689	0.03765342707353297
41.005025125628144	0.03646317522050273
41.4070351758794	0.03482615175607422
41.80904522613066	0.03276778022642647
42.21105527638191	0.031382744223216165
42.61306532663317	0.03094678687264555
43.015075376884425	0.031942309710197334
43.41708542713568	0.03351100218211138
43.81909547738694	0.035484274121554714
44.221105527638194	0.03723712638969283
44.62311557788945	0.03871904069311673
45.02512562814071	0.040076698273662205
45.42713567839196	0.04135924792752315
45.82914572864322	0.04221187181561503
46.231155778894475	0.042828406646532584
46.63316582914573	0.04305998826147995
47.03517587939699	0.04285411476683628
47.437185929648244	0.04251842188955869
47.8391959798995	0.0423695849791424
48.24120603015076	0.04313327809556927
48.64321608040201	0.04442844004967509
49.04522613065327	0.04669178614384077
49.447236180904525	0.04954550106977227
49.84924623115578	0.05257696562937573
50.25125628140704	0.055729265619710554
50.653266331658294	0.058239036703972326
51.05527638190955	0.06039043829477497
51.45728643216081	0.06168053449191056
51.85929648241206	0.06237312092853041
52.26130653266332	0.06223861288288167
52.663316582914575	0.06155803872386463
53.06532663316583	0.060907823154656246
53.46733668341709	0.060527104516142495
53.869346733668344	0.0606969464163993
54.2713567839196	0.06141014786968603
54.67336683417086	0.06249322139641113
55.07537688442211	0.06354860891176586
55.47738693467337	0.06389470003050733
55.879396984924625	0.06357107368911823
56.28140703517588	0.06255923653115258
56.68341708542714	0.061036007608999784
57.085427135678394	0.05986459062095385
57.48743718592965	0.059146868273255535
57.88944723618091	0.05915958999021119
58.29145728643216	0.059820174374701295
58.69346733668342	0.061057100897126106
59.095477386934675	0.06236019364846905
59.49748743718593	0.0631473688960635
59.89949748743719	0.06328237762260645
60.301507537688444	0.06277858217633117
60.7035175879397	0.0615752829137846
61.10552763819096	0.06009793867368152
61.50753768844221	0.058419539029983446
61.90954773869347	0.05696933238645642
62.311557788944725	0.05552506539831884
62.71356783919598	0.054358933025918356
63.11557788944724	0.0534991032070824
63.517587939698494	0.05289334311083649
63.91959798994975	0.052765683884531886
64.32160804020101	0.05314098047633816
64.72361809045226	0.053407844261718684
65.12562814070353	0.05386308541990189
65.52763819095478	0.0539977233547807
65.92964824120604	0.05444235809362831
66.33165829145729	0.05477285899791917
66.73366834170855	0.05543492390698479
67.1356783919598	0.05638027175943814
67.53768844221106	0.05723017246939209
67.93969849246231	0.05743315515304407
68.34170854271358	0.05702907880772369
68.74371859296483	0.05576313491426697
69.14572864321609	0.05398225971202412
69.54773869346734	0.05218923999623829
69.9497487437186	0.05090308287408786
70.35175879396985	0.05027856908597417
70.75376884422111	0.05071018564519558
71.15577889447236	0.051961530152681415
71.55778894472363	0.05374628751597743
71.95979899497488	0.055757461984996634
72.36180904522614	0.05778701981610237
72.76381909547739	0.059464572098997616
73.16582914572865	0.060387801291153474
73.5678391959799	0.060365728254679285
73.96984924623116	0.05910802996568156
74.37185929648241	0.057109875156238575
74.77386934673368	0.05454173205132037
75.17587939698493	0.05183319903661589
75.57788944723619	0.04997977929257951
75.97989949748744	0.04886599481299499
76.3819095477387	0.04909233835105478
76.78391959798995	0.050364239206911486
77.18592964824121	0.052280083531390506
77.58793969849246	0.05451228853545935
77.98994974874373	0.056714889201819794
78.39195979899498	0.05841209923503475
78.79396984924624	0.0598018723132729
79.19597989949749	0.060066133332586244
79.59798994974875	0.05945612142816337
80.0	0.05806336849526783
