0.0	0.017502883396237855
0.4020100502512563	0.015591451603707979
0.8040201005025126	0.011223271631553613
1.206030150753769	0.0051309774099206834
1.6080402010050252	0.002543535723270781
2.0100502512562817	0.008130940716617827
2.412060301507538	0.012529968422613688
2.814070351758794	0.014336408365636318
3.2160804020100504	0.013291480502121988
3.6180904522613067	0.009433088454189161
4.020100502512563	0.003582572686555726
4.42211055276382	0.003185988370165096
4.824120603015076	0.009567828205892089
5.226130653266332	0.014305203128039531
5.628140703517588	0.016749996471776524
6.030150753768845	0.01642904898282484
6.432160804020101	0.013310434614108977
6.834170854271357	0.008085779322090753
7.236180904522613	0.002938064098648953
7.63819095477387	0.0054758870734685165
8.040201005025127	0.01024977491363487
8.442211055276383	0.01305249059569467
8.84422110552764	0.012972180480935323
9.246231155778895	0.01022600302170373
9.648241206030152	0.005165827700642844
10.050251256281408	0.0013975856191382502
10.452261306532664	0.008118588092530046
10.85427135678392	0.013988602390843518
11.256281407035177	0.01802545657327171
11.658291457286433	0.019150149486598746
12.06030150753769	0.017684269383158407
12.462311557788945	0.014159823524876916
12.864321608040202	0.00878479169519333
13.266331658291458	0.002834897861283283
13.668341708542714	0.0035875737394255812
14.07035175879397	0.007780985235651325
14.472361809045227	0.01022982349501594
14.874371859296483	0.010535291604003048
15.27638190954774	0.009840227691814554
15.678391959798995	0.010176516704257729
16.080402010050253	0.013164407237949741
16.48241206030151	0.01733278088705379
16.884422110552766	0.02112497286071669
17.286432160804022	0.023196689566114554
17.68844221105528	0.02297218606574785
18.090452261306535	0.020508151489162456
18.49246231155779	0.016299450527361987
18.894472361809047	0.011404790461911538
19.296482412060303	0.007026603981711031
19.69849246231156	0.004927522429059649
20.100502512562816	0.0048770424594352605
20.502512562814072	0.005789810899072579
20.90452261306533	0.007956762398620589
21.306532663316585	0.011863908641042507
21.70854271356784	0.016790821294065547
22.110552763819097	0.02141547799438611
22.512562814070353	0.02532713667447754
22.91457286432161	0.027511571193137442
23.316582914572866	0.028293803009712477
23.718592964824122	0.027212423919211314
24.12060301507538	0.02455324446493926
24.522613065326635	0.020231569545697308
24.92462311557789	0.015397475072742414
25.326633165829147	0.010292495719724935
25.728643216080403	0.005221818709843897
26.13065326633166	0.0007326308378568133
26.532663316582916	0.0034049611464618858
26.934673366834172	0.007283363968307475
27.33668341708543	0.011269471535169715
27.738693467336685	0.015172128532964093
28.14070351758794	0.0191225279259414
28.542713567839197	0.022664002021698472
28.944723618090453	0.025702333331056194
29.34673366834171	0.027764077358069728
29.748743718592966	0.028480496328869925
30.150753768844222	0.027592931383804798
30.55276381909548	0.024865229886047297
30.954773869346734	0.020271713073884874
31.35678391959799	0.014555199293594393
31.758793969849247	0.008773033926872696
32.16080402010051	0.006667131919361488
32.56281407035176	0.00995578491430847
32.96482412060302	0.014791797730820741
33.366834170854275	0.019353191929921475
33.76884422110553	0.02338981116930244
34.17085427135679	0.027138049318473502
34.572864321608044	0.03077595424706169
34.9748743718593	0.033937554851165265
35.37688442211056	0.03613988403626865
35.77889447236181	0.03640182712848579
36.18090452261307	0.03437741588355133
36.582914572864325	0.030582613261415724
36.98492462311558	0.02539957536703376
37.38693467336684	0.019722029249832983
37.788944723618094	0.015266735509438722
38.19095477386935	0.01385205234357964
38.59296482412061	0.01545836445126357
38.99497487437186	0.018243544079202822
39.39698492462312	0.021040404604195546
39.798994974874375	0.024074725685403867
40.20100502512563	0.02809759770245815
40.60301507537689	0.032751290998342494
41.005025125628144	0.03718662486534785
41.4070351758794	0.040155493219724524
41.80904522613066	0.040987464354408046
42.21105527638191	0.039908937376671665
42.61306532663317	0.037079401537138505
43.015075376884425	0.03337128195897904
43.41708542713568	0.030209835615433018
43.81909547738694	0.028184362009706383
44.221105527638194	0.027631074435987106
44.62311557788945	0.028336023524142738
45.02512562814071	0.03029511131595004
45.42713567839196	0.03378352312230623
45.82914572864322	0.03808758752570163
46.231155778894475	0.04297779226150013
46.63316582914573	0.04749628903927364
47.03517587939699	0.050878148481967075
47.437185929648244	0.05275810613282809
47.8391959798995	0.05347207072210445
48.24120603015076	0.05311570876598652
48.64321608040201	0.05233959517683011
49.04522613065327	0.05141100980022241
49.447236180904525	0.05090805077983348
49.84924623115578	0.051240199248002036
50.25125628140704	0.0519418406673276
50.653266331658294	0.0537286225915644
51.05527638190955	0.05599275023627417
51.45728643216081	0.05855918635267231
51.85929648241206	0.06104256056884726
52.26130653266332	0.06289027651635623
52.663316582914575	0.0638714187787978
53.06532663316583	0.0633647270255557
53.46733668341709	0.06109595524177027
53.869346733668344	0.057697617498609896
54.2713567839196	0.05411951121392178
54.67336683417086	0.051430419047358025
55.07537688442211	0.05031688604611169
55.47738693467337	0.050826918561775104
55.879396984924625	0.05289578478146367
56.28140703517588	0.05582358707252457
56.68341708542714	0.058770545157375356
57.085427135678394	0.0607961498813421
57.48743718592965	0.06148900364045
57.88944723618091	0.0602978538622988
58.29145728643216	0.05760865046993667
58.69346733668342	0.05364297627768305
59.095477386934675	0.04975558102903241
59.49748743718593	0.04658045908311706
59.89949748743719	0.044630761773455006
60.301507537688444	0.043720383540551244
60.7035175879397	0.043198218527775396
61.10552763819096	0.042768589257251174
61.50753768844221	0.042203971750694194
61.90954773869347	0.04158333195077692
62.311557788944725	0.04130876517563206
62.71356783919598	0.04151624948958472
63.11557788944724	0.04216558982877267
63.517587939698494	0.04286661349087401
63.91959798994975	0.0433677235859918
64.32160804020101	0.04416013238319212
64.72361809045226	0.04579829321230176
65.12562814070353	0.047866359031393996
65.52763819095478	0.049732817872568724
65.92964824120604	0.05041111324918797
66.33165829145729	0.049313484738361425
66.73366834170855	0.046156825547463684
67.1356783919598	0.041314795570826575
67.53768844221106	0.0358807428921417
67.93969849246231	0.03139625953954758
68.34170854271358	0.029232551790926507
68.74371859296483	0.029947872782070895
69.14572864321609	0.03275224895112716
69.54773869346734	0.037069445070181256
69.9497487437186	0.04257949873816231
70.35175879396985	0.04838761937300164
70.75376884422111	0.05393082615161926
71.15577889447236	0.057915272259605875
71.55778894472363	0.058991773609784894
71.95979899497488	0.05709805514704462
72.36180904522614	0.052176155633519516
72.76381909547739	0.044843140795228574
73.16582914572865	0.03653884028673564
73.5678391959799	0.029302519540921897
73.96984924623116	0.02488217760577728
74.37185929648241	0.02479538649186851
74.77386934673368	0.028445394950163738
75.17587939698493	0.034451855250188144
75.57788944723619	0.041339884754559034
75.97989949748744	0.04822162273816254
76.3819095477387	0.053417940415415574
76.78391959798995	0.05641334785458853
77.18592964824121	0.05638499718058813
77.58793969849246	0.05341016147180595
77.98994974874373	0.048126338144551445
78.39195979899498	0.040994356428607596
78.79396984924624	0.03326196556233435
79.19597989949749	0.02608923790826303
79.59798994974875	0.02086652586544769
80.0	0.019550040011434365
