0.0	0.013424280184057114
0.4020100502512563	0.011813856186998666
0.8040201005025126	0.00878275240798048
1.206030150753769	0.0059706565526660375
1.6080402010050252	0.005739163411219663
2.0100502512562817	0.008066452927229812
2.412060301507538	0.010040089015807437
2.814070351758794	0.01017097494837453
3.2160804020100504	0.008613477242131391
3.6180904522613067	0.005211293508555325
4.020100502512563	0.00092608212987744
4.42211055276382	0.004396700899554706
4.824120603015076	0.00893116793364157
5.226130653266332	0.012369494434283201
5.628140703517588	0.014212253838985667
6.030150753768845	0.014220352421914054
6.432160804020101	0.013170517875551565
6.834170854271357	0.011697796652150153
7.236180904522613	0.011352636219660015
7.63819095477387	0.012010497221744743
8.040201005025127	0.01300345662490646
8.442211055276383	0.013076071024166091
8.84422110552764	0.011679654126189095
9.246231155778895	0.009286711494758215
9.648241206030152	0.007343050569604154
10.050251256281408	0.009051297166014202
10.452261306532664	0.013807362053055305
10.85427135678392	0.018749778485621246
11.256281407035177	0.02272208334934387
11.658291457286433	0.025237359145840882
12.06030150753769	0.02639467235782204
12.462311557788945	0.02640939699411967
12.864321608040202	0.025800696230064885
13.266331658291458	0.02502409216000066
13.668341708542714	0.024375923274772268
14.07035175879397	0.023736209221846397
14.472361809045227	0.02296041055852062
14.874371859296483	0.022308242721661643
15.27638190954774	0.022076489108382103
15.678391959798995	0.022222602012600675
16.080402010050253	0.022643968826491157
16.48241206030151	0.02299879239334327
16.884422110552766	0.02287063167172572
17.286432160804022	0.022583223083943404
17.68844221105528	0.0226728649116194
18.090452261306535	0.02353410216105248
18.49246231155779	0.02534657717128087
18.894472361809047	0.02804591410480516
19.296482412060303	0.03108159970652739
19.69849246231156	0.03380024942625611
20.100502512562816	0.03550413886738848
20.502512562814072	0.036229312468251985
20.90452261306533	0.03605189448728276
21.306532663316585	0.03476067056063374
21.70854271356784	0.03265479102003972
22.110552763819097	0.03020607671307162
22.512562814070353	0.02745473458160224
22.91457286432161	0.025109970987894626
23.316582914572866	0.02364000298923095
23.718592964824122	0.023117621077825813
24.12060301507538	0.02347710358109617
24.522613065326635	0.024727120395675133
24.92462311557789	0.026689069528215474
25.326633165829147	0.028785824721741293
25.728643216080403	0.030395737127597345
26.13065326633166	0.031694280362033464
26.532663316582916	0.03238841385572393
26.934673366834172	0.0317387540174958
27.33668341708543	0.030045788906798654
27.738693467336685	0.027853426912872414
28.14070351758794	0.024996859232392865
28.542713567839197	0.02245021743620235
28.944723618090453	0.02099927433837613
29.34673366834171	0.02091158561843167
29.748743718592966	0.02248572472000803
30.150753768844222	0.025512542713896254
30.55276381909548	0.029433709447951983
30.954773869346734	0.03373996393423106
31.35678391959799	0.03793370668107154
31.758793969849247	0.04117105384508223
32.16080402010051	0.043311729972604886
32.56281407035176	0.04405687445603419
32.96482412060302	0.04324390850900934
33.366834170854275	0.041261522471446536
33.76884422110553	0.03914393349554525
34.17085427135679	0.03718726884067318
34.572864321608044	0.036228084042073776
34.9748743718593	0.03641507457613254
35.37688442211056	0.03806049175886952
35.77889447236181	0.04033152196434999
36.18090452261307	0.04375465717859875
36.582914572864325	0.04773947059025783
36.98492462311558	0.052790098347908584
37.38693467336684	0.05786917373328476
37.788944723618094	0.06266060995911277
38.19095477386935	0.06651303399856293
38.59296482412061	0.06938087440146931
38.99497487437186	0.07087513210734461
39.39698492462312	0.07072654664566805
39.798994974874375	0.06869522544583158
40.20100502512563	0.06456793698049026
40.60301507537689	0.058687122970097726
41.005025125628144	0.05174889132627079
41.4070351758794	0.04528799704666465
41.80904522613066	0.040557261004820676
42.21105527638191	0.0390288885322302
42.61306532663317	0.04181539958739948
43.015075376884425	0.049056461036990906
43.41708542713568	0.058784567309825085
43.81909547738694	0.06877382607159391
44.221105527638194	0.07680285732509494
44.62311557788945	0.08103069833161045
45.02512562814071	0.0804524972471689
45.42713567839196	0.07483810948160236
45.82914572864322	0.06548691564435692
46.231155778894475	0.05369327737746149
46.63316582914573	0.04106206622740848
47.03517587939699	0.029755205510344124
47.437185929648244	0.020999837219999023
47.8391959798995	0.016868355227463577
48.24120603015076	0.019261162614632933
48.64321608040201	0.0273322659810588
49.04522613065327	0.0382436710030946
49.447236180904525	0.04961137881484855
49.84924623115578	0.05931250465989506
50.25125628140704	0.0654442512355009
50.653266331658294	0.06695736893695034
51.05527638190955	0.06366994094002587
51.45728643216081	0.05606617070746045
51.85929648241206	0.04543965510927593
52.26130653266332	0.0335790540220769
52.663316582914575	0.0227488924614517
53.06532663316583	0.015055264646506857
53.46733668341709	0.013186156196722343
53.869346733668344	0.0167131926964944
54.2713567839196	0.02332567105336011
54.67336683417086	0.032052510436601095
55.07537688442211	0.04215136590733521
55.47738693467337	0.05251906909527192
55.879396984924625	0.06155626562761485
56.28140703517588	0.06786571407486425
56.68341708542714	0.07013493187612856
57.085427135678394	0.06828648462013372
57.48743718592965	0.06221311070765796
57.88944723618091	0.053236278918853144
58.29145728643216	0.04310873998547482
58.69346733668342	0.03391056684200483
59.095477386934675	0.028061150680192694
59.49748743718593	0.027435122999623095
59.89949748743719	0.031163153344063554
60.301507537688444	0.03788478036812985
60.7035175879397	0.0470675083557207
61.10552763819096	0.057866234724855845
61.50753768844221	0.06818894779500073
61.90954773869347	0.07624772383319996
62.311557788944725	0.07989451949194286
62.71356783919598	0.07818702545491822
63.11557788944724	0.07091252930861316
63.517587939698494	0.059310988959708676
63.91959798994975	0.045398799372399476
64.32160804020101	0.03173632563694019
64.72361809045226	0.021556580213737842
65.12562814070353	0.01799509064516353
65.52763819095478	0.022173652942214777
65.92964824120604	0.03120324326708564
66.33165829145729	0.04296606435214119
66.73366834170855	0.05537967508026499
67.1356783919598	0.06682902458417964
67.53768844221106	0.0748965790996371
67.93969849246231	0.07824636138370988
68.34170854271358	0.0764512302296764
68.74371859296483	0.06971890133235817
69.14572864321609	0.05927370466144129
69.54773869346734	0.04628298643430917
69.9497487437186	0.03291591884339933
70.35175879396985	0.02083991760906976
70.75376884422111	0.013875596735170697
71.15577889447236	0.01603579157537794
71.55778894472363	0.02436231065327333
71.95979899497488	0.03508920674816275
72.36180904522614	0.04718693776709702
72.76381909547739	0.05909462724735991
73.16582914572865	0.06910221524894883
73.5678391959799	0.07563946602173269
73.96984924623116	0.0773054613398766
74.37185929648241	0.07358436875908561
74.77386934673368	0.06506954874350837
75.17587939698493	0.05282166849029949
75.57788944723619	0.038757364388379144
75.97989949748744	0.025073720824064366
76.3819095477387	0.014921953434155078
76.78391959798995	0.014230535363471594
77.18592964824121	0.021126966011689657
77.58793969849246	0.030878921585651736
77.98994974874373	0.042632835997759695
78.39195979899498	0.05542954969128174
78.79396984924624	0.06761009505249614
79.19597989949749	0.07704124111443132
79.59798994974875	0.08182911912656479
80.0	0.0815581119355575
