0.0	0.003246053891722314
0.4020100502512563	0.005208855298318901
0.8040201005025126	0.007137213305091321
1.206030150753769	0.00807547503828762
1.6080402010050252	0.00792451459097953
2.0100502512562817	0.006807095515224802
2.412060301507538	0.005236751675735153
2.814070351758794	0.004271145704784574
3.2160804020100504	0.0043790617637549725
3.6180904522613067	0.005033724678328713
4.020100502512563	0.00519131456871485
4.42211055276382	0.004199269279864461
4.824120603015076	0.0024248724380483296
5.226130653266332	0.0022108331373661603
5.628140703517588	0.004794029902708889
6.030150753768845	0.007836740577859266
6.432160804020101	0.010524446908119678
6.834170854271357	0.012075032756052788
7.236180904522613	0.012666716023757723
7.63819095477387	0.012092003311108613
8.040201005025127	0.010542803940185651
8.442211055276383	0.008770848138528136
8.84422110552764	0.0068657024232209275
9.246231155778895	0.0054678186609251195
9.648241206030152	0.004371742290022343
10.050251256281408	0.0034377791419318384
10.452261306532664	0.003225154925818792
10.85427135678392	0.0049451800546229975
11.256281407035177	0.008213867112631903
11.658291457286433	0.0116211653750118
12.06030150753769	0.014834826089598685
12.462311557788945	0.017440195967379918
12.864321608040202	0.018870416672421186
13.266331658291458	0.019594275847198656
13.668341708542714	0.019596314537481306
14.07035175879397	0.019316783874862208
14.472361809045227	0.018742517644941704
14.874371859296483	0.018000348653675252
15.27638190954774	0.016951433957096508
15.678391959798995	0.015362988655911717
16.080402010050253	0.013519965610825788
16.48241206030151	0.011923718088758589
16.884422110552766	0.011660040774206676
17.286432160804022	0.01339433296564175
17.68844221105528	0.016385724480811825
18.090452261306535	0.019794851635314383
18.49246231155779	0.022857346029914745
18.894472361809047	0.0251436731413359
19.296482412060303	0.02646206394807409
19.69849246231156	0.026432947848955907
20.100502512562816	0.02538899664348233
20.502512562814072	0.02375123556720546
20.90452261306533	0.02153650815430367
21.306532663316585	0.019164738117689616
21.70854271356784	0.01673024954418491
22.110552763819097	0.014429916952407714
22.512562814070353	0.012806631506772545
22.91457286432161	0.01222611603550203
23.316582914572866	0.013823292323818603
23.718592964824122	0.01658379341265561
24.12060301507538	0.019730448632398947
24.522613065326635	0.022674313296688585
24.92462311557789	0.02489041392757845
25.326633165829147	0.026021425217226286
25.728643216080403	0.025540282918332595
26.13065326633166	0.023970439935705003
26.532663316582916	0.02127287871381358
26.934673366834172	0.018109195744320447
27.33668341708543	0.014329558678746083
27.738693467336685	0.010758540268769953
28.14070351758794	0.007859638593500317
28.542713567839197	0.00652725454807779
28.944723618090453	0.00736360099973868
29.34673366834171	0.00946604400050593
29.748743718592966	0.012212211963456236
30.150753768844222	0.015016651003554971
30.55276381909548	0.017732233336301535
30.954773869346734	0.01993333964208898
31.35678391959799	0.02139885186974921
31.758793969849247	0.021775237349178127
32.16080402010051	0.021147512294548622
32.56281407035176	0.019485429820206963
32.96482412060302	0.017080712656874282
33.366834170854275	0.013943764635573858
33.76884422110553	0.010921519487955991
34.17085427135679	0.0083388787492881
34.572864321608044	0.006489735846200139
34.9748743718593	0.005809388285344689
35.37688442211056	0.006773382210503285
35.77889447236181	0.008898083926511072
36.18090452261307	0.011830062756800808
36.582914572864325	0.014957719011818738
36.98492462311558	0.017814945082433354
37.38693467336684	0.019986890816090293
37.788944723618094	0.020998448606929208
38.19095477386935	0.020641197137768436
38.59296482412061	0.01913608594400932
38.99497487437186	0.016691194286507546
39.39698492462312	0.014022741338254596
39.798994974874375	0.011192969423243184
40.20100502512563	0.009099672834415023
40.60301507537689	0.007363380868455088
41.005025125628144	0.006679599685983012
41.4070351758794	0.007091747794918458
41.80904522613066	0.008703123575816365
42.21105527638191	0.011312862114837362
42.61306532663317	0.014242245588440786
43.015075376884425	0.017096718438230036
43.41708542713568	0.01916605086358609
43.81909547738694	0.020600148786918147
44.221105527638194	0.021019890638029087
44.62311557788945	0.020566108003649726
45.02512562814071	0.019199658051105444
45.42713567839196	0.01752115371400709
45.82914572864322	0.015818175413261342
46.231155778894475	0.014316331086920783
46.63316582914573	0.013078327861204293
47.03517587939699	0.012164078292896983
47.437185929648244	0.011721028579212903
47.8391959798995	0.011978164647317161
48.24120603015076	0.013123317756661645
48.64321608040201	0.014619929733000313
49.04522613065327	0.01605325100973305
49.447236180904525	0.017194456917278028
49.84924623115578	0.017786007542323543
50.25125628140704	0.017661937332593223
50.653266331658294	0.016917649763517843
51.05527638190955	0.01599836269323699
51.45728643216081	0.014853954279126108
51.85929648241206	0.013955094224697224
52.26130653266332	0.012945233752356797
52.663316582914575	0.011946065245819721
53.06532663316583	0.010930669893376866
53.46733668341709	0.010288251350161134
53.869346733668344	0.010616415162496843
54.2713567839196	0.01196764912025625
54.67336683417086	0.014160483559155747
55.07537688442211	0.016689935741298914
55.47738693467337	0.01885983969209843
55.879396984924625	0.020226005472425427
56.28140703517588	0.020536885575617107
56.68341708542714	0.019846417307558824
57.085427135678394	0.018626742521432437
57.48743718592965	0.01704489636746658
57.88944723618091	0.01542879601305252
58.29145728643216	0.013988568211869385
58.69346733668342	0.012554606725457626
59.095477386934675	0.010802534279902453
59.49748743718593	0.00942210154949892
59.89949748743719	0.009212596590868722
60.301507537688444	0.010923367767433948
60.7035175879397	0.013610948603734952
61.10552763819096	0.016347416073903224
61.50753768844221	0.018327021111262574
61.90954773869347	0.019164944966499182
62.311557788944725	0.019088253252493623
62.71356783919598	0.018192302089168992
63.11557788944724	0.016935914306110113
63.517587939698494	0.015528004999385775
63.91959798994975	0.014155336900981471
64.32160804020101	0.012881594552279278
64.72361809045226	0.011635933892108763
65.12562814070353	0.010553060239429247
65.52763819095478	0.009904570027681407
65.92964824120604	0.010207644343597482
66.33165829145729	0.012077113959583033
66.73366834170855	0.01445761771273868
67.1356783919598	0.016806617308930464
67.53768844221106	0.018677712802920687
67.93969849246231	0.019850319350550788
68.34170854271358	0.02003522926021404
68.74371859296483	0.019347617632616675
69.14572864321609	0.01799139648593076
69.54773869346734	0.01595004572798525
69.9497487437186	0.013924142195111632
70.35175879396985	0.011801815838983869
70.75376884422111	0.009940399664143557
71.15577889447236	0.008715213568604106
71.55778894472363	0.008313989656563827
71.95979899497488	0.009393103848750039
72.36180904522614	0.011790695270513716
72.76381909547739	0.01477611696673733
73.16582914572865	0.01767368413334152
73.5678391959799	0.02010167655101924
73.96984924623116	0.02154490959828526
74.37185929648241	0.02223139078762845
74.77386934673368	0.02202848629416262
75.17587939698493	0.020812426996529302
75.57788944723619	0.019101561953830833
75.97989949748744	0.016733925746201122
76.3819095477387	0.014446022529289573
76.78391959798995	0.012306662514521767
77.18592964824121	0.01064201562967997
77.58793969849246	0.01006558717091861
77.98994974874373	0.011036989249983191
78.39195979899498	0.01346422891731033
78.79396984924624	0.016619258060355104
79.19597989949749	0.019630603890964323
79.59798994974875	0.021957066771202266
80.0	0.023356543239349194
