0.0	0.008118443899216777
0.4020100502512563	0.009509480831390398
0.8040201005025126	0.00966967601879686
1.206030150753769	0.008670090278375118
1.6080402010050252	0.007072639455285537
2.0100502512562817	0.005315332761887339
2.412060301507538	0.004323226430693006
2.814070351758794	0.0046583519193619475
3.2160804020100504	0.005174757133038041
3.6180904522613067	0.004893881489566526
4.020100502512563	0.0035647026370566777
4.42211055276382	0.002706583559716411
4.824120603015076	0.004479226892837968
5.226130653266332	0.007951955030036501
5.628140703517588	0.01133883064945442
6.030150753768845	0.013751369102228012
6.432160804020101	0.015112130294507082
6.834170854271357	0.015360151264501276
7.236180904522613	0.014223872479802346
7.63819095477387	0.012181701193069884
8.040201005025127	0.009830498327378962
8.442211055276383	0.007306584383336832
8.84422110552764	0.005309941881021311
9.246231155778895	0.004211667417584044
9.648241206030152	0.005278849480708123
10.050251256281408	0.008537073913687136
10.452261306532664	0.012651375940705992
10.85427135678392	0.017174207795425736
11.256281407035177	0.02156168761533414
11.658291457286433	0.025116307198922116
12.06030150753769	0.027567398836213248
12.462311557788945	0.02879693336500207
12.864321608040202	0.028500311921139672
13.266331658291458	0.02706788974201449
13.668341708542714	0.024586731951942314
14.07035175879397	0.021736273414835843
14.472361809045227	0.018701770796393482
14.874371859296483	0.01607095993316634
15.27638190954774	0.014457887924533622
15.678391959798995	0.013898610798311267
16.080402010050253	0.014907089408199764
16.48241206030151	0.017853501901075354
16.884422110552766	0.022166224228660266
17.286432160804022	0.02759434550703696
17.68844221105528	0.033552373266741285
18.090452261306535	0.039004567533800924
18.49246231155779	0.04328382448976632
18.894472361809047	0.04561007570370724
19.296482412060303	0.045945815462331965
19.69849246231156	0.04415779292377227
20.100502512562816	0.04109246632200565
20.502512562814072	0.03735417058731731
20.90452261306533	0.03395027634143126
21.306532663316585	0.03155643217179616
21.70854271356784	0.03067414465025874
22.110552763819097	0.03134933415827258
22.512562814070353	0.03362149112338212
22.91457286432161	0.03751333203776237
23.316582914572866	0.0426939716984833
23.718592964824122	0.04850360035592408
24.12060301507538	0.05392725448604685
24.522613065326635	0.058448819203898425
24.92462311557789	0.061355781137764354
25.326633165829147	0.06246607842617
25.728643216080403	0.06215236508630394
26.13065326633166	0.060595441591029545
26.532663316582916	0.05843607847724573
26.934673366834172	0.05644629577892775
27.33668341708543	0.05516038245679058
27.738693467336685	0.05491204890339317
28.14070351758794	0.05569622255856123
28.542713567839197	0.057404004234715034
28.944723618090453	0.059204490250880606
29.34673366834171	0.060664503156621266
29.748743718592966	0.061300007579936346
30.150753768844222	0.061070458716528456
30.55276381909548	0.060371539568289015
30.954773869346734	0.059838732488067425
31.35678391959799	0.05973083614217134
31.758793969849247	0.06015146543589629
32.16080402010051	0.06076139515478877
32.56281407035176	0.06134933648770381
32.96482412060302	0.061277933476085455
33.366834170854275	0.06026167643541404
33.76884422110553	0.05847763112414835
34.17085427135679	0.05592454907838945
34.572864321608044	0.05313085566186789
34.9748743718593	0.05053757455751694
35.37688442211056	0.048108376904588857
35.77889447236181	0.046561142596489774
36.18090452261307	0.04546473374369896
36.582914572864325	0.04546031306793265
36.98492462311558	0.04632828218504861
37.38693467336684	0.04779418315068231
37.788944723618094	0.049370956470366795
38.19095477386935	0.050641102677962846
38.59296482412061	0.051025424864885816
38.99497487437186	0.05038622797911198
39.39698492462312	0.04935377930267073
39.798994974874375	0.04778245249960618
40.20100502512563	0.04638472423356384
40.60301507537689	0.045455457172111344
41.005025125628144	0.04496568521039865
41.4070351758794	0.04497817508374077
41.80904522613066	0.0452779619309545
42.21105527638191	0.04584529308493
42.61306532663317	0.04642788384137519
43.015075376884425	0.04680675603554191
43.41708542713568	0.04690852796042759
43.81909547738694	0.04669518107050928
44.221105527638194	0.04659557490023976
44.62311557788945	0.046585927691058446
45.02512562814071	0.04699464070002821
45.42713567839196	0.048054291434928315
45.82914572864322	0.04969896825901255
46.231155778894475	0.05166870153145733
46.63316582914573	0.05352307742625405
47.03517587939699	0.055254357676037036
47.437185929648244	0.056063450403736156
47.8391959798995	0.05589500194877669
48.24120603015076	0.05484610127579022
48.64321608040201	0.053416745622823114
49.04522613065327	0.05178527250175702
49.447236180904525	0.05037755122918634
49.84924623115578	0.04990654697064448
50.25125628140704	0.05044760070172207
50.653266331658294	0.0524870914251412
51.05527638190955	0.055492565749101455
51.45728643216081	0.05916495454488739
51.85929648241206	0.06233899781846368
52.26130653266332	0.06482580554235393
52.663316582914575	0.06590789578664605
53.06532663316583	0.06500727995912813
53.46733668341709	0.06219559604623222
53.869346733668344	0.057954904924515036
54.2713567839196	0.05335899989606102
54.67336683417086	0.04911323168414295
55.07537688442211	0.04610525254554145
55.47738693467337	0.04522137111021732
55.879396984924625	0.046928397976575456
56.28140703517588	0.05089901425612263
56.68341708542714	0.05624508666429175
57.085427135678394	0.06181770324783824
57.48743718592965	0.06647787701319645
57.88944723618091	0.06921064659677581
58.29145728643216	0.06945502669549419
58.69346733668342	0.06698068347496902
59.095477386934675	0.062387735998506264
59.49748743718593	0.05613920568333035
59.89949748743719	0.04969894828036121
60.301507537688444	0.04425390136037578
60.7035175879397	0.040511436051445554
61.10552763819096	0.03946752961520386
61.50753768844221	0.04129822579583986
61.90954773869347	0.04550176426778761
62.311557788944725	0.05116894543920558
62.71356783919598	0.05707472748605356
63.11557788944724	0.06205735930874827
63.517587939698494	0.06507634615671219
63.91959798994975	0.06575756663058059
64.32160804020101	0.06390250453136251
64.72361809045226	0.06031255637503833
65.12562814070353	0.05539281739704145
65.52763819095478	0.05025405210118653
65.92964824120604	0.04570346285101539
66.33165829145729	0.042739219201753186
66.73366834170855	0.04146092478742086
67.1356783919598	0.0421800710795634
67.53768844221106	0.044831102879461265
67.93969849246231	0.04873182457093268
68.34170854271358	0.05320462436651905
68.74371859296483	0.05761589338948244
69.14572864321609	0.06115379063619194
69.54773869346734	0.06343253398812312
69.9497487437186	0.0641285658923399
70.35175879396985	0.06310363308255106
70.75376884422111	0.06086204364451758
71.15577889447236	0.057534863349768206
71.55778894472363	0.05363502768996472
71.95979899497488	0.04976064804711579
72.36180904522614	0.04650936680141503
72.76381909547739	0.04466059818522418
73.16582914572865	0.044496401513073484
73.5678391959799	0.0460529598098814
73.96984924623116	0.048825928675112915
74.37185929648241	0.05242383453219161
74.77386934673368	0.05597905563438077
75.17587939698493	0.059119848631310534
75.57788944723619	0.06141137938043072
75.97989949748744	0.06248635214154617
76.3819095477387	0.06216567563518256
76.78391959798995	0.06056024792413852
77.18592964824121	0.05781790453474724
77.58793969849246	0.05414960731202091
77.98994974874373	0.05001544571415868
78.39195979899498	0.04613225312980805
78.79396984924624	0.04318237013770606
79.19597989949749	0.04190626467491248
79.59798994974875	0.04248481173047441
80.0	0.04490180315875368
