0.0	0.01736092565425326
0.4020100502512563	0.015854040285903186
0.8040201005025126	0.011690324645559568
1.206030150753769	0.005884970348406226
1.6080402010050252	0.0015887052952850832
2.0100502512562817	0.007172714754562261
2.412060301507538	0.011595201220139314
2.814070351758794	0.013594423832282774
3.2160804020100504	0.012817927657651131
3.6180904522613067	0.009061828679576929
4.020100502512563	0.003347974738900894
4.42211055276382	0.003352587984869513
4.824120603015076	0.010118060556685935
5.226130653266332	0.015644113808838542
5.628140703517588	0.018658783888130435
6.030150753768845	0.019136692436666755
6.432160804020101	0.016981793936332985
6.834170854271357	0.012307821799216703
7.236180904522613	0.006552742286394743
7.63819095477387	0.00191238654700146
8.040201005025127	0.005236402014167743
8.442211055276383	0.008021416274647315
8.84422110552764	0.007696402576504109
9.246231155778895	0.004976965398582908
9.648241206030152	0.0014388058649000726
10.050251256281408	0.007896586150426873
10.452261306532664	0.015692798682459153
10.85427135678392	0.02290741256163625
11.256281407035177	0.02953989408249612
11.658291457286433	0.03379431799397005
12.06030150753769	0.03455895130120147
12.462311557788945	0.032502194228256495
12.864321608040202	0.028678417464292977
13.266331658291458	0.023333860444933317
13.668341708542714	0.017100509210336207
14.07035175879397	0.011045936210393764
14.472361809045227	0.007468911453741275
14.874371859296483	0.007748367744437955
15.27638190954774	0.009509914371632245
15.678391959798995	0.013180801923473137
16.080402010050253	0.021090525386878216
16.48241206030151	0.031413767500161525
16.884422110552766	0.04221785926584197
17.286432160804022	0.05201415506175193
17.68844221105528	0.0606188120832067
18.090452261306535	0.06775583175277845
18.49246231155779	0.07387738855889567
18.894472361809047	0.07799355758356873
19.296482412060303	0.07988186335123518
19.69849246231156	0.07832434687583498
20.100502512562816	0.0728710119978824
20.502512562814072	0.0645199143686646
20.90452261306533	0.05478806351513046
21.306532663316585	0.04594632379038878
21.70854271356784	0.039297832457979576
22.110552763819097	0.037284842293248535
22.512562814070353	0.03993344941867082
22.91457286432161	0.04711272185661187
23.316582914572866	0.05775314631101476
23.718592964824122	0.0696536976564211
24.12060301507538	0.08058745814268038
24.522613065326635	0.08842037973148595
24.92462311557789	0.09157414112120199
25.326633165829147	0.0890337061626989
25.728643216080403	0.08172218462398731
26.13065326633166	0.06998006368064826
26.532663316582916	0.056033682752949884
26.934673366834172	0.04172038476761171
27.33668341708543	0.030733908661158337
27.738693467336685	0.023838582475415614
28.14070351758794	0.021322361721918592
28.542713567839197	0.02358250582463204
28.944723618090453	0.03029450488311236
29.34673366834171	0.041018799354187806
29.748743718592966	0.05458838126515962
30.150753768844222	0.06743941241328746
30.55276381909548	0.0771721033638745
30.954773869346734	0.08144775980645105
31.35678391959799	0.07896719380839101
31.758793969849247	0.0696167113241941
32.16080402010051	0.05497715835545064
32.56281407035176	0.037351959393584
32.96482412060302	0.021194959103264455
33.366834170854275	0.01275201305174949
33.76884422110553	0.01574110263818043
34.17085427135679	0.018406122150091964
34.572864321608044	0.017871590312861323
34.9748743718593	0.019230600237781274
35.37688442211056	0.027875078765022304
35.77889447236181	0.04077740241622234
36.18090452261307	0.053444836309371746
36.582914572864325	0.06219472181264947
36.98492462311558	0.0644315057400863
37.38693467336684	0.06036166366083244
37.788944723618094	0.05076538804036338
38.19095477386935	0.038595744102582555
38.59296482412061	0.028700189702484558
38.99497487437186	0.027468534728630534
39.39698492462312	0.03343001266140279
39.798994974874375	0.03989034829376022
40.20100502512563	0.04500248861129477
40.60301507537689	0.04826956863688083
41.005025125628144	0.051064939052964387
41.4070351758794	0.05457390694943184
41.80904522613066	0.0586200597557688
42.21105527638191	0.061848073877302366
42.61306532663317	0.06259576700764977
43.015075376884425	0.059367669940969925
43.41708542713568	0.052433381500727974
43.81909547738694	0.044069595069015415
44.221105527638194	0.03799022444215125
44.62311557788945	0.039343509654293174
45.02512562814071	0.04701382457756752
45.42713567839196	0.055870649018316974
45.82914572864322	0.06227613399423828
46.231155778894475	0.06454666650114652
46.63316582914573	0.0630813797670913
47.03517587939699	0.05951760036117056
47.437185929648244	0.05598958454140033
47.8391959798995	0.053382281859651284
48.24120603015076	0.05108528915909351
48.64321608040201	0.04807145538217952
49.04522613065327	0.042860407772475156
49.447236180904525	0.03710856486303386
49.84924623115578	0.03488431648113435
50.25125628140704	0.04016096109942615
50.653266331658294	0.050770791239789045
51.05527638190955	0.06158404159910882
51.45728643216081	0.06901655998891357
51.85929648241206	0.07142550165992623
52.26130653266332	0.06832704728125305
52.663316582914575	0.060470137918556266
53.06532663316583	0.05008630630787601
53.46733668341709	0.038715975293289365
53.869346733668344	0.02933576901928296
54.2713567839196	0.022774313665571408
54.67336683417086	0.018297750684090147
55.07537688442211	0.015727676183606678
55.47738693467337	0.0187145192252772
55.879396984924625	0.029169392921455393
56.28140703517588	0.043156444642688835
56.68341708542714	0.05724285984090767
57.085427135678394	0.06899216365687075
57.48743718592965	0.07625654967638815
57.88944723618091	0.07711645172639182
58.29145728643216	0.07189301941446866
58.69346733668342	0.06066156781937947
59.095477386934675	0.046071121286174646
59.49748743718593	0.0301787332772842
59.89949748743719	0.01644887275394247
60.301507537688444	0.007829256358310782
60.7035175879397	0.00774297632052483
61.10552763819096	0.013958253588331793
61.50753768844221	0.025482019758564373
61.90954773869347	0.040657065033367835
62.311557788944725	0.057144489117336016
62.71356783919598	0.07082836667903732
63.11557788944724	0.07964273449755742
63.517587939698494	0.0817802390768506
63.91959798994975	0.07724775053582075
64.32160804020101	0.06695805762950459
64.72361809045226	0.052810840532074396
65.12562814070353	0.03796303883498632
65.52763819095478	0.025404105210883005
65.92964824120604	0.01963287053991385
66.33165829145729	0.020954401639582638
66.73366834170855	0.02617400598376323
67.1356783919598	0.03355088204015897
67.53768844221106	0.04301872576493539
67.93969849246231	0.053529505590279615
68.34170854271358	0.06303528107766977
68.74371859296483	0.06946252108173832
69.14572864321609	0.07136338809259667
69.54773869346734	0.06817104038312685
69.9497487437186	0.06014454919444182
70.35175879396985	0.04867866147183289
70.75376884422111	0.03629362470937309
71.15577889447236	0.026650238897216665
71.55778894472363	0.024277031866666163
71.95979899497488	0.02818189634270012
72.36180904522614	0.03331289730131386
72.76381909547739	0.03796213481426911
73.16582914572865	0.04194490521697161
73.5678391959799	0.046074428187827546
73.96984924623116	0.05067140483096921
74.37185929648241	0.054910631720450354
74.77386934673368	0.05728408131142111
75.17587939698493	0.05683536368559213
75.57788944723619	0.052549499258476004
75.97989949748744	0.04534353500361504
76.3819095477387	0.03717017943576026
76.78391959798995	0.03259281749965459
77.18592964824121	0.034810906596789606
77.58793969849246	0.04182683482614017
77.98994974874373	0.04921456230484322
78.39195979899498	0.054373425974456005
78.79396984924624	0.05693480812111932
79.19597989949749	0.05740068018432996
79.59798994974875	0.05703225181688124
80.0	0.0563255580261703
