0.0	0.010958987576557026
0.4020100502512563	0.010850301297902033
0.8040201005025126	0.008870179349336538
1.206030150753769	0.005467670075835566
1.6080402010050252	0.001432974898918552
2.0100502512562817	0.0028518343407798767
2.412060301507538	0.00610045138393151
2.814070351758794	0.007917078983770125
3.2160804020100504	0.008030631571783539
3.6180904522613067	0.0061349786493819225
4.020100502512563	0.002771495229091607
4.42211055276382	0.001626033962785731
4.824120603015076	0.006260728849638998
5.226130653266332	0.010189176883942686
5.628140703517588	0.012990321555712017
6.030150753768845	0.014054919459665768
6.432160804020101	0.01319571218146231
6.834170854271357	0.010661505527777327
7.236180904522613	0.007021339456880315
7.63819095477387	0.0031366393166299134
8.040201005025127	0.0004713735653777192
8.442211055276383	0.0028427394308521555
8.84422110552764	0.0034749825108257256
9.246231155778895	0.0024742198230811247
9.648241206030152	0.002754151600713817
10.050251256281408	0.006625859615726815
10.452261306532664	0.011623060302010428
10.85427135678392	0.016047172217480758
11.256281407035177	0.019272147495634214
11.658291457286433	0.02047846229346645
12.06030150753769	0.019313125492961845
12.462311557788945	0.015649609143986852
12.864321608040202	0.01126494981131311
13.266331658291458	0.006491322547046832
13.668341708542714	0.0002908400572304589
14.07035175879397	0.005395908771911401
14.472361809045227	0.008620794630686778
14.874371859296483	0.009972665680802292
15.27638190954774	0.008557796525141681
15.678391959798995	0.007452848737631665
16.080402010050253	0.011432724343134177
16.48241206030151	0.016247757135968016
16.884422110552766	0.021466221093504875
17.286432160804022	0.025134075805327127
17.68844221105528	0.025814994955211678
18.090452261306535	0.02462494611747821
18.49246231155779	0.02064308587981456
18.894472361809047	0.01617779722346926
19.296482412060303	0.010789578647560468
19.69849246231156	0.0077192448238103725
20.100502512562816	0.007182567407757065
20.502512562814072	0.007971315520594366
20.90452261306533	0.008594189426288257
21.306532663316585	0.00923220082589943
21.70854271356784	0.011773031680682968
22.110552763819097	0.017572170761159342
22.512562814070353	0.02448826338271453
22.91457286432161	0.030865219986165694
23.316582914572866	0.035045023476161494
23.718592964824122	0.037352776074554714
24.12060301507538	0.03566209830322813
24.522613065326635	0.032554651160038535
24.92462311557789	0.028257129077454396
25.326633165829147	0.023313409803775213
25.728643216080403	0.018253716254834827
26.13065326633166	0.014635271863900668
26.532663316582916	0.013353425920199256
26.934673366834172	0.014188844251645624
27.33668341708543	0.017565299296009695
27.738693467336685	0.023482820145729402
28.14070351758794	0.030391467013071438
28.542713567839197	0.0377420961091363
28.944723618090453	0.043810463401815866
29.34673366834171	0.04747783389549256
29.748743718592966	0.04768772419581731
30.150753768844222	0.04511791966961714
30.55276381909548	0.03887584928301438
30.954773869346734	0.030349057566709876
31.35678391959799	0.020745587091922375
31.758793969849247	0.012227504143662823
32.16080402010051	0.007411191613322427
32.56281407035176	0.008776572221749894
32.96482412060302	0.014139094076717446
33.366834170854275	0.021697230743385337
33.76884422110553	0.030836691308495652
34.17085427135679	0.03993594590095895
34.572864321608044	0.04741402692731239
34.9748743718593	0.05195380386117469
35.37688442211056	0.053678724880276515
35.77889447236181	0.05149424202506666
36.18090452261307	0.046489982254688825
36.582914572864325	0.038731554301193565
36.98492462311558	0.029874869981155138
37.38693467336684	0.02141524703573823
37.788944723618094	0.016958934675918524
38.19095477386935	0.01964315988139654
38.59296482412061	0.026256904657415054
38.99497487437186	0.0332153102499971
39.39698492462312	0.03973322548421447
39.798994974874375	0.04559859554123978
40.20100502512563	0.05014976101058235
40.60301507537689	0.053435388507480294
41.005025125628144	0.05482270798171769
41.4070351758794	0.053604369514179316
41.80904522613066	0.04921033456009738
42.21105527638191	0.04157865197756539
42.61306532663317	0.03250130761703969
43.015075376884425	0.02446047493895886
43.41708542713568	0.021102642633370455
43.81909547738694	0.024172423320421306
44.221105527638194	0.029535791775560937
44.62311557788945	0.033598310430582264
45.02512562814071	0.03565811634533819
45.42713567839196	0.0371388605758579
45.82914572864322	0.03976252623296782
46.231155778894475	0.044507296087694236
46.63316582914573	0.04971364731414882
47.03517587939699	0.05275865582580993
47.437185929648244	0.05218330388675167
47.8391959798995	0.04738701148045164
48.24120603015076	0.03875609780735308
48.64321608040201	0.028612855139122595
49.04522613065327	0.021793427141908035
49.447236180904525	0.023381335672032356
49.84924623115578	0.02990852418823542
50.25125628140704	0.035843088586936446
50.653266331658294	0.03895440403920943
51.05527638190955	0.039209873125772766
51.45728643216081	0.03760752101094427
51.85929648241206	0.03642882514702884
52.26130653266332	0.037203908546232546
52.663316582914575	0.03929308832514332
53.06532663316583	0.04122227464368761
53.46733668341709	0.041126967883963556
53.869346733668344	0.03810706761611495
54.2713567839196	0.033227560699188384
54.67336683417086	0.027330272436078183
55.07537688442211	0.022847158194862927
55.47738693467337	0.021219719426769708
55.879396984924625	0.022649231513544817
56.28140703517588	0.025535216707984375
56.68341708542714	0.028726540246917016
57.085427135678394	0.03222622097142293
57.48743718592965	0.03659382010205107
57.88944723618091	0.041493391864241995
58.29145728643216	0.04578645178196714
58.69346733668342	0.047670509160823236
59.095477386934675	0.046183693422601646
59.49748743718593	0.04142466132775822
59.89949748743719	0.03391729358631317
60.301507537688444	0.025369379788088963
60.7035175879397	0.018075262471515065
61.10552763819096	0.015098754642172776
61.50753768844221	0.016316804180703207
61.90954773869347	0.019791459305069044
62.311557788944725	0.024313036314690704
62.71356783919598	0.030166453091146267
63.11557788944724	0.036922783651013855
63.517587939698494	0.04359238870536188
63.91959798994975	0.04810533317867031
64.32160804020101	0.050011783033350146
64.72361809045226	0.04857958872751662
65.12562814070353	0.04403511481380898
65.52763819095478	0.03691886611693702
65.92964824120604	0.027798298939526084
66.33165829145729	0.018160222357799197
66.73366834170855	0.010983255055194848
67.1356783919598	0.012364190722695139
67.53768844221106	0.019383435251500332
67.93969849246231	0.026799069369882585
68.34170854271358	0.03361565484813943
68.74371859296483	0.03964615058447868
69.14572864321609	0.044894542843671455
69.54773869346734	0.04883859458162287
69.9497487437186	0.051715635869090656
70.35175879396985	0.05270285692715978
70.75376884422111	0.05172898968737365
71.15577889447236	0.0482178834576601
71.55778894472363	0.04175839952934023
71.95979899497488	0.03281286604831241
72.36180904522614	0.02274513049948012
72.76381909547739	0.012971020496802438
73.16582914572865	0.010426915832822512
73.5678391959799	0.01791040514469516
73.96984924623116	0.026983371733511598
74.37185929648241	0.03494515434202874
74.77386934673368	0.04084597543741432
75.17587939698493	0.044554750603516324
75.57788944723619	0.04673497798937743
75.97989949748744	0.04744969233617784
76.3819095477387	0.04690411352902152
76.78391959798995	0.04513041482491746
77.18592964824121	0.04158558102099956
77.58793969849246	0.03625798796538798
77.98994974874373	0.02944210903027043
78.39195979899498	0.022456429667832685
78.79396984924624	0.01770549463265591
79.19597989949749	0.01845696380208564
79.59798994974875	0.023522240867555024
80.0	0.02971541666650023
