0.0	0.01362602518716519
0.4020100502512563	0.01274033039107533
0.8040201005025126	0.00999019038111723
1.206030150753769	0.006327320466289747
1.6080402010050252	0.004258813765709999
2.0100502512562817	0.006538941995649752
2.412060301507538	0.009430991494417017
2.814070351758794	0.010825353569028324
3.2160804020100504	0.010273642701056972
3.6180904522613067	0.007533203998061007
4.020100502512563	0.0032886567892363937
4.42211055276382	0.0026213311354298598
4.824120603015076	0.007623392765289757
5.226130653266332	0.012007441384700833
5.628140703517588	0.014658665144459168
6.030150753768845	0.01548865504486476
6.432160804020101	0.014442803641726351
6.834170854271357	0.011910848296062673
7.236180904522613	0.00947738629566321
7.63819095477387	0.008563395365016708
8.040201005025127	0.009501305566462918
8.442211055276383	0.010436518125908902
8.84422110552764	0.010193430757544605
9.246231155778895	0.00822541770245105
9.648241206030152	0.005826777141846119
10.050251256281408	0.0069905463840337885
10.452261306532664	0.01154112049814067
10.85427135678392	0.016718886839604204
11.256281407035177	0.021161240290025175
11.658291457286433	0.0243855274973079
12.06030150753769	0.025592665563854623
12.462311557788945	0.025196506562600522
12.864321608040202	0.024193243175226593
13.266331658291458	0.023634483678908656
13.668341708542714	0.023897304160352722
14.07035175879397	0.024374635163075975
14.472361809045227	0.02464135000769105
14.874371859296483	0.02505385204175998
15.27638190954774	0.02521311923084633
15.678391959798995	0.025450013862386746
16.080402010050253	0.025894221378280218
16.48241206030151	0.027173446105056592
16.884422110552766	0.029725905318892833
17.286432160804022	0.03232970049091353
17.68844221105528	0.0342434316981096
18.090452261306535	0.03574949922695014
18.49246231155779	0.03674864732054832
18.894472361809047	0.039057987077113
19.296482412060303	0.041907960482382225
19.69849246231156	0.04551956082542656
20.100502512562816	0.04921003578242898
20.502512562814072	0.05341311990063048
20.90452261306533	0.05722900238462693
21.306532663316585	0.06078929501123549
21.70854271356784	0.06369941277480817
22.110552763819097	0.06556934119494237
22.512562814070353	0.06605623361972063
22.91457286432161	0.06529973412178687
23.316582914572866	0.06357134635146226
23.718592964824122	0.0605465177518006
24.12060301507538	0.056518883719607206
24.522613065326635	0.05203130467419835
24.92462311557789	0.04824243441909395
25.326633165829147	0.045543300466633435
25.728643216080403	0.04368046053059098
26.13065326633166	0.041629609236954704
26.532663316582916	0.03957550345414658
26.934673366834172	0.03831871683405757
27.33668341708543	0.03944661384755495
27.738693467336685	0.04288684819878588
28.14070351758794	0.047098689396655534
28.542713567839197	0.04857262500200054
28.944723618090453	0.045233574810019724
29.34673366834171	0.036574334385177494
29.748743718592966	0.02517728498019159
30.150753768844222	0.016465302993607562
30.55276381909548	0.020668480059931493
30.954773869346734	0.030392263470868968
31.35678391959799	0.037740918790745426
31.758793969849247	0.039874076502391685
32.16080402010051	0.037078191179226165
32.56281407035176	0.030178240030484183
32.96482412060302	0.021524982383558936
33.366834170854275	0.013153921909378887
33.76884422110553	0.0063287009551854095
34.17085427135679	0.0011849681465152934
34.572864321608044	0.004646019925368816
34.9748743718593	0.01311502818400572
35.37688442211056	0.025059221001583688
35.77889447236181	0.03913205345880937
36.18090452261307	0.053868763651622874
36.582914572864325	0.06694973666609669
36.98492462311558	0.07702248706411631
37.38693467336684	0.08207902628479277
37.788944723618094	0.08181669740989576
38.19095477386935	0.07587451309511836
38.59296482412061	0.06522733752053475
38.99497487437186	0.0525678206239407
39.39698492462312	0.03948615781095718
39.798994974874375	0.028129188535777894
40.20100502512563	0.020476567303519252
40.60301507537689	0.016939483149007017
41.005025125628144	0.018409768793761837
41.4070351758794	0.024999843643830406
41.80904522613066	0.03544325169416347
42.21105527638191	0.04636065299637865
42.61306532663317	0.055486015386205456
43.015075376884425	0.0606451993014047
43.41708542713568	0.0604793176899988
43.81909547738694	0.05470811425780596
44.221105527638194	0.043590645475293434
44.62311557788945	0.02871535289710007
45.02512562814071	0.013548966892643347
45.42713567839196	0.012857573794487417
45.82914572864322	0.02467456972961658
46.231155778894475	0.03385468817985508
46.63316582914573	0.03756847859493427
47.03517587939699	0.035013503703089775
47.437185929648244	0.027444099534784626
47.8391959798995	0.016478798197307472
48.24120603015076	0.005028662407721535
48.64321608040201	0.005275301589958759
49.04522613065327	0.011168133196762572
49.447236180904525	0.011738892407897064
49.84924623115578	0.009167422723370896
50.25125628140704	0.01536022241961003
50.653266331658294	0.03116323995761629
51.05527638190955	0.04947354993041837
51.45728643216081	0.06609936984734753
51.85929648241206	0.07784612542514288
52.26130653266332	0.08242697215714645
52.663316582914575	0.07890800145853002
53.06532663316583	0.06834260603319277
53.46733668341709	0.05305463439697265
53.869346733668344	0.03605334281316957
54.2713567839196	0.02093817579851698
54.67336683417086	0.010782758217404076
55.07537688442211	0.006186460984037657
55.47738693467337	0.006435494509018773
55.879396984924625	0.013038396633193353
56.28140703517588	0.023515166855493354
56.68341708542714	0.03465919309744346
57.085427135678394	0.04369620128440712
57.48743718592965	0.04887991569124504
57.88944723618091	0.048386431810288295
58.29145728643216	0.04240060965703381
58.69346733668342	0.031396692629210875
59.095477386934675	0.017253322238090913
59.49748743718593	0.01011911602503188
59.89949748743719	0.021928579524792897
60.301507537688444	0.035238330215932236
60.7035175879397	0.04485863823352015
61.10552763819096	0.048969669619121144
61.50753768844221	0.048101046692737265
61.90954773869347	0.04294595323525417
62.311557788944725	0.03507624455956983
62.71356783919598	0.02641780817833466
63.11557788944724	0.019877190666087
63.517587939698494	0.01637816924860013
63.91959798994975	0.016831248657217447
64.32160804020101	0.02088483316436762
64.72361809045226	0.029058867903099077
65.12562814070353	0.03920896499296807
65.52763819095478	0.04975593799660409
65.92964824120604	0.05788194897164613
66.33165829145729	0.06232175508951419
66.73366834170855	0.06253744681094539
67.1356783919598	0.058704106253939084
67.53768844221106	0.05128304416722397
67.93969849246231	0.04116972763381989
68.34170854271358	0.02955222685705381
68.74371859296483	0.01807658950045974
69.14572864321609	0.007545335687960904
69.54773869346734	0.0017754236125913214
69.9497487437186	0.006545241061279604
70.35175879396985	0.008901647901796468
70.75376884422111	0.00876666939572687
71.15577889447236	0.0076550408854798675
71.55778894472363	0.007685837781198209
71.95979899497488	0.009649825433103802
72.36180904522614	0.011797347996707752
72.76381909547739	0.012994685131322875
73.16582914572865	0.01423027195025306
73.5678391959799	0.017957582759723454
73.96984924623116	0.025893345931231236
74.37185929648241	0.03656135765990204
74.77386934673368	0.04751733539346013
75.17587939698493	0.05669296303807995
75.57788944723619	0.06237905080481513
75.97989949748744	0.06359584599350407
76.3819095477387	0.059701515255604166
76.78391959798995	0.051959601926575096
77.18592964824121	0.041815559349516515
77.58793969849246	0.03097670011071822
77.98994974874373	0.022344250004370788
78.39195979899498	0.017053391864508872
78.79396984924624	0.015119208585998814
79.19597989949749	0.016263066233456025
79.59798994974875	0.01999426156605388
80.0	0.02505297533365685
