0.0	0.017211411041921802
0.4020100502512563	0.016331095733523468
0.8040201005025126	0.012955213901247365
1.206030150753769	0.007668498952554718
1.6080402010050252	0.0015090946894064726
2.0100502512562817	0.004366166122508399
2.412060301507538	0.008730420580116973
2.814070351758794	0.01091065683922891
3.2160804020100504	0.010362929890661423
3.6180904522613067	0.0071489216018059114
4.020100502512563	0.0020845045941951168
4.42211055276382	0.0049747998450861575
4.824120603015076	0.01153531167174385
5.226130653266332	0.01670520075581875
5.628140703517588	0.01980249104669577
6.030150753768845	0.02040801226995597
6.432160804020101	0.018418734584098505
6.834170854271357	0.014091566410331092
7.236180904522613	0.008556336197019954
7.63819095477387	0.003156782634885951
8.040201005025127	0.0031223338990023393
8.442211055276383	0.005529946025517369
8.84422110552764	0.005690604482794779
9.246231155778895	0.0033421700722740797
9.648241206030152	0.0038414806753109903
10.050251256281408	0.01020210641515447
10.452261306532664	0.017247133408112365
10.85427135678392	0.02358511108314517
11.256281407035177	0.028261930273169387
11.658291457286433	0.030081901927803432
12.06030150753769	0.02914135589039994
12.462311557788945	0.0256540281407598
12.864321608040202	0.020568288863862336
13.266331658291458	0.014859583087387013
13.668341708542714	0.009893865306109223
14.07035175879397	0.007065779309556942
14.472361809045227	0.0065994199552177595
14.874371859296483	0.008488546240516415
15.27638190954774	0.012833799705244005
15.678391959798995	0.01870055406260093
16.080402010050253	0.024854314947370566
16.48241206030151	0.029889202809843814
16.884422110552766	0.03321027524809944
17.286432160804022	0.03418790461179289
17.68844221105528	0.03271002284579548
18.090452261306535	0.029280384311877822
18.49246231155779	0.02472191355773746
18.894472361809047	0.020095477001362844
19.296482412060303	0.0167343876904568
19.69849246231156	0.014841120916157555
20.100502512562816	0.014780540262940931
20.502512562814072	0.015662247640251738
20.90452261306533	0.017832202387415994
21.306532663316585	0.021075451512399403
21.70854271356784	0.0250114435643565
22.110552763819097	0.029166965102188157
22.512562814070353	0.03245729762455819
22.91457286432161	0.034380639191114205
23.316582914572866	0.03432944569518897
23.718592964824122	0.03277403914348656
24.12060301507538	0.029891495480080917
24.522613065326635	0.027001525397200903
24.92462311557789	0.024485556035055277
25.326633165829147	0.023485670184442954
25.728643216080403	0.0235540930772611
26.13065326633166	0.024227619116788873
26.532663316582916	0.02450142790680722
26.934673366834172	0.0247767568145493
27.33668341708543	0.02556703802635088
27.738693467336685	0.02714084321009163
28.14070351758794	0.02886022777195098
28.542713567839197	0.03040143826283077
28.944723618090453	0.031180864933337764
29.34673366834171	0.03128493644989679
29.748743718592966	0.03094513812407087
30.150753768844222	0.030788680176527704
30.55276381909548	0.03153095005751565
30.954773869346734	0.03338242583613473
31.35678391959799	0.035503889403809163
31.758793969849247	0.03732869566278591
32.16080402010051	0.03867150232363081
32.56281407035176	0.03918217141868821
32.96482412060302	0.039251194282955926
33.366834170854275	0.03929319496638766
33.76884422110553	0.039458842795513094
34.17085427135679	0.039751511402601206
34.572864321608044	0.040145207610572026
34.9748743718593	0.04044667887194983
35.37688442211056	0.04121492874839923
35.77889447236181	0.04289911972921827
36.18090452261307	0.045832811458755944
36.582914572864325	0.05015900556815189
36.98492462311558	0.05492139332668292
37.38693467336684	0.05977547519868751
37.788944723618094	0.06342430951571014
38.19095477386935	0.06572502464697784
38.59296482412061	0.06654506536482745
38.99497487437186	0.06617713610567952
39.39698492462312	0.06456961199217208
39.798994974874375	0.06273121088301979
40.20100502512563	0.06056199034474073
40.60301507537689	0.05829159470927999
41.005025125628144	0.056288679201223844
41.4070351758794	0.05427237909062547
41.80904522613066	0.05268003550562048
42.21105527638191	0.05203376879127236
42.61306532663317	0.05270782444738055
43.015075376884425	0.05490411309314349
43.41708542713568	0.0582885177289262
43.81909547738694	0.06247701967917614
44.221105527638194	0.06652681231852713
44.62311557788945	0.06925089655065986
45.02512562814071	0.0701925922666718
45.42713567839196	0.06880152766004254
45.82914572864322	0.06517688269711323
46.231155778894475	0.05979481781886523
46.63316582914573	0.0536091692395696
47.03517587939699	0.047384141060024275
47.437185929648244	0.04236574639810049
47.8391959798995	0.039223721157138146
48.24120603015076	0.03827946455910133
48.64321608040201	0.039723954207440224
49.04522613065327	0.04283707775780572
49.447236180904525	0.047070048322252665
49.84924623115578	0.051539465902324944
50.25125628140704	0.05513886195945038
50.653266331658294	0.057124045387371515
51.05527638190955	0.057333189695497555
51.45728643216081	0.055681974178536445
51.85929648241206	0.05289196424257284
52.26130653266332	0.04987497401073158
52.663316582914575	0.04686867967498522
53.06532663316583	0.044691555853489835
53.46733668341709	0.04379683142423706
53.869346733668344	0.04428497280305986
54.2713567839196	0.04622993703451745
54.67336683417086	0.04925001535830531
55.07537688442211	0.053273055950175396
55.47738693467337	0.057350557313382254
55.879396984924625	0.06066917721665725
56.28140703517588	0.06293481073383449
56.68341708542714	0.06349914491236129
57.085427135678394	0.06264032073208885
57.48743718592965	0.06032915992333689
57.88944723618091	0.0571846386369925
58.29145728643216	0.05389829838045283
58.69346733668342	0.05097917989849502
59.095477386934675	0.04866779931378639
59.49748743718593	0.04817832901959779
59.89949748743719	0.04916913815715439
60.301507537688444	0.05179617983368383
60.7035175879397	0.055731500138498744
61.10552763819096	0.06034098604775383
61.50753768844221	0.06470929811506856
61.90954773869347	0.06780616040648901
62.311557788944725	0.06892021410135207
62.71356783919598	0.06770286164756019
63.11557788944724	0.06462849564288037
63.517587939698494	0.06005729043503142
63.91959798994975	0.05525878546903925
64.32160804020101	0.05087127057176599
64.72361809045226	0.04770141745615745
65.12562814070353	0.04571901064396848
65.52763819095478	0.045598755472237545
65.92964824120604	0.046771439159955956
66.33165829145729	0.04929464437730581
66.73366834170855	0.05290548100187011
67.1356783919598	0.05663497764804855
67.53768844221106	0.05977716458794099
67.93969849246231	0.061488927382447454
68.34170854271358	0.06171351641180698
68.74371859296483	0.06006086279230165
69.14572864321609	0.05724178041948498
69.54773869346734	0.05366964509276624
69.9497487437186	0.05000216866917391
70.35175879396985	0.04692215359585478
70.75376884422111	0.04480119313312946
71.15577889447236	0.043782286589631965
71.55778894472363	0.04437306327099861
71.95979899497488	0.046347989818877375
72.36180904522614	0.04921425302192088
72.76381909547739	0.05245504188120106
73.16582914572865	0.05544222333696336
73.5678391959799	0.05777400545438584
73.96984924623116	0.05885098319288484
74.37185929648241	0.058651668265476645
74.77386934673368	0.05738091897224026
75.17587939698493	0.055179789325488324
75.57788944723619	0.05231380581166152
75.97989949748744	0.049292550057101696
76.3819095477387	0.04649074441305219
76.78391959798995	0.044529055322134393
77.18592964824121	0.04329066818933581
77.58793969849246	0.04335902760418382
77.98994974874373	0.04477721892611464
78.39195979899498	0.047079651700722265
78.79396984924624	0.04973239790099153
79.19597989949749	0.05211156286441719
79.59798994974875	0.05428689346944985
80.0	0.05573543099474313
