0.0	0.011460314201546546
0.4020100502512563	0.009063958954795783
0.8040201005025126	0.005373970282723426
1.206030150753769	0.0023940027015573254
1.6080402010050252	0.00511022172448354
2.0100502512562817	0.008469018636905426
2.412060301507538	0.01046261293714713
2.814070351758794	0.010462593454912033
3.2160804020100504	0.00870371587677501
3.6180904522613067	0.005396510798124155
4.020100502512563	0.0011023528239108547
4.42211055276382	0.003662672406661635
4.824120603015076	0.007361150564299588
5.226130653266332	0.00981209607577005
5.628140703517588	0.01032865426155433
6.030150753768845	0.008954137154364614
6.432160804020101	0.006414598238831204
6.834170854271357	0.00460601435887258
7.236180904522613	0.0063500782095635725
7.63819095477387	0.009537629601977524
8.040201005025127	0.012167901325979284
8.442211055276383	0.013198911884863574
8.84422110552764	0.012116429423527555
9.246231155778895	0.009642850820598067
9.648241206030152	0.006043066850388622
10.050251256281408	0.003180505072209981
10.452261306532664	0.004725298365067227
10.85427135678392	0.007606861733540531
11.256281407035177	0.00908422698121843
11.658291457286433	0.009342396058868229
12.06030150753769	0.008967927791761693
12.462311557788945	0.00904608619040625
12.864321608040202	0.010916380267317793
13.266331658291458	0.014106418939587953
13.668341708542714	0.016762574891894685
14.07035175879397	0.018497956612523365
14.472361809045227	0.01778730233394559
14.874371859296483	0.015251375871061405
15.27638190954774	0.011339813298558786
15.678391959798995	0.007088940201602732
16.080402010050253	0.0034223050656537733
16.48241206030151	0.0025641964870224544
16.884422110552766	0.003559726219015162
17.286432160804022	0.003797598437134202
17.68844221105528	0.00415754601391475
18.090452261306535	0.004137728149828212
18.49246231155779	0.002859632284507508
18.894472361809047	0.0028645104332627163
19.296482412060303	0.006230646428029205
19.69849246231156	0.010841166905142465
20.100502512562816	0.015791147432040263
20.502512562814072	0.019511552125241267
20.90452261306533	0.02029159044821089
21.306532663316585	0.018863919828763575
21.70854271356784	0.01564152480529265
22.110552763819097	0.01208487183246101
22.512562814070353	0.011056759853571158
22.91457286432161	0.013763403468432042
23.316582914572866	0.016779473088794537
23.718592964824122	0.019194813347863438
24.12060301507538	0.020693488398007692
24.522613065326635	0.020615156694819416
24.92462311557789	0.019270607992457646
25.326633165829147	0.01792161515033532
25.728643216080403	0.016797506997023127
26.13065326633166	0.016643986236287756
26.532663316582916	0.01728152546423398
26.934673366834172	0.018077864632117958
27.33668341708543	0.018578329859611196
27.738693467336685	0.017811473661796157
28.14070351758794	0.017607627469159736
28.542713567839197	0.018140682076347395
28.944723618090453	0.02011162833276806
29.34673366834171	0.023693068259200586
29.748743718592966	0.027549916435435313
30.150753768844222	0.03016131907938182
30.55276381909548	0.030603582606707886
30.954773869346734	0.029277403686967074
31.35678391959799	0.02797850139095796
31.758793969849247	0.0273491326556822
32.16080402010051	0.027045821736015947
32.56281407035176	0.02719951651255928
32.96482412060302	0.027781942526027958
33.366834170854275	0.028585233914947477
33.76884422110553	0.02917264677131822
34.17085427135679	0.02980920295410629
34.572864321608044	0.030415845340779644
34.9748743718593	0.03204445557135631
35.37688442211056	0.03436225976323366
35.77889447236181	0.03733281198522052
36.18090452261307	0.03985008354927479
36.582914572864325	0.04155822880729479
36.98492462311558	0.04247350342987262
37.38693467336684	0.043198813209347695
37.788944723618094	0.043696869149347436
38.19095477386935	0.04394697214869797
38.59296482412061	0.04363919163859349
38.99497487437186	0.041551840584346425
39.39698492462312	0.03914243599330077
39.798994974874375	0.03679086820670181
40.20100502512563	0.03638667943326458
40.60301507537689	0.03846233263937339
41.005025125628144	0.04237348620887464
41.4070351758794	0.04777380004328231
41.80904522613066	0.052784105673047935
42.21105527638191	0.058002214404897875
42.61306532663317	0.06229565216027958
43.015075376884425	0.06497121989443859
43.41708542713568	0.06568175225188545
43.81909547738694	0.06308864384446393
44.221105527638194	0.05812795279445602
44.62311557788945	0.051429030471816316
45.02512562814071	0.045038377330690965
45.42713567839196	0.04059955796563111
45.82914572864322	0.04024048153506537
46.231155778894475	0.04303696188493079
46.63316582914573	0.047792915844911674
47.03517587939699	0.05296814055820318
47.437185929648244	0.057268510166895256
47.8391959798995	0.05998848254394736
48.24120603015076	0.06151289227856956
48.64321608040201	0.06093147314084315
49.04522613065327	0.05801228622570066
49.447236180904525	0.05272107260357606
49.84924623115578	0.04520790386752822
50.25125628140704	0.036868267956534376
50.653266331658294	0.02991012903927494
51.05527638190955	0.026355315249314164
51.45728643216081	0.027372901947132044
51.85929648241206	0.030625236453725835
52.26130653266332	0.03476516206618771
52.663316582914575	0.03789809724715899
53.06532663316583	0.0403688790297615
53.46733668341709	0.042880931751928884
53.869346733668344	0.0449244979160001
54.2713567839196	0.045625852868365874
54.67336683417086	0.04459210643310526
55.07537688442211	0.041370352402979815
55.47738693467337	0.035838619484259204
55.879396984924625	0.029205590862224608
56.28140703517588	0.024151641780984737
56.68341708542714	0.022312974827178405
57.085427135678394	0.024072935907143447
57.48743718592965	0.027599853365741202
57.88944723618091	0.030619452148465297
58.29145728643216	0.03276403323285211
58.69346733668342	0.034446029959758005
59.095477386934675	0.03646472263721602
59.49748743718593	0.03821292991613197
59.89949748743719	0.0388673634709351
60.301507537688444	0.03822374452888882
60.7035175879397	0.03561311041054484
61.10552763819096	0.031227276536693375
61.50753768844221	0.026303106365846325
61.90954773869347	0.02149408446112964
62.311557788944725	0.019206315514133696
62.71356783919598	0.021238710986378046
63.11557788944724	0.026042297341577016
63.517587939698494	0.031741296242506226
63.91959798994975	0.037184543070772805
64.32160804020101	0.04144656757386408
64.72361809045226	0.044284919672619626
65.12562814070353	0.04549170691276335
65.52763819095478	0.04465788614636127
65.92964824120604	0.04242036025318017
66.33165829145729	0.03859894398142623
66.73366834170855	0.033366612751506625
67.1356783919598	0.02760682747406274
67.53768844221106	0.02198419472264209
67.93969849246231	0.01736417302633548
68.34170854271358	0.01561159377256326
68.74371859296483	0.018261286349475374
69.14572864321609	0.023784429853024938
69.54773869346734	0.03014544905101719
69.9497487437186	0.03593983540912113
70.35175879396985	0.040187099418899586
70.75376884422111	0.04246528229918049
71.15577889447236	0.0425739193580863
71.55778894472363	0.04041667063594308
71.95979899497488	0.036463323581431846
72.36180904522614	0.03145264485107359
72.76381909547739	0.025479584811968693
73.16582914572865	0.0193119954688725
73.5678391959799	0.01389603018360112
73.96984924623116	0.012262724968089226
74.37185929648241	0.016740699831017676
74.77386934673368	0.02424096834251381
75.17587939698493	0.03250218359692071
75.57788944723619	0.0399973768315935
75.97989949748744	0.0450988049221102
76.3819095477387	0.0474471149511575
76.78391959798995	0.04691500316774037
77.18592964824121	0.04359279991813258
77.58793969849246	0.037885620024922156
77.98994974874373	0.03144138123623751
78.39195979899498	0.025363078881339752
78.79396984924624	0.019848309913276192
79.19597989949749	0.015813714542446816
79.59798994974875	0.014863661045091348
80.0	0.019191946230447298
