0.0	0.009438804271773403
0.4020100502512563	0.010540625726697854
0.8040201005025126	0.009735756689282993
1.206030150753769	0.007340195775140586
1.6080402010050252	0.004424842651911456
2.0100502512562817	0.0019018048371428234
2.412060301507538	0.0038347349939994563
2.814070351758794	0.005919332587350919
3.2160804020100504	0.00675123102063957
3.6180904522613067	0.006085122444798633
4.020100502512563	0.0034610454675020144
4.42211055276382	0.0006664076343458598
4.824120603015076	0.004485310113163759
5.226130653266332	0.00885968359598328
5.628140703517588	0.012403410558166557
6.030150753768845	0.014382457078845879
6.432160804020101	0.015104304062599818
6.834170854271357	0.014212477988669541
7.236180904522613	0.011718458932608155
7.63819095477387	0.008935354036764839
8.040201005025127	0.006276018861348989
8.442211055276383	0.00437424465084401
8.84422110552764	0.0035937876341440174
9.246231155778895	0.0033288756135410316
9.648241206030152	0.004742766440969396
10.050251256281408	0.00814644218026635
10.452261306532664	0.013153437601787627
10.85427135678392	0.018602004352146463
11.256281407035177	0.023581657835698672
11.658291457286433	0.027789247367083752
12.06030150753769	0.0302406348304985
12.462311557788945	0.031155370058315444
12.864321608040202	0.03101861347388581
13.266331658291458	0.029971682874845067
13.668341708542714	0.02819606296000901
14.07035175879397	0.026976007033327688
14.472361809045227	0.026886965843861032
14.874371859296483	0.027652374519527012
15.27638190954774	0.029936562311934443
15.678391959798995	0.03381446953789642
16.080402010050253	0.03771166334888004
16.48241206030151	0.041286070918888064
16.884422110552766	0.04319680244340746
17.286432160804022	0.042442691072692475
17.68844221105528	0.03909358750233541
18.090452261306535	0.03215203663681615
18.49246231155779	0.02162780966634125
18.894472361809047	0.011850862665328876
19.296482412060303	0.005088169446415285
19.69849246231156	0.004085818843652037
20.100502512562816	0.00912281778986426
20.502512562814072	0.018607107895067483
20.90452261306533	0.030442854809215814
21.306532663316585	0.04175989284781566
21.70854271356784	0.050744353203247626
22.110552763819097	0.05433198252839004
22.512562814070353	0.05156147071988683
22.91457286432161	0.04235592291479391
23.316582914572866	0.02979357736796891
23.718592964824122	0.02172218109539626
24.12060301507538	0.02721959311912714
24.522613065326635	0.039380971583529566
24.92462311557789	0.05001374587084353
25.326633165829147	0.05542535168547108
25.728643216080403	0.054582411153231626
26.13065326633166	0.04625013189969655
26.532663316582916	0.03154416982391751
26.934673366834172	0.012926308274619661
27.33668341708543	0.0067212187390552095
27.738693467336685	0.020408153750564425
28.14070351758794	0.027226858808209974
28.542713567839197	0.0257350162045773
28.944723618090453	0.016573605501503972
29.34673366834171	0.009235608190465743
29.748743718592966	0.025962628854932467
30.150753768844222	0.047247337554486665
30.55276381909548	0.06619968498103437
30.954773869346734	0.07974165430336386
31.35678391959799	0.084124957347741
31.758793969849247	0.07929382174062378
32.16080402010051	0.06681001355896692
32.56281407035176	0.05268684259192745
32.96482412060302	0.04300721158517451
33.366834170854275	0.040511446634376405
33.76884422110553	0.04291492551319574
34.17085427135679	0.043134705986524656
34.572864321608044	0.037926924222733284
34.9748743718593	0.02697009528350956
35.37688442211056	0.012032230151751899
35.77889447236181	0.013555259847049592
36.18090452261307	0.033853901127622224
36.582914572864325	0.05368400322278072
36.98492462311558	0.06828870479722128
37.38693467336684	0.07574916549159405
37.788944723618094	0.07503473963084642
38.19095477386935	0.06764521139816468
38.59296482412061	0.0588913710151438
38.99497487437186	0.05187847979833763
39.39698492462312	0.050138847276325615
39.798994974874375	0.05099281652642662
40.20100502512563	0.050929905299414435
40.60301507537689	0.04752409962382166
41.005025125628144	0.04128193707157336
41.4070351758794	0.03341993498854973
41.80904522613066	0.030961728445523952
42.21105527638191	0.0382913206742196
42.61306532663317	0.04953527591793395
43.015075376884425	0.05764805933745816
43.41708542713568	0.0598896947628656
43.81909547738694	0.056512984298365765
44.221105527638194	0.049870468664113675
44.62311557788945	0.043596524025139166
45.02512562814071	0.04066149589335741
45.42713567839196	0.04033958429073507
45.82914572864322	0.04051865021414039
46.231155778894475	0.03891791468002165
46.63316582914573	0.03369429891658256
47.03517587939699	0.025004592724970763
47.437185929648244	0.01861842794715963
47.8391959798995	0.0244174586762997
48.24120603015076	0.03803754460262695
48.64321608040201	0.05059665674713645
49.04522613065327	0.05811749132447469
49.447236180904525	0.05958747173162378
49.84924623115578	0.056140521648194164
50.25125628140704	0.0509778168087214
50.653266331658294	0.047002007886656205
51.05527638190955	0.04679947667175894
51.45728643216081	0.049781769004390755
51.85929648241206	0.05259547880248892
52.26130653266332	0.05181005716883423
52.663316582914575	0.04529692468394721
53.06532663316583	0.0328794815448508
53.46733668341709	0.015630430443497535
53.869346733668344	0.004089022804584139
54.2713567839196	0.02313699665772448
54.67336683417086	0.03848295213417287
55.07537688442211	0.04855181767787024
55.47738693467337	0.05225966622936125
55.879396984924625	0.04986603951914089
56.28140703517588	0.0435370512628833
56.68341708542714	0.03846932500104532
57.085427135678394	0.04089675009567275
57.48743718592965	0.04969355080404791
57.88944723618091	0.057658973361195076
58.29145728643216	0.06020332087676485
58.69346733668342	0.05464833518540304
59.095477386934675	0.04185540760994695
59.49748743718593	0.025416973514890272
59.89949748743719	0.01646548623863809
60.301507537688444	0.026548104639362052
60.7035175879397	0.03942206017387141
61.10552763819096	0.04758148968174016
61.50753768844221	0.04886188273351951
61.90954773869347	0.04374069133795349
62.311557788944725	0.03375719901432375
62.71356783919598	0.02611171854155711
63.11557788944724	0.030317324668795033
63.517587939698494	0.041123080876271624
63.91959798994975	0.0489524287095928
64.32160804020101	0.04972414612842753
64.72361809045226	0.04208706211271044
65.12562814070353	0.027412182417962273
65.52763819095478	0.008373557519525114
65.92964824120604	0.015354756979455226
66.33165829145729	0.035522390254286364
66.73366834170855	0.05175977533981556
67.1356783919598	0.06086018578016672
67.53768844221106	0.06174705013625605
67.93969849246231	0.056015352332035896
68.34170854271358	0.04887688409296047
68.74371859296483	0.047431263647965766
69.14572864321609	0.05342829913900741
69.54773869346734	0.06078636923618173
69.9497487437186	0.06425694409491803
70.35175879396985	0.060891800515052344
70.75376884422111	0.05013404049708222
71.15577889447236	0.03359069971337859
71.55778894472363	0.01456450183978098
71.95979899497488	0.01511962664993032
72.36180904522614	0.03279774792006328
72.76381909547739	0.04629945507530999
73.16582914572865	0.052183664057057245
73.5678391959799	0.04991514625117309
73.96984924623116	0.0424451432091638
74.37185929648241	0.03523589253812097
74.77386934673368	0.036512158802749314
75.17587939698493	0.045703732270137104
75.57788944723619	0.0550615852282839
75.97989949748744	0.05940931832073465
76.3819095477387	0.05611294688495808
76.78391959798995	0.04481955109176814
77.18592964824121	0.026677471597780368
77.58793969849246	0.008612665839444606
77.98994974874373	0.022833078167043296
78.39195979899498	0.041859896911672106
78.79396984924624	0.054762296987699834
79.19597989949749	0.05914624693635948
79.59798994974875	0.05530495867282888
80.0	0.04639956452998223
