0.0	0.01068170982762198
0.4020100502512563	0.010196357349270494
0.8040201005025126	0.008288964092465472
1.206030150753769	0.0049099347606011605
1.6080402010050252	0.0015482183643308303
2.0100502512562817	0.003199228222558697
2.412060301507538	0.005779369580298377
2.814070351758794	0.007165993467973479
3.2160804020100504	0.00679255475195774
3.6180904522613067	0.0047475507483570305
4.020100502512563	0.0014884130677136557
4.42211055276382	0.0025948245807009716
4.824120603015076	0.006651829414897245
5.226130653266332	0.0100335593414103
5.628140703517588	0.012030571042432141
6.030150753768845	0.012405958556258128
6.432160804020101	0.0110408357648023
6.834170854271357	0.008299548542639767
7.236180904522613	0.005019757604373945
7.63819095477387	0.002243902952753378
8.040201005025127	0.0032519963382712236
8.442211055276383	0.004644138282913083
8.84422110552764	0.004877880991336984
9.246231155778895	0.0035292199807504046
9.648241206030152	0.001065097525232855
10.050251256281408	0.0034873331667265176
10.452261306532664	0.007442258153579427
10.85427135678392	0.010850486680417798
11.256281407035177	0.012928164783841267
11.658291457286433	0.01339777866743623
12.06030150753769	0.011757736971497233
12.462311557788945	0.008520281001169205
12.864321608040202	0.004020733720707823
13.266331658291458	0.002364161121977774
13.668341708542714	0.006938189261380637
14.07035175879397	0.010705586130376796
14.472361809045227	0.012715338442496416
14.874371859296483	0.012710650679411897
15.27638190954774	0.010236063225614992
15.678391959798995	0.006005268429074858
16.080402010050253	0.002298522646191471
16.48241206030151	0.007043499911183545
16.884422110552766	0.01260620566270739
17.286432160804022	0.016751467107850217
17.68844221105528	0.01831441846341519
18.090452261306535	0.017443356995808592
18.49246231155779	0.01383181585457421
18.894472361809047	0.00885237599603996
19.296482412060303	0.00523992573942147
19.69849246231156	0.00818097755360268
20.100502512562816	0.012717629772990948
20.502512562814072	0.015510572306595758
20.90452261306533	0.015998512651903767
21.306532663316585	0.01397400225823262
21.70854271356784	0.010383850714137426
22.110552763819097	0.007015940004683499
22.512562814070353	0.007579191821290339
22.91457286432161	0.011045830502897615
23.316582914572866	0.013868612048781972
23.718592964824122	0.014930228317619592
24.12060301507538	0.013804944867885144
24.522613065326635	0.011135570418273193
24.92462311557789	0.009105684508812108
25.326633165829147	0.010384691348484338
25.728643216080403	0.013934082146070028
26.13065326633166	0.01681081764844993
26.532663316582916	0.01792412691762369
26.934673366834172	0.01652519806583248
27.33668341708543	0.013901254541804986
27.738693467336685	0.012121000161780112
28.14070351758794	0.014286613721380303
28.542713567839197	0.018845518716448087
28.944723618090453	0.02284473575093402
29.34673366834171	0.024584848900610263
29.748743718592966	0.023327524249858192
30.150753768844222	0.0196697115995353
30.55276381909548	0.015496915148099866
30.954773869346734	0.01415891879632122
31.35678391959799	0.016835966218516355
31.758793969849247	0.020611297702106
32.16080402010051	0.022666658632540797
32.56281407035176	0.02228103666793628
32.96482412060302	0.02034766870284723
33.366834170854275	0.018400209865041893
33.76884422110553	0.01843176477989344
34.17085427135679	0.020766732324036537
34.572864321608044	0.023583784772557393
34.9748743718593	0.02454272658689286
35.37688442211056	0.02345990201001117
35.77889447236181	0.020730772737457735
36.18090452261307	0.017498321356861298
36.582914572864325	0.015577382578910148
36.98492462311558	0.015897059371996515
37.38693467336684	0.01734434025389233
37.788944723618094	0.01840121250585189
38.19095477386935	0.018703070755979375
38.59296482412061	0.01892451576213125
38.99497487437186	0.019869958152262345
39.39698492462312	0.022272080643939412
39.798994974874375	0.025280333877653487
40.20100502512563	0.027713567088147567
40.60301507537689	0.028767210113357457
41.005025125628144	0.0279481900580509
41.4070351758794	0.02607829570551795
41.80904522613066	0.023857646900272693
42.21105527638191	0.022287043595134132
42.61306532663317	0.022033425660665462
43.015075376884425	0.02277457376342685
43.41708542713568	0.023409147117314427
43.81909547738694	0.02336681654775289
44.221105527638194	0.022578280684492212
44.62311557788945	0.021860935013201674
45.02512562814071	0.02233225313456146
45.42713567839196	0.024259966946139116
45.82914572864322	0.02683987106321913
46.231155778894475	0.029358473677323065
46.63316582914573	0.03067592912313808
47.03517587939699	0.030698848591799593
47.437185929648244	0.029610795377742118
47.8391959798995	0.027888420318496067
48.24120603015076	0.026078664404772668
48.64321608040201	0.024673336388648128
49.04522613065327	0.023580961860233788
49.447236180904525	0.022991540042533617
49.84924623115578	0.022611887316652902
50.25125628140704	0.02241390570105452
50.653266331658294	0.02325174464006838
51.05527638190955	0.02524433194840133
51.45728643216081	0.027985763832940352
51.85929648241206	0.0312904502756418
52.26130653266332	0.034126084797147044
52.663316582914575	0.03643730282775561
53.06532663316583	0.03740641079304285
53.46733668341709	0.036912343076657056
53.869346733668344	0.03529095595999109
54.2713567839196	0.03337755785937419
54.67336683417086	0.03163167465892306
55.07537688442211	0.030357473200639896
55.47738693467337	0.029818482890521542
55.879396984924625	0.02973741050178097
56.28140703517588	0.02956846024433795
56.68341708542714	0.029850827158605354
57.085427135678394	0.03125910850698028
57.48743718592965	0.03386912598648353
57.88944723618091	0.037267378491373127
58.29145728643216	0.040830604688242206
58.69346733668342	0.0435705299401845
59.095477386934675	0.04494825104679106
59.49748743718593	0.044880251538617424
59.89949748743719	0.043382014506783494
60.301507537688444	0.04133162301785189
60.7035175879397	0.039345031134963036
61.10552763819096	0.03782446554904994
61.50753768844221	0.03717629976810583
61.90954773869347	0.03739430433565036
62.311557788944725	0.03853313388279198
62.71356783919598	0.0411010505391524
63.11557788944724	0.045352796855813796
63.517587939698494	0.050649064453909286
63.91959798994975	0.05668868467787004
64.32160804020101	0.062190773652397426
64.72361809045226	0.06615564706827559
65.12562814070353	0.06787308933765888
65.52763819095478	0.0670337689268096
65.92964824120604	0.0640706693261113
66.33165829145729	0.06012249642794441
66.73366834170855	0.05593215822520934
67.1356783919598	0.05301425600733507
67.53768844221106	0.051513789794755384
67.93969849246231	0.051233803080870124
68.34170854271358	0.05212429309700604
68.74371859296483	0.054076690244276394
69.14572864321609	0.0571081069640346
69.54773869346734	0.06087019060668201
69.9497487437186	0.06464438554534188
70.35175879396985	0.06768750750315887
70.75376884422111	0.06897354696913494
71.15577889447236	0.06833642008362753
71.55778894472363	0.06616588786223103
71.95979899497488	0.06314573004225427
72.36180904522614	0.060251041760642235
72.76381909547739	0.05808609521221216
73.16582914572865	0.056646383238529406
73.5678391959799	0.05557386323165216
73.96984924623116	0.05474899269512239
74.37185929648241	0.05415726931279735
74.77386934673368	0.05414909379702829
75.17587939698493	0.055400275270681774
75.57788944723619	0.05750951685145737
75.97989949748744	0.059949913876710705
76.3819095477387	0.061534982466402224
76.78391959798995	0.061907922983739185
77.18592964824121	0.06107027935611552
77.58793969849246	0.059049894879264056
77.98994974874373	0.05672321028209028
78.39195979899498	0.05434509328874455
78.79396984924624	0.05262880543290166
79.19597989949749	0.051296038958689796
79.59798994974875	0.0503486991624111
80.0	0.04978747832154354
