0.0	0.012801226387541062
0.4020100502512563	0.010630253534106888
0.8040201005025126	0.006975255385221984
1.206030150753769	0.003873097093049932
1.6080402010050252	0.006120168293412618
2.0100502512562817	0.009883544757724766
2.412060301507538	0.01262073803782741
2.814070351758794	0.013103836312031816
3.2160804020100504	0.011501366422027672
3.6180904522613067	0.00805563961323363
4.020100502512563	0.0034862793939594524
4.42211055276382	0.0026305161089230835
4.824120603015076	0.006732733561931448
5.226130653266332	0.009765394264749271
5.628140703517588	0.01086940212537898
6.030150753768845	0.009784765797495317
6.432160804020101	0.007277855010966086
6.834170854271357	0.005322770699758941
7.236180904522613	0.007325942320051568
7.63819095477387	0.011407467734227253
8.040201005025127	0.014818454757615016
8.442211055276383	0.01647326385112844
8.84422110552764	0.01588712174196942
9.246231155778895	0.013426769121629909
9.648241206030152	0.00949431400211263
10.050251256281408	0.004739400905689271
10.452261306532664	0.0009049607436399431
10.85427135678392	0.003306658791059814
11.256281407035177	0.005250245494236495
11.658291457286433	0.00544144499252477
12.06030150753769	0.005130751552303522
12.462311557788945	0.006998529358201712
12.864321608040202	0.011492572514348333
13.266331658291458	0.016752606150731576
13.668341708542714	0.02174167840839706
14.07035175879397	0.02541399760482744
14.472361809045227	0.027368565075368095
14.874371859296483	0.02727844075988948
15.27638190954774	0.025568718605591408
15.678391959798995	0.022576555278537892
16.080402010050253	0.018824987371907784
16.48241206030151	0.014694699902510724
16.884422110552766	0.011282758030980392
17.286432160804022	0.010234942358384775
17.68844221105528	0.012235128109370426
18.090452261306535	0.016708177975796858
18.49246231155779	0.02229467567054691
18.894472361809047	0.028396499720304856
19.296482412060303	0.03411236558194128
19.69849246231156	0.039191510287143475
20.100502512562816	0.04334170155560974
20.502512562814072	0.04589961697737038
20.90452261306533	0.046965417888164065
21.306532663316585	0.04694779950070584
21.70854271356784	0.04528295093609626
22.110552763819097	0.04242762045487951
22.512562814070353	0.039347084959698374
22.91457286432161	0.037098939015719576
23.316582914572866	0.03696275227536175
23.718592964824122	0.039250071369024184
24.12060301507538	0.04380286675914218
24.522613065326635	0.04966311161553434
24.92462311557789	0.05613749898106914
25.326633165829147	0.06256933885513866
25.728643216080403	0.068232852896437
26.13065326633166	0.07260392423176307
26.532663316582916	0.07483029873770516
26.934673366834172	0.07452073010858981
27.33668341708543	0.0714685667577426
27.738693467336685	0.06588416440494789
28.14070351758794	0.05925219551741116
28.542713567839197	0.05238116462134006
28.944723618090453	0.046804623741216723
29.34673366834171	0.043866408871727484
29.748743718592966	0.044114687053450445
30.150753768844222	0.047081493173307724
30.55276381909548	0.05193626106079495
30.954773869346734	0.05805915494383601
31.35678391959799	0.06436512992051113
31.758793969849247	0.07016829181988885
32.16080402010051	0.07444787846053322
32.56281407035176	0.07668057556333342
32.96482412060302	0.07535122288138699
33.366834170854275	0.07070727220322141
33.76884422110553	0.06327188624495741
34.17085427135679	0.05412527868050724
34.572864321608044	0.04513497311627089
34.9748743718593	0.03854932428526714
35.37688442211056	0.035651820554544
35.77889447236181	0.03653497401287205
36.18090452261307	0.03996240055102469
36.582914572864325	0.04501935364899752
36.98492462311558	0.051319961216770314
37.38693467336684	0.05820325976486747
37.788944723618094	0.06475194936783153
38.19095477386935	0.06949811380757694
38.59296482412061	0.07141820605885374
38.99497487437186	0.07029003291836085
39.39698492462312	0.06595433066027788
39.798994974874375	0.05940940058908981
40.20100502512563	0.05194044388141887
40.60301507537689	0.045433662119143924
41.005025125628144	0.04125081986551406
41.4070351758794	0.039880402150279194
41.80904522613066	0.04147939539495278
42.21105527638191	0.04489649788785731
42.61306532663317	0.04943106136227996
43.015075376884425	0.054297431160240106
43.41708542713568	0.058923996358050915
43.81909547738694	0.06266074163690548
44.221105527638194	0.0647381411750454
44.62311557788945	0.06489371157035903
45.02512562814071	0.06334704314047157
45.42713567839196	0.06033098300285476
45.82914572864322	0.05670897245935974
46.231155778894475	0.053109875762504345
46.63316582914573	0.05025045728353163
47.03517587939699	0.04808918968170296
47.437185929648244	0.04717298458483972
47.8391959798995	0.04731655379838217
48.24120603015076	0.048243735006771066
48.64321608040201	0.04991950122095996
49.04522613065327	0.05194744554131264
49.447236180904525	0.05440576816048916
49.84924623115578	0.05668167503152114
50.25125628140704	0.0583667848547522
50.653266331658294	0.059060641901054665
51.05527638190955	0.05850070095644355
51.45728643216081	0.05685995544066421
51.85929648241206	0.05447611763556289
52.26130653266332	0.05165327558540861
52.663316582914575	0.049141580653723656
53.06532663316583	0.04723949010086173
53.46733668341709	0.04634660404145866
53.869346733668344	0.0467087276385698
54.2713567839196	0.048148559415708204
54.67336683417086	0.0500898801581849
55.07537688442211	0.05247578420615704
55.47738693467337	0.05493514552022098
55.879396984924625	0.0570764672372143
56.28140703517588	0.05866026756112445
56.68341708542714	0.059288243336606414
57.085427135678394	0.05871941361036616
57.48743718592965	0.056555771493819094
57.88944723618091	0.053166994509153485
58.29145728643216	0.04914547793340063
58.69346733668342	0.045878556517134024
59.095477386934675	0.043994460502308624
59.49748743718593	0.04441981077114747
59.89949748743719	0.04647286529593016
60.301507537688444	0.04990827537612446
60.7035175879397	0.053730709157369924
61.10552763819096	0.05747311620455264
61.50753768844221	0.06029227435234021
61.90954773869347	0.06238622209297281
62.311557788944725	0.06273062916718833
62.71356783919598	0.0615349262145248
63.11557788944724	0.0586708490404918
63.517587939698494	0.054584242258552663
63.91959798994975	0.04967220257082298
64.32160804020101	0.04507868324230047
64.72361809045226	0.042005920839439194
65.12562814070353	0.04154814991415389
65.52763819095478	0.04402731984240173
65.92964824120604	0.048816489190728465
66.33165829145729	0.054672511548150324
66.73366834170855	0.06025794155700594
67.1356783919598	0.06463792014249406
67.53768844221106	0.06727686623724986
67.93969849246231	0.06767959238147543
68.34170854271358	0.06570072208197734
68.74371859296483	0.061841428256237896
69.14572864321609	0.056473800688739584
69.54773869346734	0.05101148153489057
69.9497487437186	0.0464037792828884
70.35175879396985	0.04396587484573675
70.75376884422111	0.04416387178114143
71.15577889447236	0.04721617658087206
71.55778894472363	0.05196747276831724
71.95979899497488	0.05747159511689578
72.36180904522614	0.062159171807699885
72.76381909547739	0.06540219055516634
73.16582914572865	0.06671994524292833
73.5678391959799	0.0662580344951619
73.96984924623116	0.06413688071652836
74.37185929648241	0.06075478509025513
74.77386934673368	0.05647414775198352
75.17587939698493	0.051819192951648704
75.57788944723619	0.04757923664185733
75.97989949748744	0.04456856568852051
76.3819095477387	0.04365737496850075
76.78391959798995	0.04516255096835471
77.18592964824121	0.04856851958880949
77.58793969849246	0.052725949197972945
77.98994974874373	0.05663770449300047
78.39195979899498	0.059746688838492344
78.79396984924624	0.06138409563861087
79.19597989949749	0.06184823629059022
79.59798994974875	0.06067533054940968
80.0	0.058520022826958264
