0.0	0.01760411444118322
0.4020100502512563	0.017526655669190996
0.8040201005025126	0.014595048040175352
1.206030150753769	0.009357251591443485
1.6080402010050252	0.0035271205985886165
2.0100502512562817	0.004481065344117389
2.412060301507538	0.009352971121022745
2.814070351758794	0.01236765757429207
3.2160804020100504	0.012451225337917777
3.6180904522613067	0.009527509005722483
4.020100502512563	0.004284061158568919
4.42211055276382	0.002384997928637877
4.824120603015076	0.009585570909448783
5.226130653266332	0.01585721704178187
5.628140703517588	0.019914543173849348
6.030150753768845	0.021465723683016302
6.432160804020101	0.01983836113391522
6.834170854271357	0.01589341913044651
7.236180904522613	0.010667879021684609
7.63819095477387	0.005660048255225907
8.040201005025127	0.005070224321012065
8.442211055276383	0.007297027572117196
8.84422110552764	0.00784868241227596
9.246231155778895	0.005820974268270916
9.648241206030152	0.003228113760756688
10.050251256281408	0.007788548394193598
10.452261306532664	0.015233078746504375
10.85427135678392	0.022721034938605954
11.256281407035177	0.02851381168686446
11.658291457286433	0.03188247590144343
12.06030150753769	0.03281184779094075
12.462311557788945	0.03097367623906948
12.864321608040202	0.027279223900137393
13.266331658291458	0.022591043351177228
13.668341708542714	0.018299798326340894
14.07035175879397	0.015476069040958986
14.472361809045227	0.01454205848973287
14.874371859296483	0.015730567373927588
15.27638190954774	0.019115296280738985
15.678391959798995	0.0249965229173438
16.080402010050253	0.032633813412566264
16.48241206030151	0.04043082524554591
16.884422110552766	0.04718260155536274
17.286432160804022	0.05142687127398354
17.68844221105528	0.05220599729278913
18.090452261306535	0.04907010738087124
18.49246231155779	0.04214895492615536
18.894472361809047	0.032898345378240816
19.296482412060303	0.022972899220436407
19.69849246231156	0.014121734805491703
20.100502512562816	0.00881788764738802
20.502512562814072	0.009012663410273281
20.90452261306533	0.014361498622274241
21.306532663316585	0.02348295041467593
21.70854271356784	0.03500487916922874
22.110552763819097	0.046460060333104104
22.512562814070353	0.05539244317196866
22.91457286432161	0.0603821826199374
23.316582914572866	0.06030812730224964
23.718592964824122	0.05537628501913679
24.12060301507538	0.04664236372196923
24.522613065326635	0.035798321716961526
24.92462311557789	0.024628044519875287
25.326633165829147	0.014827038507804244
25.728643216080403	0.007410917198526647
26.13065326633166	0.0020262902399840787
26.532663316582916	0.005593635844410487
26.934673366834172	0.01367404183175423
27.33668341708543	0.023555653007723006
27.738693467336685	0.0334224135135988
28.14070351758794	0.042160845677434965
28.542713567839197	0.04835514658051374
28.944723618090453	0.05100890975643387
29.34673366834171	0.04970169026194409
29.748743718592966	0.04467153995856625
30.150753768844222	0.03685665514627387
30.55276381909548	0.026924922663427088
30.954773869346734	0.01631020203932731
31.35678391959799	0.006083474433233568
31.758793969849247	0.002456282487460315
32.16080402010051	0.008806689260480104
32.56281407035176	0.014427598521191765
32.96482412060302	0.0211469024136181
33.366834170854275	0.030103153710278906
33.76884422110553	0.040238003782280526
34.17085427135679	0.04944162238089195
34.572864321608044	0.05600511873068572
34.9748743718593	0.058846050855672336
35.37688442211056	0.05730714279473156
35.77889447236181	0.051825459578897115
36.18090452261307	0.04321502952707846
36.582914572864325	0.032755715018867676
36.98492462311558	0.022271609098645853
37.38693467336684	0.015282898335576275
37.788944723618094	0.015740190627993988
38.19095477386935	0.02124630591246428
38.59296482412061	0.027643669420765227
38.99497487437186	0.034484042259784416
39.39698492462312	0.041665305108517375
39.798994974874375	0.048971499810380494
40.20100502512563	0.05572517797035296
40.60301507537689	0.06091900236560351
41.005025125628144	0.06332295635542948
41.4070351758794	0.061835922213926045
41.80904522613066	0.0565493467605225
42.21105527638191	0.04774733442634284
42.61306532663317	0.036994617792851216
43.015075376884425	0.026888254851920212
43.41708542713568	0.021655604647257107
43.81909547738694	0.023924909752596313
44.221105527638194	0.030199946238143753
44.62311557788945	0.03704554451788975
45.02512562814071	0.04408659133393552
45.42713567839196	0.05142598436403032
45.82914572864322	0.059632813176671906
46.231155778894475	0.0676488927079307
46.63316582914573	0.07400358320119654
47.03517587939699	0.0767119550370683
47.437185929648244	0.07478112674588398
47.8391959798995	0.0678384408425328
48.24120603015076	0.056901363968097377
48.64321608040201	0.04509620679237376
49.04522613065327	0.03570873553341483
49.447236180904525	0.03252084000011223
49.84924623115578	0.03498226604506306
50.25125628140704	0.04054369667426174
50.653266331658294	0.04756378599038552
51.05527638190955	0.055553372400179116
51.45728643216081	0.06431418667725033
51.85929648241206	0.07253765674879106
52.26130653266332	0.07837347889988025
52.663316582914575	0.0800537070156375
53.06532663316583	0.07653469599020644
53.46733668341709	0.06808660562076926
53.869346733668344	0.056367268168728314
54.2713567839196	0.043912917318416074
54.67336683417086	0.03423929578842855
55.07537688442211	0.03114453750126287
55.47738693467337	0.03471212644632501
55.879396984924625	0.04178795218442832
56.28140703517588	0.049492740758827584
56.68341708542714	0.057729223682874975
57.085427135678394	0.06512433895762215
57.48743718592965	0.0711730041318238
57.88944723618091	0.07474024442301348
58.29145728643216	0.0753511917034621
58.69346733668342	0.0718227468559677
59.095477386934675	0.0645506996881939
59.49748743718593	0.0544566236020701
59.89949748743719	0.0428861124344151
60.301507537688444	0.03259676685158282
60.7035175879397	0.027447421131778383
61.10552763819096	0.029390718772996028
61.50753768844221	0.03602733324967726
61.90954773869347	0.04376566958641383
62.311557788944725	0.051861106045424946
62.71356783919598	0.05965068663031784
63.11557788944724	0.06693055871317459
63.517587939698494	0.07265164962653103
63.91959798994975	0.07560335621629433
64.32160804020101	0.07508480628741182
64.72361809045226	0.07063562732113474
65.12562814070353	0.06220634020601853
65.52763819095478	0.051055200457768325
65.92964824120604	0.038870540377839595
66.33165829145729	0.02859046824581483
66.73366834170855	0.024467825650196225
67.1356783919598	0.028676472768227997
67.53768844221106	0.03705417078040743
67.93969849246231	0.046829634458503654
68.34170854271358	0.05681296541519139
68.74371859296483	0.06619030680917534
69.14572864321609	0.07379186233797516
69.54773869346734	0.07841092885530755
69.9497487437186	0.07949889814147879
70.35175879396985	0.07651672455238287
70.75376884422111	0.06948667889031558
71.15577889447236	0.05896616230759192
71.55778894472363	0.046137015720766776
71.95979899497488	0.03321222222672117
72.36180904522614	0.023995319325930426
72.76381909547739	0.02363778475796372
73.16582914572865	0.031062830179219226
73.5678391959799	0.040945711448018465
73.96984924623116	0.05088685292050551
74.37185929648241	0.060032304082065745
74.77386934673368	0.06773021981630464
75.17587939698493	0.07330902303331066
75.57788944723619	0.07568786392419119
75.97989949748744	0.07433834937361648
76.3819095477387	0.06916084483040609
76.78391959798995	0.06029767038717191
77.18592964824121	0.04908361253662153
77.58793969849246	0.03691590272434281
77.98994974874373	0.026249193284306648
78.39195979899498	0.021211799537830527
78.79396984924624	0.025931326629269308
79.19597989949749	0.03616502224966993
79.59798994974875	0.047375729823153585
80.0	0.0581064367144805
