0.0	0.011302909074974037
0.4020100502512563	0.009670394894603938
0.8040201005025126	0.006809067361900414
1.206030150753769	0.004598142723206527
1.6080402010050252	0.005315747997003729
2.0100502512562817	0.00790770277091671
2.412060301507538	0.009758052532267098
2.814070351758794	0.010002182357808805
3.2160804020100504	0.0087586367183333
3.6180904522613067	0.005829638078030761
4.020100502512563	0.002749666425673395
4.42211055276382	0.003694050306798228
4.824120603015076	0.006968275356283897
5.226130653266332	0.009502809886807014
5.628140703517588	0.010403197327305165
6.030150753768845	0.010026040567926298
6.432160804020101	0.008687669793173288
6.834170854271357	0.007446792941596543
7.236180904522613	0.008067834867583612
7.63819095477387	0.009938331671788326
8.040201005025127	0.011807123801684739
8.442211055276383	0.01243065872454759
8.84422110552764	0.0114521776146886
9.246231155778895	0.008841909688089823
9.648241206030152	0.005154793398074717
10.050251256281408	0.0011596500225293132
10.452261306532664	0.0032166300857271166
10.85427135678392	0.006374661187959511
11.256281407035177	0.008337250607634962
11.658291457286433	0.00891807038861855
12.06030150753769	0.00862683591322996
12.462311557788945	0.009066808703917
12.864321608040202	0.010464346633693314
13.266331658291458	0.012930752750154586
13.668341708542714	0.015119799805685091
14.07035175879397	0.016368282172210237
14.472361809045227	0.016238017380067964
14.874371859296483	0.01502356964580959
15.27638190954774	0.012782800189954601
15.678391959798995	0.010306050052676187
16.080402010050253	0.007578362334303245
16.48241206030151	0.004146803876126009
16.884422110552766	0.0012368121811523955
17.286432160804022	0.004597829630758293
17.68844221105528	0.008953678679615662
18.090452261306535	0.012901260348524152
18.49246231155779	0.016104845428667244
18.894472361809047	0.01856580058759876
19.296482412060303	0.0202676428245457
19.69849246231156	0.021852750749823242
20.100502512562816	0.023708808275261086
20.502512562814072	0.025940550196141398
20.90452261306533	0.027819168502470192
21.306532663316585	0.02860360357665817
21.70854271356784	0.027880576168332068
22.110552763819097	0.025349618961102532
22.512562814070353	0.02220144056200168
22.91457286432161	0.019105981819304285
23.316582914572866	0.01767061636076491
23.718592964824122	0.018518998279672034
24.12060301507538	0.020935541486475633
24.522613065326635	0.02387378508356586
24.92462311557789	0.026899347777831418
25.326633165829147	0.030233893782155095
25.728643216080403	0.033658188504086556
26.13065326633166	0.03725987509593541
26.532663316582916	0.04046760461606339
26.934673366834172	0.042522810231058535
27.33668341708543	0.04283336522904773
27.738693467336685	0.041295332451191956
28.14070351758794	0.038340631491391254
28.542713567839197	0.03473893161769648
28.944723618090453	0.031682245151501
29.34673366834171	0.030224386366600527
29.748743718592966	0.030946509042645527
30.150753768844222	0.03391099342832164
30.55276381909548	0.039059610013561466
30.954773869346734	0.045881943966077185
31.35678391959799	0.05379172504312167
31.758793969849247	0.06161599367876315
32.16080402010051	0.06766111497699212
32.56281407035176	0.07094001096453677
32.96482412060302	0.07098887351818074
33.366834170854275	0.06806638472951648
33.76884422110553	0.06293824338549504
34.17085427135679	0.056842173732831236
34.572864321608044	0.05123351214197257
34.9748743718593	0.04758179002272695
35.37688442211056	0.04677207264731844
35.77889447236181	0.04880628532117318
36.18090452261307	0.05304487567376119
36.582914572864325	0.05868332720373135
36.98492462311558	0.0643854891841166
37.38693467336684	0.06909376203169229
37.788944723618094	0.07213526340510076
38.19095477386935	0.07282101581300857
38.59296482412061	0.07148506394859848
38.99497487437186	0.06807031562816981
39.39698492462312	0.06330590989640768
39.798994974874375	0.05875680558130778
40.20100502512563	0.05489859722780201
40.60301507537689	0.05235582762507107
41.005025125628144	0.051929393898237954
41.4070351758794	0.05315059010668024
41.80904522613066	0.05577637488664335
42.21105527638191	0.059183494164617656
42.61306532663317	0.06238690373197483
43.015075376884425	0.06485723916080392
43.41708542713568	0.06639682163808432
43.81909547738694	0.0662722766506317
44.221105527638194	0.0646347062927479
44.62311557788945	0.06196542936826695
45.02512562814071	0.05825338047430371
45.42713567839196	0.05465423852649345
45.82914572864322	0.05151845401066564
46.231155778894475	0.0494707195838459
46.63316582914573	0.04902906392076571
47.03517587939699	0.05043064257292703
47.437185929648244	0.053151380162804886
47.8391959798995	0.05669348983868831
48.24120603015076	0.06015024158433914
48.64321608040201	0.06343616407079358
49.04522613065327	0.06507807251041657
49.447236180904525	0.06525840942906526
49.84924623115578	0.0638810624397693
50.25125628140704	0.06146306604978805
50.653266331658294	0.057949231367624435
51.05527638190955	0.054422690703645304
51.45728643216081	0.05124908437085535
51.85929648241206	0.04902220514226753
52.26130653266332	0.04829694466132494
52.663316582914575	0.049641628653778566
53.06532663316583	0.0523221600286002
53.46733668341709	0.05575084683121939
53.869346733668344	0.059520628448504476
54.2713567839196	0.06232911751499506
54.67336683417086	0.06371088559606283
55.07537688442211	0.06326218658564704
55.47738693467337	0.06131722067149449
55.879396984924625	0.05852984015665489
56.28140703517588	0.0554928346902807
56.68341708542714	0.05265918308088531
57.085427135678394	0.05067307349101992
57.48743718592965	0.049463153812082744
57.88944723618091	0.049089768789971525
58.29145728643216	0.049744022476409584
58.69346733668342	0.05106103876098093
59.095477386934675	0.052845612665903575
59.49748743718593	0.05487863178937975
59.89949748743719	0.05641245980740689
60.301507537688444	0.05747264814065524
60.7035175879397	0.05770301103671268
61.10552763819096	0.0574773105955146
61.50753768844221	0.05687046322559055
61.90954773869347	0.056205209743650675
62.311557788944725	0.055457311968158375
62.71356783919598	0.05469187662019466
63.11557788944724	0.053854503501134146
63.517587939698494	0.05295054296444962
63.91959798994975	0.05186404859127401
64.32160804020101	0.050820679340858
64.72361809045226	0.049997019365153744
65.12562814070353	0.050043452932068
65.52763819095478	0.05083991584731715
65.92964824120604	0.05259165259124313
66.33165829145729	0.054902363835019875
66.73366834170855	0.05761459565587753
67.1356783919598	0.06010144655306453
67.53768844221106	0.06211089155647339
67.93969849246231	0.06285462693820308
68.34170854271358	0.06255977408955739
68.74371859296483	0.061027772829976436
69.14572864321609	0.05847374622243753
69.54773869346734	0.05532789515239074
69.9497487437186	0.052019630025180244
70.35175879396985	0.04896858140501724
70.75376884422111	0.04731422324097945
71.15577889447236	0.04728424642776714
71.55778894472363	0.04922046777807635
71.95979899497488	0.0526274389676788
72.36180904522614	0.0566574236721006
72.76381909547739	0.06043777951780681
73.16582914572865	0.06340704030998821
73.5678391959799	0.06488258322469256
73.96984924623116	0.06467802490886404
74.37185929648241	0.06262971868036157
74.77386934673368	0.05955352041068156
75.17587939698493	0.055694394153706174
75.57788944723619	0.05165704991656134
75.97989949748744	0.04771465172563528
76.3819095477387	0.044985657489717695
76.78391959798995	0.043774941340050964
77.18592964824121	0.04500463248902018
77.58793969849246	0.048489937957145
77.98994974874373	0.05325642994746288
78.39195979899498	0.05829151555817759
78.79396984924624	0.06246799855041522
79.19597989949749	0.06523441785656559
79.59798994974875	0.0657789166357537
80.0	0.06437963948134975
