0.0	0.006879939862384189
0.4020100502512563	0.006602161350506952
0.8040201005025126	0.005751562031842504
1.206030150753769	0.0044415524630099625
1.6080402010050252	0.003976938825231347
2.0100502512562817	0.00437003897164406
2.412060301507538	0.005080060691495861
2.814070351758794	0.005599001792233384
3.2160804020100504	0.005113373374917409
3.6180904522613067	0.003851456093512044
4.020100502512563	0.0021448482493327406
4.42211055276382	0.001832242681971806
4.824120603015076	0.003762552620816129
5.226130653266332	0.005694032786406589
5.628140703517588	0.007377997090611257
6.030150753768845	0.008376471792668837
6.432160804020101	0.00863783836320364
6.834170854271357	0.008535202523187183
7.236180904522613	0.008477289812582443
7.63819095477387	0.008195926022897846
8.040201005025127	0.008132612104971685
8.442211055276383	0.007574446303425153
8.84422110552764	0.006572769586043398
9.246231155778895	0.005305673131617414
9.648241206030152	0.0035251595990449863
10.050251256281408	0.003361049827588538
10.452261306532664	0.005545262636759045
10.85427135678392	0.008194499048126812
11.256281407035177	0.011049162098749782
11.658291457286433	0.01308150104307502
12.06030150753769	0.014145831342189937
12.462311557788945	0.01430037268972222
12.864321608040202	0.013938471363631303
13.266331658291458	0.012779328674431004
13.668341708542714	0.011204818327456654
14.07035175879397	0.009696469071004483
14.472361809045227	0.00829026026458181
14.874371859296483	0.007274539535605605
15.27638190954774	0.006646256894080394
15.678391959798995	0.007148267013462474
16.080402010050253	0.008709585955127988
16.48241206030151	0.01115638753997816
16.884422110552766	0.014013488648389038
17.286432160804022	0.016906015737037854
17.68844221105528	0.019065891352858425
18.090452261306535	0.02032521190295117
18.49246231155779	0.02075696590422913
18.894472361809047	0.020311357236715292
19.296482412060303	0.01911499389245197
19.69849246231156	0.01763216253012134
20.100502512562816	0.015942486482801322
20.502512562814072	0.014200408011248828
20.90452261306533	0.012740359631234894
21.306532663316585	0.012233971115623974
21.70854271356784	0.012880599271251934
22.110552763819097	0.014959762167479499
22.512562814070353	0.017851244939086353
22.91457286432161	0.02079297766100178
23.316582914572866	0.023488750123153778
23.718592964824122	0.025439722245666284
24.12060301507538	0.026130271183242754
24.522613065326635	0.02589689937549653
24.92462311557789	0.024403933585188643
25.326633165829147	0.021970410007771286
25.728643216080403	0.019098436819072424
26.13065326633166	0.01678449138556874
26.532663316582916	0.015072305820438022
26.934673366834172	0.014630094712417108
27.33668341708543	0.015752615271995354
27.738693467336685	0.01838105271992667
28.14070351758794	0.021716037406280825
28.542713567839197	0.02562091669834745
28.944723618090453	0.029355680046299033
29.34673366834171	0.03219152452695334
29.748743718592966	0.03400193685272102
30.150753768844222	0.0346249493077825
30.55276381909548	0.03379154037306995
30.954773869346734	0.031640922609617844
31.35678391959799	0.02893976056372726
31.758793969849247	0.02621123538058816
32.16080402010051	0.0238421016459129
32.56281407035176	0.022376789597537354
32.96482412060302	0.0218456900946283
33.366834170854275	0.022518092772927042
33.76884422110553	0.024317110765479315
34.17085427135679	0.026950448557134642
34.572864321608044	0.03013070411931882
34.9748743718593	0.0333658304193907
35.37688442211056	0.035904113966401335
35.77889447236181	0.03755026160511686
36.18090452261307	0.03796999253282905
36.582914572864325	0.037531516641862925
36.98492462311558	0.036485458621876785
37.38693467336684	0.035292511886242314
37.788944723618094	0.03438831939861298
38.19095477386935	0.034395554262088304
38.59296482412061	0.03518286000330851
38.99497487437186	0.036721277471198466
39.39698492462312	0.03874614674357932
39.798994974874375	0.04170674541151511
40.20100502512563	0.04498327633320649
40.60301507537689	0.04823534107770275
41.005025125628144	0.05116087806250645
41.4070351758794	0.0533360680141988
41.80904522613066	0.05463853122626865
42.21105527638191	0.05515040216246986
42.61306532663317	0.05520235374217499
43.015075376884425	0.055497280380065295
43.41708542713568	0.055925472941585105
43.81909547738694	0.056828943539708944
44.221105527638194	0.05810010273259449
44.62311557788945	0.059421912323732076
45.02512562814071	0.06084084908572507
45.42713567839196	0.06201016905451475
45.82914572864322	0.062387368977307886
46.231155778894475	0.0619107687294755
46.63316582914573	0.060442794077612425
47.03517587939699	0.058158097428526255
47.437185929648244	0.05558840403051889
47.8391959798995	0.05338654988222857
48.24120603015076	0.05225420691971673
48.64321608040201	0.05256496445768798
49.04522613065327	0.05438125106832294
49.447236180904525	0.05760129992068961
49.84924623115578	0.061190857732250394
50.25125628140704	0.06438691086983116
50.653266331658294	0.06624781001745347
51.05527638190955	0.06622592189946094
51.45728643216081	0.06429947793360236
51.85929648241206	0.06065721093651719
52.26130653266332	0.05603533957773458
52.663316582914575	0.0511296446083029
53.06532663316583	0.04693270830734236
53.46733668341709	0.04387204645911142
53.869346733668344	0.04230668197097379
54.2713567839196	0.04256813617358734
54.67336683417086	0.0444058511305203
55.07537688442211	0.04737644854932945
55.47738693467337	0.05075358057462949
55.879396984924625	0.05386596542610615
56.28140703517588	0.05598497878410232
56.68341708542714	0.05698788741860796
57.085427135678394	0.05670807970499231
57.48743718592965	0.05540038591999805
57.88944723618091	0.05347541032630938
58.29145728643216	0.051554249750648026
58.69346733668342	0.049871293980849316
59.095477386934675	0.048603682677962445
59.49748743718593	0.04769188550703248
59.89949748743719	0.047103122056430816
60.301507537688444	0.04690687251591464
60.7035175879397	0.046817101597475555
61.10552763819096	0.04696853605646806
61.50753768844221	0.04740423115114474
61.90954773869347	0.04824920940667329
62.311557788944725	0.04921880023386607
62.71356783919598	0.050678220043489874
63.11557788944724	0.052353075521321846
63.517587939698494	0.05436368160226107
63.91959798994975	0.05597225104813165
64.32160804020101	0.057052319424657896
64.72361809045226	0.05710927377046676
65.12562814070353	0.05618712689869711
65.52763819095478	0.054319442730866786
65.92964824120604	0.05173931150435899
66.33165829145729	0.04905009336056261
66.73366834170855	0.04656621453329222
67.1356783919598	0.045204833634878726
67.53768844221106	0.04519026563548513
67.93969849246231	0.04650682422893025
68.34170854271358	0.0493605969975894
68.74371859296483	0.05288420936978501
69.14572864321609	0.05661010081619959
69.54773869346734	0.05969197827089419
69.9497487437186	0.061566352291410865
70.35175879396985	0.06176057558250495
70.75376884422111	0.0598986538491922
71.15577889447236	0.05638767522328496
71.55778894472363	0.05201688774008388
71.95979899497488	0.04738040558497082
72.36180904522614	0.04340737259992607
72.76381909547739	0.041032584715910564
73.16582914572865	0.0406629250678783
73.5678391959799	0.04260956806730423
73.96984924623116	0.04630504964420519
74.37185929648241	0.05096954083762435
74.77386934673368	0.05614769593908472
75.17587939698493	0.06082334849522429
75.57788944723619	0.06406992382496654
75.97989949748744	0.06521915791003671
76.3819095477387	0.06344882150400802
76.78391959798995	0.05936830696536799
77.18592964824121	0.053787507845858104
77.58793969849246	0.04742395665552345
77.98994974874373	0.042097119515961665
78.39195979899498	0.03872033712048207
78.79396984924624	0.03814226462797882
79.19597989949749	0.04060544396119255
79.59798994974875	0.04496973267859538
80.0	0.05045949684214126
