0.0	0.015346791965516027
0.4020100502512563	0.013966456844716679
0.8040201005025126	0.010531501357446545
1.206030150753769	0.005910817499060262
1.6080402010050252	0.0033010766683978024
2.0100502512562817	0.007009866472246722
2.412060301507538	0.010634319652437298
2.814070351758794	0.012236774790702669
3.2160804020100504	0.011484288478294018
3.6180904522613067	0.008319276584249854
4.020100502512563	0.0033672125364424773
4.42211055276382	0.0029390287858406766
4.824120603015076	0.0086025629962179
5.226130653266332	0.01336113449919565
5.628140703517588	0.016089816748094378
6.030150753768845	0.016542662900604552
6.432160804020101	0.01498606497850417
6.834170854271357	0.011397013157873248
7.236180904522613	0.007498855398107985
7.63819095477387	0.006095110359771779
8.040201005025127	0.0076286857268527035
8.442211055276383	0.009504740388929508
8.84422110552764	0.009449521129644227
9.246231155778895	0.0071515964358897025
9.648241206030152	0.00470731425333687
10.050251256281408	0.00737294966288608
10.452261306532664	0.013763573093256362
10.85427135678392	0.020889448610460225
11.256281407035177	0.02687146908090854
11.658291457286433	0.03102958089729329
12.06030150753769	0.033251008811600855
12.462311557788945	0.03364248510000468
12.864321608040202	0.03269827292139779
13.266331658291458	0.030773295691833125
13.668341708542714	0.02889969579198603
14.07035175879397	0.027480791431200878
14.472361809045227	0.027298364274353913
14.874371859296483	0.02736831186988025
15.27638190954774	0.026734488978039973
15.678391959798995	0.02364832257881133
16.080402010050253	0.019747334326957456
16.48241206030151	0.018961577849615198
16.884422110552766	0.02329173955900047
17.286432160804022	0.02819648120950462
17.68844221105528	0.03126916117566249
18.090452261306535	0.03144454550046598
18.49246231155779	0.03313254686766517
18.894472361809047	0.0402082883518412
19.296482412060303	0.05251472201923239
19.69849246231156	0.06548662661346148
20.100502512562816	0.07572503678802016
20.502512562814072	0.08023057670094773
20.90452261306533	0.07785625082799527
21.306532663316585	0.06978530503526444
21.70854271356784	0.05801447575493427
22.110552763819097	0.04722755828352973
22.512562814070353	0.041304747258638974
22.91457286432161	0.04015214405763764
23.316582914572866	0.03932242426292559
23.718592964824122	0.036626721850439456
24.12060301507538	0.03540738046503448
24.522613065326635	0.041386140187318746
24.92462311557789	0.055467460387227385
25.326633165829147	0.07157624287871833
25.728643216080403	0.08427937958347576
26.13065326633166	0.08982107611595325
26.532663316582916	0.08681162788167024
26.934673366834172	0.07631372385796592
27.33668341708543	0.06189969811392841
27.738693467336685	0.048535016412595444
28.14070351758794	0.04169589224441373
28.542713567839197	0.043391144822327796
28.944723618090453	0.04688044018912064
29.34673366834171	0.04557029920628005
29.748743718592966	0.0390278565837554
30.150753768844222	0.02980688922903496
30.55276381909548	0.0287299214568372
30.954773869346734	0.039085703180443195
31.35678391959799	0.051602435943868166
31.758793969849247	0.05854759349525993
32.16080402010051	0.0569178285033447
32.56281407035176	0.04596801722531403
32.96482412060302	0.028162488955858572
33.366834170854275	0.009909913634712818
33.76884422110553	0.0213920091266123
34.17085427135679	0.03948203845691414
34.572864321608044	0.05227358343740005
34.9748743718593	0.056003270139590874
35.37688442211056	0.05123034264027887
35.77889447236181	0.038872077672592056
36.18090452261307	0.022108827756773877
36.582914572864325	0.008842576343453874
36.98492462311558	0.015567289284530472
37.38693467336684	0.0233862324404032
37.788944723618094	0.023455308624387716
38.19095477386935	0.015146127907415787
38.59296482412061	0.006075303678693457
38.99497487437186	0.024006314683706013
39.39698492462312	0.04699912949654052
39.798994974874375	0.0676931907780164
40.20100502512563	0.08255397609945192
40.60301507537689	0.08894506687485057
41.005025125628144	0.0855485947749863
41.4070351758794	0.07257989772186166
41.80904522613066	0.05298088513111584
42.21105527638191	0.03033966265115265
42.61306532663317	0.010834807637667131
43.015075376884425	0.011650774244593622
43.41708542713568	0.01858333435359723
43.81909547738694	0.016710494286829795
44.221105527638194	0.006078006105300322
44.62311557788945	0.01555415573020166
45.02512562814071	0.03933691509924966
45.42713567839196	0.0644506307043422
45.82914572864322	0.08592489716830973
46.231155778894475	0.09922861868023337
46.63316582914573	0.10157164642104081
47.03517587939699	0.0920695916087679
47.437185929648244	0.07217226812294253
47.8391959798995	0.04533565588617101
48.24120603015076	0.01803433887825375
48.64321608040201	0.013247603261659474
49.04522613065327	0.028290320762548275
49.447236180904525	0.033694947520153284
49.84924623115578	0.02784244753912559
50.25125628140704	0.011110490395199617
50.653266331658294	0.012176110085914616
51.05527638190955	0.03708874196988267
51.45728643216081	0.058758162569535546
51.85929648241206	0.072771891697306
52.26130653266332	0.07643913366409771
52.663316582914575	0.06920030327946991
53.06532663316583	0.05192839829724709
53.46733668341709	0.028174170614776988
53.869346733668344	0.01108527843082462
54.2713567839196	0.03068079235470155
54.67336683417086	0.05105912029025021
55.07537688442211	0.06309393207982984
55.47738693467337	0.06483894295828292
55.879396984924625	0.05645463881000813
56.28140703517588	0.03956068344172674
56.68341708542714	0.017805678986349306
57.085427135678394	0.009336860497098804
57.48743718592965	0.028422053592082004
57.88944723618091	0.041647678439555365
58.29145728643216	0.04527748377581639
58.69346733668342	0.0394388447709829
59.095477386934675	0.028623882190075993
59.49748743718593	0.029616538094010648
59.89949748743719	0.04874215764088982
60.301507537688444	0.07052862742061831
60.7035175879397	0.08648857757906278
61.10552763819096	0.09276110464659718
61.50753768844221	0.08795210477112791
61.90954773869347	0.0734583906366921
62.311557788944725	0.05203808853680727
62.71356783919598	0.02750867524782722
63.11557788944724	0.008621594243176947
63.517587939698494	0.01754992965982116
63.91959798994975	0.027000279115004966
64.32160804020101	0.02778762532763838
64.72361809045226	0.022898080686412848
65.12562814070353	0.022728924480838124
65.52763819095478	0.03593810475709149
65.92964824120604	0.052942593983781996
66.33165829145729	0.06656141911494337
66.73366834170855	0.0735069608565756
67.1356783919598	0.07232527871389326
67.53768844221106	0.06313405648927424
67.93969849246231	0.04772019782529901
68.34170854271358	0.029925862577082834
68.74371859296483	0.01606424445993715
69.14572864321609	0.01676849288494613
69.54773869346734	0.023021004086637722
69.9497487437186	0.02307182853053947
70.35175879396985	0.014992316781215717
70.75376884422111	0.006656769900224982
71.15577889447236	0.022990509237128913
71.55778894472363	0.043624269140003634
71.95979899497488	0.061404329783144765
72.36180904522614	0.07322961211871933
72.76381909547739	0.07661305128848414
73.16582914572865	0.07110848068302653
73.5678391959799	0.058365284320472686
73.96984924623116	0.04234411152761312
74.37185929648241	0.030951737014782082
74.77386934673368	0.031486584764613246
75.17587939698493	0.03767089580731327
75.57788944723619	0.03975708956732073
75.97989949748744	0.034486252174317375
76.3819095477387	0.022871112638229704
76.78391959798995	0.012876919780682861
77.18592964824121	0.024267908514201235
77.58793969849246	0.041791418905639734
77.98994974874373	0.05532321196628718
78.39195979899498	0.06107524782157807
78.79396984924624	0.058276232495535776
79.19597989949749	0.04747553597215902
79.59798994974875	0.032541186256234485
80.0	0.02297580799452663
