0.0	0.002083528413615558
0.4020100502512563	0.0016655992794962359
0.8040201005025126	0.001794296331575225
1.206030150753769	0.0020481135295991196
1.6080402010050252	0.00251764423367822
2.0100502512562817	0.002951264597527615
2.412060301507538	0.0027201726694721304
2.814070351758794	0.0021952157164561127
3.2160804020100504	0.0017542955151863787
3.6180904522613067	0.0011858789426294172
4.020100502512563	0.0009093976738018608
4.42211055276382	0.001243541119790184
4.824120603015076	0.0014638170096894373
5.226130653266332	0.001863218464198293
5.628140703517588	0.00194182286531065
6.030150753768845	0.0019905427310639976
6.432160804020101	0.002574846192072579
6.834170854271357	0.0032828912271669454
7.236180904522613	0.003928507481972649
7.63819095477387	0.004199529320091372
8.040201005025127	0.0042058303733875525
8.442211055276383	0.003846902375797003
8.84422110552764	0.003126144809081241
9.246231155778895	0.0020831513507319484
9.648241206030152	0.00106480469646263
10.050251256281408	0.0006229251395509664
10.452261306532664	0.000979226959960187
10.85427135678392	0.0016103411470368722
11.256281407035177	0.0023271180579180093
11.658291457286433	0.0026443458616246525
12.06030150753769	0.0026190409761189296
12.462311557788945	0.0024069114389612127
12.864321608040202	0.001817397992959056
13.266331658291458	0.002158954418119642
13.668341708542714	0.004576400600193429
14.07035175879397	0.007876023891468817
14.472361809045227	0.011786404821043341
14.874371859296483	0.015661099488352644
15.27638190954774	0.019646178915387398
15.678391959798995	0.024152428984871417
16.080402010050253	0.02796165681093895
16.48241206030151	0.028809763121056202
16.884422110552766	0.023763375906562682
17.286432160804022	0.014016180562177048
17.68844221105528	0.016004184195687384
18.090452261306535	0.03420405095372292
18.49246231155779	0.049929631310091746
18.894472361809047	0.05595240113254357
19.296482412060303	0.05016243082861752
19.69849246231156	0.03279614829496079
20.100502512562816	0.009755021522836577
20.502512562814072	0.026615260872740232
20.90452261306533	0.05294937150323413
21.306532663316585	0.07117635579925723
21.70854271356784	0.07732304100207196
22.110552763819097	0.07075302540068676
22.512562814070353	0.05520599085561102
22.91457286432161	0.03833724069444455
23.316582914572866	0.03812708473315958
23.718592964824122	0.05354784149767387
24.12060301507538	0.06746369392037835
24.522613065326635	0.0714638089782283
24.92462311557789	0.06297514186292155
25.326633165829147	0.0434110852973636
25.728643216080403	0.02181293952116702
26.13065326633166	0.0258272775113005
26.532663316582916	0.047173344385264784
26.934673366834172	0.06407595278763328
27.33668341708543	0.07022314923206982
27.738693467336685	0.06557890257166792
28.14070351758794	0.05226813044882918
28.542713567839197	0.039729123471387726
28.944723618090453	0.04546504180878325
29.34673366834171	0.06554490641406652
29.748743718592966	0.08293611930618186
30.150753768844222	0.08949973570591568
30.55276381909548	0.08306288726552252
30.954773869346734	0.06522090991769955
31.35678391959799	0.04187170451805748
31.758793969849247	0.026294229744826043
32.16080402010051	0.035995814492716535
32.56281407035176	0.05199803149911736
32.96482412060302	0.060237376180375446
33.366834170854275	0.05736174263383896
33.76884422110553	0.044398782625662346
34.17085427135679	0.03171432627476957
34.572864321608044	0.03903367973276041
34.9748743718593	0.06126599444734204
35.37688442211056	0.08091461735613745
35.77889447236181	0.09129838944493063
36.18090452261307	0.08994589314628197
36.582914572864325	0.07647956448268797
36.98492462311558	0.05372098254487585
37.38693467336684	0.026348028636684423
37.788944723618094	0.006873098347193457
38.19095477386935	0.026343809307696003
38.59296482412061	0.040064958357985306
38.99497487437186	0.04224652531092772
39.39698492462312	0.031787301891440384
39.798994974874375	0.01148041583752919
40.20100502512563	0.015386898992566506
40.60301507537689	0.043532714341115386
41.005025125628144	0.06755280937398972
41.4070351758794	0.0831066231990496
41.80904522613066	0.08753986352924942
42.21105527638191	0.0800048281839055
42.61306532663317	0.06309256358517044
43.015075376884425	0.0413060290994627
43.41708542713568	0.027147449610959044
43.81909547738694	0.0352845320743112
44.221105527638194	0.050668876248193384
44.62311557788945	0.05942319734301521
45.02512562814071	0.05787291441980278
45.42713567839196	0.04604713232031857
45.82914572864322	0.02537228250190905
46.231155778894475	0.0065509718005115096
46.63316582914573	0.028224563170119225
47.03517587939699	0.049345750041168174
47.437185929648244	0.06209253547719916
47.8391959798995	0.06466607784666478
48.24120603015076	0.05614006643666484
48.64321608040201	0.03881289152151858
49.04522613065327	0.020338724633017186
49.447236180904525	0.023870739200494394
49.84924623115578	0.04228180283448585
50.25125628140704	0.05547677341561628
50.653266331658294	0.05877516252545127
51.05527638190955	0.051315556788116924
51.45728643216081	0.03454585888109902
51.85929648241206	0.015997665781686637
52.26130653266332	0.021474799373219992
52.663316582914575	0.04135249196069107
53.06532663316583	0.05631016056195896
53.46733668341709	0.06195707032079776
53.869346733668344	0.057065709814236795
54.2713567839196	0.04260668946943972
54.67336683417086	0.022290127099370408
55.07537688442211	0.01270449635398925
55.47738693467337	0.02997016572850919
55.879396984924625	0.04480179948885088
56.28140703517588	0.051010253488696186
56.68341708542714	0.04769420082890463
57.085427135678394	0.037638933371933206
57.48743718592965	0.03058383230766376
57.88944723618091	0.0402695165651704
58.29145728643216	0.0595285957694456
58.69346733668342	0.07659907490096399
59.095477386934675	0.08548755987102678
59.49748743718593	0.08376808135619758
59.89949748743719	0.07085100419747219
60.301507537688444	0.049482969817470905
60.7035175879397	0.02331647490537144
61.10552763819096	0.005160395812363446
61.50753768844221	0.0250766472911988
61.90954773869347	0.03733191966273929
62.311557788944725	0.038641936979978295
62.71356783919598	0.029126427249847108
63.11557788944724	0.013849797482353123
63.517587939698494	0.022197763700859227
63.91959798994975	0.04643986442040044
64.32160804020101	0.06792423822138473
64.72361809045226	0.08146412702041966
65.12562814070353	0.08385012143919018
65.52763819095478	0.07520512820060796
65.92964824120604	0.05707632080605044
66.33165829145729	0.035069722404752965
66.73366834170855	0.022980367790334848
67.1356783919598	0.03462418824508669
67.53768844221106	0.049156192674319886
67.93969849246231	0.05585295229668165
68.34170854271358	0.052374496853846965
68.74371859296483	0.039598886648868126
69.14572864321609	0.021009165940920546
69.54773869346734	0.013672699751576037
69.9497487437186	0.029953171137174255
70.35175879396985	0.044330932348425126
70.75376884422111	0.05037700022046473
71.15577889447236	0.046449362223007676
71.55778894472363	0.03308402845305289
71.95979899497488	0.014036446558672875
72.36180904522614	0.015791235718393797
72.76381909547739	0.03788696737161721
73.16582914572865	0.05601162840390626
73.5678391959799	0.06581337899918902
73.96984924623116	0.06518980520405492
74.37185929648241	0.05466242049582215
74.77386934673368	0.03614505135069919
75.17587939698493	0.013098506410175997
75.57788944723619	0.009852036078343198
75.97989949748744	0.028501609985837194
76.3819095477387	0.03985993134417546
76.78391959798995	0.04232034661485069
77.18592964824121	0.03614086254375224
77.58793969849246	0.024394099843657386
77.98994974874373	0.017300002433583934
78.39195979899498	0.026546061285013817
78.79396984924624	0.03927371437387159
79.19597989949749	0.046848035144349445
79.59798994974875	0.0464100402224212
80.0	0.037271040528424566
