0.0	0.008911369053300883
0.4020100502512563	0.008323820679075191
0.8040201005025126	0.006412327188642371
1.206030150753769	0.003434834523609208
1.6080402010050252	0.0007919087091215983
2.0100502512562817	0.0033655881973867147
2.412060301507538	0.005643148907209643
2.814070351758794	0.006680016309482862
3.2160804020100504	0.006246686607017683
3.6180904522613067	0.004281182125578067
4.020100502512563	0.0013206739916191935
4.42211055276382	0.002201209423682761
4.824120603015076	0.005529702008128525
5.226130653266332	0.008277580253300578
5.628140703517588	0.009576422405841816
6.030150753768845	0.009439986975379979
6.432160804020101	0.00804732384310541
6.834170854271357	0.005481632704917234
7.236180904522613	0.0023015716215523583
7.63819095477387	0.0017444152651822538
8.040201005025127	0.0041998042019724124
8.442211055276383	0.0057691477093880835
8.84422110552764	0.006142283629407567
9.246231155778895	0.005163089697793029
9.648241206030152	0.003092869021570647
10.050251256281408	0.000887635660090816
10.452261306532664	0.00262196990818942
10.85427135678392	0.004636182061586418
11.256281407035177	0.005523582319858756
11.658291457286433	0.005044518486332957
12.06030150753769	0.0030236708153393937
12.462311557788945	0.0009570986651715293
12.864321608040202	0.0049903933639262165
13.266331658291458	0.009683964799019892
13.668341708542714	0.014075898390765628
14.07035175879397	0.01754837866439127
14.472361809045227	0.019707976561985363
14.874371859296483	0.020140132930101882
15.27638190954774	0.01894271660230442
15.678391959798995	0.01643094234666633
16.080402010050253	0.013406337238514166
16.48241206030151	0.010405764003520028
16.884422110552766	0.008272992804325256
17.286432160804022	0.0076629036304343935
17.68844221105528	0.008873391825729616
18.090452261306535	0.010985013508046232
18.49246231155779	0.013699968190331258
18.894472361809047	0.01588277599290289
19.296482412060303	0.017267392794768906
19.69849246231156	0.017707121860753877
20.100502512562816	0.017714992050785427
20.502512562814072	0.01756366019434257
20.90452261306533	0.017693293163102766
21.306532663316585	0.018058837315042698
21.70854271356784	0.018812089237981187
22.110552763819097	0.019604826010649314
22.512562814070353	0.020667514790343438
22.91457286432161	0.021578102494011795
23.316582914572866	0.02233701838871386
23.718592964824122	0.022558309336847743
24.12060301507538	0.022495478376795885
24.522613065326635	0.022319488371052233
24.92462311557789	0.02237091442769088
25.326633165829147	0.023197589475665206
25.728643216080403	0.024554877958937224
26.13065326633166	0.02656092436505924
26.532663316582916	0.02863575711872935
26.934673366834172	0.030422890600802215
27.33668341708543	0.03163230040072363
27.738693467336685	0.03252513629642202
28.14070351758794	0.0327896901449089
28.542713567839197	0.03316917190109692
28.944723618090453	0.03378062389897381
29.34673366834171	0.034256429216384505
29.748743718592966	0.035391868280948396
30.150753768844222	0.03675844702285053
30.55276381909548	0.03858802594925292
30.954773869346734	0.040917505779613554
31.35678391959799	0.043613861768285626
31.758793969849247	0.04653456574754446
32.16080402010051	0.049990282349314005
32.56281407035176	0.0533293035366062
32.96482412060302	0.05630637353298953
33.366834170854275	0.059174940146183554
33.76884422110553	0.06205221088787864
34.17085427135679	0.06450929531802406
34.572864321608044	0.0662862337992643
34.9748743718593	0.0672502191818803
35.37688442211056	0.06677094083115073
35.77889447236181	0.06494341104856963
36.18090452261307	0.06175328472215086
36.582914572864325	0.05768646581824177
36.98492462311558	0.053781765891709375
37.38693467336684	0.05125066448756295
37.788944723618094	0.05080328090551045
38.19095477386935	0.05282882815109015
38.59296482412061	0.05709323617596055
38.99497487437186	0.06261921058663233
39.39698492462312	0.06841054612479969
39.798994974874375	0.07286831499178065
40.20100502512563	0.07557190440747122
40.60301507537689	0.07550939457175523
41.005025125628144	0.07256753614866013
41.4070351758794	0.06670216500283098
41.80904522613066	0.05928590606797968
42.21105527638191	0.05141107214371551
42.61306532663317	0.0443916685011025
43.015075376884425	0.040018572805652214
43.41708542713568	0.038950648816452084
43.81909547738694	0.04107575453748967
44.221105527638194	0.045234599853260914
44.62311557788945	0.05021442612816766
45.02512562814071	0.05520056704373435
45.42713567839196	0.05949972230200416
45.82914572864322	0.0618467882352823
46.231155778894475	0.06208739994293996
46.63316582914573	0.059983805979495944
47.03517587939699	0.05541965149751399
47.437185929648244	0.04934690784158246
47.8391959798995	0.042782970104361766
48.24120603015076	0.03719524197619995
48.64321608040201	0.0338487133908191
49.04522613065327	0.033630596992898124
49.447236180904525	0.035765515036593684
49.84924623115578	0.03865855968234534
50.25125628140704	0.04199465846605133
50.653266331658294	0.045158311361775456
51.05527638190955	0.04774729317079321
51.45728643216081	0.049700333759315374
51.85929648241206	0.05016628447295882
52.26130653266332	0.04922899989636821
52.663316582914575	0.046936541058671406
53.06532663316583	0.04339395033443586
53.46733668341709	0.039857336301597185
53.869346733668344	0.03680645495559563
54.2713567839196	0.03551743584561954
54.67336683417086	0.03582200082138683
55.07537688442211	0.037125481601991105
55.47738693467337	0.03899107719196173
55.879396984924625	0.04094546357688937
56.28140703517588	0.04250583116162855
56.68341708542714	0.043842347474116486
57.085427135678394	0.04503949904508434
57.48743718592965	0.04597768386945525
57.88944723618091	0.046377080267448516
58.29145728643216	0.04591365374612179
58.69346733668342	0.04434245919817889
59.095477386934675	0.04191968863801547
59.49748743718593	0.039018661790859444
59.89949748743719	0.03675952906351816
60.301507537688444	0.03678071159940582
60.7035175879397	0.03886201702011037
61.10552763819096	0.04217967322871179
61.50753768844221	0.04550179609249578
61.90954773869347	0.04837565170417549
62.311557788944725	0.0502035710746637
62.71356783919598	0.051149795480742125
63.11557788944724	0.05107438475861729
63.517587939698494	0.049931499425955615
63.91959798994975	0.04784526327554997
64.32160804020101	0.04486822572335309
64.72361809045226	0.04178567418343247
65.12562814070353	0.03969977704037833
65.52763819095478	0.03995535589543403
65.92964824120604	0.042867372850384625
66.33165829145729	0.047923995401390994
66.73366834170855	0.05358193906472756
67.1356783919598	0.058361456891351526
67.53768844221106	0.06168577429661174
67.93969849246231	0.06311076241632975
68.34170854271358	0.06267156385488501
68.74371859296483	0.06029436721538321
69.14572864321609	0.0567562523666415
69.54773869346734	0.05258952159340853
69.9497487437186	0.0482284068791317
70.35175879396985	0.04474604948761194
70.75376884422111	0.04310977917766658
71.15577889447236	0.04419573585188132
71.55778894472363	0.04814390066104694
71.95979899497488	0.054382226280172044
72.36180904522614	0.06107803350148603
72.76381909547739	0.06678932395577178
73.16582914572865	0.0700272237823408
73.5678391959799	0.07026224447154003
73.96984924623116	0.06775658446945904
74.37185929648241	0.06309207948676265
74.77386934673368	0.05737581112825611
75.17587939698493	0.05181627175013838
75.57788944723619	0.04720298581063013
75.97989949748744	0.044101674756172146
76.3819095477387	0.04337858135394976
76.78391959798995	0.04503175121323621
77.18592964824121	0.04889814156437548
77.58793969849246	0.054135496656443016
77.98994974874373	0.05976050100802024
78.39195979899498	0.06402273197754516
78.79396984924624	0.06635452539531708
79.19597989949749	0.06636042862899386
79.59798994974875	0.06403111931060128
80.0	0.06002174640136865
