0.0	0.03088945593669342
0.4020100502512563	0.026677103705199445
0.8040201005025126	0.018185400572756253
1.206030150753769	0.007402028666158839
1.6080402010050252	0.007199027295105649
2.0100502512562817	0.017074729799106497
2.412060301507538	0.02412652482152813
2.814070351758794	0.02640087486797323
3.2160804020100504	0.023423016885223608
3.6180904522613067	0.015747084471635118
4.020100502512563	0.004842412686441056
4.42211055276382	0.0074027800744954535
4.824120603015076	0.018502667678376477
5.226130653266332	0.02636253251684014
5.628140703517588	0.02969038482963012
6.030150753768845	0.027945458741634177
6.432160804020101	0.02149512573015672
6.834170854271357	0.012008041344877528
7.236180904522613	0.0067758593198275
7.63819095477387	0.014800282502008136
8.040201005025127	0.022966290434642517
8.442211055276383	0.027105324238660737
8.84422110552764	0.02615415182180782
9.246231155778895	0.020154907056724236
9.648241206030152	0.010650322499653763
10.050251256281408	0.004916620150001539
10.452261306532664	0.01514769615665583
10.85427135678392	0.025011680763720522
11.256281407035177	0.03067841112997164
11.658291457286433	0.03150372938068031
12.06030150753769	0.027499754379357356
12.462311557788945	0.01997690791209719
12.864321608040202	0.012767645062792219
13.266331658291458	0.014166308309118109
13.668341708542714	0.021513274814595584
14.07035175879397	0.027370874975206926
14.472361809045227	0.02924642252778605
14.874371859296483	0.026810479448728552
15.27638190954774	0.021176704289765227
15.678391959798995	0.015083790092919283
16.080402010050253	0.013731680935533164
16.48241206030151	0.018366048330836892
16.884422110552766	0.023355425319745802
17.286432160804022	0.0258322661705027
17.68844221105528	0.024782872436624286
18.090452261306535	0.020370189705754455
18.49246231155779	0.014756508395963147
18.894472361809047	0.012335804046466392
19.296482412060303	0.017233131820348763
19.69849246231156	0.024812389740317433
20.100502512562816	0.030762163026533652
20.502512562814072	0.033587671469875166
20.90452261306533	0.03275094486490547
21.306532663316585	0.028470761299887508
21.70854271356784	0.022067342349316496
22.110552763819097	0.016091148731738017
22.512562814070353	0.014268530200206228
22.91457286432161	0.01662583636031064
23.316582914572866	0.018808928674737466
23.718592964824122	0.01823215318934099
24.12060301507538	0.01488483389284119
24.522613065326635	0.011688438171437667
24.92462311557789	0.014431427134810867
25.326633165829147	0.021942737677502547
25.728643216080403	0.029791234018010582
26.13065326633166	0.03567971145026395
26.532663316582916	0.037736742863828096
26.934673366834172	0.035735491098945145
27.33668341708543	0.030086599858877842
27.738693467336685	0.02261361080093306
28.14070351758794	0.015839904268767656
28.542713567839197	0.01378686880372173
28.944723618090453	0.01608780495704746
29.34673366834171	0.017662136870763512
29.748743718592966	0.016606175634564187
30.150753768844222	0.01347609324761822
30.55276381909548	0.012641466471361848
30.954773869346734	0.018454109561135013
31.35678391959799	0.027453155798943175
31.758793969849247	0.03593353545373519
32.16080402010051	0.04163130117536972
32.56281407035176	0.04352202295473202
32.96482412060302	0.04154996196577743
33.366834170854275	0.036152817019115505
33.76884422110553	0.028202440854316106
34.17085427135679	0.020196473147720412
34.572864321608044	0.014680543111860862
34.9748743718593	0.013217208715030132
35.37688442211056	0.013086101189471469
35.77889447236181	0.011744853648255624
36.18090452261307	0.01024387884476082
36.582914572864325	0.014158365817388097
36.98492462311558	0.022722637445531
37.38693467336684	0.03210999117704064
37.788944723618094	0.040265392402553585
38.19095477386935	0.04515414272066959
38.59296482412061	0.04597873739187287
38.99497487437186	0.04300853715233481
39.39698492462312	0.037434111434097174
39.798994974874375	0.031203241903711716
40.20100502512563	0.02615328195968507
40.60301507537689	0.023023437200341567
41.005025125628144	0.021558394851016363
41.4070351758794	0.020001778974211147
41.80904522613066	0.01835148677660084
42.21105527638191	0.019077314825689737
42.61306532663317	0.02556658522020825
43.015075376884425	0.03588063247101606
43.41708542713568	0.04653472350288229
43.81909547738694	0.05496830413026852
44.221105527638194	0.059870945650202644
44.62311557788945	0.060253756527873056
45.02512562814071	0.056254643197255996
45.42713567839196	0.04921097019202038
45.82914572864322	0.04131048314170012
46.231155778894475	0.03417148548550134
46.63316582914573	0.029036627436725977
47.03517587939699	0.025864377489102242
47.437185929648244	0.02478917337356386
47.8391959798995	0.026978306635162198
48.24120603015076	0.03380244529514369
48.64321608040201	0.04431193948568584
49.04522613065327	0.05590409532807668
49.447236180904525	0.06645784005250208
49.84924623115578	0.0738277035137729
50.25125628140704	0.07698881789948751
50.653266331658294	0.07624000505066567
51.05527638190955	0.07215630152907171
51.45728643216081	0.06580192545427048
51.85929648241206	0.059019766261659376
52.26130653266332	0.05288359379631089
52.663316582914575	0.047945627832525414
53.06532663316583	0.04486692057048353
53.46733668341709	0.04408987280321579
53.869346733668344	0.04594022476983669
54.2713567839196	0.050148204860452926
54.67336683417086	0.05600048622656505
55.07537688442211	0.062153664728554894
55.47738693467337	0.06758604114645549
55.879396984924625	0.07126939691798762
56.28140703517588	0.0728894016814532
56.68341708542714	0.07226112332969656
57.085427135678394	0.06911647874638857
57.48743718592965	0.06397863546594092
57.88944723618091	0.0577905644633977
58.29145728643216	0.05084870051087409
58.69346733668342	0.04467072159785153
59.095477386934675	0.039518819230738106
59.49748743718593	0.03683375731957668
59.89949748743719	0.03694372490333481
60.301507537688444	0.040081672552116344
60.7035175879397	0.04565502716925068
61.10552763819096	0.052159844867731245
61.50753768844221	0.0581122949317035
61.90954773869347	0.062487983478867914
62.311557788944725	0.0647059072464649
62.71356783919598	0.0641099553721731
63.11557788944724	0.060970556977747524
63.517587939698494	0.05584456290974186
63.91959798994975	0.04926298943471718
64.32160804020101	0.042516666740412254
64.72361809045226	0.03642034771482702
65.12562814070353	0.03198219701700208
65.52763819095478	0.030213922020823913
65.92964824120604	0.03193847513532609
66.33165829145729	0.03687231521533509
66.73366834170855	0.04452517754861145
67.1356783919598	0.052595263879320994
67.53768844221106	0.05977863036247542
67.93969849246231	0.0648633198541583
68.34170854271358	0.06647970597437727
68.74371859296483	0.06475677798353367
69.14572864321609	0.059992955608531594
69.54773869346734	0.053170254837228884
69.9497487437186	0.04558846480076765
70.35175879396985	0.038810658032071
70.75376884422111	0.03402365165862742
71.15577889447236	0.03202559206328022
71.55778894472363	0.03313924596339148
71.95979899497488	0.03779515905477865
72.36180904522614	0.044627629894141777
72.76381909547739	0.0526488919882772
73.16582914572865	0.06004953341946304
73.5678391959799	0.06567895455362242
73.96984924623116	0.0682268909421512
74.37185929648241	0.06759082889732161
74.77386934673368	0.06343211279651323
75.17587939698493	0.05670605425670101
75.57788944723619	0.04883299414827597
75.97989949748744	0.04090137283872965
76.3819095477387	0.03441209048699307
76.78391959798995	0.030477148427090567
77.18592964824121	0.02960568515167634
77.58793969849246	0.03232696717844576
77.98994974874373	0.03828568077439997
78.39195979899498	0.04608600458066589
78.79396984924624	0.05416714836986621
79.19597989949749	0.060961139353441905
79.59798994974875	0.06532126341580327
80.0	0.06626256612859831
