0.0	0.029368002902753564
0.4020100502512563	0.028412946044487148
0.8040201005025126	0.022686572798283292
1.206030150753769	0.013408560322290253
1.6080402010050252	0.002907705829324463
2.0100502512562817	0.00927261469886739
2.412060301507538	0.01770995964324044
2.814070351758794	0.02202270495922658
3.2160804020100504	0.021590076329155616
3.6180904522613067	0.01633615263128898
4.020100502512563	0.006819321856491973
4.42211055276382	0.004623072821353568
4.824120603015076	0.016210773841039916
5.226130653266332	0.025947397360651013
5.628140703517588	0.031877874335101385
6.030150753768845	0.032900470461466796
6.432160804020101	0.028885747714724668
6.834170854271357	0.020741360334932853
7.236180904522613	0.010221742359716027
7.63819095477387	0.0033652890634162263
8.040201005025127	0.01168533279118548
8.442211055276383	0.017650719821459847
8.84422110552764	0.019004834152435788
9.246231155778895	0.015355075325774892
9.648241206030152	0.007675290638128811
10.050251256281408	0.0033156674605737944
10.452261306532664	0.014142156266727421
10.85427135678392	0.02379508383037018
11.256281407035177	0.02996256780846679
11.658291457286433	0.03129915943278149
12.06030150753769	0.02761088167393087
12.462311557788945	0.01948274703398199
12.864321608040202	0.008952695942918388
13.266331658291458	0.005076268194502425
13.668341708542714	0.013765829129145701
14.07035175879397	0.019384859003463657
14.472361809045227	0.020435619980250758
14.874371859296483	0.016271067672110298
15.27638190954774	0.00885372519056091
15.678391959798995	0.006552605001645041
16.080402010050253	0.016291381105538974
16.48241206030151	0.025489576685424002
16.884422110552766	0.03159296086917006
17.286432160804022	0.032718711652618096
17.68844221105528	0.02951279260063238
18.090452261306535	0.022042341603315828
18.49246231155779	0.012582619370288723
18.894472361809047	0.006931340841948813
19.296482412060303	0.013414104289229498
19.69849246231156	0.020576215142377133
20.100502512562816	0.024024091966332546
20.502512562814072	0.02330695700024059
20.90452261306533	0.01860938032127818
21.306532663316585	0.012439335779488234
21.70854271356784	0.011792913362445884
22.110552763819097	0.018895521831109464
22.512562814070353	0.02659789428980595
22.91457286432161	0.03153861807710467
23.316582914572866	0.03190800923124673
23.718592964824122	0.02786204739551622
24.12060301507538	0.02021645789685671
24.522613065326635	0.012259919733267144
24.92462311557789	0.011830706213234718
25.326633165829147	0.017999343693597052
25.728643216080403	0.0228293059267669
26.13065326633166	0.023602539616495753
26.532663316582916	0.02030847889232427
26.934673366834172	0.015094902171874851
27.33668341708543	0.014497271221461477
27.738693467336685	0.021303015451423747
28.14070351758794	0.029376618270425026
28.542713567839197	0.03517918943961497
28.944723618090453	0.03675720277594681
29.34673366834171	0.03390404295187495
29.748743718592966	0.02755127727208225
30.150753768844222	0.019704432756833354
30.55276381909548	0.014748777624036164
30.954773869346734	0.017299621066144223
31.35678391959799	0.022111579851306407
31.758793969849247	0.02488853499473212
32.16080402010051	0.02430957605525351
32.56281407035176	0.02090266748408134
32.96482412060302	0.017747696491242422
33.366834170854275	0.019266988049197
33.76884422110553	0.025180950084414712
34.17085427135679	0.03128341143319377
34.572864321608044	0.034731627771918495
34.9748743718593	0.034649973873498725
35.37688442211056	0.030891587127609373
35.77889447236181	0.02435812162946724
36.18090452261307	0.017376984010103815
36.582914572864325	0.013604679279228324
36.98492462311558	0.015580773806869891
37.38693467336684	0.019557589530256245
37.788944723618094	0.022141080657235163
38.19095477386935	0.02241832862789797
38.59296482412061	0.02144909498922768
38.99497487437186	0.021039386115632424
39.39698492462312	0.02336614195753045
39.798994974874375	0.028076697612015866
40.20100502512563	0.03268309805881565
40.60301507537689	0.034995265922441
41.005025125628144	0.03378023361923914
41.4070351758794	0.029217781181901457
41.80904522613066	0.022592031049667963
42.21105527638191	0.017166961359600625
42.61306532663317	0.017258443574753268
43.015075376884425	0.02139236109882376
43.41708542713568	0.024773080264319992
43.81909547738694	0.025152097855192936
44.221105527638194	0.022655098302772885
44.62311557788945	0.01910714367464101
45.02512562814071	0.01859694350684994
45.42713567839196	0.02333612301467791
45.82914572864322	0.02991192253792781
46.231155778894475	0.03466402394062797
46.63316582914573	0.03650969755969292
47.03517587939699	0.03446253778473879
47.437185929648244	0.02893923581512254
47.8391959798995	0.021390259475615604
48.24120603015076	0.01502836837953814
48.64321608040201	0.014897818144382086
49.04522613065327	0.019511962969299683
49.447236180904525	0.02338049283136102
49.84924623115578	0.024451666584950137
50.25125628140704	0.022749442678007166
50.653266331658294	0.020669749444940745
51.05527638190955	0.022108724170923858
51.45728643216081	0.02769401522670027
51.85929648241206	0.034297591816229774
52.26130653266332	0.03846754383871086
52.663316582914575	0.038997415657431755
53.06532663316583	0.03506262157259779
53.46733668341709	0.027695356062479425
53.869346733668344	0.020276822200410556
54.2713567839196	0.0176546533012619
54.67336683417086	0.0211262704497823
55.07537688442211	0.025130641960923537
55.47738693467337	0.02640537772148252
55.879396984924625	0.024088545030052637
56.28140703517588	0.020484775225456758
56.68341708542714	0.020019069389226228
57.085427135678394	0.025281414069841596
57.48743718592965	0.03301491465939608
57.88944723618091	0.03949376498853065
58.29145728643216	0.04243714232190941
58.69346733668342	0.04088351728729177
59.095477386934675	0.03527333761057669
59.49748743718593	0.027446944010273137
59.89949748743719	0.02141704284724305
60.301507537688444	0.021062610143354983
60.7035175879397	0.024954466175289864
61.10552763819096	0.027813827401996144
61.50753768844221	0.027533485536141926
61.90954773869347	0.025218889325597942
62.311557788944725	0.024108134073185208
62.71356783919598	0.027858476644977915
63.11557788944724	0.03466828534448295
63.517587939698494	0.04163882414152201
63.91959798994975	0.04544047411828382
64.32160804020101	0.045040902874206666
64.72361809045226	0.0407955407961768
65.12562814070353	0.034603227910179585
65.52763819095478	0.02934864842271734
65.92964824120604	0.027592119233841268
66.33165829145729	0.02943685221584918
66.73366834170855	0.031237207489361717
67.1356783919598	0.031279879595444024
67.53768844221106	0.029633045278513258
67.93969849246231	0.028389183051491802
68.34170854271358	0.03054472441559881
68.74371859296483	0.03625732446764797
69.14572864321609	0.0425096805597764
69.54773869346734	0.0471397840267833
69.9497487437186	0.04844049648858579
70.35175879396985	0.046774258023938885
70.75376884422111	0.04323470454293722
71.15577889447236	0.04018763399280084
71.55778894472363	0.03884742180613085
71.95979899497488	0.03938175120644978
72.36180904522614	0.04065275007423562
72.76381909547739	0.041279457782341364
73.16582914572865	0.04118424232836794
73.5678391959799	0.0411788820618333
73.96984924623116	0.04279832203442361
74.37185929648241	0.04673989996382177
74.77386934673368	0.052239053612950226
75.17587939698493	0.05790159108219682
75.57788944723619	0.062107937262163834
75.97989949748744	0.0645965329803043
76.3819095477387	0.0649841275673148
76.78391959798995	0.06423420817786285
77.18592964824121	0.06295988508916542
77.58793969849246	0.061681417124599625
77.98994974874373	0.06053241610003075
78.39195979899498	0.05930992279479773
78.79396984924624	0.05745250606850871
79.19597989949749	0.05522761439617165
79.59798994974875	0.05294248479249949
80.0	0.05180507309028827
