0.0	0.01674173860577608
0.4020100502512563	0.015530437030070465
0.8040201005025126	0.0118887564505562
1.206030150753769	0.006911981337196197
1.6080402010050252	0.003243359246085342
2.0100502512562817	0.006711425650489042
2.412060301507538	0.011112004758749783
2.814070351758794	0.01343149979167818
3.2160804020100504	0.013332660431548108
3.6180904522613067	0.01062068083256559
4.020100502512563	0.005875688615634439
4.42211055276382	0.002217704561481731
4.824120603015076	0.007179223948521947
5.226130653266332	0.012568957798402178
5.628140703517588	0.0164273227453531
6.030150753768845	0.017864955012414776
6.432160804020101	0.016572112509560703
6.834170854271357	0.01302413360078999
7.236180904522613	0.008225630905730467
7.63819095477387	0.004369246720337473
8.040201005025127	0.006446744585609385
8.442211055276383	0.010301819191392798
8.84422110552764	0.012446972833525225
9.246231155778895	0.011922327176495827
9.648241206030152	0.008866863217578938
10.050251256281408	0.003772524365253438
10.452261306532664	0.0027863262022041627
10.85427135678392	0.00924384756779849
11.256281407035177	0.015012696370581289
11.658291457286433	0.019072204972232033
12.06030150753769	0.020620099318867765
12.462311557788945	0.01943876562394494
12.864321608040202	0.01594665408470673
13.266331658291458	0.010989041331132245
13.668341708542714	0.006198866788115461
14.07035175879397	0.005094155808853874
14.472361809045227	0.007666804780970708
14.874371859296483	0.009283205115925213
15.27638190954774	0.008815778632595054
15.678391959798995	0.006095694910764498
16.080402010050253	0.0036307677620362965
16.48241206030151	0.0075936083750383606
16.884422110552766	0.013781377401558412
17.286432160804022	0.019465892193500582
17.68844221105528	0.023660126383842926
18.090452261306535	0.02578913950630954
18.49246231155779	0.02528540859914711
18.894472361809047	0.022394730812595215
19.296482412060303	0.017887587950202673
19.69849246231156	0.012155193846674465
20.100502512562816	0.006453147714930581
20.502512562814072	0.0028757849829747907
20.90452261306533	0.0036864323432444597
21.306532663316585	0.004050657256120776
21.70854271356784	0.0022269045326667354
22.110552763819097	0.001997138940692837
22.512562814070353	0.008110264398039684
22.91457286432161	0.015104238362923711
23.316582914572866	0.021843110594306138
23.718592964824122	0.02735375418549284
24.12060301507538	0.030770891747520075
24.522613065326635	0.031569572250656076
24.92462311557789	0.02954786854797718
25.326633165829147	0.025029916710148
25.728643216080403	0.018939525892441723
26.13065326633166	0.01270881011106732
26.532663316582916	0.007019612465152548
26.934673366834172	0.003136007892888825
27.33668341708543	0.0015891239313989857
27.738693467336685	0.0029406107892145333
28.14070351758794	0.0069298608357382776
28.542713567839197	0.012819359412762743
28.944723618090453	0.019643124740123794
29.34673366834171	0.026404606630183913
29.748743718592966	0.03190849443531777
30.150753768844222	0.035054475659601354
30.55276381909548	0.03566048543057547
30.954773869346734	0.033541314119167734
31.35678391959799	0.029063430574414018
31.758793969849247	0.023201160785985848
32.16080402010051	0.01706803597000316
32.56281407035176	0.011641424444382695
32.96482412060302	0.007978281276621865
33.366834170854275	0.0067796290261089185
33.76884422110553	0.008388281506054581
34.17085427135679	0.012404812240850719
34.572864321608044	0.018271417848828953
34.9748743718593	0.02519554438101243
35.37688442211056	0.032161408611043954
35.77889447236181	0.03774623315446443
36.18090452261307	0.041367728423566535
36.582914572864325	0.04267311316914209
36.98492462311558	0.04123001719953025
37.38693467336684	0.03753174074626264
37.788944723618094	0.032319576041196715
38.19095477386935	0.026933081950967885
38.59296482412061	0.021825273154387013
38.99497487437186	0.01810166387780861
39.39698492462312	0.0166405366209826
39.798994974874375	0.017755259041528904
40.20100502512563	0.021010192519184755
40.60301507537689	0.02605824406608142
41.005025125628144	0.031825821778220666
41.4070351758794	0.0375598671783624
41.80904522613066	0.04204013737139322
42.21105527638191	0.04468876718306114
42.61306532663317	0.044953791483618014
43.015075376884425	0.04270346886749822
43.41708542713568	0.03836099988894449
43.81909547738694	0.032858119849135434
44.221105527638194	0.027012560229828897
44.62311557788945	0.021866696402113254
45.02512562814071	0.01830915262783726
45.42713567839196	0.017042837429172772
45.82914572864322	0.018292108715841422
46.231155778894475	0.02150497090616496
46.63316582914573	0.026534780997056733
47.03517587939699	0.032001552839284644
47.437185929648244	0.03702606298338633
47.8391959798995	0.04090824815152749
48.24120603015076	0.0428701511642549
48.64321608040201	0.042591194768069954
49.04522613065327	0.03992955586437782
49.447236180904525	0.03539556840290626
49.84924623115578	0.02977244211374553
50.25125628140704	0.023965438516214778
50.653266331658294	0.01909638017962942
51.05527638190955	0.015736385231194576
51.45728643216081	0.014647310262531984
51.85929648241206	0.015768757402671803
52.26130653266332	0.019060008013437366
52.663316582914575	0.023743870845686788
53.06532663316583	0.029271076287130028
53.46733668341709	0.0342949369252323
53.869346733668344	0.03831950974352271
54.2713567839196	0.04060469187695976
54.67336683417086	0.040699788968969704
55.07537688442211	0.03855620027429619
55.47738693467337	0.03440683502752132
55.879396984924625	0.029128968072577827
56.28140703517588	0.02377260164553386
56.68341708542714	0.01886097399179912
57.085427135678394	0.01582909802718301
57.48743718592965	0.014590072905806703
57.88944723618091	0.015927255377399634
58.29145728643216	0.018961271062912573
58.69346733668342	0.023695516742727997
59.095477386934675	0.029114942637142045
59.49748743718593	0.03401574004594227
59.89949748743719	0.03797335475341651
60.301507537688444	0.04025083360745036
60.7035175879397	0.04028435711723763
61.10552763819096	0.03838042457201594
61.50753768844221	0.03477614669991911
61.90954773869347	0.02990241418374446
62.311557788944725	0.024648807394009518
62.71356783919598	0.02000684956726302
63.11557788944724	0.01669437575182333
63.517587939698494	0.015481736278824076
63.91959798994975	0.01647697649100552
64.32160804020101	0.01935636528213877
64.72361809045226	0.023852890193793868
65.12562814070353	0.029089662215871347
65.52763819095478	0.034018602464784976
65.92964824120604	0.037784561231066174
66.33165829145729	0.04023881663760954
66.73366834170855	0.0402736317876281
67.1356783919598	0.038365187425650246
67.53768844221106	0.03463604671831257
67.93969849246231	0.02965978954428845
68.34170854271358	0.024481535190373556
68.74371859296483	0.019863861667706397
69.14572864321609	0.016705688912601428
69.54773869346734	0.01558365128168639
69.9497487437186	0.01659591350849757
70.35175879396985	0.019616790479443088
70.75376884422111	0.024214008701844574
71.15577889447236	0.0295226529384972
71.55778894472363	0.03477065268590447
71.95979899497488	0.03911208320770031
72.36180904522614	0.041751564137369246
72.76381909547739	0.042036941052301977
73.16582914572865	0.04013242164365285
73.5678391959799	0.03622908415663482
73.96984924623116	0.03099724541478117
74.37185929648241	0.02531490355735616
74.77386934673368	0.020449298564330552
75.17587939698493	0.01698135702201615
75.57788944723619	0.015729524104227496
75.97989949748744	0.01685582986764616
76.3819095477387	0.020280189590728102
76.78391959798995	0.02517309240292709
77.18592964824121	0.030980175223302552
77.58793969849246	0.036511946605359086
77.98994974874373	0.040912136450657624
78.39195979899498	0.0432278606615928
78.79396984924624	0.043403226966109494
79.19597989949749	0.041207593491675604
79.59798994974875	0.03691997326465314
80.0	0.031584937873719535
