0.0	0.012394332382702164
0.4020100502512563	0.012621914004753643
0.8040201005025126	0.010929995501872637
1.206030150753769	0.007561864495228336
1.6080402010050252	0.0035673310813979357
2.0100502512562817	0.003279697309304075
2.412060301507538	0.006518118544351808
2.814070351758794	0.008910947493162248
3.2160804020100504	0.009267346166229196
3.6180904522613067	0.007611326102432074
4.020100502512563	0.004177742209631947
4.42211055276382	0.0018315937534845092
4.824120603015076	0.006115615680293394
5.226130653266332	0.010808872781077408
5.628140703517588	0.014118160943777025
6.030150753768845	0.015595738534658784
6.432160804020101	0.014883599444337859
6.834170854271357	0.012373814487483186
7.236180904522613	0.008720274190865147
7.63819095477387	0.00485870468055114
8.040201005025127	0.003429942798225469
8.442211055276383	0.005038216214643206
8.84422110552764	0.005643348246626242
9.246231155778895	0.004475534181072346
9.648241206030152	0.001420137654640941
10.050251256281408	0.0034031556179492627
10.452261306532664	0.008858348803667315
10.85427135678392	0.01415843022053588
11.256281407035177	0.01831767195058353
11.658291457286433	0.020943133053207004
12.06030150753769	0.0213371460746893
12.462311557788945	0.019464995359903405
12.864321608040202	0.015969307113818047
13.266331658291458	0.011260642253590988
13.668341708542714	0.006850934539471598
14.07035175879397	0.0033163022044513843
14.472361809045227	0.002235375273962336
14.874371859296483	0.001955629022030001
15.27638190954774	0.0008079147817409988
15.678391959798995	0.003280551548478057
16.080402010050253	0.007563215856995946
16.48241206030151	0.012245231068197575
16.884422110552766	0.016675347093878565
17.286432160804022	0.020055126939034624
17.68844221105528	0.021852562033478365
18.090452261306535	0.02204967561419267
18.49246231155779	0.020439616889611836
18.894472361809047	0.017842453510376298
19.296482412060303	0.014412413257970064
19.69849246231156	0.011286136004304455
20.100502512562816	0.008746893213425914
20.502512562814072	0.007275334477611308
20.90452261306533	0.007339923815887682
21.306532663316585	0.009042251939831422
21.70854271356784	0.012467992448075057
22.110552763819097	0.016398935559839994
22.512562814070353	0.020353198749408597
22.91457286432161	0.023577310557241236
23.316582914572866	0.025667673085650673
23.718592964824122	0.026038198326827057
24.12060301507538	0.02509030272448639
24.522613065326635	0.023052462950553937
24.92462311557789	0.020615759777738756
25.326633165829147	0.01789072896673493
25.728643216080403	0.015590062849029284
26.13065326633166	0.01407723413517096
26.532663316582916	0.013638229972402535
26.934673366834172	0.01445600520024764
27.33668341708543	0.016724378866656796
27.738693467336685	0.01987385595891116
28.14070351758794	0.023917724681666627
28.542713567839197	0.027851381265484393
28.944723618090453	0.03154884545789172
29.34673366834171	0.03429606293343802
29.748743718592966	0.03587233936857567
30.150753768844222	0.03627143589630275
30.55276381909548	0.03549614763091306
30.954773869346734	0.034051199274594615
31.35678391959799	0.03241162151978724
31.758793969849247	0.03099712818588009
32.16080402010051	0.030715772557522218
32.56281407035176	0.031855476298858106
32.96482412060302	0.03451022628276125
33.366834170854275	0.03830661541770815
33.76884422110553	0.042719440965849065
34.17085427135679	0.04655920768814183
34.572864321608044	0.049284237645452325
34.9748743718593	0.05034978571191414
35.37688442211056	0.049848199650943815
35.77889447236181	0.04790434690480973
36.18090452261307	0.04494963813430485
36.582914572864325	0.041521498540391014
36.98492462311558	0.038582553657804504
37.38693467336684	0.03628982373325017
37.788944723618094	0.035240421983774174
38.19095477386935	0.035670649121516323
38.59296482412061	0.037568157286122165
38.99497487437186	0.04076564131526888
39.39698492462312	0.04421419785516227
39.798994974874375	0.04742584719234113
40.20100502512563	0.049836734697578135
40.60301507537689	0.051075686494062564
41.005025125628144	0.051132182358177417
41.4070351758794	0.05011508049047895
41.80904522613066	0.048504929116347476
42.21105527638191	0.046521642511398745
42.61306532663317	0.044468777883573306
43.015075376884425	0.04270503132722492
43.41708542713568	0.04101915293477275
43.81909547738694	0.03976692987516116
44.221105527638194	0.03922200241854869
44.62311557788945	0.039511838883160844
45.02512562814071	0.04061929705186098
45.42713567839196	0.04232246788524041
45.82914572864322	0.04422435907641514
46.231155778894475	0.04606120493611619
46.63316582914573	0.047328250468414754
47.03517587939699	0.04841844196207964
47.437185929648244	0.04886197336238276
47.8391959798995	0.048992181988178285
48.24120603015076	0.04886214232085473
48.64321608040201	0.048772357204300086
49.04522613065327	0.04858034047527301
49.447236180904525	0.048341254396178986
49.84924623115578	0.04854577045757409
50.25125628140704	0.04926107376275956
50.653266331658294	0.05083428780108713
51.05527638190955	0.05297486839498182
51.45728643216081	0.055686674184693544
51.85929648241206	0.05851967233647123
52.26130653266332	0.06121538081224861
52.663316582914575	0.0634313775601121
53.06532663316583	0.06463442928121971
53.46733668341709	0.06462082046761716
53.869346733668344	0.06341521576861571
54.2713567839196	0.06111575956530836
54.67336683417086	0.058410375319739874
55.07537688442211	0.05563047451929911
55.47738693467337	0.05340039541698945
55.879396984924625	0.05217350210195963
56.28140703517588	0.05247227917639202
56.68341708542714	0.05398556374231324
57.085427135678394	0.056292669707717194
57.48743718592965	0.05875623269130793
57.88944723618091	0.06124094637058517
58.29145728643216	0.06305803775288528
58.69346733668342	0.06375848472762292
59.095477386934675	0.06324206879453108
59.49748743718593	0.06140050772137036
59.89949748743719	0.05877009630268894
60.301507537688444	0.05560518678281688
60.7035175879397	0.05194283560917112
61.10552763819096	0.04893840619909256
61.50753768844221	0.04673493412248446
61.90954773869347	0.045837818895291184
62.311557788944725	0.04621360557099426
62.71356783919598	0.04745837356559909
63.11557788944724	0.04951225346174097
63.517587939698494	0.05188589689479536
63.91959798994975	0.05430322289700883
64.32160804020101	0.056110559557213724
64.72361809045226	0.05706904113480099
65.12562814070353	0.05650484554323515
65.52763819095478	0.05495937242614387
65.92964824120604	0.05255567852737628
66.33165829145729	0.049824445786313634
66.73366834170855	0.047595423919002455
67.1356783919598	0.046334319183785076
67.53768844221106	0.04628446455463314
67.93969849246231	0.047363525048992224
68.34170854271358	0.04954948602437288
68.74371859296483	0.05198404450529602
69.14572864321609	0.05437025967892227
69.54773869346734	0.05636152028056403
69.9497487437186	0.05762356853822663
70.35175879396985	0.05805183842018844
70.75376884422111	0.057639329226455704
71.15577889447236	0.05616187501724133
71.55778894472363	0.054148330079120975
71.95979899497488	0.05166431098757218
72.36180904522614	0.04941624587782492
72.76381909547739	0.04813816632147986
73.16582914572865	0.04795299238588392
73.5678391959799	0.04919800437501912
73.96984924623116	0.051021048809946054
74.37185929648241	0.053682034214142915
74.77386934673368	0.05626500979952046
75.17587939698493	0.05844209084914681
75.57788944723619	0.05997719543684528
75.97989949748744	0.06052046134995241
76.3819095477387	0.06005937765795242
76.78391959798995	0.05850343541530543
77.18592964824121	0.05634365780772812
77.58793969849246	0.05413715591214861
77.98994974874373	0.05235399535691696
78.39195979899498	0.05105011959964878
78.79396984924624	0.0509248436675977
79.19597989949749	0.051508539940373375
79.59798994974875	0.05272398427938946
80.0	0.05442918470813797
