0.0	0.01947994239563463
0.4020100502512563	0.017612342394516593
0.8040201005025126	0.012942863839046562
1.206030150753769	0.007066736772258132
1.6080402010050252	0.004310429684710052
2.0100502512562817	0.009428016359048873
2.412060301507538	0.013990446038901361
2.814070351758794	0.01597562005463987
3.2160804020100504	0.014771369461170409
3.6180904522613067	0.010493849241868653
4.020100502512563	0.0042233795882514755
4.42211055276382	0.004324291001151501
4.824120603015076	0.011302202510936794
5.226130653266332	0.017050636152880893
5.628140703517588	0.020198067923876278
6.030150753768845	0.020225309309563573
6.432160804020101	0.01719322304561948
6.834170854271357	0.012084422574524396
7.236180904522613	0.006481264308164899
7.63819095477387	0.00617699429438873
8.040201005025127	0.009963942913447415
8.442211055276383	0.012571141089890533
8.84422110552764	0.012178376872103252
9.246231155778895	0.008913160435426217
9.648241206030152	0.0033121569713683275
10.050251256281408	0.005173138479306606
10.452261306532664	0.012881143204168211
10.85427135678392	0.019758951418464604
11.256281407035177	0.024910901025688555
11.658291457286433	0.027070836980467843
12.06030150753769	0.026201390750601305
12.462311557788945	0.022611707998387805
12.864321608040202	0.017063793376103607
13.266331658291458	0.011276970585175
13.668341708542714	0.008221547427448473
14.07035175879397	0.009241767684295086
14.472361809045227	0.010395672298696566
14.874371859296483	0.009322208433116975
15.27638190954774	0.006429990940307442
15.678391959798995	0.006943419185523754
16.080402010050253	0.014021812819494845
16.48241206030151	0.022538168522905945
16.884422110552766	0.030133921206338253
17.286432160804022	0.03542795564233518
17.68844221105528	0.037933707734664174
18.090452261306535	0.03768929443487245
18.49246231155779	0.035042813544702435
18.894472361809047	0.031130303675634723
19.296482412060303	0.027486007271210554
19.69849246231156	0.024623025240234842
20.100502512562816	0.022507275329252143
20.502512562814072	0.020716164647340836
20.90452261306533	0.01951633422369916
21.306532663316585	0.02082621280627899
21.70854271356784	0.026119435025480104
22.110552763819097	0.03418756271243298
22.512562814070353	0.04274630333440139
22.91457286432161	0.049885740252603845
23.316582914572866	0.054194900415152535
23.718592964824122	0.05539137375321016
24.12060301507538	0.05380659956308763
24.522613065326635	0.050287700225730717
24.92462311557789	0.04592205703693168
25.326633165829147	0.041751524626661304
25.728643216080403	0.03881848510605879
26.13065326633166	0.037392217206603295
26.532663316582916	0.03801962006837371
26.934673366834172	0.04164506560448774
27.33668341708543	0.04772321250194786
27.738693467336685	0.05537227159798273
28.14070351758794	0.06333108658127677
28.542713567839197	0.06962104306607433
28.944723618090453	0.07291385630445128
29.34673366834171	0.07259167943766207
29.748743718592966	0.06927985957743943
30.150753768844222	0.06308245182704893
30.55276381909548	0.05532436362048919
30.954773869346734	0.047724986194712236
31.35678391959799	0.04177345620885874
31.758793969849247	0.03855460176137126
32.16080402010051	0.03776427892007339
32.56281407035176	0.03991922044009466
32.96482412060302	0.04494372212693337
33.366834170854275	0.05156701593751754
33.76884422110553	0.05862210518089056
34.17085427135679	0.06468028809270399
34.572864321608044	0.06818455248527988
34.9748743718593	0.0686766195954448
35.37688442211056	0.0657855165317027
35.77889447236181	0.06002044426729144
36.18090452261307	0.05233822270665406
36.582914572864325	0.044117070061187244
36.98492462311558	0.03686354666270718
37.38693467336684	0.03139994610225987
37.788944723618094	0.028651067038018778
38.19095477386935	0.02886563816048023
38.59296482412061	0.03215920915199312
38.99497487437186	0.03785349237120192
39.39698492462312	0.045444068527837195
39.798994974874375	0.05365831420515377
40.20100502512563	0.061171367502600174
40.60301507537689	0.06693845202617334
41.005025125628144	0.07026285243035994
41.4070351758794	0.07043187677188179
41.80904522613066	0.0674284286647267
42.21105527638191	0.061777023307926615
42.61306532663317	0.05441287281394177
43.015075376884425	0.04639119771190144
43.41708542713568	0.03907822551298294
43.81909547738694	0.03398537957038005
44.221105527638194	0.03175030473089894
44.62311557788945	0.03264328309028246
45.02512562814071	0.03675613028055011
45.42713567839196	0.04326572117029624
45.82914572864322	0.05139681101185904
46.231155778894475	0.059945031322642936
46.63316582914573	0.06787935758340383
47.03517587939699	0.07332009367185247
47.437185929648244	0.07545955918561824
47.8391959798995	0.07358717581868476
48.24120603015076	0.06798842673390071
48.64321608040201	0.059365575914349746
49.04522613065327	0.04937496828212527
49.447236180904525	0.04006858135443378
49.84924623115578	0.03297488376835685
50.25125628140704	0.030044532667656908
50.653266331658294	0.03088411888485375
51.05527638190955	0.03575916956393868
51.45728643216081	0.04378921668998803
51.85929648241206	0.05337035445096605
52.26130653266332	0.06299083515867294
52.663316582914575	0.07048859588558676
53.06532663316583	0.07444427367381017
53.46733668341709	0.07369980982767926
53.869346733668344	0.06823067196117355
54.2713567839196	0.059219330080378496
54.67336683417086	0.04861288095682385
55.07537688442211	0.038171992796258554
55.47738693467337	0.03011397437478023
55.879396984924625	0.025755157109989435
56.28140703517588	0.025066660929147395
56.68341708542714	0.027335517801855464
57.085427135678394	0.03300811683086009
57.48743718592965	0.04136614338753887
57.88944723618091	0.05138231056931125
58.29145728643216	0.06096769154839998
58.69346733668342	0.06859416431651509
59.095477386934675	0.07254686597768367
59.49748743718593	0.07200668485818691
59.89949748743719	0.06687996901123713
60.301507537688444	0.05849803387813961
60.7035175879397	0.04865262662378757
61.10552763819096	0.03931092441811968
61.50753768844221	0.03273494322525318
61.90954773869347	0.029768119457776736
62.311557788944725	0.029694949925116444
62.71356783919598	0.032249473065759385
63.11557788944724	0.037757543292343744
63.517587939698494	0.04601346732286818
63.91959798994975	0.05564166515840625
64.32160804020101	0.06431181696245072
64.72361809045226	0.07015587233204555
65.12562814070353	0.07178678577674542
65.52763819095478	0.06904786773885756
65.92964824120604	0.06255372338748924
66.33165829145729	0.0537804572867411
66.73366834170855	0.04467604806363519
67.1356783919598	0.03712589449210745
67.53768844221106	0.03280951360812123
67.93969849246231	0.03168500732203242
68.34170854271358	0.03275239460082699
68.74371859296483	0.03658421005380361
69.14572864321609	0.043536691221626775
69.54773869346734	0.05234359264322184
69.9497487437186	0.061803443129969785
70.35175879396985	0.06956417739775922
70.75376884422111	0.07402424365913783
71.15577889447236	0.07402928581086562
71.55778894472363	0.06985561948862515
71.95979899497488	0.06231349473571881
72.36180904522614	0.05280230982816394
72.76381909547739	0.04367387077388697
73.16582914572865	0.036906612090479005
73.5678391959799	0.03371639144662798
73.96984924623116	0.03418928379672393
74.37185929648241	0.03750996938059496
74.77386934673368	0.042996147910263335
75.17587939698493	0.050443631778964694
75.57788944723619	0.05843520445979942
75.97989949748744	0.06546821259395745
76.3819095477387	0.06996286796967673
76.78391959798995	0.07088536864397646
77.18592964824121	0.0678215664149606
77.58793969849246	0.06113846661674992
77.98994974874373	0.052044508391912506
78.39195979899498	0.04234948328046172
78.79396984924624	0.03423753568245166
79.19597989949749	0.030150854636286188
79.59798994974875	0.0304577837973396
80.0	0.034284376747831455
