0.0	0.009424072735368223
0.4020100502512563	0.010453972417331283
0.8040201005025126	0.009573088496451203
1.206030150753769	0.007345765122088177
1.6080402010050252	0.003972295928903197
2.0100502512562817	0.0003997225877214061
2.412060301507538	0.0030601109282914953
2.814070351758794	0.005339245572856197
3.2160804020100504	0.0060560091527099265
3.6180904522613067	0.0050782306086177564
4.020100502512563	0.0026494348926910114
4.42211055276382	0.0014701282658888825
4.824120603015076	0.005552595298806291
5.226130653266332	0.009548201173739279
5.628140703517588	0.012806193652269806
6.030150753768845	0.014461555422831415
6.432160804020101	0.014479453064254865
6.834170854271357	0.012982472356688401
7.236180904522613	0.010269561028421428
7.63819095477387	0.0068989231823102515
8.040201005025127	0.003909629069829521
8.442211055276383	0.0021149652640900353
8.84422110552764	0.002055457356724281
9.246231155778895	0.002415199168766675
9.648241206030152	0.0038736083814083005
10.050251256281408	0.007128463212326614
10.452261306532664	0.011317379406659434
10.85427135678392	0.015577933231661623
11.256281407035177	0.019312836367756173
11.658291457286433	0.021575645514171116
12.06030150753769	0.022108436948787752
12.462311557788945	0.021066687029423346
12.864321608040202	0.01840847469760374
13.266331658291458	0.014816586076650026
13.668341708542714	0.011154729992866815
14.07035175879397	0.008568842385940256
14.472361809045227	0.007836550258044469
14.874371859296483	0.007864539952216715
15.27638190954774	0.00784587085411656
15.678391959798995	0.007944360754125138
16.080402010050253	0.009946864040833992
16.48241206030151	0.014520118670201459
16.884422110552766	0.020137158095773898
17.286432160804022	0.025140067090892126
17.68844221105528	0.028575414098836842
18.090452261306535	0.029707339663423267
18.49246231155779	0.028578058585130472
18.894472361809047	0.025507849975399493
19.296482412060303	0.021227234750814023
19.69849246231156	0.017374162589049273
20.100502512562816	0.015310005782788
20.502512562814072	0.015075162539005533
20.90452261306533	0.015229044163893174
21.306532663316585	0.014895658542121451
21.70854271356784	0.014162799877296744
22.110552763819097	0.014923288596961659
22.512562814070353	0.018113001213085626
22.91457286432161	0.022258476368880637
23.316582914572866	0.025962395727759553
23.718592964824122	0.0276431285550849
24.12060301507538	0.0274057587981995
24.522613065326635	0.025361573555761074
24.92462311557789	0.022644061744807206
25.326633165829147	0.020593716387119577
25.728643216080403	0.01972384243308673
26.13065326633166	0.019457344870933518
26.532663316582916	0.0190654399894071
26.934673366834172	0.018066761695562043
27.33668341708543	0.01735280774970006
27.738693467336685	0.018507199625903147
28.14070351758794	0.022428340511186518
28.542713567839197	0.027121979692470412
28.944723618090453	0.031184199838497805
29.34673366834171	0.033856248330186446
29.748743718592966	0.03490438160974577
30.150753768844222	0.03434373062198265
30.55276381909548	0.03309157955396725
30.954773869346734	0.03191525295768073
31.35678391959799	0.031084409139557373
31.758793969849247	0.030689300290521027
32.16080402010051	0.030466079670150276
32.56281407035176	0.030039759953885296
32.96482412060302	0.02963676836311725
33.366834170854275	0.03002254509994897
33.76884422110553	0.03143398223354566
34.17085427135679	0.03424412822378466
34.572864321608044	0.03729160642938197
34.9748743718593	0.03997372013350543
35.37688442211056	0.042221608772040606
35.77889447236181	0.04354265484810077
36.18090452261307	0.044410535830136065
36.582914572864325	0.04526969963620002
36.98492462311558	0.04633784039364776
37.38693467336684	0.04767851765838091
37.788944723618094	0.04932912697485984
38.19095477386935	0.05079157152494347
38.59296482412061	0.05238865411794184
38.99497487437186	0.0537713347934615
39.39698492462312	0.05522044478937401
39.798994974874375	0.05689033768800089
40.20100502512563	0.059006937776540536
40.60301507537689	0.061181411244079484
41.005025125628144	0.0634318497845973
41.4070351758794	0.06514701152814575
41.80904522613066	0.06592603514145971
42.21105527638191	0.06584559053060599
42.61306532663317	0.06487053792222874
43.015075376884425	0.06341750556523054
43.41708542713568	0.06168947343484379
43.81909547738694	0.0602130792451118
44.221105527638194	0.05872179420611703
44.62311557788945	0.05732050011830046
45.02512562814071	0.05655007422630616
45.42713567839196	0.05635278881530457
45.82914572864322	0.057366013190803075
46.231155778894475	0.05997822661045891
46.63316582914573	0.06339654782142488
47.03517587939699	0.06691917287327032
47.437185929648244	0.06939067138223959
47.8391959798995	0.07006998862807703
48.24120603015076	0.06873181754187914
48.64321608040201	0.06568523156635878
49.04522613065327	0.06137909606013479
49.447236180904525	0.05673879465874648
49.84924623115578	0.05235003205017015
50.25125628140704	0.049056377847192675
50.653266331658294	0.04670176675567599
51.05527638190955	0.04588693856999615
51.45728643216081	0.04687943342174333
51.85929648241206	0.05034100794991497
52.26130653266332	0.05518508609196
52.663316582914575	0.0607088031400976
53.06532663316583	0.06525710606159363
53.46733668341709	0.06771747021256865
53.869346733668344	0.06722880444982529
54.2713567839196	0.06389199137913047
54.67336683417086	0.058254481060549715
55.07537688442211	0.05155641582702597
55.47738693467337	0.0452792282509784
55.879396984924625	0.040701349606898
56.28140703517588	0.03787615712674512
56.68341708542714	0.03726568869460568
57.085427135678394	0.038792866596668855
57.48743718592965	0.04264086138710379
57.88944723618091	0.04860260797192173
58.29145728643216	0.05568835679225044
58.69346733668342	0.0621353030044855
59.095477386934675	0.066792028036494
59.49748743718593	0.06838194578505866
59.89949748743719	0.06667589443642175
60.301507537688444	0.06198390171965205
60.7035175879397	0.05524686970122199
61.10552763819096	0.04796605989170919
61.50753768844221	0.0418415058160368
61.90954773869347	0.03784671436522824
62.311557788944725	0.03643248522684299
62.71356783919598	0.0374424729484008
63.11557788944724	0.04087763346633701
63.517587939698494	0.0464040399615364
63.91959798994975	0.053213149844881534
64.32160804020101	0.060225212808790486
64.72361809045226	0.06575069854989693
65.12562814070353	0.06874990598706802
65.52763819095478	0.06866154599762578
65.92964824120604	0.06569961596132681
66.33165829145729	0.06022199886857458
66.73366834170855	0.053379195300498304
67.1356783919598	0.04666572731784305
67.53768844221106	0.04115805628035645
67.93969849246231	0.03771639676840381
68.34170854271358	0.036817281652028556
68.74371859296483	0.03863910324329948
69.14572864321609	0.04264868762972525
69.54773869346734	0.04868331978543635
69.9497487437186	0.055614576177458054
70.35175879396985	0.06249027175050775
70.75376884422111	0.06832610812978415
71.15577889447236	0.07172321337772071
71.55778894472363	0.072358307684748
71.95979899497488	0.0700093485141827
72.36180904522614	0.06517979177122515
72.76381909547739	0.05871380110067563
73.16582914572865	0.05168789391508083
73.5678391959799	0.04561815233626258
73.96984924623116	0.04155526785964392
74.37185929648241	0.04047185553400061
74.77386934673368	0.04219787727754733
75.17587939698493	0.04662275276564754
75.57788944723619	0.05314726191817842
75.97989949748744	0.0604015152512426
76.3819095477387	0.06722796443859744
76.78391959798995	0.07240019283611845
77.18592964824121	0.07514170505706673
77.58793969849246	0.07481953217846979
77.98994974874373	0.07162872815772633
78.39195979899498	0.06626700844795688
78.79396984924624	0.05969539940126336
79.19597989949749	0.053080556169052426
79.59798994974875	0.047374357356183686
80.0	0.04349968760198296
