0.0	0.013904472317162204
0.4020100502512563	0.014382509272061297
0.8040201005025126	0.012813061209029256
1.206030150753769	0.009536306228295694
1.6080402010050252	0.005904577836948201
2.0100502512562817	0.004560885212643783
2.412060301507538	0.006556756422882846
2.814070351758794	0.008381029869633771
3.2160804020100504	0.008708065085518453
3.6180904522613067	0.006790968188617142
4.020100502512563	0.0037177153645782564
4.42211055276382	0.00391562001881412
4.824120603015076	0.008676358463902894
5.226130653266332	0.013474894336980462
5.628140703517588	0.017167397337626244
6.030150753768845	0.018849355216464234
6.432160804020101	0.018300611842733724
6.834170854271357	0.016259398422319136
7.236180904522613	0.012761128536242571
7.63819095477387	0.009143628185357789
8.040201005025127	0.006739235472453255
8.442211055276383	0.005863841118786221
8.84422110552764	0.004819777959295343
9.246231155778895	0.002795327154562585
9.648241206030152	0.0020479004877531105
10.050251256281408	0.006846996237797396
10.452261306532664	0.012503452669878443
10.85427135678392	0.017723819755001164
11.256281407035177	0.0216948592627897
11.658291457286433	0.02354693232388705
12.06030150753769	0.022651649969179698
12.462311557788945	0.019689639700229793
12.864321608040202	0.015235706051708523
13.266331658291458	0.010598865044469268
13.668341708542714	0.00801948292172265
14.07035175879397	0.007905956037485135
14.472361809045227	0.007952739986871788
14.874371859296483	0.0060839002388640455
15.27638190954774	0.0028873867694595603
15.678391959798995	0.006565931028817426
16.080402010050253	0.014005191348321974
16.48241206030151	0.021409904540735904
16.884422110552766	0.027430188258367377
17.286432160804022	0.030765793568381522
17.68844221105528	0.03117133156462034
18.090452261306535	0.028343136314870353
18.49246231155779	0.022808068858944455
18.894472361809047	0.015807261577639706
19.296482412060303	0.009666169835502215
19.69849246231156	0.007259812613346088
20.100502512562816	0.008550567950725436
20.502512562814072	0.009098406687030531
20.90452261306533	0.006662379283458355
21.306532663316585	0.0022098799198063184
21.70854271356784	0.006779338452215508
22.110552763819097	0.014648161002780167
22.512562814070353	0.021873575973298913
22.91457286432161	0.02691967207777359
23.316582914572866	0.02904392027899828
23.718592964824122	0.027935370510700653
24.12060301507538	0.02398573557870688
24.522613065326635	0.018253421754120664
24.92462311557789	0.012114562585191124
25.326633165829147	0.00794907457656457
25.728643216080403	0.007313984188587581
26.13065326633166	0.007386569772949825
26.532663316582916	0.005670126528011252
26.934673366834172	0.002319837441370887
27.33668341708543	0.006696800377807517
27.738693467336685	0.01438627538603925
28.14070351758794	0.022002252660937187
28.542713567839197	0.02794766834753107
28.944723618090453	0.03123889005740324
29.34673366834171	0.031126537926861025
29.748743718592966	0.02771661324955659
30.150753768844222	0.021860683998617694
30.55276381909548	0.014998526014437515
30.954773869346734	0.009581770091184197
31.35678391959799	0.008947756163175414
31.758793969849247	0.010688112196812961
32.16080402010051	0.01079763245754698
32.56281407035176	0.008134669215396654
32.96482412060302	0.0036714889419122558
33.366834170854275	0.00664507579583172
33.76884422110553	0.014439597895195482
34.17085427135679	0.021654047477136954
34.572864321608044	0.027071255415448553
34.9748743718593	0.029193572377869202
35.37688442211056	0.028425950881942087
35.77889447236181	0.02445424534519196
36.18090452261307	0.01891421254151369
36.582914572864325	0.013100134106676264
36.98492462311558	0.00952617624036347
37.38693467336684	0.009150945319038626
37.788944723618094	0.008963386107998147
38.19095477386935	0.0070988153529101235
38.59296482412061	0.003210639229573366
38.99497487437186	0.004997180017927378
39.39698492462312	0.012041625474895516
39.798994974874375	0.01874780302840216
40.20100502512563	0.023693611277825113
40.60301507537689	0.025896004214267458
41.005025125628144	0.025492748835455437
41.4070351758794	0.022695474246417942
41.80904522613066	0.018199118926233954
42.21105527638191	0.014027989308085801
42.61306532663317	0.0120961882854909
43.015075376884425	0.01223328610156394
43.41708542713568	0.012240446223670718
43.81909547738694	0.010594538994776486
44.221105527638194	0.007149928866357713
44.62311557788945	0.003029219858819842
45.02512562814071	0.006464748694237013
45.42713567839196	0.012520434015426254
45.82914572864322	0.017855494186232203
46.231155778894475	0.021286200860248905
46.63316582914573	0.022151543104457223
47.03517587939699	0.02117198836063508
47.437185929648244	0.01905247723330027
47.8391959798995	0.016794354696372644
48.24120603015076	0.014874628600551698
48.64321608040201	0.013807885914889443
49.04522613065327	0.0127530946108755
49.447236180904525	0.010823126206117214
49.84924623115578	0.007850912709822255
50.25125628140704	0.005481790380997541
50.653266331658294	0.0070926568071779245
51.05527638190955	0.011453060859172135
51.45728643216081	0.016222154191645993
51.85929648241206	0.01982568485034894
52.26130653266332	0.022037143004184155
52.663316582914575	0.022343731856213165
53.06532663316583	0.021202660273849393
53.46733668341709	0.01937069626195092
53.869346733668344	0.017557925781681256
54.2713567839196	0.01624174559841535
54.67336683417086	0.015185964426214421
55.07537688442211	0.013567031966303619
55.47738693467337	0.010950084934718645
55.879396984924625	0.008216775227971498
56.28140703517588	0.00673339670858209
56.68341708542714	0.008879086184284773
57.085427135678394	0.012862624146853236
57.48743718592965	0.016632040110572864
57.88944723618091	0.019402763424805673
58.29145728643216	0.02086354954996046
58.69346733668342	0.021137430730841032
59.095477386934675	0.02057363241219803
59.49748743718593	0.019354635820961252
59.89949748743719	0.017766540202328436
60.301507537688444	0.016195494370368393
60.7035175879397	0.014550924588886738
61.10552763819096	0.012829553772980192
61.50753768844221	0.011358616898708731
61.90954773869347	0.010560271984019164
62.311557788944725	0.011186290316070767
62.71356783919598	0.013058562900179236
63.11557788944724	0.015386389168693098
63.517587939698494	0.01768313168907223
63.91959798994975	0.019339462534519847
64.32160804020101	0.02011938910977062
64.72361809045226	0.020135959810939484
65.12562814070353	0.019400474843968507
65.52763819095478	0.018317359442717
65.92964824120604	0.0170802464363615
66.33165829145729	0.016030785997102566
66.73366834170855	0.014724570879557211
67.1356783919598	0.01317461434458497
67.53768844221106	0.0117086615070294
67.93969849246231	0.01136687596505873
68.34170854271358	0.012537666594912972
68.74371859296483	0.01565262210416211
69.14572864321609	0.018941494719405295
69.54773869346734	0.021897991522014378
69.9497487437186	0.023795015480939142
70.35175879396985	0.024577369872080347
70.75376884422111	0.024014799268474062
71.15577889447236	0.022664967883871442
71.55778894472363	0.020729005701745518
71.95979899497488	0.01896248836780455
72.36180904522614	0.01748676882478338
72.76381909547739	0.01589357549147151
73.16582914572865	0.01441290186076892
73.5678391959799	0.013403830054934665
73.96984924623116	0.013132244677131106
74.37185929648241	0.014148920068774332
74.77386934673368	0.016280731611834902
75.17587939698493	0.019089402930623695
75.57788944723619	0.021646645828335177
75.97989949748744	0.023234715439493424
76.3819095477387	0.023855519656379994
76.78391959798995	0.02357436279609628
77.18592964824121	0.02280962002731857
77.58793969849246	0.021765869349910892
77.98994974874373	0.02042770522977436
78.39195979899498	0.01889021582872924
78.79396984924624	0.017189989555565457
79.19597989949749	0.01596788654895417
79.59798994974875	0.016053446600429924
80.0	0.017388265464091394
