0.0	0.023142528517163828
0.4020100502512563	0.01967130560493133
0.8040201005025126	0.012824438263010347
1.206030150753769	0.003876352227314346
1.6080402010050252	0.005868257220447998
2.0100502512562817	0.013658429224006754
2.412060301507538	0.01887679721429857
2.814070351758794	0.02008276964066153
3.2160804020100504	0.017441144392111
3.6180904522613067	0.011192398609774673
4.020100502512563	0.0025529734162993653
4.42211055276382	0.006652981582072999
4.824120603015076	0.015074306609168581
5.226130653266332	0.02068274871433342
5.628140703517588	0.02284107912944836
6.030150753768845	0.020892790478156068
6.432160804020101	0.015274678327952557
6.834170854271357	0.00700096277120966
7.236180904522613	0.002690249007251732
7.63819095477387	0.011312163072227594
8.040201005025127	0.01761590447815875
8.442211055276383	0.02048349353975492
8.84422110552764	0.01942200004006767
9.246231155778895	0.01438374949332084
9.648241206030152	0.006355458934513422
10.050251256281408	0.0029291230196052025
10.452261306532664	0.011932530869495384
10.85427135678392	0.019117387470997393
11.256281407035177	0.022835682568572248
11.658291457286433	0.022999725589839034
12.06030150753769	0.019127911822839155
12.462311557788945	0.012590473280103423
12.864321608040202	0.00623532853906157
13.266331658291458	0.008442328143370263
13.668341708542714	0.014581158271110898
14.07035175879397	0.018575481236291304
14.472361809045227	0.018906799764584807
14.874371859296483	0.015154057437258329
15.27638190954774	0.008545968966548963
15.678391959798995	0.005465666359411916
16.080402010050253	0.0137702777387658
16.48241206030151	0.022667169810049494
16.884422110552766	0.029350058533283617
17.286432160804022	0.03245643798539402
17.68844221105528	0.03169893719437701
18.090452261306535	0.027856140197287098
18.49246231155779	0.023103425812361675
18.894472361809047	0.02015137261702019
19.296482412060303	0.02091766316134153
19.69849246231156	0.02338821947464435
20.100502512562816	0.024593760863011
20.502512562814072	0.02370666180236141
20.90452261306533	0.021586366067278286
21.306532663316585	0.02164717061287011
21.70854271356784	0.026232962525467314
22.110552763819097	0.03383420187945379
22.512562814070353	0.04132838531271257
22.91457286432161	0.04662645316681514
23.316582914572866	0.04864928905837034
23.718592964824122	0.0476150289269681
24.12060301507538	0.04421157172643334
24.522613065326635	0.04034296726595803
24.92462311557789	0.03744176640583077
25.326633165829147	0.035975261105372455
25.728643216080403	0.035453465782710865
26.13065326633166	0.034884686494603134
26.532663316582916	0.03432727684987373
26.934673366834172	0.035494078054228995
27.33668341708543	0.03948977374031136
27.738693467336685	0.04642952127537653
28.14070351758794	0.0548033676326681
28.542713567839197	0.062367182583845084
28.944723618090453	0.06874347624091774
29.34673366834171	0.07265704744700603
29.748743718592966	0.07380572884811747
30.150753768844222	0.07237101103214473
30.55276381909548	0.06889471238968708
30.954773869346734	0.06418515214851614
31.35678391959799	0.059177680000652065
31.758793969849247	0.05477185559812346
32.16080402010051	0.05145801446685344
32.56281407035176	0.0496065002901516
32.96482412060302	0.049807666026599556
33.366834170854275	0.052536969842987925
33.76884422110553	0.057284182038710385
34.17085427135679	0.06294853311488849
34.572864321608044	0.06839807347057938
34.9748743718593	0.07238634638681272
35.37688442211056	0.07410452696697775
35.77889447236181	0.0733075482243304
36.18090452261307	0.07064972505240111
36.582914572864325	0.0668663012880018
36.98492462311558	0.062496741069891205
37.38693467336684	0.05834340293795872
37.788944723618094	0.055153938475876366
38.19095477386935	0.052978361410772626
38.59296482412061	0.051475488982072506
38.99497487437186	0.0512987737668681
39.39698492462312	0.052118485313204045
39.798994974874375	0.05444617981139355
40.20100502512563	0.0574128553815915
40.60301507537689	0.0602436029485575
41.005025125628144	0.06258092258713215
41.4070351758794	0.0633374551966249
41.80904522613066	0.06245928515868813
42.21105527638191	0.05988597239115177
42.61306532663317	0.05649616353868771
43.015075376884425	0.052601549398334516
43.41708542713568	0.049154817227681544
43.81909547738694	0.04630767756444142
44.221105527638194	0.04410204394769289
44.62311557788945	0.04248430994535586
45.02512562814071	0.04239027035623813
45.42713567839196	0.044003077034267514
45.82914572864322	0.047707392802414525
46.231155778894475	0.05290455398284146
46.63316582914573	0.05819587638519776
47.03517587939699	0.062255449350817914
47.437185929648244	0.06383209577776255
47.8391959798995	0.06310610514657251
48.24120603015076	0.059620855584526886
48.64321608040201	0.05467103377473689
49.04522613065327	0.04923990912247201
49.447236180904525	0.044176940705539305
49.84924623115578	0.04071571100660752
50.25125628140704	0.03882083500847914
50.653266331658294	0.03842855606035831
51.05527638190955	0.04024959766020227
51.45728643216081	0.04451407082377285
51.85929648241206	0.051280192857061146
52.26130653266332	0.05861518110179052
52.663316582914575	0.06512630868865527
53.06532663316583	0.06910812818417514
53.46733668341709	0.06974586848479727
53.869346733668344	0.06696977307498676
54.2713567839196	0.06148044577792755
54.67336683417086	0.054635918388427
55.07537688442211	0.048161150613836995
55.47738693467337	0.043182819386508135
55.879396984924625	0.040286978954741835
56.28140703517588	0.03932854317054778
56.68341708542714	0.04045419261079085
57.085427135678394	0.044300136209468224
57.48743718592965	0.05048332496624539
57.88944723618091	0.058046950056271675
58.29145728643216	0.0653733213976706
58.69346733668342	0.07102190201108388
59.095477386934675	0.07338657986565555
59.49748743718593	0.07218574772816867
59.89949748743719	0.06800979747832647
60.301507537688444	0.06167968094335091
60.7035175879397	0.054485491547229245
61.10552763819096	0.048386320962771234
61.50753768844221	0.044423934167646666
61.90954773869347	0.04332617569053084
62.311557788944725	0.044863434500027756
62.71356783919598	0.04883174272926884
63.11557788944724	0.05447020792035541
63.517587939698494	0.061061737629447124
63.91959798994975	0.067012459759466
64.32160804020101	0.07140240448912183
64.72361809045226	0.07335943720654078
65.12562814070353	0.07294096550927716
65.52763819095478	0.06974081911809694
65.92964824120604	0.06445247914346607
66.33165829145729	0.05822937699389974
66.73366834170855	0.05209095814600677
67.1356783919598	0.047308298070724494
67.53768844221106	0.044894663274979665
67.93969849246231	0.045266012629646836
68.34170854271358	0.04780563076003414
68.74371859296483	0.05206802511458749
69.14572864321609	0.057174266026627195
69.54773869346734	0.062031298919726766
69.9497487437186	0.065991951136491
70.35175879396985	0.06808677831005502
70.75376884422111	0.068034723102817
71.15577889447236	0.06566009179736651
71.55778894472363	0.061449842464860925
71.95979899497488	0.056059467589917665
72.36180904522614	0.05045709916428457
72.76381909547739	0.045681916689676805
73.16582914572865	0.04277750693499509
73.5678391959799	0.0418993410422676
73.96984924623116	0.043175755421826736
74.37185929648241	0.04596335745079298
74.77386934673368	0.04946150084611127
75.17587939698493	0.05333622316190485
75.57788944723619	0.0570656939177264
75.97989949748744	0.060054178429130245
76.3819095477387	0.06175590403779824
76.78391959798995	0.062382663839797924
77.18592964824121	0.06121752904170515
77.58793969849246	0.05865439732916822
77.98994974874373	0.0547463974328765
78.39195979899498	0.05027182095778151
78.79396984924624	0.04593474908441961
79.19597989949749	0.042523298788349685
79.59798994974875	0.040745117923089054
80.0	0.04104595257782109
