0.0	0.005133928491981841
0.4020100502512563	0.004600387072706721
0.8040201005025126	0.003814332920520057
1.206030150753769	0.003331031821134258
1.6080402010050252	0.003510269755949481
2.0100502512562817	0.004145442066783784
2.412060301507538	0.0045718025854152074
2.814070351758794	0.004533799226563407
3.2160804020100504	0.0038014717785380845
3.6180904522613067	0.0026668806392999025
4.020100502512563	0.001478884695076107
4.42211055276382	0.001971019694532645
4.824120603015076	0.003309664780049115
5.226130653266332	0.004561669794679243
5.628140703517588	0.005391760057191337
6.030150753768845	0.005775449805146786
6.432160804020101	0.005794145619339578
6.834170854271357	0.0058686838483381
7.236180904522613	0.0059252657133201225
7.63819095477387	0.006139874832800417
8.040201005025127	0.006069975157026384
8.442211055276383	0.005500469057148885
8.84422110552764	0.004743166411708176
9.246231155778895	0.0034539507043628895
9.648241206030152	0.0021915955263437613
10.050251256281408	0.0023767352627527124
10.452261306532664	0.004097185926259348
10.85427135678392	0.006021023627929335
11.256281407035177	0.007769751561926446
11.658291457286433	0.009070295590408171
12.06030150753769	0.0100143542095973
12.462311557788945	0.010617072990207022
12.864321608040202	0.010866458213690956
13.266331658291458	0.011023293660966164
13.668341708542714	0.010842616455518152
14.07035175879397	0.01048065395633563
14.472361809045227	0.00941785344111093
14.874371859296483	0.00804950187625699
15.27638190954774	0.006534286453400736
15.678391959798995	0.004625122210118666
16.080402010050253	0.0033842024605784176
16.48241206030151	0.003695895855239168
16.884422110552766	0.005272129828724553
17.286432160804022	0.006778541228988709
17.68844221105528	0.008596822111288044
18.090452261306535	0.010491807905358468
18.49246231155779	0.012458200513926137
18.894472361809047	0.01418224706632264
19.296482412060303	0.01510123036926155
19.69849246231156	0.01542069315881844
20.100502512562816	0.014544018448291025
20.502512562814072	0.01291011693138822
20.90452261306533	0.010790507679355304
21.306532663316585	0.00842421875082401
21.70854271356784	0.006098734862833486
22.110552763819097	0.004137014014394069
22.512562814070353	0.0030865369712408286
22.91457286432161	0.004135451263344773
23.316582914572866	0.006043500782943455
23.718592964824122	0.00835406340454486
24.12060301507538	0.01030413626295586
24.522613065326635	0.011712098339224907
24.92462311557789	0.012394968385988013
25.326633165829147	0.012360800173560555
25.728643216080403	0.011882243151574049
26.13065326633166	0.011046266989020065
26.532663316582916	0.009847854131389302
26.934673366834172	0.008573299780210182
27.33668341708543	0.006900465419129436
27.738693467336685	0.0052771524510168855
28.14070351758794	0.0032780635553456188
28.542713567839197	0.0017283820329161668
28.944723618090453	0.0021516298965637325
29.34673366834171	0.0043218209582462355
29.748743718592966	0.006748516430061366
30.150753768844222	0.009261339975787236
30.55276381909548	0.011531123969033127
30.954773869346734	0.013243722553234267
31.35678391959799	0.01437449111073685
31.758793969849247	0.014612519732889
32.16080402010051	0.01412793386308855
32.56281407035176	0.013220622558594594
32.96482412060302	0.011989761266216887
33.366834170854275	0.010391052128878826
33.76884422110553	0.008546070264206253
34.17085427135679	0.006520689004577635
34.572864321608044	0.004928986302399467
34.9748743718593	0.005252650790757254
35.37688442211056	0.007301212728026886
35.77889447236181	0.009774566900738281
36.18090452261307	0.01200647941470887
36.582914572864325	0.013249387391310893
36.98492462311558	0.013951768800754643
37.38693467336684	0.013929187384965434
37.788944723618094	0.013522944246714925
38.19095477386935	0.012946741263246539
38.59296482412061	0.012435605894947705
38.99497487437186	0.012027707259834344
39.39698492462312	0.011274243020275097
39.798994974874375	0.009559730732859553
40.20100502512563	0.006916062145394588
40.60301507537689	0.004630216846841453
41.005025125628144	0.006636988487024686
41.4070351758794	0.011103069566501676
41.80904522613066	0.015512941820074524
42.21105527638191	0.018273247178678523
42.61306532663317	0.019234944805816116
43.015075376884425	0.018569727457767173
43.41708542713568	0.01676207841060489
43.81909547738694	0.014628356138251825
44.221105527638194	0.013048061289403787
44.62311557788945	0.012684497015664816
45.02512562814071	0.012682102626208999
45.42713567839196	0.011933210972039495
45.82914572864322	0.01056470195309378
46.231155778894475	0.009005086198834522
46.63316582914573	0.008756490451926072
47.03517587939699	0.010856088120390354
47.437185929648244	0.013828633158006462
47.8391959798995	0.01586326334874811
48.24120603015076	0.01627603466628093
48.64321608040201	0.014874184645724976
49.04522613065327	0.012297297613346187
49.447236180904525	0.00992104277035578
49.84924623115578	0.009496446268884481
50.25125628140704	0.011224580997393818
50.653266331658294	0.013222567692749296
51.05527638190955	0.013586707436188639
51.45728643216081	0.01235737166566762
51.85929648241206	0.010238936236635467
52.26130653266332	0.009254920908672578
52.663316582914575	0.011321087635649305
53.06532663316583	0.015008359088341926
53.46733668341709	0.0181491804724229
53.869346733668344	0.019494459630040775
54.2713567839196	0.018862399938905365
54.67336683417086	0.015966828728593632
55.07537688442211	0.011884772034823564
55.47738693467337	0.008316075411051234
55.879396984924625	0.007606544110373796
56.28140703517588	0.009331847463506623
56.68341708542714	0.010917421086288886
57.085427135678394	0.011298273505537231
57.48743718592965	0.01058296859949657
57.88944723618091	0.010203580177348803
58.29145728643216	0.011351351216474752
58.69346733668342	0.013582205538757683
59.095477386934675	0.015638398705128714
59.49748743718593	0.01614759931082514
59.89949748743719	0.014841975594272448
60.301507537688444	0.011825213323130749
60.7035175879397	0.007757959860081824
61.10552763819096	0.0037358326475148
61.50753768844221	0.004438943814424999
61.90954773869347	0.007929364352139819
62.311557788944725	0.010859045900058565
62.71356783919598	0.012748173690990175
63.11557788944724	0.013428495831346966
63.517587939698494	0.013699073307177716
63.91959798994975	0.01400316333869137
64.32160804020101	0.014698692646271697
64.72361809045226	0.015522789500502166
65.12562814070353	0.016066768403868555
65.52763819095478	0.01573259855700081
65.92964824120604	0.014265941274818289
66.33165829145729	0.011674266647838575
66.73366834170855	0.008441466118363663
67.1356783919598	0.006055803576442987
67.53768844221106	0.006853526464879281
67.93969849246231	0.009379355797399621
68.34170854271358	0.011835576666716967
68.74371859296483	0.013515184179063954
69.14572864321609	0.014216191004528672
69.54773869346734	0.014316321808279303
69.9497487437186	0.014280803228695524
70.35175879396985	0.014615377880102424
70.75376884422111	0.014856402654500969
71.15577889447236	0.014720892539049183
71.55778894472363	0.013453286085249936
71.95979899497488	0.011415652940928833
72.36180904522614	0.008732133295652037
72.76381909547739	0.006418425274061205
73.16582914572865	0.006473647932035047
73.5678391959799	0.008971535443592004
73.96984924623116	0.011837553351601538
74.37185929648241	0.014237100693591067
74.77386934673368	0.01608763658114314
75.17587939698493	0.017043219484752008
75.57788944723619	0.017576588544115333
75.97989949748744	0.017739285972518212
76.3819095477387	0.017423217634702264
76.78391959798995	0.016772439150523816
77.18592964824121	0.01562530876851744
77.58793969849246	0.014390056168542298
77.98994974874373	0.012531741271040151
78.39195979899498	0.010956425284179795
78.79396984924624	0.01005212159025748
79.19597989949749	0.0107839673162453
79.59798994974875	0.012778886350409085
80.0	0.015265264830061418
