0.0	0.014427508262898982
0.4020100502512563	0.015033391635321195
0.8040201005025126	0.013204301522370602
1.206030150753769	0.009205569772476508
1.6080402010050252	0.003975611176393713
2.0100502512562817	0.0024287489539261344
2.412060301507538	0.006962226796122395
2.814070351758794	0.00980292284064876
3.2160804020100504	0.010415107520387103
3.6180904522613067	0.008679091458087086
4.020100502512563	0.0046338438081232145
4.42211055276382	0.0011296666336175734
4.824120603015076	0.007051350421607226
5.226130653266332	0.012353236964180307
5.628140703517588	0.016440763599047597
6.030150753768845	0.018066575170468106
6.432160804020101	0.01738157171406718
6.834170854271357	0.014448248855739717
7.236180904522613	0.009903354622926257
7.63819095477387	0.005188337233629077
8.040201005025127	0.003225920095927666
8.442211055276383	0.005759152035815144
8.84422110552764	0.00726506476085371
9.246231155778895	0.006487572685767852
9.648241206030152	0.004196879286084193
10.050251256281408	0.003493342227558539
10.452261306532664	0.007967262464177324
10.85427135678392	0.012973308781239975
11.256281407035177	0.017176153112762473
11.658291457286433	0.0190105511851601
12.06030150753769	0.018644397658534102
12.462311557788945	0.015433940514426004
12.864321608040202	0.010801044802223448
13.266331658291458	0.0069283427446971205
13.668341708542714	0.008897641475962961
14.07035175879397	0.013641237649578178
14.472361809045227	0.017126537557272694
14.874371859296483	0.017923827145485415
15.27638190954774	0.015696111153205967
15.678391959798995	0.012006819511874569
16.080402010050253	0.00982699694521261
16.48241206030151	0.01268525229116802
16.884422110552766	0.01830554936393713
17.286432160804022	0.022982861147197508
17.68844221105528	0.025592459511762727
18.090452261306535	0.025353901575474607
18.49246231155779	0.022815863805496165
18.894472361809047	0.019348459001380113
19.296482412060303	0.01803269357486668
19.69849246231156	0.020805399899330952
20.100502512562816	0.02538399420738142
20.502512562814072	0.029041364537502484
20.90452261306533	0.030866946032493753
21.306532663316585	0.030627598969677327
21.70854271356784	0.02933387472181239
22.110552763819097	0.02885804184389066
22.512562814070353	0.030199864982896785
22.91457286432161	0.03251110305235933
23.316582914572866	0.03464708914523533
23.718592964824122	0.035942870223227445
24.12060301507538	0.035792543449032474
24.522613065326635	0.035089050809896945
24.92462311557789	0.03529392033112639
25.326633165829147	0.037147138833428565
25.728643216080403	0.03998891801340324
26.13065326633166	0.043089780562111796
26.532663316582916	0.045335800725021344
26.934673366834172	0.046633584740032305
27.33668341708543	0.04750038688512787
27.738693467336685	0.04897961596720872
28.14070351758794	0.05105319918676976
28.542713567839197	0.053706048508907235
28.944723618090453	0.05629778219250806
29.34673366834171	0.058674902452910384
29.748743718592966	0.060231680115872654
30.150753768844222	0.0611440480000479
30.55276381909548	0.06187656156053802
30.954773869346734	0.06271158812561717
31.35678391959799	0.06347035334321446
31.758793969849247	0.06393372345692927
32.16080402010051	0.06371530174329762
32.56281407035176	0.06305516909859119
32.96482412060302	0.061367388517050946
33.366834170854275	0.05932252154964894
33.76884422110553	0.057539600835560346
34.17085427135679	0.05645967771730516
34.572864321608044	0.05651553660841639
34.9748743718593	0.05726542352631007
35.37688442211056	0.058432564152644785
35.77889447236181	0.05947335406045332
36.18090452261307	0.06025314636863358
36.582914572864325	0.060662966073832224
36.98492462311558	0.061127171822320206
37.38693467336684	0.06126302056330348
37.788944723618094	0.06133521436036297
38.19095477386935	0.06101696696556105
38.59296482412061	0.06020840834787557
38.99497487437186	0.05842694500287986
39.39698492462312	0.05584645197768736
39.798994974874375	0.05317157978053463
40.20100502512563	0.05105992327852741
40.60301507537689	0.050384364641763504
41.005025125628144	0.050869576598772524
41.4070351758794	0.05226060737560282
41.80904522613066	0.05355147181015687
42.21105527638191	0.05451731967324029
42.61306532663317	0.055090815902079135
43.015075376884425	0.05531765672705889
43.41708542713568	0.05543038693394842
43.81909547738694	0.055302112770857434
44.221105527638194	0.054852977759007646
44.62311557788945	0.053478016511516804
45.02512562814071	0.051294073762782465
45.42713567839196	0.048767391332686615
45.82914572864322	0.04673916092447376
46.231155778894475	0.04605724794153282
46.63316582914573	0.047106465617896484
47.03517587939699	0.04920619724823415
47.437185929648244	0.05164929992047498
47.8391959798995	0.053537274367598385
48.24120603015076	0.05437960874600593
48.64321608040201	0.05421255411464158
49.04522613065327	0.05357223516151841
49.447236180904525	0.05273933527797405
49.84924623115578	0.05204021456169794
50.25125628140704	0.051032678024322084
50.653266331658294	0.0498227509434893
51.05527638190955	0.0484140236396194
51.45728643216081	0.047289265235807745
51.85929648241206	0.04701198161047967
52.26130653266332	0.04857533472154489
52.663316582914575	0.051521126608601774
53.06532663316583	0.05478927996608453
53.46733668341709	0.05737907701591836
53.869346733668344	0.05868705025408979
54.2713567839196	0.05849576040708086
54.67336683417086	0.057501117201551745
55.07537688442211	0.05558175940131924
55.47738693467337	0.054097380511836136
55.879396984924625	0.05251009201922387
56.28140703517588	0.051376436388555435
56.68341708542714	0.050640948979776466
57.085427135678394	0.05019687669362396
57.48743718592965	0.050877692700757496
57.88944723618091	0.05278093068050258
58.29145728643216	0.055767234673024114
58.69346733668342	0.05893942302024685
59.095477386934675	0.06169989668357019
59.49748743718593	0.0630112277062937
59.89949748743719	0.06295253742103979
60.301507537688444	0.061212399234910154
60.7035175879397	0.05858441454593052
61.10552763819096	0.055923492093085156
61.50753768844221	0.05386569390234156
61.90954773869347	0.05277681792610049
62.311557788944725	0.05261972872503508
62.71356783919598	0.053124288410148525
63.11557788944724	0.053994392383268676
63.517587939698494	0.055390120951168784
63.91959798994975	0.057275258701186646
64.32160804020101	0.05965694333588434
64.72361809045226	0.06182101996145606
65.12562814070353	0.06341252112638175
65.52763819095478	0.06378856961148835
65.92964824120604	0.06280544159006105
66.33165829145729	0.06085916129092548
66.73366834170855	0.05815621957583076
67.1356783919598	0.055528636359611624
67.53768844221106	0.05349091993971307
67.93969849246231	0.05264293738268653
68.34170854271358	0.05260054519773204
68.74371859296483	0.0532449065085834
69.14572864321609	0.05434561498701185
69.54773869346734	0.05582452072243434
69.9497487437186	0.05764787804504373
70.35175879396985	0.0597491731468399
70.75376884422111	0.06184627711469469
71.15577889447236	0.06362254793089611
71.55778894472363	0.06409759860120931
71.95979899497488	0.06336955891378898
72.36180904522614	0.06130176237405806
72.76381909547739	0.0583513002731185
73.16582914572865	0.05500939474507629
73.5678391959799	0.05209220714441225
73.96984924623116	0.049769656184507925
74.37185929648241	0.04832859909901203
74.77386934673368	0.04796417107502494
75.17587939698493	0.04840374465027478
75.57788944723619	0.050002343911179546
75.97989949748744	0.05262325398773075
76.3819095477387	0.05655168007408007
76.78391959798995	0.060394232425048135
77.18592964824121	0.0638227608204642
77.58793969849246	0.06579389338343945
77.98994974874373	0.06553425986707487
78.39195979899498	0.06299724492084399
78.79396984924624	0.05865367117409951
79.19597989949749	0.05361559385475344
79.59798994974875	0.04905371791121852
80.0	0.04586609361368531
