0.0	0.009592923409987075
0.4020100502512563	0.010737997483008122
0.8040201005025126	0.010054812979080658
1.206030150753769	0.007686356372364223
1.6080402010050252	0.004299896450447435
2.0100502512562817	0.0006549850681348794
2.412060301507538	0.0032316590763861036
2.814070351758794	0.0058165334651367985
3.2160804020100504	0.006657918724041631
3.6180904522613067	0.006040415420258713
4.020100502512563	0.0036901301152519675
4.42211055276382	0.00018957706050472774
4.824120603015076	0.004517268723412402
5.226130653266332	0.008786080603908071
5.628140703517588	0.012500290686422019
6.030150753768845	0.014771896448514713
6.432160804020101	0.015566071413241598
6.834170854271357	0.014784059214689397
7.236180904522613	0.012428070976656724
7.63819095477387	0.009399757713919524
8.040201005025127	0.006197593409768215
8.442211055276383	0.003422219505522593
8.84422110552764	0.0017117121337066731
9.246231155778895	0.0019030863820857235
9.648241206030152	0.003884551078581824
10.050251256281408	0.007426331844844111
10.452261306532664	0.011830310740752008
10.85427135678392	0.016355597478277795
11.256281407035177	0.020641754305832982
11.658291457286433	0.023968615927620236
12.06030150753769	0.025650802235089382
12.462311557788945	0.025302730908530736
12.864321608040202	0.02294326736354555
13.266331658291458	0.018968089030845164
13.668341708542714	0.014134428901853537
14.07035175879397	0.009282281067902864
14.472361809045227	0.004215662607416591
14.874371859296483	0.001606537493994294
15.27638190954774	0.009309224408013496
15.678391959798995	0.016382208578364275
16.080402010050253	0.022616691320455334
16.48241206030151	0.02834103909396931
16.884422110552766	0.03342631520546346
17.286432160804022	0.039774861561766905
17.68844221105528	0.04791937239834517
18.090452261306535	0.05470588868721753
18.49246231155779	0.059274253781043174
18.894472361809047	0.05965561601808883
19.296482412060303	0.054834270424699696
19.69849246231156	0.04561115082683945
20.100502512562816	0.0340936146416099
20.502512562814072	0.024809520937560264
20.90452261306533	0.023402038221799697
21.306532663316585	0.027534053758811135
21.70854271356784	0.0317136610591065
22.110552763819097	0.03514138133947363
22.512562814070353	0.04096752035752653
22.91457286432161	0.051672398711876656
23.316582914572866	0.06629601192491577
23.718592964824122	0.08032456700438602
24.12060301507538	0.09090679784711075
24.522613065326635	0.09359108670553687
24.92462311557789	0.0890341627792883
25.326633165829147	0.07905661282723858
25.728643216080403	0.06600020175092454
26.13065326633166	0.05441784115204714
26.532663316582916	0.04722980537891896
26.934673366834172	0.04421526981650807
27.33668341708543	0.04304601808041071
27.738693467336685	0.04175448497885394
28.14070351758794	0.04230693456369734
28.542713567839197	0.04602985475377529
28.944723618090453	0.05457932839620584
29.34673366834171	0.06570070387422582
29.748743718592966	0.07616271427140595
30.150753768844222	0.083927805087788
30.55276381909548	0.08665002730120058
30.954773869346734	0.08466719978866741
31.35678391959799	0.07801135616939399
31.758793969849247	0.06824834227905059
32.16080402010051	0.056982016629896146
32.56281407035176	0.0460117169963136
32.96482412060302	0.03631018834963336
33.366834170854275	0.02750034375959428
33.76884422110553	0.019723400669691568
34.17085427135679	0.01230640206402529
34.572864321608044	0.009195699810369665
34.9748743718593	0.017406507499274266
35.37688442211056	0.02918895999912478
35.77889447236181	0.04021622915230323
36.18090452261307	0.04908815198973316
36.582914572864325	0.05394109868918985
36.98492462311558	0.05516462218916859
37.38693467336684	0.053462923144278716
37.788944723618094	0.05109276333851733
38.19095477386935	0.04907243944997451
38.59296482412061	0.048517284046213485
38.99497487437186	0.047983023872665544
39.39698492462312	0.04490536913079527
39.798994974874375	0.03892601125359917
40.20100502512563	0.03266870760080997
40.60301507537689	0.031735137863149035
41.005025125628144	0.0388205678279199
41.4070351758794	0.04830536725305357
41.80904522613066	0.05605142116182639
42.21105527638191	0.059446223930483114
42.61306532663317	0.05801958001979494
43.015075376884425	0.05295886843156713
43.41708542713568	0.04612657739106914
43.81909547738694	0.040455318238871114
44.221105527638194	0.03720560370427361
44.62311557788945	0.035693015773702166
45.02512562814071	0.0345485064194016
45.42713567839196	0.03263173071496954
45.82914572864322	0.030439165993353817
46.231155778894475	0.030682748726505366
46.63316582914573	0.035313392495052956
47.03517587939699	0.041535857373513306
47.437185929648244	0.046931304256004315
47.8391959798995	0.048985268738927626
48.24120603015076	0.045809211131238745
48.64321608040201	0.03846358232542863
49.04522613065327	0.029353799378392786
49.447236180904525	0.02242943644162108
49.84924623115578	0.02428898710189301
50.25125628140704	0.03120231903317829
50.653266331658294	0.036605003244230355
51.05527638190955	0.037552692940626395
51.45728643216081	0.03422648185453786
51.85929648241206	0.029282445253730815
52.26130653266332	0.02781721115362032
52.663316582914575	0.03253262175746764
53.06532663316583	0.03915585223338131
53.46733668341709	0.0440024058151147
53.869346733668344	0.04518688707731575
54.2713567839196	0.04332576827519198
54.67336683417086	0.03916093107153944
55.07537688442211	0.03693315170136911
55.47738693467337	0.03934627155580518
55.879396984924625	0.04480321381386611
56.28140703517588	0.04997277956092845
56.68341708542714	0.052400607117137454
57.085427135678394	0.05028910697818131
57.48743718592965	0.043939175681838624
57.88944723618091	0.035157177787748004
58.29145728643216	0.02715172457721841
58.69346733668342	0.025358878961570998
59.095477386934675	0.02982064835001038
59.49748743718593	0.03523428496674483
59.89949748743719	0.03770974235864723
60.301507537688444	0.035867818071344246
60.7035175879397	0.03187117761959396
61.10552763819096	0.030537236493506936
61.50753768844221	0.034697941255787006
61.90954773869347	0.04299230852944799
62.311557788944725	0.050565046258002976
62.71356783919598	0.054580195025322686
63.11557788944724	0.05319107590637179
63.517587939698494	0.04704490940534135
63.91959798994975	0.03670329222318882
64.32160804020101	0.023897296067738813
64.72361809045226	0.010836546353620443
65.12562814070353	0.00309686111345443
65.52763819095478	0.008935578261303126
65.92964824120604	0.01301473121569475
66.33165829145729	0.016352740705157874
66.73366834170855	0.02287113697833735
67.1356783919598	0.03349322482595418
67.53768844221106	0.0454683868234781
67.93969849246231	0.05550070880948647
68.34170854271358	0.06131770628342666
68.74371859296483	0.061072392800758116
69.14572864321609	0.05445477985476784
69.54773869346734	0.042681779823104886
69.9497487437186	0.027502380283724558
70.35175879396985	0.013059085962722112
70.75376884422111	0.00851133452286949
71.15577889447236	0.014650986146657038
71.55778894472363	0.017742236527629466
71.95979899497488	0.016890968610346405
72.36180904522614	0.015738977523882192
72.76381909547739	0.020794440488997458
73.16582914572865	0.030489535183431095
73.5678391959799	0.03967413717758698
73.96984924623116	0.04554747895917554
74.37185929648241	0.04651446844082481
74.77386934673368	0.0428111731284162
75.17587939698493	0.03541434021183656
75.57788944723619	0.02673239111119453
75.97989949748744	0.02025760259639197
76.3819095477387	0.017836652936604462
76.78391959798995	0.017481116241792674
77.18592964824121	0.01517792247307
77.58793969849246	0.008807207565082777
77.98994974874373	0.00575564161132666
78.39195979899498	0.018064768008318764
78.79396984924624	0.032510483291177485
79.19597989949749	0.04552176931368923
79.59798994974875	0.054757377700286124
80.0	0.058840483944975
