0.0	0.01451871447528918
0.4020100502512563	0.014290472111545915
0.8040201005025126	0.011403713145492485
1.206030150753769	0.00684326541766136
1.6080402010050252	0.0026547784721833276
2.0100502512562817	0.005654384848983074
2.412060301507538	0.010067042412145644
2.814070351758794	0.012443882938953911
3.2160804020100504	0.012417812683876274
3.6180904522613067	0.009777972830804425
4.020100502512563	0.005103561545151047
4.42211055276382	0.0009624991618952226
4.824120603015076	0.007101416765436043
5.226130653266332	0.012219811978199668
5.628140703517588	0.015638086967402026
6.030150753768845	0.016769278126189696
6.432160804020101	0.015371745540947845
6.834170854271357	0.011768520850836402
7.236180904522613	0.007834276473938917
7.63819095477387	0.005867821848589643
8.040201005025127	0.007994864893188312
8.442211055276383	0.010467191808305656
8.84422110552764	0.011125094668080664
9.246231155778895	0.009331888481724294
9.648241206030152	0.00611185058223632
10.050251256281408	0.005116641322823107
10.452261306532664	0.009728617516895537
10.85427135678392	0.015770366028658927
11.256281407035177	0.0205112791615022
11.658291457286433	0.02324317597726689
12.06030150753769	0.023808084989365246
12.462311557788945	0.021929591928459773
12.864321608040202	0.01837299724216519
13.266331658291458	0.01485919001315388
13.668341708542714	0.011842309075002177
14.07035175879397	0.010415669276016708
14.472361809045227	0.009318821312751913
14.874371859296483	0.007679256451407733
15.27638190954774	0.005952587181200895
15.678391959798995	0.007151020601029826
16.080402010050253	0.011806961461563875
16.48241206030151	0.01736874422798291
16.884422110552766	0.022419850285394623
17.286432160804022	0.026020260088491703
17.68844221105528	0.027677025357541775
18.090452261306535	0.027736718147487648
18.49246231155779	0.02607886045041663
18.894472361809047	0.023646154287950055
19.296482412060303	0.021396764633161838
19.69849246231156	0.019365498546204115
20.100502512562816	0.017485156940844005
20.502512562814072	0.015630772837949013
20.90452261306533	0.015052947592840876
21.306532663316585	0.016821272890791533
21.70854271356784	0.021763550801806763
22.110552763819097	0.028090886872171872
22.512562814070353	0.03467229121019434
22.91457286432161	0.03988295702166014
23.316582914572866	0.04307657959874692
23.718592964824122	0.04380688351329466
24.12060301507538	0.0422260787276231
24.522613065326635	0.03892250937222329
24.92462311557789	0.03494814547791272
25.326633165829147	0.031006977963187583
25.728643216080403	0.028439424819840083
26.13065326633166	0.02753119046752655
26.532663316582916	0.029301088340092034
26.934673366834172	0.033610159962036215
27.33668341708543	0.03997816564976783
27.738693467336685	0.04741350663207438
28.14070351758794	0.05424898383579553
28.542713567839197	0.05949227989975914
28.944723618090453	0.06152691448140553
29.34673366834171	0.06048524841953824
29.748743718592966	0.05644810583549816
30.150753768844222	0.04972630936303346
30.55276381909548	0.041901071748773396
30.954773869346734	0.03476797949861073
31.35678391959799	0.029875499643341956
31.758793969849247	0.028210402298546176
32.16080402010051	0.030783509035659906
32.56281407035176	0.03610727889715101
32.96482412060302	0.04358782407974028
33.366834170854275	0.05177167273994343
33.76884422110553	0.059003907902352694
34.17085427135679	0.06394287045122463
34.572864321608044	0.06587049835471519
34.9748743718593	0.0649897340109112
35.37688442211056	0.06105715027145271
35.77889447236181	0.05537932863647912
36.18090452261307	0.0489089752110118
36.582914572864325	0.04251396920785171
36.98492462311558	0.03766554623710218
37.38693467336684	0.034875004120154984
37.788944723618094	0.03498968164469049
38.19095477386935	0.03809977882603227
38.59296482412061	0.0432163943430432
38.99497487437186	0.04966715911890844
39.39698492462312	0.05636355059552256
39.798994974874375	0.0626917799074932
40.20100502512563	0.06766989014346333
40.60301507537689	0.07076926864292674
41.005025125628144	0.07150173472634433
41.4070351758794	0.06973051895559498
41.80904522613066	0.06571356135285708
42.21105527638191	0.05993354903522339
42.61306532663317	0.05330775814460892
43.015075376884425	0.04666396489636787
43.41708542713568	0.04139640522385204
43.81909547738694	0.03825790957915779
44.221105527638194	0.03811446037247925
44.62311557788945	0.040936258940085554
45.02512562814071	0.046004184708582765
45.42713567839196	0.0526657945725566
45.82914572864322	0.06022222614665501
46.231155778894475	0.06711238210814607
46.63316582914573	0.07232173467704396
47.03517587939699	0.07494960909168047
47.437185929648244	0.07420802469205343
47.8391959798995	0.07019101647285313
48.24120603015076	0.0632653798560658
48.64321608040201	0.0547250595048477
49.04522613065327	0.04591933562535042
49.447236180904525	0.038419702685946445
49.84924623115578	0.033657742235523085
50.25125628140704	0.03229139897385559
50.653266331658294	0.03489598105966171
51.05527638190955	0.04076886562265903
51.45728643216081	0.0488818000806582
51.85929648241206	0.057753580301797516
52.26130653266332	0.06567859137532885
52.663316582914575	0.0714747312172844
53.06532663316583	0.07376319508738828
53.46733668341709	0.07244033291016364
53.869346733668344	0.06735821519101828
54.2713567839196	0.059850757926116584
54.67336683417086	0.05135014494066953
55.07537688442211	0.0432781879088885
55.47738693467337	0.03747077692752238
55.879396984924625	0.03459506382081331
56.28140703517588	0.035136817488885794
56.68341708542714	0.038443971367409194
57.085427135678394	0.04376985739064855
57.48743718592965	0.050692650559612876
57.88944723618091	0.05790364213307738
58.29145728643216	0.06445043251577841
58.69346733668342	0.0691229406175066
59.095477386934675	0.07080578027728213
59.49748743718593	0.06940735970851367
59.89949748743719	0.06511963968966734
60.301507537688444	0.058634349453776415
60.7035175879397	0.05099860851379086
61.10552763819096	0.043889909574837974
61.50753768844221	0.038485334006533437
61.90954773869347	0.03534091249279926
62.311557788944725	0.03498678068186632
62.71356783919598	0.037531898089273756
63.11557788944724	0.0425753560728158
63.517587939698494	0.049314604741559645
63.91959798994975	0.056649944563583944
64.32160804020101	0.06296390606979718
64.72361809045226	0.06700089527560898
65.12562814070353	0.0677737360221091
65.52763819095478	0.06540232629649458
65.92964824120604	0.060007045405337876
66.33165829145729	0.05280002310465602
66.73366834170855	0.04542426997654232
67.1356783919598	0.03898542027814318
67.53768844221106	0.034948927618853695
67.93969849246231	0.03413779625390653
68.34170854271358	0.03647804592166166
68.74371859296483	0.041851302852988284
69.14572864321609	0.049304423394464274
69.54773869346734	0.05722391895514343
69.9497487437186	0.06441210728609151
70.35175879396985	0.06955385544140621
70.75376884422111	0.07125594210418532
71.15577889447236	0.0694455541461054
71.55778894472363	0.06486403129032424
71.95979899497488	0.058070574524121524
72.36180904522614	0.05077063252806383
72.76381909547739	0.044397009452907046
73.16582914572865	0.039763987467928245
73.5678391959799	0.03775124268670366
73.96984924623116	0.03901461713342839
74.37185929648241	0.04279126925414505
74.77386934673368	0.048606697176847194
75.17587939698493	0.05540488155999649
75.57788944723619	0.06194230330132633
75.97989949748744	0.06678237813032045
76.3819095477387	0.0691332987043148
76.78391959798995	0.06842610554975052
77.18592964824121	0.06485898720047387
77.58793969849246	0.05930210152058133
77.98994974874373	0.05268233286353048
78.39195979899498	0.045922982018004696
78.79396984924624	0.04050933609154055
79.19597989949749	0.03740212773495742
79.59798994974875	0.03696879687292092
80.0	0.039121294177513574
