0.0	0.009776284890181845
0.4020100502512563	0.008965113732699573
0.8040201005025126	0.007324509060198307
1.206030150753769	0.006164605230146116
1.6080402010050252	0.006418406844651998
2.0100502512562817	0.007227126154488063
2.412060301507538	0.007772387121869885
2.814070351758794	0.0073714221892174385
3.2160804020100504	0.006044039031287733
3.6180904522613067	0.0036915111331346354
4.020100502512563	0.002286905801279506
4.42211055276382	0.00454354982382806
4.824120603015076	0.007839244431123351
5.226130653266332	0.010273134102861169
5.628140703517588	0.011849583360050422
6.030150753768845	0.01247596928538779
6.432160804020101	0.012247117357530844
6.834170854271357	0.011806918052080851
7.236180904522613	0.011270221426220764
7.63819095477387	0.010957455891984482
8.040201005025127	0.010576963229426075
8.442211055276383	0.009401453124586418
8.84422110552764	0.007571267256377143
9.246231155778895	0.005392823138114206
9.648241206030152	0.004812522564881087
10.050251256281408	0.007438249907828124
10.452261306532664	0.01137739431842544
10.85427135678392	0.015237471488024183
11.256281407035177	0.018317718388695628
11.658291457286433	0.020503107327644706
12.06030150753769	0.02166772477342364
12.462311557788945	0.021828995741752406
12.864321608040202	0.021116784975669167
13.266331658291458	0.019861140217275804
13.668341708542714	0.017807034841268995
14.07035175879397	0.015356631292389488
14.472361809045227	0.012295421905490529
14.874371859296483	0.009336455667522925
15.27638190954774	0.00730676792695122
15.678391959798995	0.0077869945985797415
16.080402010050253	0.010594623165257522
16.48241206030151	0.014239209286248925
16.884422110552766	0.0182380956734051
17.286432160804022	0.022431597465729047
17.68844221105528	0.02647115304341645
18.090452261306535	0.029774060192574975
18.49246231155779	0.031918762520586605
18.894472361809047	0.03223985652531305
19.296482412060303	0.030741321533506394
19.69849246231156	0.027168156063417166
20.100502512562816	0.022240040603721402
20.502512562814072	0.01713114674070792
20.90452261306533	0.013165156974233446
21.306532663316585	0.012050397386604312
21.70854271356784	0.0139116212507953
22.110552763819097	0.017459839577872376
22.512562814070353	0.021613597552425503
22.91457286432161	0.025945846441506708
23.316582914572866	0.03007691920351275
23.718592964824122	0.03347890954558578
24.12060301507538	0.03535014950629263
24.522613065326635	0.0354564934862852
24.92462311557789	0.033435170654678076
25.326633165829147	0.029385005196048843
25.728643216080403	0.024017473955802324
26.13065326633166	0.018451425246655186
26.532663316582916	0.01411803146631643
26.934673366834172	0.012803780831753157
27.33668341708543	0.01445144965818287
27.738693467336685	0.017679910243913816
28.14070351758794	0.02189385362868173
28.542713567839197	0.026951158228599885
28.944723618090453	0.032380554173439255
29.34673366834171	0.037345196976449446
29.748743718592966	0.040809256310021955
30.150753768844222	0.042264542072776204
30.55276381909548	0.04121540639100761
30.954773869346734	0.03808139044059277
31.35678391959799	0.03343305853018412
31.758793969849247	0.028823053648655207
32.16080402010051	0.02577672874591002
32.56281407035176	0.02480153630717835
32.96482412060302	0.025914338313691686
33.366834170854275	0.02818082466757622
33.76884422110553	0.03132499573752105
34.17085427135679	0.03527184696695866
34.572864321608044	0.03947987580942303
34.9748743718593	0.04387064712268811
35.37688442211056	0.04768045863214347
35.77889447236181	0.05012088763428021
36.18090452261307	0.050595608595658946
36.582914572864325	0.049586198236894384
36.98492462311558	0.047582155169030346
37.38693467336684	0.04536249017987724
37.788944723618094	0.04391458855989584
38.19095477386935	0.043928297926588214
38.59296482412061	0.04546190475555159
38.99497487437186	0.04847492331466054
39.39698492462312	0.05251518840437316
39.798994974874375	0.05701807403484512
40.20100502512563	0.06153606477168942
40.60301507537689	0.06515064429728977
41.005025125628144	0.06734482135614384
41.4070351758794	0.06751636428001764
41.80904522613066	0.06569916530480505
42.21105527638191	0.06211683081853829
42.61306532663317	0.05748394259673756
43.015075376884425	0.05267872164914626
43.41708542713568	0.04835373147912158
43.81909547738694	0.04571787467378119
44.221105527638194	0.04523427399656084
44.62311557788945	0.04698463992970878
45.02512562814071	0.05013868186348319
45.42713567839196	0.0542609074523568
45.82914572864322	0.05846259252655556
46.231155778894475	0.06217548336926791
46.63316582914573	0.0647172075062791
47.03517587939699	0.06559426386446413
47.437185929648244	0.06419979606906952
47.8391959798995	0.06093383175170003
48.24120603015076	0.055856341792791434
48.64321608040201	0.049919343386956166
49.04522613065327	0.044067188951339535
49.447236180904525	0.039247776401761816
49.84924623115578	0.03687754627420612
50.25125628140704	0.037101003335136634
50.653266331658294	0.040038641862450645
51.05527638190955	0.044630546670915414
51.45728643216081	0.05051106270262388
51.85929648241206	0.05641197583673572
52.26130653266332	0.06136164369287548
52.663316582914575	0.06475184211501864
53.06532663316583	0.06599754756167464
53.46733668341709	0.0647708050992083
53.869346733668344	0.061298276706014024
54.2713567839196	0.05610022789339529
54.67336683417086	0.05036377296521881
55.07537688442211	0.04514839402149827
55.47738693467337	0.041456314098119895
55.879396984924625	0.04062035459297656
56.28140703517588	0.042349206966803055
56.68341708542714	0.04637664287016443
57.085427135678394	0.051118548082547566
57.48743718592965	0.05592623086078117
57.88944723618091	0.060123888227798426
58.29145728643216	0.06327917682415234
58.69346733668342	0.0649897283540545
59.095477386934675	0.0656212652418258
59.49748743718593	0.06475701968174039
59.89949748743719	0.062435690714646205
60.301507537688444	0.05922523553923272
60.7035175879397	0.05528477327952548
61.10552763819096	0.05140680116470568
61.50753768844221	0.048620541621365476
61.90954773869347	0.04726787942307871
62.311557788944725	0.04783255187469031
62.71356783919598	0.04965416844306991
63.11557788944724	0.05271061918240376
63.517587939698494	0.05615005134438865
63.91959798994975	0.05982269401690837
64.32160804020101	0.06323626462801568
64.72361809045226	0.06566350732632673
65.12562814070353	0.06667705705449851
65.52763819095478	0.06597931064824554
65.92964824120604	0.06342780309546424
66.33165829145729	0.05905557159661619
66.73366834170855	0.053834294058780416
67.1356783919598	0.04873057883623981
67.53768844221106	0.04489034864154646
67.93969849246231	0.043307368589331936
68.34170854271358	0.04432900294665028
68.74371859296483	0.047311646324454636
69.14572864321609	0.05106524599533565
69.54773869346734	0.0549129209060325
69.9497487437186	0.0584778332356101
70.35175879396985	0.0612694632922662
70.75376884422111	0.06317971592458878
71.15577889447236	0.06426859498875889
71.55778894472363	0.06413273138290534
71.95979899497488	0.06214755775411901
72.36180904522614	0.05850113083411369
72.76381909547739	0.053705838541484974
73.16582914572865	0.048520823598553024
73.5678391959799	0.04443662176550865
73.96984924623116	0.04256845843934828
74.37185929648241	0.04340323874953144
74.77386934673368	0.04604964540261454
75.17587939698493	0.04950917939997963
75.57788944723619	0.05279699659238557
75.97989949748744	0.055886003748959766
76.3819095477387	0.058491351486720654
76.78391959798995	0.060106850070768214
77.18592964824121	0.060585624936667394
77.58793969849246	0.05934666976586752
77.98994974874373	0.05664084028406
78.39195979899498	0.052507896244507246
78.79396984924624	0.04798595976163102
79.19597989949749	0.04403250597149235
79.59798994974875	0.04178230872499987
80.0	0.04148037850814128
