0.0	0.017180720710454008
0.4020100502512563	0.014038524183026497
0.8040201005025126	0.00857030934724396
1.206030150753769	0.0016087721579073652
1.6080402010050252	0.005362936207329695
2.0100502512562817	0.011399056313420919
2.412060301507538	0.015037950593404839
2.814070351758794	0.015659897411740023
3.2160804020100504	0.013438595582748245
3.6180904522613067	0.00850569223820842
4.020100502512563	0.002264088997623763
4.42211055276382	0.005522355213569941
4.824120603015076	0.01145683968699072
5.226130653266332	0.015507557840714694
5.628140703517588	0.016893871618004933
6.030150753768845	0.015185058433285334
6.432160804020101	0.010758957239731819
6.834170854271357	0.004578628505613356
7.236180904522613	0.0025782369077392096
7.63819095477387	0.0089139268944157
8.040201005025127	0.013492543709756045
8.442211055276383	0.015292062626779939
8.84422110552764	0.014266495682018602
9.246231155778895	0.010428894510031168
9.648241206030152	0.00456181903645908
10.050251256281408	0.004331050077163653
10.452261306532664	0.010878827608722219
10.85427135678392	0.016676818435560455
11.256281407035177	0.019959060509743314
11.658291457286433	0.02030869214234373
12.06030150753769	0.018059549023925002
12.462311557788945	0.013500236550312439
12.864321608040202	0.007476364783734831
13.266331658291458	0.0018519160738650817
13.668341708542714	0.0034174333360383557
14.07035175879397	0.006298626046659352
14.472361809045227	0.006730249028223538
14.874371859296483	0.005803804147908357
15.27638190954774	0.00674713515114581
15.678391959798995	0.011163448980393573
16.080402010050253	0.01687025669808192
16.48241206030151	0.022052530589125714
16.884422110552766	0.02561966374040429
17.286432160804022	0.026824217830389317
17.68844221105528	0.02549711648954548
18.090452261306535	0.022209521995651526
18.49246231155779	0.01783178365869653
18.894472361809047	0.012940912150844665
19.296482412060303	0.008677573766332106
19.69849246231156	0.005675011977731426
20.100502512562816	0.004150549519988736
20.502512562814072	0.004438296467658068
20.90452261306533	0.007987331521029931
21.306532663316585	0.013643681160106641
21.70854271356784	0.020146393619424594
22.110552763819097	0.026682142296921556
22.512562814070353	0.03203832757976397
22.91457286432161	0.035664537596676114
23.316582914572866	0.036913460197972696
23.718592964824122	0.036065430003640854
24.12060301507538	0.033569865745754504
24.522613065326635	0.029883204526305652
24.92462311557789	0.02576495521224062
25.326633165829147	0.021982517321249423
25.728643216080403	0.018637308193894607
26.13065326633166	0.01609213373206261
26.532663316582916	0.015074010643307803
26.934673366834172	0.01651778016823821
27.33668341708543	0.020524570701136814
27.738693467336685	0.026137231691255904
28.14070351758794	0.0322832438302847
28.542713567839197	0.037664627213347776
28.944723618090453	0.0418421078036189
29.34673366834171	0.04407112406184634
29.748743718592966	0.04449198338957685
30.150753768844222	0.043864266312171066
30.55276381909548	0.04201435597666771
30.954773869346734	0.039825775596046095
31.35678391959799	0.0374348166464464
31.758793969849247	0.03510757908359683
32.16080402010051	0.033648593800380974
32.56281407035176	0.03345969282922738
32.96482412060302	0.035344730175618455
33.366834170854275	0.03899520907870671
33.76884422110553	0.044323023614350684
34.17085427135679	0.05029074837891412
34.572864321608044	0.056274294522380586
34.9748743718593	0.061426099294558556
35.37688442211056	0.06541437734923781
35.77889447236181	0.06789881170928005
36.18090452261307	0.06851322792534252
36.582914572864325	0.06760347269877727
36.98492462311558	0.06551985459291214
37.38693467336684	0.06244047956037817
37.788944723618094	0.05876670268106735
38.19095477386935	0.05497456986723258
38.59296482412061	0.05145537499494862
38.99497487437186	0.04857607454136348
39.39698492462312	0.0469498102872229
39.798994974874375	0.04670344879620715
40.20100502512563	0.04853073903892161
40.60301507537689	0.05224656058780086
41.005025125628144	0.05721117749266169
41.4070351758794	0.0628280596880221
41.80904522613066	0.06800962376331052
42.21105527638191	0.07163317383716719
42.61306532663317	0.0729347397358552
43.015075376884425	0.07128754688486577
43.41708542713568	0.06693256993668359
43.81909547738694	0.06043851445727551
44.221105527638194	0.05287518579295094
44.62311557788945	0.045591619301600134
45.02512562814071	0.039476717448526065
45.42713567839196	0.03586351092680115
45.82914572864322	0.03502794178862901
46.231155778894475	0.03757380912279015
46.63316582914573	0.0428766610231649
47.03517587939699	0.049287075740301736
47.437185929648244	0.05574564766363969
47.8391959798995	0.06066085215529843
48.24120603015076	0.06333172780715449
48.64321608040201	0.06353050946191453
49.04522613065327	0.0613859280556638
49.447236180904525	0.057372470590040345
49.84924623115578	0.05252860443083377
50.25125628140704	0.047323303539203984
50.653266331658294	0.04252567585341126
51.05527638190955	0.03871960000613663
51.45728643216081	0.036950814196598375
51.85929648241206	0.03706301501911617
52.26130653266332	0.039920376393455526
52.663316582914575	0.04488412249104594
53.06532663316583	0.050409820548500586
53.46733668341709	0.05575664927431652
53.869346733668344	0.06019581132919375
54.2713567839196	0.06292916896852851
54.67336683417086	0.06381522826123938
55.07537688442211	0.06289153473962913
55.47738693467337	0.06017492484720079
55.879396984924625	0.0561900820469484
56.28140703517588	0.05155646579344721
56.68341708542714	0.0470567407036035
57.085427135678394	0.04333768387899878
57.48743718592965	0.04149504782351417
57.88944723618091	0.042075167201557684
58.29145728643216	0.04525861334746999
58.69346733668342	0.05006013421745178
59.095477386934675	0.055436821117782954
59.49748743718593	0.059973672737895736
59.89949748743719	0.06343345584612155
60.301507537688444	0.06493765463489612
60.7035175879397	0.06467076005980894
61.10552763819096	0.06280103619266322
61.50753768844221	0.059423742028171724
61.90954773869347	0.05545400061667255
62.311557788944725	0.0507986333404968
62.71356783919598	0.0465556361098803
63.11557788944724	0.04352341412263755
63.517587939698494	0.04256312439251464
63.91959798994975	0.04426487070156372
64.32160804020101	0.04785496441218119
64.72361809045226	0.052634712814270235
65.12562814070353	0.057416305906416075
65.52763819095478	0.061402306007871846
65.92964824120604	0.06393127815753354
66.33165829145729	0.06496294622464381
66.73366834170855	0.06465130593889815
67.1356783919598	0.06338332102957348
67.53768844221106	0.06103165918024227
67.93969849246231	0.05815091913865293
68.34170854271358	0.054848630841153476
68.74371859296483	0.05147914777414606
69.14572864321609	0.04876127317807988
69.54773869346734	0.04712290050342643
69.9497487437186	0.04701202149018767
70.35175879396985	0.04870995344073137
70.75376884422111	0.051823529391267775
71.15577889447236	0.05565259267902711
71.55778894472363	0.0594635764205861
71.95979899497488	0.0628054697900893
72.36180904522614	0.0649402924102507
72.76381909547739	0.06586472120651234
73.16582914572865	0.06486878034530044
73.5678391959799	0.06231248936083844
73.96984924623116	0.058538844527153897
74.37185929648241	0.05410004938719607
74.77386934673368	0.04961829262338165
75.17587939698493	0.045875457492911734
75.57788944723619	0.04352303869998188
75.97989949748744	0.04334452868607553
76.3819095477387	0.04545963401182034
76.78391959798995	0.04934899374501743
77.18592964824121	0.05419117587835136
77.58793969849246	0.05876999729094268
77.98994974874373	0.06246657482309278
78.39195979899498	0.06451300445820278
78.79396984924624	0.06414376779229086
79.19597989949749	0.06216033750979183
79.59798994974875	0.05861109564916479
80.0	0.0542931796750857
