0.0	0.008637444410491192
0.4020100502512563	0.006530760457009786
0.8040201005025126	0.004713456948044601
1.206030150753769	0.005197135180229843
1.6080402010050252	0.006899043235516733
2.0100502512562817	0.008374383226521167
2.412060301507538	0.008779045612748311
2.814070351758794	0.007724431687841186
3.2160804020100504	0.005337316524704495
3.6180904522613067	0.0021423732700238144
4.020100502512563	0.0015199980973478688
4.42211055276382	0.0047356951342509765
4.824120603015076	0.007185332281162009
5.226130653266332	0.008516645229471195
5.628140703517588	0.008691008198940257
6.030150753768845	0.008404656987874041
6.432160804020101	0.0084587596166942
6.834170854271357	0.009652338225641753
7.236180904522613	0.011137297726747618
7.63819095477387	0.012791802208826471
8.040201005025127	0.013256345679995151
8.442211055276383	0.012476812925326628
8.84422110552764	0.0105912634680731
9.246231155778895	0.008021966334519282
9.648241206030152	0.006772849647106442
10.050251256281408	0.008407665325267207
10.452261306532664	0.011363359551757707
10.85427135678392	0.014299508780149827
11.256281407035177	0.016830451174910364
11.658291457286433	0.018818105366968076
12.06030150753769	0.02045568483197674
12.462311557788945	0.02218761977744035
12.864321608040202	0.0236964931017635
13.266331658291458	0.024688123847032947
13.668341708542714	0.025097918181340197
14.07035175879397	0.02511899460824526
14.472361809045227	0.02523425971467294
14.874371859296483	0.025912332992358067
15.27638190954774	0.02770643995042159
15.678391959798995	0.030222916009869722
16.080402010050253	0.032623241825232976
16.48241206030151	0.03467101723063826
16.884422110552766	0.03573601002262321
17.286432160804022	0.036376296305075315
17.68844221105528	0.03686737825948489
18.090452261306535	0.03785229933258677
18.49246231155779	0.03930173584487353
18.894472361809047	0.040286937153760506
19.296482412060303	0.04055193821949815
19.69849246231156	0.040677763916208864
20.100502512562816	0.04201739641100797
20.502512562814072	0.045783628011229344
20.90452261306533	0.05177017581102435
21.306532663316585	0.05844127360668603
21.70854271356784	0.06393045023169909
22.110552763819097	0.0673849520485202
22.512562814070353	0.06849675546696854
22.91457286432161	0.06756850206944223
23.316582914572866	0.06565965347489686
23.718592964824122	0.06302562881997867
24.12060301507538	0.060100318421738075
24.522613065326635	0.05716665985637692
24.92462311557789	0.05469919994354215
25.326633165829147	0.05358522117409807
25.728643216080403	0.05412621290536871
26.13065326633166	0.056604309950146744
26.532663316582916	0.06025960668418303
26.934673366834172	0.06442017222857102
27.33668341708543	0.06772692963341184
27.738693467336685	0.06968278336321318
28.14070351758794	0.0702279866505409
28.542713567839197	0.0692162727396022
28.944723618090453	0.06667816378035572
29.34673366834171	0.0633559916139465
29.748743718592966	0.05938127067351455
30.150753768844222	0.05502047616520178
30.55276381909548	0.05124474066340158
30.954773869346734	0.04831068729220202
31.35678391959799	0.046983741589020384
31.758793969849247	0.04733894680375778
32.16080402010051	0.04916251873294029
32.56281407035176	0.052330975518947144
32.96482412060302	0.05557974811209593
33.366834170854275	0.05831755243955854
33.76884422110553	0.06026145507863899
34.17085427135679	0.06082841988894483
34.572864321608044	0.05982695513955453
34.9748743718593	0.05768347123427514
35.37688442211056	0.05455563676768258
35.77889447236181	0.051113449040363954
36.18090452261307	0.04768679064902015
36.582914572864325	0.04534145198389345
36.98492462311558	0.044142931315919794
37.38693467336684	0.044670943214384994
37.788944723618094	0.04661722581110265
38.19095477386935	0.0494842024190296
38.59296482412061	0.0530093592329126
38.99497487437186	0.05629085998755643
39.39698492462312	0.05916549382870221
39.798994974874375	0.061308336798527006
40.20100502512563	0.06211512553192554
40.60301507537689	0.061813504134659955
41.005025125628144	0.060173614186285494
41.4070351758794	0.05749030768297133
41.80904522613066	0.05417342080037698
42.21105527638191	0.0508305219940531
42.61306532663317	0.04791305124338957
43.015075376884425	0.04601185764780751
43.41708542713568	0.04542637711678614
43.81909547738694	0.04631250867554258
44.221105527638194	0.048847163311220826
44.62311557788945	0.052661579279387895
45.02512562814071	0.05767204982339132
45.42713567839196	0.06221469529464816
45.82914572864322	0.06608561834583741
46.231155778894475	0.06807517914604763
46.63316582914573	0.06777804798274094
47.03517587939699	0.06480450698007705
47.437185929648244	0.06006676208526612
47.8391959798995	0.05403080143414979
48.24120603015076	0.04773855011093929
48.64321608040201	0.04245363736596449
49.04522613065327	0.03958889938590337
49.447236180904525	0.03940040481417838
49.84924623115578	0.042427671947850715
50.25125628140704	0.04763078347313816
50.653266331658294	0.05444970684456335
51.05527638190955	0.06136950934669877
51.45728643216081	0.06716778622668619
51.85929648241206	0.0704025600170396
52.26130653266332	0.07043272146891726
52.663316582914575	0.06729480283781876
53.06532663316583	0.061406594674270495
53.46733668341709	0.053889978870575075
53.869346733668344	0.04652649996983082
54.2713567839196	0.040683314682111824
54.67336683417086	0.03778147085567489
55.07537688442211	0.03862800734071874
55.47738693467337	0.04259778242906991
55.879396984924625	0.04925795849427216
56.28140703517588	0.056946078200532456
56.68341708542714	0.06443028494764656
57.085427135678394	0.07013743195789646
57.48743718592965	0.07295020567361479
57.88944723618091	0.07231072576226533
58.29145728643216	0.06849505158564034
58.69346733668342	0.06237561647523325
59.095477386934675	0.05517438731137827
59.49748743718593	0.04849153480052091
59.89949748743719	0.04370642238194394
60.301507537688444	0.041787248439427195
60.7035175879397	0.043164725445553546
61.10552763819096	0.046636696853294586
61.50753768844221	0.052034892586917944
61.90954773869347	0.057832486250619396
62.311557788944725	0.062992408786863
62.71356783919598	0.06672900785455564
63.11557788944724	0.06836183486402636
63.517587939698494	0.06779585032813323
63.91959798994975	0.06475537477929226
64.32160804020101	0.06032814610667168
64.72361809045226	0.05534345110890828
65.12562814070353	0.05066908699109464
65.52763819095478	0.0474303479311108
65.92964824120604	0.04591887015426502
66.33165829145729	0.046468349835818455
66.73366834170855	0.048878030625073864
67.1356783919598	0.052237373612648096
67.53768844221106	0.05617768726855441
67.93969849246231	0.05969341460197071
68.34170854271358	0.06241975469776153
68.74371859296483	0.06368743820571872
69.14572864321609	0.0634807201106021
69.54773869346734	0.06184677600021565
69.9497487437186	0.05907731354915392
70.35175879396985	0.05567583377683973
70.75376884422111	0.052250196647423176
71.15577889447236	0.049510791072924706
71.55778894472363	0.047999479518036146
71.95979899497488	0.047736483361181546
72.36180904522614	0.048816969827632936
72.76381909547739	0.050890740928050106
73.16582914572865	0.05337937042857599
73.5678391959799	0.055945708401391604
73.96984924623116	0.05800764612596143
74.37185929648241	0.05935186618590625
74.77386934673368	0.059785875583492576
75.17587939698493	0.05978517438116249
75.57788944723619	0.058676756978597686
75.97989949748744	0.05707583488581612
76.3819095477387	0.05493674331699629
76.78391959798995	0.05269527223486135
77.18592964824121	0.05048658108747386
77.58793969849246	0.04879131005697772
77.98994974874373	0.04784741007483291
78.39195979899498	0.047948556011319934
78.79396984924624	0.049141308752674404
79.19597989949749	0.05125844111627194
79.59798994974875	0.05381675030943407
80.0	0.05666163038223561
