0.0	0.02256779018793918
0.4020100502512563	0.023731525665629832
0.8040201005025126	0.0210902447346328
1.206030150753769	0.014934051380718027
1.6080402010050252	0.0066295647909801695
2.0100502512562817	0.0022571400697910158
2.412060301507538	0.009977010203282349
2.814070351758794	0.015071979298601865
3.2160804020100504	0.016570141216518976
3.6180904522613067	0.014040114303145714
4.020100502512563	0.00812699609895914
4.42211055276382	0.0008093816858066163
4.824120603015076	0.01022213322556602
5.226130653266332	0.018891866411294297
5.628140703517588	0.025400080090869488
6.030150753768845	0.028504071504436113
6.432160804020101	0.027548325632273114
6.834170854271357	0.022954505130739294
7.236180904522613	0.01565390362274238
7.63819095477387	0.007522141452238171
8.040201005025127	0.002211568090275751
8.442211055276383	0.006901804015883539
8.84422110552764	0.009338904441384127
9.246231155778895	0.00815278762861326
9.648241206030152	0.004046235706091654
10.050251256281408	0.005969041625406993
10.452261306532664	0.014607903737384225
10.85427135678392	0.023407322541129823
11.256281407035177	0.030539026980092872
11.658291457286433	0.03451003112912436
12.06030150753769	0.034812966864363595
12.462311557788945	0.03153531903734046
12.864321608040202	0.02531193177405594
13.266331658291458	0.01815203607680846
13.668341708542714	0.012930893376963282
14.07035175879397	0.012628197226150568
14.472361809045227	0.015212742771759121
14.874371859296483	0.016908163559062453
15.27638190954774	0.01649155165844287
15.678391959798995	0.01583340697426067
16.080402010050253	0.018556188972109235
16.48241206030151	0.02485628094136455
16.884422110552766	0.03246510410680756
17.286432160804022	0.03864105207285161
17.68844221105528	0.04212605237253585
18.090452261306535	0.04211246106286363
18.49246231155779	0.03900728751068863
18.894472361809047	0.03419803293715139
19.296482412060303	0.03031573457661344
19.69849246231156	0.029639748499418205
20.100502512562816	0.03203139872010201
20.502512562814072	0.035340361017109516
20.90452261306533	0.03808512994286635
21.306532663316585	0.03964860992015046
21.70854271356784	0.0406482840572187
22.110552763819097	0.042466483305202835
22.512562814070353	0.04582541493751601
22.91457286432161	0.04998917406147752
23.316582914572866	0.05345517986047667
23.718592964824122	0.055037282031250356
24.12060301507538	0.05410474169496417
24.522613065326635	0.05132976404461492
24.92462311557789	0.048599769730031335
25.326633165829147	0.048146263996539304
25.728643216080403	0.051171709900277806
26.13065326633166	0.05631476078806741
26.532663316582916	0.061832623871260074
26.934673366834172	0.06619766136910665
27.33668341708543	0.06919373244497164
27.738693467336685	0.07089613852433936
28.14070351758794	0.07230830930948752
28.542713567839197	0.07332257764936378
28.944723618090453	0.0736724050307339
29.34673366834171	0.07312344409118418
29.748743718592966	0.07114084476529828
30.150753768844222	0.06814738299233021
30.55276381909548	0.06472309836886926
30.954773869346734	0.062127007183946446
31.35678391959799	0.061184530096925406
31.758793969849247	0.06167306317245267
32.16080402010051	0.06328988080915714
32.56281407035176	0.06509825808904506
32.96482412060302	0.06656969484650826
33.366834170854275	0.06742939600525232
33.76884422110553	0.06794337560085512
34.17085427135679	0.06877360250036034
34.572864321608044	0.06917010586599431
34.9748743718593	0.06871042854026838
35.37688442211056	0.06708690076185
35.77889447236181	0.0640773898990232
36.18090452261307	0.060028018912540726
36.582914572864325	0.05569388384122355
36.98492462311558	0.052797727243326285
37.38693467336684	0.051638836118938505
37.788944723618094	0.052492980062153215
38.19095477386935	0.054721542238742
38.59296482412061	0.05742928016062697
38.99497487437186	0.059379315485993636
39.39698492462312	0.060687192553585366
39.798994974874375	0.061120218892319236
40.20100502512563	0.06048003156843442
40.60301507537689	0.059223554829415506
41.005025125628144	0.057581501374948926
41.4070351758794	0.05565418913804062
41.80904522613066	0.05341895069251669
42.21105527638191	0.05132297782504254
42.61306532663317	0.049868320681590333
43.015075376884425	0.04990231713370498
43.41708542713568	0.051683188449441066
43.81909547738694	0.054892052748944875
44.221105527638194	0.058246352961508076
44.62311557788945	0.06068985072390108
45.02512562814071	0.06181663285139979
45.42713567839196	0.06122728324911784
45.82914572864322	0.05928985091269675
46.231155778894475	0.056910626260219456
46.63316582914573	0.05500724715005153
47.03517587939699	0.054024233753982256
47.437185929648244	0.05382423525990711
47.8391959798995	0.053881104451937833
48.24120603015076	0.0539630305020351
48.64321608040201	0.05423389828204017
49.04522613065327	0.05507468920470854
49.447236180904525	0.056744397562771956
49.84924623115578	0.05905200582240826
50.25125628140704	0.06132879923595395
50.653266331658294	0.06248527698232008
51.05527638190955	0.06212994058253586
51.45728643216081	0.06011205870252001
51.85929648241206	0.056961074676166824
52.26130653266332	0.05385765580248336
52.663316582914575	0.051875810566833214
53.06532663316583	0.05123406717352989
53.46733668341709	0.05181278369610363
53.869346733668344	0.052434190458797734
54.2713567839196	0.05348267790598331
54.67336683417086	0.05461823097166144
55.07537688442211	0.05623236533382494
55.47738693467337	0.05857466089391322
55.879396984924625	0.061025757729756255
56.28140703517588	0.06269040857032483
56.68341708542714	0.06264513777179595
57.085427135678394	0.06076212400417337
57.48743718592965	0.057425759831045975
57.88944723618091	0.05357199357529453
58.29145728643216	0.05077196494384303
58.69346733668342	0.05002504497901489
59.095477386934675	0.05106178230076606
59.49748743718593	0.05319072066826308
59.89949748743719	0.055253008721022755
60.301507537688444	0.05668038260909517
60.7035175879397	0.05792905874249006
61.10552763819096	0.05956744496506886
61.50753768844221	0.06135471233636537
61.90954773869347	0.06302098648972693
62.311557788944725	0.06316624966179613
62.71356783919598	0.061876440705055505
63.11557788944724	0.058800625529477145
63.517587939698494	0.05484421058410781
63.91959798994975	0.05155994908413665
64.32160804020101	0.050012120009104176
64.72361809045226	0.05085622160975552
65.12562814070353	0.0530292471499195
65.52763819095478	0.05514805799396912
65.92964824120604	0.05682995565524106
66.33165829145729	0.05748977894585942
66.73366834170855	0.05822147356630798
67.1356783919598	0.05918653432825458
67.53768844221106	0.060513041385014045
67.93969849246231	0.06155892210773441
68.34170854271358	0.061672846753321
68.74371859296483	0.06047245058149011
69.14572864321609	0.05744251589970493
69.54773869346734	0.053870438028620904
69.9497487437186	0.050455880304161614
70.35175879396985	0.048936145697609894
70.75376884422111	0.04967373392788007
71.15577889447236	0.05159122382134845
71.55778894472363	0.053583705301997374
71.95979899497488	0.05489354478047044
72.36180904522614	0.05561592947805897
72.76381909547739	0.05643324999500081
73.16582914572865	0.05790393816961938
73.5678391959799	0.05980555860500726
73.96984924623116	0.06133017062910173
74.37185929648241	0.06175929892200292
74.77386934673368	0.0604309410851517
75.17587939698493	0.05755267221016095
75.57788944723619	0.05391936497325846
75.97989949748744	0.050481233868549205
76.3819095477387	0.04856624261971334
76.78391959798995	0.04822542177979276
77.18592964824121	0.049330644782856835
77.58793969849246	0.051071152907220974
77.98994974874373	0.052509888458215095
78.39195979899498	0.05411547943828378
78.79396984924624	0.056143748588317076
79.19597989949749	0.0582020035275184
79.59798994974875	0.06042827448653724
80.0	0.0619636507333482
