0.0	0.010746979795656529
0.4020100502512563	0.008159292298186424
0.8040201005025126	0.004265362982575605
1.206030150753769	0.001967016980168647
1.6080402010050252	0.005319523792987711
2.0100502512562817	0.008576495667706914
2.412060301507538	0.00986463241874146
2.814070351758794	0.009472785678860797
3.2160804020100504	0.007446916974740675
3.6180904522613067	0.0040178330948582065
4.020100502512563	0.00017264868273841755
4.42211055276382	0.004221877088165528
4.824120603015076	0.007514361705354096
5.226130653266332	0.009155790704892555
5.628140703517588	0.008985556960193982
6.030150753768845	0.007223767069872966
6.432160804020101	0.004357648436397315
6.834170854271357	0.0036568046066610014
7.236180904522613	0.006929004062222082
7.63819095477387	0.010389973763336953
8.040201005025127	0.01249700063936941
8.442211055276383	0.01301073459659276
8.84422110552764	0.011764330781139087
9.246231155778895	0.008802761626394956
9.648241206030152	0.005283397704748239
10.050251256281408	0.002787377683369654
10.452261306532664	0.004162125922397369
10.85427135678392	0.006149733686217534
11.256281407035177	0.006807866834337624
11.658291457286433	0.0062416630306077175
12.06030150753769	0.0055871557728070995
12.462311557788945	0.007270980822819265
12.864321608040202	0.010745700395996455
13.266331658291458	0.014631975514164192
13.668341708542714	0.017843795383908703
14.07035175879397	0.01966526838970658
14.472361809045227	0.019700504415897914
14.874371859296483	0.018296787657024582
15.27638190954774	0.015355610698180108
15.678391959798995	0.011741767055615344
16.080402010050253	0.00782041003352087
16.48241206030151	0.004433797462060805
16.884422110552766	0.0034135372118365885
17.286432160804022	0.005361242266442639
17.68844221105528	0.007677883912455122
18.090452261306535	0.010100246003499196
18.49246231155779	0.012633001680397563
18.894472361809047	0.015701143150823244
19.296482412060303	0.01923086083371544
19.69849246231156	0.02299198751906406
20.100502512562816	0.026058200950221943
20.502512562814072	0.02747804649960427
20.90452261306533	0.02711011660472294
21.306532663316585	0.024959578737741968
21.70854271356784	0.021222081084304647
22.110552763819097	0.017146628811109454
22.512562814070353	0.013645073389564704
22.91457286432161	0.011753997895659205
23.316582914572866	0.01168762118605873
23.718592964824122	0.012798286606752576
24.12060301507538	0.014855037924659267
24.522613065326635	0.017739107660228532
24.92462311557789	0.021263725735328913
25.326633165829147	0.025178699385851704
25.728643216080403	0.028617818440776377
26.13065326633166	0.031102588232431526
26.532663316582916	0.031756570550584035
26.934673366834172	0.030590073864212093
27.33668341708543	0.027515417578108804
27.738693467336685	0.02326329313672166
28.14070351758794	0.019098898430486372
28.542713567839197	0.016258069181186458
28.944723618090453	0.014845192703301893
29.34673366834171	0.014846784110178767
29.748743718592966	0.01626560045686496
30.150753768844222	0.01939528484233575
30.55276381909548	0.024188881736829308
30.954773869346734	0.029874484972630084
31.35678391959799	0.03586107991816403
31.758793969849247	0.040662748049853356
32.16080402010051	0.043574291844905334
32.56281407035176	0.04405215571086457
32.96482412060302	0.042387484559580205
33.366834170854275	0.03911122429109879
33.76884422110553	0.034716632311145385
34.17085427135679	0.030272298668917175
34.572864321608044	0.026881505824226864
34.9748743718593	0.02507598757665309
35.37688442211056	0.025159784569557624
35.77889447236181	0.02758261452701454
36.18090452261307	0.03212537300838043
36.582914572864325	0.038365744924227514
36.98492462311558	0.04572822790712153
37.38693467336684	0.05282970334760721
37.788944723618094	0.05864998337497233
38.19095477386935	0.06232345639593735
38.59296482412061	0.06339686708108758
38.99497487437186	0.062118912390954885
39.39698492462312	0.058754486230175894
39.798994974874375	0.054862373735241464
40.20100502512563	0.05140907567676027
40.60301507537689	0.04952990828387234
41.005025125628144	0.04960353398500031
41.4070351758794	0.05210009849940832
41.80904522613066	0.05588033323312591
42.21105527638191	0.06033016948097194
42.61306532663317	0.06439305525058156
43.015075376884425	0.06711007221191936
43.41708542713568	0.06798964973772648
43.81909547738694	0.06699076060799623
44.221105527638194	0.06469001690304689
44.62311557788945	0.061515960592982165
45.02512562814071	0.05843617549905793
45.42713567839196	0.055957138675303664
45.82914572864322	0.05441955899594131
46.231155778894475	0.05380418403283804
46.63316582914573	0.054375237525965826
47.03517587939699	0.05555225404003418
47.437185929648244	0.05733151618348805
47.8391959798995	0.0590867483088978
48.24120603015076	0.060473695895852844
48.64321608040201	0.06128049143024002
49.04522613065327	0.06108349214428366
49.447236180904525	0.06019939395370825
49.84924623115578	0.05873589610381026
50.25125628140704	0.057142329026946236
50.653266331658294	0.05550687112281416
51.05527638190955	0.05380607423074407
51.45728643216081	0.052124639089358105
51.85929648241206	0.05069191470505885
52.26130653266332	0.04977860382709105
52.663316582914575	0.04991300871575503
53.06532663316583	0.05087097293999332
53.46733668341709	0.05268992902728553
53.869346733668344	0.05468821180898784
54.2713567839196	0.05620514408064312
54.67336683417086	0.057486307652990565
55.07537688442211	0.057763178520691794
55.47738693467337	0.05724590359473584
55.879396984924625	0.056446639011132706
56.28140703517588	0.05519650527836192
56.68341708542714	0.05378904497973117
57.085427135678394	0.052238220623550824
57.48743718592965	0.05084610230793707
57.88944723618091	0.049868215601628615
58.29145728643216	0.049536211931190816
58.69346733668342	0.049842174147108446
59.095477386934675	0.05105522548259672
59.49748743718593	0.053066175919149104
59.89949748743719	0.05496631170977469
60.301507537688444	0.05672922255749037
60.7035175879397	0.05791274055498592
61.10552763819096	0.058510037130168426
61.50753768844221	0.05843594890469069
61.90954773869347	0.05732410066722421
62.311557788944725	0.05563681917694667
62.71356783919598	0.053709173189743956
63.11557788944724	0.05145803074213491
63.517587939698494	0.04931063187228847
63.91959798994975	0.047732844261148294
64.32160804020101	0.04701827093552375
64.72361809045226	0.047160045268643105
65.12562814070353	0.04818208810510362
65.52763819095478	0.05021571328933415
65.92964824120604	0.052306257503855924
66.33165829145729	0.05433456445481192
66.73366834170855	0.0559635038836319
67.1356783919598	0.05689057817477246
67.53768844221106	0.056881736706839346
67.93969849246231	0.055645328001812155
68.34170854271358	0.053587468962187426
68.74371859296483	0.050810794454473895
69.14572864321609	0.04796407618802487
69.54773869346734	0.04549717795187759
69.9497487437186	0.044236099074486356
70.35175879396985	0.04437151583061383
70.75376884422111	0.04607346553202131
71.15577889447236	0.049223921304708
71.55778894472363	0.052589350741783794
71.95979899497488	0.05610336262822323
72.36180904522614	0.05881802847374172
72.76381909547739	0.06019483618120379
73.16582914572865	0.06009720756758108
73.5678391959799	0.05850762389291923
73.96984924623116	0.05576342033522558
74.37185929648241	0.052823874381850634
74.77386934673368	0.0500592361366064
75.17587939698493	0.04773066076682318
75.57788944723619	0.046497360008846834
75.97989949748744	0.04643606370543988
76.3819095477387	0.04736834818571756
76.78391959798995	0.049183734849481096
77.18592964824121	0.051340602896475816
77.58793969849246	0.05327612785009722
77.98994974874373	0.05445905439768791
78.39195979899498	0.054753036137361336
78.79396984924624	0.05396935598200364
79.19597989949749	0.05252508248938771
79.59798994974875	0.05061431525047179
80.0	0.049200892918888864
