0.0	0.014817691879452657
0.4020100502512563	0.014277361422693674
0.8040201005025126	0.011453532672478348
1.206030150753769	0.00705087900746392
1.6080402010050252	0.0027950673526042913
2.0100502512562817	0.005002027706943003
2.412060301507538	0.008940032050398034
2.814070351758794	0.011040481216962118
3.2160804020100504	0.0108509430668407
3.6180904522613067	0.008521458647243341
4.020100502512563	0.004675497226650806
4.42211055276382	0.0037828225288877534
4.824120603015076	0.008296712892544533
5.226130653266332	0.01270179099620231
5.628140703517588	0.015220116143922022
6.030150753768845	0.01577631845711967
6.432160804020101	0.013966417350403288
6.834170854271357	0.010053705014250899
7.236180904522613	0.0054665402326399505
7.63819095477387	0.0030737711088772842
8.040201005025127	0.0060816362082181195
8.442211055276383	0.008560752585641897
8.84422110552764	0.009186789947450234
9.246231155778895	0.007315508486203321
9.648241206030152	0.0033651196668475205
10.050251256281408	0.0030834963050465833
10.452261306532664	0.008576870268265022
10.85427135678392	0.013690158392397896
11.256281407035177	0.017349325509991576
11.658291457286433	0.018674679401360122
12.06030150753769	0.0178669115577234
12.462311557788945	0.014897714023754786
12.864321608040202	0.010900348392983015
13.266331658291458	0.007514177752747375
13.668341708542714	0.007117529804869819
14.07035175879397	0.008905733936453638
14.472361809045227	0.010106439644428013
14.874371859296483	0.009526919122050203
15.27638190954774	0.007367867210023607
15.678391959798995	0.0059437417244375575
16.080402010050253	0.008595243342699618
16.48241206030151	0.01389396052467399
16.884422110552766	0.01868731922289065
17.286432160804022	0.022169986667084706
17.68844221105528	0.023567167810860472
18.090452261306535	0.022861179315135212
18.49246231155779	0.020787488396932882
18.894472361809047	0.018528185084683724
19.296482412060303	0.017816015763294467
19.69849246231156	0.01937916753592198
20.100502512562816	0.021616834791606046
20.502512562814072	0.02324354242660992
20.90452261306533	0.023639657363334014
21.306532663316585	0.023013921799004956
21.70854271356784	0.02262915837199845
22.110552763819097	0.023450270885441996
22.512562814070353	0.025074834664467867
22.91457286432161	0.02695868292364124
23.316582914572866	0.027999819280641675
23.718592964824122	0.02791881854669767
24.12060301507538	0.026956156816152942
24.522613065326635	0.026491217554825208
24.92462311557789	0.027337318694009304
25.326633165829147	0.029777876191513102
25.728643216080403	0.03293018248463793
26.13065326633166	0.035870432661010115
26.532663316582916	0.03761488289903579
26.934673366834172	0.038305488450130876
27.33668341708543	0.038117589243579025
27.738693467336685	0.03787228535786151
28.14070351758794	0.03753803850365322
28.542713567839197	0.03736869412163347
28.944723618090453	0.037272576499314765
29.34673366834171	0.03757250913659428
29.748743718592966	0.038351680691563875
30.150753768844222	0.0401673714433208
30.55276381909548	0.04316849503308383
30.954773869346734	0.04696448077770947
31.35678391959799	0.05084000071337365
31.758793969849247	0.05438355704780919
32.16080402010051	0.05699115256019206
32.56281407035176	0.058350112836691906
32.96482412060302	0.05892087934667687
33.366834170854275	0.058969060905327574
33.76884422110553	0.059081520487652826
34.17085427135679	0.05913951465352742
34.572864321608044	0.05976323409426667
34.9748743718593	0.06060054218917319
35.37688442211056	0.061830956611605425
35.77889447236181	0.06352248138506086
36.18090452261307	0.06565154380904203
36.582914572864325	0.06765237351487617
36.98492462311558	0.06918582725924027
37.38693467336684	0.0698695804617123
37.788944723618094	0.06953665040863186
38.19095477386935	0.0677532861536068
38.59296482412061	0.06520063878584068
38.99497487437186	0.06258648195521888
39.39698492462312	0.060269923291871606
39.798994974874375	0.05891878175542582
40.20100502512563	0.05908010652910872
40.60301507537689	0.06043380118644581
41.005025125628144	0.062087959991451724
41.4070351758794	0.06366919203600215
41.80904522613066	0.0641117050807445
42.21105527638191	0.06323945071755728
42.61306532663317	0.06092719417537924
43.015075376884425	0.0577141635558193
43.41708542713568	0.054136744059814744
43.81909547738694	0.05096353891813776
44.221105527638194	0.04832210375519664
44.62311557788945	0.0462473059712424
45.02512562814071	0.044375286436038476
45.42713567839196	0.04269746799472036
45.82914572864322	0.04169432939111499
46.231155778894475	0.04141183965025815
46.63316582914573	0.04188597612720947
47.03517587939699	0.042756438077597804
47.437185929648244	0.043361782451820895
47.8391959798995	0.04324337168162675
48.24120603015076	0.04252168536371117
48.64321608040201	0.04153509588749049
49.04522613065327	0.0412045046885115
49.447236180904525	0.04151970203297988
49.84924623115578	0.04294392241377519
50.25125628140704	0.04444752344945832
50.653266331658294	0.04594170372471003
51.05527638190955	0.04699240246872461
51.45728643216081	0.04788567796270992
51.85929648241206	0.04861954488469475
52.26130653266332	0.04955193505945227
52.663316582914575	0.0505597934644433
53.06532663316583	0.051857660451203026
53.46733668341709	0.05290231126636367
53.869346733668344	0.05397373891332361
54.2713567839196	0.05520169329983017
54.67336683417086	0.056714328824003846
55.07537688442211	0.05822262129198121
55.47738693467337	0.05948390456065835
55.879396984924625	0.0606001470896675
56.28140703517588	0.060535945338206144
56.68341708542714	0.059196674923824875
57.085427135678394	0.056711339153539694
57.48743718592965	0.053935950881733384
57.88944723618091	0.05156684434831508
58.29145728643216	0.05068135398617805
58.69346733668342	0.05135247286415705
59.095477386934675	0.053725129994237605
59.49748743718593	0.05712791729256338
59.89949748743719	0.06114254205950616
60.301507537688444	0.0650500928833864
60.7035175879397	0.06782493183592732
61.10552763819096	0.06861195357864452
61.50753768844221	0.06756991404315879
61.90954773869347	0.0643294134834866
62.311557788944725	0.05942575237673222
62.71356783919598	0.05394325288509032
63.11557788944724	0.04884524885979978
63.517587939698494	0.04477505281873906
63.91959798994975	0.04278140882134101
64.32160804020101	0.04329531116758121
64.72361809045226	0.04590192773768219
65.12562814070353	0.04982946787397922
65.52763819095478	0.05416000853100652
65.92964824120604	0.057885575376860884
66.33165829145729	0.060175310991684994
66.73366834170855	0.060700312795581135
67.1356783919598	0.05933205484613382
67.53768844221106	0.05646960726180365
67.93969849246231	0.052241212443296006
68.34170854271358	0.04775131919419393
68.74371859296483	0.04367857914407608
69.14572864321609	0.040382851941973094
69.54773869346734	0.03838002540455821
69.9497487437186	0.03820971512717654
70.35175879396985	0.03987729086157451
70.75376884422111	0.043130481291664954
71.15577889447236	0.047189759502588524
71.55778894472363	0.05138834110215772
71.95979899497488	0.054656240347899634
72.36180904522614	0.05664127737108069
72.76381909547739	0.056646545676461255
73.16582914572865	0.05544477860616952
73.5678391959799	0.05286370752167591
73.96984924623116	0.04996852417277067
74.37185929648241	0.046603489210779406
74.77386934673368	0.043563437541220676
75.17587939698493	0.04105440629942276
75.57788944723619	0.03957940525169217
75.97989949748744	0.03959388407851913
76.3819095477387	0.04152354302174073
76.78391959798995	0.04491533444061739
77.18592964824121	0.04881853049864898
77.58793969849246	0.052323605481488164
77.98994974874373	0.05499354407599931
78.39195979899498	0.05588132951451839
78.79396984924624	0.055506046653866624
79.19597989949749	0.054288818877332334
79.59798994974875	0.05226664008913223
80.0	0.05006393313910712
