0.0	0.012168053307329084
0.4020100502512563	0.004574757208363798
0.8040201005025126	0.005204182765159002
1.206030150753769	0.012901125192061432
1.6080402010050252	0.018557517851556758
2.0100502512562817	0.021136948843716228
2.412060301507538	0.02019079499511294
2.814070351758794	0.016366874380083794
3.2160804020100504	0.01055923832073892
3.6180904522613067	0.00454837393645613
4.020100502512563	0.0004305073377327345
4.42211055276382	0.0024970324808711803
4.824120603015076	0.00238811101306579
5.226130653266332	0.0060394570307121176
5.628140703517588	0.014023200507696662
6.030150753768845	0.023849754773121113
6.432160804020101	0.03371324235312802
6.834170854271357	0.04230915993477282
7.236180904522613	0.04792592710347229
7.63819095477387	0.050337071531129096
8.040201005025127	0.049563804267229186
8.442211055276383	0.046622435654739704
8.84422110552764	0.04276753373128814
9.246231155778895	0.040134948091647984
9.648241206030152	0.039774921986471104
10.050251256281408	0.04290962633356153
10.452261306532664	0.04972566022328333
10.85427135678392	0.05931734567447455
11.256281407035177	0.07067836029262421
11.658291457286433	0.08155107022706819
12.06030150753769	0.0900621325229695
12.462311557788945	0.09456165680197157
12.864321608040202	0.09500911902914573
13.266331658291458	0.09173646991163845
13.668341708542714	0.08689601299264416
14.07035175879397	0.08225279319672596
14.472361809045227	0.08010001962365496
14.874371859296483	0.08166642680642133
15.27638190954774	0.0873045028051368
15.678391959798995	0.09753705447344842
16.080402010050253	0.1113021147108069
16.48241206030151	0.1269459749940511
16.884422110552766	0.1425573031115866
17.286432160804022	0.15590234951619844
17.68844221105528	0.16548888517333096
18.090452261306535	0.16982506359498534
18.49246231155779	0.16829337131194316
18.894472361809047	0.16087124331159858
19.296482412060303	0.14864230550460608
19.69849246231156	0.1338270580770727
20.100502512562816	0.11979997890856675
20.502512562814072	0.10994854755635412
20.90452261306533	0.10658831902888848
21.306532663316585	0.10993596675951131
21.70854271356784	0.11891113983740079
22.110552763819097	0.13078715340460934
22.512562814070353	0.14283181230121988
22.91457286432161	0.15240127761040395
23.316582914572866	0.1574885250134932
23.718592964824122	0.15612570828074107
24.12060301507538	0.1481639362537626
24.522613065326635	0.13421363044192403
24.92462311557789	0.11658946156568803
25.326633165829147	0.09917297034845268
25.728643216080403	0.08655226499809118
26.13065326633166	0.08155110214274236
26.532663316582916	0.08329806371307844
26.934673366834172	0.08910344143881341
27.33668341708543	0.09771531977111221
27.738693467336685	0.10791431654226957
28.14070351758794	0.11917367787581364
28.542713567839197	0.12964020508765287
28.944723618090453	0.13702043621500168
29.34673366834171	0.1392524360275302
29.748743718592966	0.1354676508357436
30.150753768844222	0.12666255109109742
30.55276381909548	0.11413195831838233
30.954773869346734	0.100973305603002
31.35678391959799	0.09079977498683983
31.758793969849247	0.08578750477097338
32.16080402010051	0.08709247022769848
32.56281407035176	0.09346762475656549
32.96482412060302	0.10329902060529983
33.366834170854275	0.11539922194441372
33.76884422110553	0.128226273219611
34.17085427135679	0.14003683799687397
34.572864321608044	0.14901384134284024
34.9748743718593	0.15305451653326632
35.37688442211056	0.15095287918509356
35.77889447236181	0.14274907216121963
36.18090452261307	0.12963427027965785
36.582914572864325	0.11514299114026723
36.98492462311558	0.10306073707666377
37.38693467336684	0.09699387577899977
37.788944723618094	0.09869823609116932
38.19095477386935	0.10607229813865215
38.59296482412061	0.11724766189967313
38.99497487437186	0.13026948224879517
39.39698492462312	0.14271786643081205
39.798994974874375	0.152675506298888
40.20100502512563	0.15827633710582817
40.60301507537689	0.15824582480579424
41.005025125628144	0.15224278878369046
41.4070351758794	0.1410518863986357
41.80904522613066	0.12632439349234237
42.21105527638191	0.11070836034077496
42.61306532663317	0.09821658657247645
43.015075376884425	0.09251796926118366
43.41708542713568	0.0952343104246363
43.81909547738694	0.10452065774039536
44.221105527638194	0.11700621725521214
44.62311557788945	0.12933955331426805
45.02512562814071	0.14004725377431426
45.42713567839196	0.1475068273520808
45.82914572864322	0.1510024615161966
46.231155778894475	0.14962562467142457
46.63316582914573	0.14350515964215105
47.03517587939699	0.13276299103740316
47.437185929648244	0.11911936369875989
47.8391959798995	0.10496658792456667
48.24120603015076	0.0935511156893406
48.64321608040201	0.08815356960695966
49.04522613065327	0.0905454415855309
49.447236180904525	0.09962675445702443
49.84924623115578	0.11286501680395138
50.25125628140704	0.12736812343349618
50.653266331658294	0.14108427533868878
51.05527638190955	0.15221496378189608
51.45728643216081	0.1586220323824083
51.85929648241206	0.15872113341230754
52.26130653266332	0.15238485152256778
52.663316582914575	0.1405869176220691
53.06532663316583	0.1252118822175347
53.46733668341709	0.10935621793961996
53.869346733668344	0.09632905609555162
54.2713567839196	0.0892004300461087
54.67336683417086	0.09017169066803407
55.07537688442211	0.09865034196056996
55.47738693467337	0.11188594863190855
55.879396984924625	0.12678104999785184
56.28140703517588	0.14025396384738167
56.68341708542714	0.1501178128804151
57.085427135678394	0.1547959733039116
57.48743718592965	0.15385780355076148
57.88944723618091	0.14751527749517857
58.29145728643216	0.13718779168514939
58.69346733668342	0.12422248314437154
59.095477386934675	0.11074967412493948
59.49748743718593	0.09905823097368557
59.89949748743719	0.09133373657114928
60.301507537688444	0.08972754845529646
60.7035175879397	0.09514564202081355
61.10552763819096	0.10600643993999229
61.50753768844221	0.11951297789218754
61.90954773869347	0.13302810370775767
62.311557788944725	0.1437663395346243
62.71356783919598	0.1503798045455089
63.11557788944724	0.1517589378444831
63.517587939698494	0.14781650322837978
63.91959798994975	0.13964810778880143
64.32160804020101	0.12878358412600543
64.72361809045226	0.11641692740693899
65.12562814070353	0.10448575262761048
65.52763819095478	0.09475572678210427
65.92964824120604	0.08986667586258462
66.33165829145729	0.09267099787359825
66.73366834170855	0.10282745141391232
67.1356783919598	0.11722804257806556
67.53768844221106	0.1316431501551342
67.93969849246231	0.1426453273786385
68.34170854271358	0.14796238182392438
68.74371859296483	0.14719088717826578
69.14572864321609	0.14132575359144992
69.54773869346734	0.13230677079340059
69.9497487437186	0.12232556035113884
70.35175879396985	0.11300653166797658
70.75376884422111	0.1049146901013321
71.15577889447236	0.09887125636822615
71.55778894472363	0.09588493616664825
71.95979899497488	0.0984028903799806
72.36180904522614	0.10698837516358894
72.76381909547739	0.12018677432608929
73.16582914572865	0.1337093345178444
73.5678391959799	0.14418949652590457
73.96984924623116	0.14924338646207802
74.37185929648241	0.14851071686184653
74.77386934673368	0.14343474748565158
75.17587939698493	0.13612575138568467
75.57788944723619	0.12859636326911789
75.97989949748744	0.12183437237351598
76.3819095477387	0.11583804779045088
76.78391959798995	0.11094955213717614
77.18592964824121	0.10801756464703113
77.58793969849246	0.10904629650011007
77.98994974874373	0.11479498804274768
78.39195979899498	0.12339665499024872
78.79396984924624	0.13222613715357767
79.19597989949749	0.13863863209067095
79.59798994974875	0.14170615656214064
80.0	0.14112724478854993
