0.0	0.00620886180311053
0.4020100502512563	0.0043631391607186045
0.8040201005025126	0.002678403212087487
1.206030150753769	0.0030955234439474523
1.6080402010050252	0.005014722113445352
2.0100502512562817	0.006268552147519859
2.412060301507538	0.006780088503935848
2.814070351758794	0.005863932866129339
3.2160804020100504	0.004407662743526398
3.6180904522613067	0.0025149690246752325
4.020100502512563	0.0023397036565979694
4.42211055276382	0.0036815051846672392
4.824120603015076	0.004919725480367003
5.226130653266332	0.005435448954862628
5.628140703517588	0.004804240997568109
6.030150753768845	0.003627945535867057
6.432160804020101	0.0029172158188574856
6.834170854271357	0.00447233648560562
7.236180904522613	0.0066463950466139985
7.63819095477387	0.008467305436402138
8.040201005025127	0.009385109212209206
8.442211055276383	0.009080087442806103
8.84422110552764	0.007888117666953376
9.246231155778895	0.005860047790265367
9.648241206030152	0.003368727362164793
10.050251256281408	0.0009363316314470142
10.452261306532664	0.001155945450256058
10.85427135678392	0.0025799702540867625
11.256281407035177	0.003561048146452423
11.658291457286433	0.0045334049353680395
12.06030150753769	0.0060989691713610045
12.462311557788945	0.008394102592091762
12.864321608040202	0.010931722018735152
13.266331658291458	0.01297786757079295
13.668341708542714	0.014338808224389623
14.07035175879397	0.014938464938589576
14.472361809045227	0.014339454826741482
14.874371859296483	0.013375746280223571
15.27638190954774	0.012489613156826262
15.678391959798995	0.012643010555033918
16.080402010050253	0.013960068471207884
16.48241206030151	0.015758796029221096
16.884422110552766	0.017712829887825972
17.286432160804022	0.01931720282652595
17.68844221105528	0.020129714753479022
18.090452261306535	0.020439197903507504
18.49246231155779	0.020225242165341904
18.894472361809047	0.019709648564424843
19.296482412060303	0.01941459143226714
19.69849246231156	0.019883815337418027
20.100502512562816	0.02031936123200074
20.502512562814072	0.020021677872963897
20.90452261306533	0.01884840994721819
21.306532663316585	0.017184568197221625
21.70854271356784	0.01675155690812593
22.110552763819097	0.019466928840675704
22.512562814070353	0.02418751221002169
22.91457286432161	0.02906996122503904
23.316582914572866	0.03235124090581229
23.718592964824122	0.033457067726877995
24.12060301507538	0.03260455711070185
24.522613065326635	0.030621314940969802
24.92462311557789	0.028849385476985623
25.326633165829147	0.02806006799259722
25.728643216080403	0.028437281130277724
26.13065326633166	0.028885415985895013
26.532663316582916	0.02822256066778887
26.934673366834172	0.02602821084216152
27.33668341708543	0.02338649476248599
27.738693467336685	0.022166691981093153
28.14070351758794	0.023732236691425025
28.542713567839197	0.027052097033146504
28.944723618090453	0.03045593013523506
29.34673366834171	0.032153986261930126
29.748743718592966	0.03197737116183823
30.150753768844222	0.030753846443342576
30.55276381909548	0.02996102412027101
30.954773869346734	0.030704341720249363
31.35678391959799	0.03257536303175938
31.758793969849247	0.03402416607628932
32.16080402010051	0.03409508649457163
32.56281407035176	0.03254456988055866
32.96482412060302	0.030207135608132346
33.366834170854275	0.02914139270342169
33.76884422110553	0.030970694384711856
34.17085427135679	0.03495686599691284
34.572864321608044	0.03933555571256555
34.9748743718593	0.04242448246223695
35.37688442211056	0.04391559195994328
35.77889447236181	0.044238234855643245
36.18090452261307	0.04412885326689769
36.582914572864325	0.04428871759921567
36.98492462311558	0.044806780941433644
37.38693467336684	0.04526597265399597
37.788944723618094	0.04554442830700312
38.19095477386935	0.045389158490193496
38.59296482412061	0.045099810849681905
38.99497487437186	0.045796643765595745
39.39698492462312	0.048145708014355755
39.798994974874375	0.05186849059281974
40.20100502512563	0.05674004822966481
40.60301507537689	0.061564771228655835
41.005025125628144	0.06553884458874396
41.4070351758794	0.06788904061151216
41.80904522613066	0.06823509603708401
42.21105527638191	0.06591534112663178
42.61306532663317	0.06114886138674119
43.015075376884425	0.0547982594149289
43.41708542713568	0.04826386401809343
43.81909547738694	0.04309095113981436
44.221105527638194	0.039905617898139296
44.62311557788945	0.039470094246597164
45.02512562814071	0.0423664642225069
45.42713567839196	0.04836705623160617
45.82914572864322	0.05621944643442066
46.231155778894475	0.06427206673133168
46.63316582914573	0.07038184229166139
47.03517587939699	0.0734772606177477
47.437185929648244	0.07257345451381117
47.8391959798995	0.06804596470848345
48.24120603015076	0.06051191006175967
48.64321608040201	0.051457549160856465
49.04522613065327	0.042010431431858966
49.447236180904525	0.0341939677877561
49.84924623115578	0.028861614330532664
50.25125628140704	0.026572635864158294
50.653266331658294	0.027267595978981686
51.05527638190955	0.030745060417160613
51.45728643216081	0.03698680720893346
51.85929648241206	0.04505833525096108
52.26130653266332	0.053759320505784726
52.663316582914575	0.061059056151113435
53.06532663316583	0.06565659613489018
53.46733668341709	0.06675063708826103
53.869346733668344	0.06404497755011564
54.2713567839196	0.05817210199933318
54.67336683417086	0.050321983832933
55.07537688442211	0.04249249301495593
55.47738693467337	0.03617334695507945
55.879396984924625	0.032571801124835945
56.28140703517588	0.03206212796131896
56.68341708542714	0.034654078815548675
57.085427135678394	0.03996462913179055
57.48743718592965	0.04717981963117275
57.88944723618091	0.054732251345152874
58.29145728643216	0.061400184622986444
58.69346733668342	0.0659907204554303
59.095477386934675	0.06768295544463855
59.49748743718593	0.06656349950133003
59.89949748743719	0.06307952159711452
60.301507537688444	0.05793922297993311
60.7035175879397	0.05218811558671649
61.10552763819096	0.04700096034788363
61.50753768844221	0.04324473022332333
61.90954773869347	0.04170588454610127
62.311557788944725	0.04176587429449084
62.71356783919598	0.043276457187078954
63.11557788944724	0.046146552187592935
63.517587939698494	0.05061185471076666
63.91959798994975	0.055798871776234826
64.32160804020101	0.060987716537010975
64.72361809045226	0.0649745229959057
65.12562814070353	0.06664442954269666
65.52763819095478	0.06576268819813387
65.92964824120604	0.062285056262486246
66.33165829145729	0.057040758775672204
66.73366834170855	0.051112869673855046
67.1356783919598	0.045830349486100506
67.53768844221106	0.04172724720827508
67.93969849246231	0.03922303933668867
68.34170854271358	0.038337594656086244
68.74371859296483	0.03917665050119651
69.14572864321609	0.04210025006267738
69.54773869346734	0.04673119832647055
69.9497487437186	0.05237039771904153
70.35175879396985	0.05746462875902031
70.75376884422111	0.061083519793154226
71.15577889447236	0.06285061169068959
71.55778894472363	0.06187643852384565
71.95979899497488	0.058628769207868615
72.36180904522614	0.053700343760775905
72.76381909547739	0.0482961129586332
73.16582914572865	0.04313002080967785
73.5678391959799	0.03943971748983345
73.96984924623116	0.03724235020486626
74.37185929648241	0.036399223831769884
74.77386934673368	0.03768824737345401
75.17587939698493	0.04067108220541829
75.57788944723619	0.045433889222061305
75.97989949748744	0.051298328612902865
76.3819095477387	0.056500009978971935
76.78391959798995	0.06024874962639348
77.18592964824121	0.06119986171533472
77.58793969849246	0.05933145525172121
77.98994974874373	0.05491993812284165
78.39195979899498	0.04892468152641401
78.79396984924624	0.04315542960292937
79.19597989949749	0.03871307031968773
79.59798994974875	0.035988183063076225
80.0	0.03507220512165389
