0.0	0.011525443030816368
0.4020100502512563	0.010495313698079328
0.8040201005025126	0.007818898476215998
1.206030150753769	0.003888408668343378
1.6080402010050252	0.0022219208404417453
2.0100502512562817	0.0055200371594653855
2.412060301507538	0.008443797783102922
2.814070351758794	0.009668262424923108
3.2160804020100504	0.009089381101872823
3.6180904522613067	0.006647267250198959
4.020100502512563	0.0026310044453422593
4.42211055276382	0.0019770414581974233
4.824120603015076	0.0064061106013105825
5.226130653266332	0.009891524013682235
5.628140703517588	0.011955554362744975
6.030150753768845	0.012105369411893751
6.432160804020101	0.010387908948170994
6.834170854271357	0.00736424760531724
7.236180904522613	0.004218557520482053
7.63819095477387	0.00399436747787482
8.040201005025127	0.0063992571264524095
8.442211055276383	0.007969936023627992
8.84422110552764	0.007820806691827782
9.246231155778895	0.005952604666183385
9.648241206030152	0.002620357771579277
10.050251256281408	0.003708616678474772
10.452261306532664	0.008224829126252768
10.85427135678392	0.012827623216771486
11.256281407035177	0.016000341204491658
11.658291457286433	0.017515009367061223
12.06030150753769	0.01696817624184056
12.462311557788945	0.014408257684377354
12.864321608040202	0.010808904437851126
13.266331658291458	0.006756845444807517
13.668341708542714	0.0038619676599293737
14.07035175879397	0.003426525359243349
14.472361809045227	0.004022198778989258
14.874371859296483	0.004039921172281283
15.27638190954774	0.005045877219526333
15.678391959798995	0.008556377486275973
16.080402010050253	0.013544618236758729
16.48241206030151	0.018561183878755133
16.884422110552766	0.02301341570789181
17.286432160804022	0.02628983043950549
17.68844221105528	0.027968239261257632
18.090452261306535	0.028196101212969567
18.49246231155779	0.02701554410156194
18.894472361809047	0.025170299249676436
19.296482412060303	0.023422089502574083
19.69849246231156	0.02214947196837399
20.100502512562816	0.021737875556011456
20.502512562814072	0.022193614161164145
20.90452261306533	0.02384363812501512
21.306532663316585	0.026841593453729475
21.70854271356784	0.031199789452882643
22.110552763819097	0.03634638729951217
22.512562814070353	0.04180710363095708
22.91457286432161	0.04668888955784178
23.316582914572866	0.049852344764920786
23.718592964824122	0.051349920390966655
24.12060301507538	0.051146104634295156
24.522613065326635	0.049710065433427396
24.92462311557789	0.047758348519133666
25.326633165829147	0.04598589103007754
25.728643216080403	0.045156262474389974
26.13065326633166	0.04588058896850587
26.532663316582916	0.0482436567048798
26.934673366834172	0.05221412188477198
27.33668341708543	0.05763366658032863
27.738693467336685	0.06333414871077024
28.14070351758794	0.06858601175605666
28.542713567839197	0.0726264550737496
28.944723618090453	0.07402067296664366
29.34673366834171	0.07287779220303515
29.748743718592966	0.06963167105584275
30.150753768844222	0.06449419326067936
30.55276381909548	0.05846091089728256
30.954773869346734	0.05342117531049904
31.35678391959799	0.050190803109022054
31.758793969849247	0.04926232138878777
32.16080402010051	0.05100697044303283
32.56281407035176	0.054888034936972155
32.96482412060302	0.06018358251642999
33.366834170854275	0.06570634323768011
33.76884422110553	0.07044119386746048
34.17085427135679	0.07314384534553739
34.572864321608044	0.07357170481859164
34.9748743718593	0.07124124518089432
35.37688442211056	0.06695380328165182
35.77889447236181	0.061227379958604
36.18090452261307	0.055362627614935024
36.582914572864325	0.050207984262216676
36.98492462311558	0.04649591152820793
37.38693467336684	0.044974614982667624
37.788944723618094	0.045673318400003174
38.19095477386935	0.04828919669505701
38.59296482412061	0.05225826957337441
38.99497487437186	0.05697294270275022
39.39698492462312	0.061371304156776774
39.798994974874375	0.06481956081041354
40.20100502512563	0.06697205710985316
40.60301507537689	0.0672758650876064
41.005025125628144	0.06614459736058315
41.4070351758794	0.0634443500462619
41.80904522613066	0.06001462964186618
42.21105527638191	0.056288555999581415
42.61306532663317	0.05275135705146204
43.015075376884425	0.04962770023441028
43.41708542713568	0.047539674731446865
43.81909547738694	0.04663479786986329
44.221105527638194	0.046977274973813474
44.62311557788945	0.04851370204310641
45.02512562814071	0.05093070251679345
45.42713567839196	0.05399839565559104
45.82914572864322	0.05719646967698655
46.231155778894475	0.06014485345306011
46.63316582914573	0.062369480285823266
47.03517587939699	0.06375304194348208
47.437185929648244	0.0638314305067477
47.8391959798995	0.06263426172171166
48.24120603015076	0.0600507843168482
48.64321608040201	0.05677507132533146
49.04522613065327	0.05291798184720359
49.447236180904525	0.04919334966916511
49.84924623115578	0.04611940647389126
50.25125628140704	0.04437913405323983
50.653266331658294	0.044326792907580834
51.05527638190955	0.04596971746081281
51.45728643216081	0.04913771009427454
51.85929648241206	0.05324398353160174
52.26130653266332	0.05762612221243257
52.663316582914575	0.06146136619678899
53.06532663316583	0.06374506079517171
53.46733668341709	0.0644103868063446
53.869346733668344	0.06264211487501428
54.2713567839196	0.058893812692608835
54.67336683417086	0.05356191962119723
55.07537688442211	0.047670950125619616
55.47738693467337	0.042202584788184457
55.879396984924625	0.03808542577560728
56.28140703517588	0.03617513336415243
56.68341708542714	0.03668137132002921
57.085427135678394	0.039747134905755994
57.48743718592965	0.045156694438177554
57.88944723618091	0.051846646836815745
58.29145728643216	0.058601233039149235
58.69346733668342	0.0643071654978326
59.095477386934675	0.06762498163993615
59.49748743718593	0.06774166445312554
59.89949748743719	0.06473905433025752
60.301507537688444	0.059257172806098955
60.7035175879397	0.05251461085097533
61.10552763819096	0.045853932357099794
61.50753768844221	0.04045021826686739
61.90954773869347	0.03768870473143108
62.311557788944725	0.037249923144214256
62.71356783919598	0.03964544533691287
63.11557788944724	0.0445348374783542
63.517587939698494	0.051184332489852435
63.91959798994975	0.05835323267562877
64.32160804020101	0.06461951686377214
64.72361809045226	0.06892906455544143
65.12562814070353	0.07033769455953133
65.52763819095478	0.06872334856969421
65.92964824120604	0.06467753382594779
66.33165829145729	0.05897576767948241
66.73366834170855	0.05269054031790775
67.1356783919598	0.04741196755223134
67.53768844221106	0.043588140494901784
67.93969849246231	0.0419760399185949
68.34170854271358	0.04233464445523415
68.74371859296483	0.04488322220162857
69.14572864321609	0.049326318674180046
69.54773869346734	0.05513384774120733
69.9497487437186	0.06116655589437338
70.35175879396985	0.06628920535258129
70.75376884422111	0.06950295151711401
71.15577889447236	0.07003992320006056
71.55778894472363	0.06794208316785759
71.95979899497488	0.06392845344426536
72.36180904522614	0.05866284023273781
72.76381909547739	0.05313643930784172
73.16582914572865	0.0484134403362243
73.5678391959799	0.04525627143176307
73.96984924623116	0.04354337270814905
74.37185929648241	0.04375012728612162
74.77386934673368	0.04607230967239635
75.17587939698493	0.0501998312774673
75.57788944723619	0.05552355929350013
75.97989949748744	0.061005817606119575
76.3819095477387	0.06541688405705462
76.78391959798995	0.06761143999953363
77.18592964824121	0.06731302043964313
77.58793969849246	0.064627468211307
77.98994974874373	0.06035672676912136
78.39195979899498	0.05522715397219776
78.79396984924624	0.0505523269298224
79.19597989949749	0.04694594219838071
79.59798994974875	0.04478694860940022
80.0	0.04441032227002672
