0.0	0.03824068004136204
0.4020100502512563	0.03554545048158759
0.8040201005025126	0.027227951138258304
1.206030150753769	0.015480132562710986
1.6080402010050252	0.006571108923828138
2.0100502512562817	0.014260796178472942
2.412060301507538	0.0229950472202806
2.814070351758794	0.02683219745874143
3.2160804020100504	0.024705696051481395
3.6180904522613067	0.016946864174503074
4.020100502512563	0.00577093166321413
4.42211055276382	0.010963530482913096
4.824120603015076	0.02448883081235756
5.226130653266332	0.03531236691219003
5.628140703517588	0.04114648215592183
6.030150753768845	0.04107294743872501
6.432160804020101	0.03529416672967612
6.834170854271357	0.02546530133001968
7.236180904522613	0.014201489320406213
7.63819095477387	0.009613841543880801
8.040201005025127	0.015480281691806297
8.442211055276383	0.02018005718454312
8.84422110552764	0.019679660588903684
9.246231155778895	0.013504734138074365
9.648241206030152	0.0024608059558928444
10.050251256281408	0.011507085941717529
10.452261306532664	0.025846892113469445
10.85427135678392	0.038347303566284505
11.256281407035177	0.0463518608345631
11.658291457286433	0.04902124808918779
12.06030150753769	0.04587770600866058
12.462311557788945	0.037918706579863015
12.864321608040202	0.027234241274466324
13.266331658291458	0.01654877603795395
13.668341708542714	0.01156621452647916
14.07035175879397	0.01316031055172932
14.472361809045227	0.0138854747140882
14.874371859296483	0.010335077019633293
15.27638190954774	0.0037181963085503
15.678391959798995	0.011576121549482732
16.080402010050253	0.02512232446893616
16.48241206030151	0.038664457797312
16.884422110552766	0.049599251183377
17.286432160804022	0.056455890837380965
17.68844221105528	0.05860000282585411
18.090452261306535	0.05585739210497871
18.49246231155779	0.049144163073800325
18.894472361809047	0.039921650598718675
19.296482412060303	0.0304747016565206
19.69849246231156	0.023421026067462804
20.100502512562816	0.019104089769590125
20.502512562814072	0.0167112825577451
20.90452261306533	0.015604022550752761
21.306532663316585	0.01971992935142052
21.70854271356784	0.030450571587210058
22.110552763819097	0.04481604215332722
22.512562814070353	0.059442059580936436
22.91457286432161	0.07171911334405127
23.316582914572866	0.08000469467530834
23.718592964824122	0.08328649194457954
24.12060301507538	0.08150672892986213
24.522613065326635	0.07530343398628772
24.92462311557789	0.06625598368536381
25.326633165829147	0.05616310998969286
25.728643216080403	0.04687183958002112
26.13065326633166	0.040046566716489096
26.532663316582916	0.03674439831591063
26.934673366834172	0.038375874059719775
27.33668341708543	0.045574968577495975
27.738693467336685	0.057542585676634464
28.14070351758794	0.07169006638459759
28.542713567839197	0.08525602942304657
28.944723618090453	0.09560469980108355
29.34673366834171	0.10106255129204489
29.748743718592966	0.1011366177137589
30.150753768844222	0.09562772883112658
30.55276381909548	0.0856772421220677
30.954773869346734	0.07289534343899444
31.35678391959799	0.059508623264214654
31.758793969849247	0.04729441294267076
32.16080402010051	0.039005647196831944
32.56281407035176	0.03630107015964107
32.96482412060302	0.04006412985131159
33.366834170854275	0.04903644132084858
33.76884422110553	0.060634856259816704
34.17085427135679	0.07236736090870524
34.572864321608044	0.08154741914662458
34.9748743718593	0.08692198097490579
35.37688442211056	0.08735996482323541
35.77889447236181	0.0827963025360182
36.18090452261307	0.07403590219069184
36.582914572864325	0.06196389176576693
36.98492462311558	0.048654345633276266
37.38693467336684	0.03608107491030524
37.788944723618094	0.026230096296598004
38.19095477386935	0.021310554875128583
38.59296482412061	0.022585896191810582
38.99497487437186	0.028820719232634812
39.39698492462312	0.038929295253722365
39.798994974874375	0.05106029377591389
40.20100502512563	0.06331420442033077
40.60301507537689	0.07367366602692257
41.005025125628144	0.08009032546962598
41.4070351758794	0.08147488046365894
41.80904522613066	0.07764437416396167
42.21105527638191	0.06837567188982845
42.61306532663317	0.05601618836804784
43.015075376884425	0.04271390947281547
43.41708542713568	0.03168514799779046
43.81909547738694	0.02579765667832266
44.221105527638194	0.025840029916483633
44.62311557788945	0.03033861938538745
45.02512562814071	0.037867974017664646
45.42713567839196	0.04864271389003049
45.82914572864322	0.06140112940815158
46.231155778894475	0.07401223931450997
46.63316582914573	0.08387787474701855
47.03517587939699	0.08900688897958386
47.437185929648244	0.08801228034541501
47.8391959798995	0.08096781873431914
48.24120603015076	0.06883187720141105
48.64321608040201	0.05423279914653641
49.04522613065327	0.04115472430860038
49.447236180904525	0.03394420474216465
49.84924623115578	0.03417925051246359
50.25125628140704	0.03930257842140207
50.653266331658294	0.046052534346287824
51.05527638190955	0.05418553862893273
51.45728643216081	0.06374159804541343
51.85929648241206	0.07386449270108533
52.26130653266332	0.08237322202519216
52.663316582914575	0.08720749327205116
53.06532663316583	0.08712605621359285
53.46733668341709	0.08152785843026643
53.869346733668344	0.07113779291308098
54.2713567839196	0.0581910207375122
54.67336683417086	0.045531696355628495
55.07537688442211	0.03789752592631726
55.47738693467337	0.03822574953064872
55.879396984924625	0.04363743915744847
56.28140703517588	0.05035115296605963
56.68341708542714	0.056574287746601205
57.085427135678394	0.06204264155951269
57.48743718592965	0.06743941387223787
57.88944723618091	0.0723761093002869
58.29145728643216	0.0762686465962067
58.69346733668342	0.07772364166388508
59.095477386934675	0.07568113062965702
59.49748743718593	0.0694138896432435
59.89949748743719	0.05962879983179946
60.301507537688444	0.04873170961839933
60.7035175879397	0.04103487484730742
61.10552763819096	0.04091310784475784
61.50753768844221	0.04732579811499119
61.90954773869347	0.05534007824699011
62.311557788944725	0.061517063718650775
62.71356783919598	0.06502562255798451
63.11557788944724	0.06645461966960588
63.517587939698494	0.06702258271289567
63.91959798994975	0.06785737139219303
64.32160804020101	0.06859126547225057
64.72361809045226	0.06773178258152064
65.12562814070353	0.06455297770796585
65.52763819095478	0.058115174670252755
65.92964824120604	0.050064238422777116
66.33165829145729	0.043438175601727
66.73366834170855	0.042162033462125915
67.1356783919598	0.047368761591336836
67.53768844221106	0.05533829634348873
67.93969849246231	0.06242409483153495
68.34170854271358	0.06686881242285775
68.74371859296483	0.06816705865057109
69.14572864321609	0.06713659146427933
69.54773869346734	0.06554308348752032
69.9497487437186	0.06415721345987715
70.35175879396985	0.0631687057777486
70.75376884422111	0.06182487490334908
71.15577889447236	0.058609136659238184
71.55778894472363	0.05286690310295815
71.95979899497488	0.04642289538063581
72.36180904522614	0.041960132050345204
72.76381909547739	0.04381169154896664
73.16582914572865	0.051308728428995067
73.5678391959799	0.06099689377382648
73.96984924623116	0.06902171115220881
74.37185929648241	0.07354294976203782
74.77386934673368	0.07422781622954708
75.17587939698493	0.07169563545798587
75.57788944723619	0.06746817320546997
75.97989949748744	0.06314119167913917
76.3819095477387	0.0589948212167883
76.78391959798995	0.054765360460546565
77.18592964824121	0.04952520931782304
77.58793969849246	0.0431965289046891
77.98994974874373	0.03852152131561208
78.39195979899498	0.03985674521083524
78.79396984924624	0.048615295206440555
79.19597989949749	0.061101261975946675
79.59798994974875	0.07271536366005267
80.0	0.08093850669343525
