0.0	0.035155739528462314
0.4020100502512563	0.0319118465893475
0.8040201005025126	0.023364604523527198
1.206030150753769	0.011168708712814177
1.6080402010050252	0.0028856599465963053
2.0100502512562817	0.015157758148827083
2.412060301507538	0.024200616678028804
2.814070351758794	0.028129993819884347
3.2160804020100504	0.0261534626782118
3.6180904522613067	0.01854970251687401
4.020100502512563	0.006764541863192265
4.42211055276382	0.007086460188575018
4.824120603015076	0.020540986299658302
5.226130653266332	0.031175327507655604
5.628140703517588	0.03701996624475258
6.030150753768845	0.037155182073211626
6.432160804020101	0.03162833487786949
6.834170854271357	0.02135120686905175
7.236180904522613	0.008793208706697085
7.63819095477387	0.005305712206546532
8.040201005025127	0.015589245914910127
8.442211055276383	0.02167254545532067
8.84422110552764	0.02205290966478201
9.246231155778895	0.01650193066326529
9.648241206030152	0.006584303554721534
10.050251256281408	0.00821276795305704
10.452261306532664	0.02264715455612466
10.85427135678392	0.03519460701135875
11.256281407035177	0.043635702214024685
11.658291457286433	0.046344443272535125
12.06030150753769	0.042873789943213406
12.462311557788945	0.03400927772470598
12.864321608040202	0.021030305758229968
13.266331658291458	0.007117010353450898
13.668341708542714	0.009757833504162752
14.07035175879397	0.021750757800394233
14.472361809045227	0.029357805728514617
14.874371859296483	0.03209384866531037
15.27638190954774	0.030466443421597728
15.678391959798995	0.02564635288527984
16.080402010050253	0.019279513474080096
16.48241206030151	0.011865629984011949
16.884422110552766	0.005369740331470075
17.286432160804022	0.010788756793104941
17.68844221105528	0.023302939058436535
18.090452261306535	0.03672968039574841
18.49246231155779	0.04825883228081611
18.894472361809047	0.05529702349980724
19.296482412060303	0.05638137659030033
19.69849246231156	0.05112783255061606
20.100502512562816	0.039701587173455635
20.502512562814072	0.02432251811116219
20.90452261306533	0.013087670973383689
21.306532663316585	0.020947930223547254
21.70854271356784	0.031954159531117174
22.110552763819097	0.037939361827477217
22.512562814070353	0.03609797009942796
22.91457286432161	0.02769673627151962
23.316582914572866	0.015834478530664355
23.718592964824122	0.014572376056550238
24.12060301507538	0.027763248057601296
24.522613065326635	0.03979121901798666
24.92462311557789	0.04638904827756045
25.326633165829147	0.04607606913611087
25.728643216080403	0.04054310679827598
26.13065326633166	0.03172271044893489
26.532663316582916	0.02523666640128943
26.934673366834172	0.028358328133859627
27.33668341708543	0.03523003254829226
27.738693467336685	0.03786634628241471
28.14070351758794	0.03400187175351749
28.542713567839197	0.023695475453346108
28.944723618090453	0.008660726900452265
29.34673366834171	0.010236913419355752
29.748743718592966	0.025661901402956072
30.150753768844222	0.03808245907837286
30.55276381909548	0.04560648796824514
30.954773869346734	0.04789834505640003
31.35678391959799	0.0463936102723778
31.758793969849247	0.043665975267723374
32.16080402010051	0.042499820010530896
32.56281407035176	0.043480378114315835
32.96482412060302	0.04464874439518361
33.366834170854275	0.04373687659481086
33.76884422110553	0.03879011966802874
34.17085427135679	0.03046454027068122
34.572864321608044	0.025322851751093146
34.9748743718593	0.031016334890504267
35.37688442211056	0.04358580726034318
35.77889447236181	0.056232425298349195
36.18090452261307	0.06620268533736177
36.582914572864325	0.07077179358569505
36.98492462311558	0.06943005303335101
37.38693467336684	0.06394575879471451
37.788944723618094	0.05493503766742478
38.19095477386935	0.04551340706114995
38.59296482412061	0.03807119712106184
38.99497487437186	0.03366968696656072
39.39698492462312	0.03001185286935316
39.798994974874375	0.026143199426561108
40.20100502512563	0.02531227940757342
40.60301507537689	0.0323443918169546
41.005025125628144	0.04515541915702928
41.4070351758794	0.0582387610777628
41.80904522613066	0.06804803126920862
42.21105527638191	0.07204160103509405
42.61306532663317	0.06947610880019404
43.015075376884425	0.06161875121472334
43.41708542713568	0.05093468428376646
43.81909547738694	0.04132564140986662
44.221105527638194	0.0369168568815634
44.62311557788945	0.0381628248871072
45.02512562814071	0.04117827644277154
45.42713567839196	0.041647389251236525
45.82914572864322	0.04016044478256413
46.231155778894475	0.03848352001829983
46.63316582914573	0.041043135686037666
47.03517587939699	0.048969451658156964
47.437185929648244	0.058635436479224076
47.8391959798995	0.06692520119689013
48.24120603015076	0.07063900802042421
48.64321608040201	0.06861465107933179
49.04522613065327	0.06167334280043638
49.447236180904525	0.0528991744554394
49.84924623115578	0.046320758036831375
50.25125628140704	0.045332276121083724
50.653266331658294	0.048782965775711964
51.05527638190955	0.052043830591873175
51.45728643216081	0.05132050629916045
51.85929648241206	0.045956495818621004
52.26130653266332	0.037253466410938296
52.663316582914575	0.031508135060222285
53.06532663316583	0.0364673937272037
53.46733668341709	0.04752755331198689
53.869346733668344	0.057925973836066715
54.2713567839196	0.06281579674490247
54.67336683417086	0.06087896482179226
55.07537688442211	0.053777665633383355
55.47738693467337	0.04558928812757659
55.879396984924625	0.04247025120940163
56.28140703517588	0.04723932384724801
56.68341708542714	0.05496792053852726
57.085427135678394	0.05996515797942065
57.48743718592965	0.05940689025616506
57.88944723618091	0.0531868079650476
58.29145728643216	0.044327544502824896
58.69346733668342	0.038388947865456866
59.095477386934675	0.04053433980066401
59.49748743718593	0.04848063197328053
59.89949748743719	0.05536757745078654
60.301507537688444	0.05732187631250159
60.7035175879397	0.05372275398507388
61.10552763819096	0.04611447187960866
61.50753768844221	0.04007942915067293
61.90954773869347	0.0411956115189244
62.311557788944725	0.048612589054421944
62.71356783919598	0.05586246409219651
63.11557788944724	0.05844760654877643
63.517587939698494	0.05453240202356278
63.91959798994975	0.04490218595877739
64.32160804020101	0.03356661682245538
64.72361809045226	0.028693449131816495
65.12562814070353	0.035376758823905646
65.52763819095478	0.04574580536376916
65.92964824120604	0.052601654060484816
66.33165829145729	0.05406828062674377
66.73366834170855	0.051450361837932224
67.1356783919598	0.048718732379256044
67.53768844221106	0.05054297049577182
67.93969849246231	0.05811111414246948
68.34170854271358	0.06667378131754054
68.74371859296483	0.07189516219507727
69.14572864321609	0.07064801142989043
69.54773869346734	0.062258404390433265
69.9497487437186	0.04821305102502711
70.35175879396985	0.03219166397167851
70.75376884422111	0.02233111466852968
71.15577889447236	0.0279893095952009
71.55778894472363	0.038610856509344094
71.95979899497488	0.045806415030804196
72.36180904522614	0.047789931305711915
72.76381909547739	0.04686633829119821
73.16582914572865	0.047034757101670925
73.5678391959799	0.05197358903214346
73.96984924623116	0.060241115798121136
74.37185929648241	0.06780604298711182
74.77386934673368	0.07074515555189473
75.17587939698493	0.0674408045163407
75.57788944723619	0.05774291823871036
75.97989949748744	0.04344591884225933
76.3819095477387	0.029299450233007368
76.78391959798995	0.02424349918970365
77.18592964824121	0.03216001582213
77.58793969849246	0.042312927894533295
77.98994974874373	0.049506065209657
78.39195979899498	0.052814358442056154
78.79396984924624	0.0541702276461465
79.19597989949749	0.05633855740485007
79.59798994974875	0.06060641453723281
80.0	0.06568508546684362
