0.0	0.01790395762944115
0.4020100502512563	0.015810385830990464
0.8040201005025126	0.011395302317486474
1.206030150753769	0.0059165018226216455
1.6080402010050252	0.005116481688451619
2.0100502512562817	0.010168537691565085
2.412060301507538	0.014502730819657788
2.814070351758794	0.016259991542733464
3.2160804020100504	0.014941580876485713
3.6180904522613067	0.010960317404232667
4.020100502512563	0.004944065981025151
4.42211055276382	0.0024349718493713
4.824120603015076	0.008688529974034962
5.226130653266332	0.013737017327569798
5.628140703517588	0.016286774255535364
6.030150753768845	0.015785912622108256
6.432160804020101	0.012847899978216693
6.834170854271357	0.008530874091272893
7.236180904522613	0.006665028122463129
7.63819095477387	0.010273519812112542
8.040201005025127	0.014835007436244973
8.442211055276383	0.017222189979494977
8.84422110552764	0.01715134645407472
9.246231155778895	0.013962123590378498
9.648241206030152	0.008443615646238117
10.050251256281408	0.0021208188936202342
10.452261306532664	0.0060146010545166035
10.85427135678392	0.012166966610950236
11.256281407035177	0.016393520648855
11.658291457286433	0.01812417632479728
12.06030150753769	0.01698327014152548
12.462311557788945	0.013897801232237014
12.864321608040202	0.0100350307793631
13.266331658291458	0.007474966276041525
13.668341708542714	0.008055844778940542
14.07035175879397	0.010057943005143979
14.472361809045227	0.01049028228135945
14.874371859296483	0.008769109451330925
15.27638190954774	0.005665376887122979
15.678391959798995	0.005018655327683915
16.080402010050253	0.010154367324318962
16.48241206030151	0.016444071427610917
16.884422110552766	0.021986475676328648
17.286432160804022	0.025705286592217713
17.68844221105528	0.027112374286887876
18.090452261306535	0.026295475494869314
18.49246231155779	0.023403118900871343
18.894472361809047	0.01927525712125277
19.296482412060303	0.014833315959277013
19.69849246231156	0.01073312393479068
20.100502512562816	0.007212917570739474
20.502512562814072	0.004095515590976073
20.90452261306533	0.0008455176946800166
21.306532663316585	0.0049388960355509996
21.70854271356784	0.011299875037954678
22.110552763819097	0.018710884984535606
22.512562814070353	0.026292725449120324
22.91457286432161	0.03316922705356408
23.316582914572866	0.03843796483302704
23.718592964824122	0.04145878707342948
24.12060301507538	0.04181048847077462
24.522613065326635	0.03962746107861313
24.92462311557789	0.03551276600497847
25.326633165829147	0.030223036826949233
25.728643216080403	0.024615917686911525
26.13065326633166	0.020045417585332483
26.532663316582916	0.017375414777721948
26.934673366834172	0.017109835429935667
27.33668341708543	0.019602235547333945
27.738693467336685	0.024757287503334155
28.14070351758794	0.03166860698419354
28.542713567839197	0.039533928883858135
28.944723618090453	0.047093325393183214
29.34673366834171	0.053771258785408185
29.748743718592966	0.05818147683463768
30.150753768844222	0.06016203555156381
30.55276381909548	0.059583882969803624
30.954773869346734	0.05676353475761261
31.35678391959799	0.05234536731826065
31.758793969849247	0.047558832482005556
32.16080402010051	0.04346210861289269
32.56281407035176	0.04131687863829547
32.96482412060302	0.04199934581902382
33.366834170854275	0.04546042990778096
33.76884422110553	0.05158378287112806
34.17085427135679	0.059256693203252685
34.572864321608044	0.0670685625500915
34.9748743718593	0.07312955783847984
35.37688442211056	0.07635121491989952
35.77889447236181	0.07603450886060367
36.18090452261307	0.07258709581168277
36.582914572864325	0.06668803923614705
36.98492462311558	0.05989365679241322
37.38693467336684	0.053409596447100784
37.788944723618094	0.04804986421899958
38.19095477386935	0.044795755954426295
38.59296482412061	0.04400525151012874
38.99497487437186	0.04589675984092683
39.39698492462312	0.04986503005586333
39.798994974874375	0.05584164565242433
40.20100502512563	0.06171447142693494
40.60301507537689	0.06660786755490734
41.005025125628144	0.06940361639952693
41.4070351758794	0.06912802530114277
41.80904522613066	0.06635259093383619
42.21105527638191	0.061310842946229446
42.61306532663317	0.054888056786966045
43.015075376884425	0.04822380991348729
43.41708542713568	0.042435690531987515
43.81909547738694	0.03821296475681373
44.221105527638194	0.03615593060535422
44.62311557788945	0.03677498682221921
45.02512562814071	0.03997272187034635
45.42713567839196	0.04552100725873347
45.82914572864322	0.052577791209731176
46.231155778894475	0.05923712700230956
46.63316582914573	0.0645490423355873
47.03517587939699	0.06749254458488176
47.437185929648244	0.06751238808119467
47.8391959798995	0.06460396885233256
48.24120603015076	0.05934265201554566
48.64321608040201	0.05280141700925316
49.04522613065327	0.045963247665373116
49.447236180904525	0.040013066996317716
49.84924623115578	0.03592693865743442
50.25125628140704	0.034411807423031356
50.653266331658294	0.035750066048615185
51.05527638190955	0.040074675743257605
51.45728643216081	0.04702258245970673
51.85929648241206	0.05516784392563319
52.26130653266332	0.0628533904507696
52.663316582914575	0.06889605431527564
53.06532663316583	0.07193735750915034
53.46733668341709	0.07174516101886128
53.869346733668344	0.06876506473319598
54.2713567839196	0.06309278234390377
54.67336683417086	0.0564929889779109
55.07537688442211	0.049664943867154275
55.47738693467337	0.04393092844363987
55.879396984924625	0.04000137261013657
56.28140703517588	0.03811959874845421
56.68341708542714	0.03935146090898393
57.085427135678394	0.043340568610474625
57.48743718592965	0.04989735745224132
57.88944723618091	0.05768681819795932
58.29145728643216	0.06524111310288619
58.69346733668342	0.07109682671780164
59.095477386934675	0.0737648013531981
59.49748743718593	0.07302977984089477
59.89949748743719	0.06876861038440756
60.301507537688444	0.061900565185573075
60.7035175879397	0.05361122065861188
61.10552763819096	0.04585156049597937
61.50753768844221	0.039884212160960456
61.90954773869347	0.03709708836480063
62.311557788944725	0.03755580470621241
62.71356783919598	0.04138152406590618
63.11557788944724	0.04795625456182616
63.517587939698494	0.0567129581823424
63.91959798994975	0.06564181628176738
64.32160804020101	0.07325094703495592
64.72361809045226	0.07783772509122112
65.12562814070353	0.07825248487259212
65.52763819095478	0.0749720155108303
65.92964824120604	0.06811222535127262
66.33165829145729	0.05948624730121769
66.73366834170855	0.050721533436343516
67.1356783919598	0.04360834164701892
67.53768844221106	0.039288982531395567
67.93969849246231	0.03798394586658525
68.34170854271358	0.040082114905584394
68.74371859296483	0.04516138140123053
69.14572864321609	0.052477414474233895
69.54773869346734	0.060840777476607134
69.9497487437186	0.06838675903207968
70.35175879396985	0.07367306276975086
70.75376884422111	0.0754615265548049
71.15577889447236	0.07314932847614566
71.55778894472363	0.06725427169137028
71.95979899497488	0.05908791179931074
72.36180904522614	0.050290647312726464
72.76381909547739	0.04265876619240217
73.16582914572865	0.03742646872256236
73.5678391959799	0.035618943640161355
73.96984924623116	0.03683626460143892
74.37185929648241	0.04053293715736326
74.77386934673368	0.04666831803774307
75.17587939698493	0.054319729989266895
75.57788944723619	0.06209517017453563
75.97989949748744	0.06869535473950181
76.3819095477387	0.07285355984427735
76.78391959798995	0.073513375689791
77.18592964824121	0.07055919371728994
77.58793969849246	0.06409904085479605
77.98994974874373	0.05581663307399783
78.39195979899498	0.046802933080709805
78.79396984924624	0.03970695242571842
79.19597989949749	0.03524498245884718
79.59798994974875	0.034446080533159354
80.0	0.03662198557151995
