0.0	0.055134420990137024
0.4020100502512563	0.05117972496080211
0.8040201005025126	0.038994662839758124
1.206030150753769	0.020501250652603033
1.6080402010050252	0.0031590964424888486
2.0100502512562817	0.020989735775257125
2.412060301507538	0.03564049598325874
2.814070351758794	0.04248178361509262
3.2160804020100504	0.039817826748892796
3.6180904522613067	0.02848384677979752
4.020100502512563	0.010241051267541362
4.42211055276382	0.011744795437014953
4.824120603015076	0.032860596336686476
5.226130653266332	0.04969153512781939
5.628140703517588	0.059239174548350274
6.030150753768845	0.0592762492193734
6.432160804020101	0.05059681159563787
6.834170854271357	0.034452843468293665
7.236180904522613	0.014748569802417061
7.63819095477387	0.008034927898408864
8.040201005025127	0.023509917749413668
8.442211055276383	0.03264687140745047
8.84422110552764	0.03281156440077911
9.246231155778895	0.02364418157788304
9.648241206030152	0.006696614458329459
10.050251256281408	0.015544535833219564
10.452261306532664	0.038076047129361315
10.85427135678392	0.057168455063903424
11.256281407035177	0.06947134992709877
11.658291457286433	0.07240957927256084
12.06030150753769	0.06574496198411309
12.462311557788945	0.05095447823049844
12.864321608040202	0.031271863875272345
13.266331658291458	0.013745671549564534
13.668341708542714	0.018350464236605444
14.07035175879397	0.030338750679727765
14.472361809045227	0.035542692028042486
14.874371859296483	0.03128490938072083
15.27638190954774	0.018923073373665562
15.678391959798995	0.010088883627598345
16.080402010050253	0.028706292757898533
16.48241206030151	0.050348492510352484
16.884422110552766	0.06749732086034983
17.286432160804022	0.07658134321433377
17.68844221105528	0.07648983081190676
18.090452261306535	0.0675940030441098
18.49246231155779	0.05255709443497862
18.894472361809047	0.03583223067947907
19.296482412060303	0.02591587791207422
19.69849246231156	0.02844809463933052
20.100502512562816	0.03431356384119285
20.502512562814072	0.03530842610550385
20.90452261306533	0.030587166106251406
21.306532663316585	0.024791572281000814
21.70854271356784	0.02882424531837835
22.110552763819097	0.042879141161465524
22.512562814070353	0.05809460142593685
22.91457286432161	0.06868712052015118
23.316582914572866	0.07256671304386532
23.718592964824122	0.069037896684337
24.12060301507538	0.060069931692703735
24.522613065326635	0.04899322452987297
24.92462311557789	0.041349349980870656
25.326633165829147	0.04031196793358975
25.728643216080403	0.04346519806450953
26.13065326633166	0.04554638953537497
26.532663316582916	0.044527423427624786
26.934673366834172	0.04210046743650967
27.33668341708543	0.04388661027078013
27.738693467336685	0.052542413429777265
28.14070351758794	0.06501595002140367
28.542713567839197	0.0766632468313774
28.944723618090453	0.08424181740440298
29.34673366834171	0.08620542063264035
29.748743718592966	0.08292550811818745
30.150753768844222	0.07539013724641429
30.55276381909548	0.06569545567104125
30.954773869346734	0.0572640639636803
31.35678391959799	0.05277650578379237
31.758793969849247	0.05206886238948897
32.16080402010051	0.05299631174776483
32.56281407035176	0.05383567333540249
32.96482412060302	0.05436144484238942
33.366834170854275	0.05656787744291688
33.76884422110553	0.06148270885269722
34.17085427135679	0.06900071725862861
34.572864321608044	0.07658133653180185
34.9748743718593	0.08199916872272309
35.37688442211056	0.08351384192004509
35.77889447236181	0.08001311750732729
36.18090452261307	0.07184044139343936
36.582914572864325	0.06076672368386203
36.98492462311558	0.05032228823604716
37.38693467336684	0.04521031056051371
37.788944723618094	0.04674773516473691
38.19095477386935	0.05146374419212264
38.59296482412061	0.05498116381260517
38.99497487437186	0.055737640884542285
39.39698492462312	0.05547991168716108
39.798994974874375	0.056634059299499176
40.20100502512563	0.06120290577732953
40.60301507537689	0.06822065625610998
41.005025125628144	0.07434962487871835
41.4070351758794	0.07658609303641858
41.80904522613066	0.07299325026225154
42.21105527638191	0.06379999829399999
42.61306532663317	0.05148345586319658
43.015075376884425	0.041103269182412125
43.41708542713568	0.038196780694711926
43.81909547738694	0.042328373314516374
44.221105527638194	0.04760370822500793
44.62311557788945	0.05010051984846977
45.02512562814071	0.050101189657641196
45.42713567839196	0.0512993139431589
45.82914572864322	0.056745787585433506
46.231155778894475	0.06644849122542201
46.63316582914573	0.07675951066892327
47.03517587939699	0.08368016083603597
47.437185929648244	0.08452477895440777
47.8391959798995	0.07813616112371988
48.24120603015076	0.06561746809076666
48.64321608040201	0.0500489945596285
49.04522613065327	0.036953168313724735
49.447236180904525	0.03265632455149653
49.84924623115578	0.037157128324049264
50.25125628140704	0.042811626363358966
50.653266331658294	0.046256425605253004
51.05527638190955	0.04883315348633573
51.45728643216081	0.05474997016660431
51.85929648241206	0.06495025581872696
52.26130653266332	0.07730982276345458
52.663316582914575	0.08752232886272202
53.06532663316583	0.09166778447831633
53.46733668341709	0.08834322974181959
53.869346733668344	0.07764377607172455
54.2713567839196	0.06171597110281846
54.67336683417086	0.04381990592169083
55.07537688442211	0.02960998103028396
55.47738693467337	0.025944014141110177
55.879396984924625	0.03082191414922166
56.28140703517588	0.036836941241625086
56.68341708542714	0.04256923260187857
57.085427135678394	0.049713939299554456
57.48743718592965	0.06012563428421462
57.88944723618091	0.0719646499718469
58.29145728643216	0.08213174242728878
58.69346733668342	0.08799738724726884
59.095477386934675	0.08755400435842059
59.49748743718593	0.08103087118114653
59.89949748743719	0.06913100193400952
60.301507537688444	0.054110132741134166
60.7035175879397	0.03886459887113579
61.10552763819096	0.02732367947663299
61.50753768844221	0.02407260867846578
61.90954773869347	0.028563831146526476
62.311557788944725	0.03556188689760196
62.71356783919598	0.042977145038660465
63.11557788944724	0.051820909427863604
63.517587939698494	0.06173022479880408
63.91959798994975	0.07128409448339162
64.32160804020101	0.07861340895617704
64.72361809045226	0.08252456360578728
65.12562814070353	0.08151255918042784
65.52763819095478	0.07639455896644962
65.92964824120604	0.06702034780321718
66.33165829145729	0.054914713184144516
66.73366834170855	0.042024495010646805
67.1356783919598	0.031007556135820475
67.53768844221106	0.02559536768359764
67.93969849246231	0.027296431846251096
68.34170854271358	0.03325225520133716
68.74371859296483	0.04105315849043239
69.14572864321609	0.05017343603909856
69.54773869346734	0.05988270373717074
69.9497487437186	0.0691788237852095
70.35175879396985	0.076799360706343
70.75376884422111	0.08145276663585752
71.15577889447236	0.08180802274296196
71.55778894472363	0.07753342348040271
71.95979899497488	0.06846478041593612
72.36180904522614	0.056146770126102453
72.76381909547739	0.041961053334521256
73.16582914572865	0.029139206929326034
73.5678391959799	0.021261418490277705
73.96984924623116	0.021371408947173428
74.37185929648241	0.027090514292238993
74.77386934673368	0.03504920905569814
75.17587939698493	0.04475732794903755
75.57788944723619	0.055700401353307005
75.97989949748744	0.06718732706500988
76.3819095477387	0.07704677388343009
76.78391959798995	0.08335225929275777
77.18592964824121	0.08438781209813913
77.58793969849246	0.07945660830828298
77.98994974874373	0.06931978890401516
78.39195979899498	0.05518963756809993
78.79396984924624	0.03994907299142782
79.19597989949749	0.02622425077237967
79.59798994974875	0.01796739786734916
80.0	0.017801369806158825
