0.0	0.006689882592604857
0.4020100502512563	0.008225671679825101
0.8040201005025126	0.008542036586536251
1.206030150753769	0.007828538219702887
1.6080402010050252	0.00646297604841366
2.0100502512562817	0.004573658691421187
2.412060301507538	0.0036442264287755008
2.814070351758794	0.004123893117828332
3.2160804020100504	0.004747421037528757
3.6180904522613067	0.0046449875435451505
4.020100502512563	0.0033805129496518073
4.42211055276382	0.001919214771093707
4.824120603015076	0.003307347672444704
5.226130653266332	0.006611109645518092
5.628140703517588	0.009898366024916625
6.030150753768845	0.012681671474508263
6.432160804020101	0.014623229134556059
6.834170854271357	0.015227810024978475
7.236180904522613	0.01467911789656541
7.63819095477387	0.013571203794934228
8.040201005025127	0.011820250642048518
8.442211055276383	0.009837057257639547
8.84422110552764	0.008259745293935344
9.246231155778895	0.007478114301504936
9.648241206030152	0.00827143386024087
10.050251256281408	0.011124698719072724
10.452261306532664	0.015611127999078536
10.85427135678392	0.02104168203350907
11.256281407035177	0.026660803921802027
11.658291457286433	0.0315323597543649
12.06030150753769	0.035267161876678686
12.462311557788945	0.038041102310401836
12.864321608040202	0.039240815119848525
13.266331658291458	0.03848547063593074
13.668341708542714	0.03644856102416086
14.07035175879397	0.03313339489896211
14.472361809045227	0.029272009429253305
14.874371859296483	0.02459538969965358
15.27638190954774	0.019595041067691922
15.678391959798995	0.01489701568353744
16.080402010050253	0.011753200377851939
16.48241206030151	0.014341461590773385
16.884422110552766	0.02338404164075281
17.286432160804022	0.036062760351410435
17.68844221105528	0.04971191581076481
18.090452261306535	0.06305813895494261
18.49246231155779	0.07586520641643807
18.894472361809047	0.08686479834969578
19.296482412060303	0.09562306929459397
19.69849246231156	0.10065470547441005
20.100502512562816	0.10105702929902667
20.502512562814072	0.09495240275047954
20.90452261306533	0.08192796470375932
21.306532663316585	0.06302761996931376
21.70854271356784	0.041576493009158846
22.110552763819097	0.023902346039208624
22.512562814070353	0.019992315362462425
22.91457286432161	0.027244958968866296
23.316582914572866	0.0339272437316865
23.718592964824122	0.03965287921711265
24.12060301507538	0.04852815648231219
24.522613065326635	0.0626060503227095
24.92462311557789	0.07902400612881075
25.326633165829147	0.09163023172382143
25.728643216080403	0.09615186197392592
26.13065326633166	0.09026602080528048
26.532663316582916	0.07310082508091562
26.934673366834172	0.047497736382522165
27.33668341708543	0.018845703333715862
27.738693467336685	0.011934307705418276
28.14070351758794	0.03314008211615587
28.542713567839197	0.04612768879884737
28.944723618090453	0.04872934118701864
29.34673366834171	0.04067041613749604
29.748743718592966	0.024784206154098192
30.150753768844222	0.007139889196221154
30.55276381909548	0.025268476700306408
30.954773869346734	0.047604744115339506
31.35678391959799	0.0634291416726979
31.758793969849247	0.0689032393052191
32.16080402010051	0.06384368755735184
32.56281407035176	0.050592569176988934
32.96482412060302	0.03651945669015026
33.366834170854275	0.037603627269533126
33.76884422110553	0.05354183992915508
34.17085427135679	0.07013058896428175
34.572864321608044	0.07986021146378244
34.9748743718593	0.07999031890919168
35.37688442211056	0.06935005261797313
35.77889447236181	0.050633189976222424
36.18090452261307	0.02914088785034999
36.582914572864325	0.025169916439351753
36.98492462311558	0.04339961019533173
37.38693467336684	0.06083154871058838
37.788944723618094	0.07051023696612982
38.19095477386935	0.07211665944359416
38.59296482412061	0.06826876255985581
38.99497487437186	0.06459923774469303
39.39698492462312	0.06508315249866195
39.798994974874375	0.07036872084475045
40.20100502512563	0.07621617759854743
40.60301507537689	0.07753802843055708
41.005025125628144	0.07126036838898776
41.4070351758794	0.05711954261005496
41.80904522613066	0.038981021297175504
42.21105527638191	0.030535297935248118
42.61306532663317	0.04274179560522373
43.015075376884425	0.06004081634785915
43.41708542713568	0.07175312640441853
43.81909547738694	0.07346624988658453
44.221105527638194	0.06552215141666459
44.62311557788945	0.049524926309806844
45.02512562814071	0.03140661290193105
45.42713567839196	0.028445014623178062
45.82914572864322	0.04439881365618129
46.231155778894475	0.05986358970778536
46.63316582914573	0.06667097073259609
47.03517587939699	0.06181020430963341
47.437185929648244	0.0462837673954652
47.8391959798995	0.02433525930118104
48.24120603015076	0.012886396657342916
48.64321608040201	0.031416530614405594
49.04522613065327	0.047285234392061254
49.447236180904525	0.05349384524889302
49.84924623115578	0.0481626182605758
50.25125628140704	0.03190586563584302
50.653266331658294	0.008503402875269806
51.05527638190955	0.01952627444683372
51.45728643216081	0.04570261476938699
51.85929648241206	0.06581301061338546
52.26130653266332	0.07725679022071011
52.663316582914575	0.0785178029193698
53.06532663316583	0.07041559416598504
53.46733668341709	0.056291519202005
53.869346733668344	0.0406069941057893
54.2713567839196	0.031815004993156384
54.67336683417086	0.03349557297210722
55.07537688442211	0.03730511650005508
55.47738693467337	0.0350947280209193
55.879396984924625	0.024193894760084066
56.28140703517588	0.009694070658951018
56.68341708542714	0.026379410767806765
57.085427135678394	0.05287384125277742
57.48743718592965	0.0764369027568255
57.88944723618091	0.09210908930484367
58.29145728643216	0.09700758208863881
58.69346733668342	0.0909917553752045
59.095477386934675	0.07561434661541103
59.49748743718593	0.05430226206550389
59.89949748743719	0.033310676349927675
60.301507537688444	0.02285526226665442
60.7035175879397	0.026695682531440345
61.10552763819096	0.02988507400347188
61.50753768844221	0.024963101488604443
61.90954773869347	0.012056507206609933
62.311557788944725	0.009095053821681756
62.71356783919598	0.030022415247320265
63.11557788944724	0.049246088138820227
63.517587939698494	0.06258656886908895
63.91959798994975	0.06717522037047369
64.32160804020101	0.062312180443189626
64.72361809045226	0.04859804969802771
65.12562814070353	0.02902676724098075
65.52763819095478	0.012542939793667546
65.92964824120604	0.024966827347182814
66.33165829145729	0.04310453372376119
66.73366834170855	0.055265559550704876
67.1356783919598	0.05843915924270197
67.53768844221106	0.052586745533298264
67.93969849246231	0.03892027101710706
68.34170854271358	0.020544113044506287
68.74371859296483	0.0016869468727321413
69.14572864321609	0.015228277302948828
69.54773869346734	0.025720845491311466
69.9497487437186	0.028708771932423643
70.35175879396985	0.024670757163991662
70.75376884422111	0.021157543635807675
71.15577889447236	0.03219679387663346
71.55778894472363	0.05248639342440984
71.95979899497488	0.07256788524915053
72.36180904522614	0.08663634558405449
72.76381909547739	0.09141946419990432
73.16582914572865	0.08566694193953907
73.5678391959799	0.07094704144068345
73.96984924623116	0.04944706129514342
74.37185929648241	0.02622552141352036
74.77386934673368	0.011218898139820445
75.17587939698493	0.02120071904632672
75.57788944723619	0.03012072338080506
75.97989949748744	0.03102216934879908
76.3819095477387	0.02522251779229171
76.78391959798995	0.021124237802880586
77.18592964824121	0.030212618901271082
77.58793969849246	0.04577911035439512
77.98994974874373	0.05878398870520827
78.39195979899498	0.0657724280467328
78.79396984924624	0.06422205515201404
79.19597989949749	0.05412897754608268
79.59798994974875	0.03722856699942186
80.0	0.016214552759933783
