0.0	0.015032660708946984
0.4020100502512563	0.013040468602860098
0.8040201005025126	0.009975643341464818
1.206030150753769	0.007269747501512577
1.6080402010050252	0.007545524989545102
2.0100502512562817	0.010316286395490547
2.412060301507538	0.012469928624337313
2.814070351758794	0.013003161698527619
3.2160804020100504	0.011241970588292351
3.6180904522613067	0.007520494899872676
4.020100502512563	0.0034732688199720246
4.42211055276382	0.004784724192739187
4.824120603015076	0.009712933034719236
5.226130653266332	0.013508030330894583
5.628140703517588	0.015736300993378742
6.030150753768845	0.016110058875306234
6.432160804020101	0.014915084864837658
6.834170854271357	0.013612893618647601
7.236180904522613	0.01356652835389135
7.63819095477387	0.01478866412956574
8.040201005025127	0.01618511380444121
8.442211055276383	0.016561531880074944
8.84422110552764	0.014639701752426695
9.246231155778895	0.010824822134137695
9.648241206030152	0.006434140564845929
10.050251256281408	0.008714423637329521
10.452261306532664	0.015046034380426598
10.85427135678392	0.021007390034926438
11.256281407035177	0.024862414822721966
11.658291457286433	0.026677486342470996
12.06030150753769	0.026633766090617034
12.462311557788945	0.025163221126633866
12.864321608040202	0.022659986698173634
13.266331658291458	0.019172350312178055
13.668341708542714	0.01474079614586904
14.07035175879397	0.010016797398031638
14.472361809045227	0.006663078331335341
14.874371859296483	0.006160522609547793
15.27638190954774	0.00789674436222438
15.678391959798995	0.009231475206014476
16.080402010050253	0.01299174650123817
16.48241206030151	0.019339426411529075
16.884422110552766	0.028038026390442485
17.286432160804022	0.037138809559478174
17.68844221105528	0.04447842165698905
18.090452261306535	0.04988006582684916
18.49246231155779	0.05237863731860075
18.894472361809047	0.05138840245351393
19.296482412060303	0.04701719127482387
19.69849246231156	0.03962168202245632
20.100502512562816	0.030040993744819916
20.502512562814072	0.021537331113792146
20.90452261306533	0.01785901251330982
21.306532663316585	0.019140584032695224
21.70854271356784	0.021150733785388242
22.110552763819097	0.024310219782671144
22.512562814070353	0.03131167506840441
22.91457286432161	0.04317997042754877
23.316582914572866	0.05766507831849745
23.718592964824122	0.07053793251802107
24.12060301507538	0.07900719802982031
24.522613065326635	0.08131248865329407
24.92462311557789	0.07700250478102016
25.326633165829147	0.067429318271756
25.728643216080403	0.05468595518474303
26.13065326633166	0.04260685219012938
26.532663316582916	0.03326017443688366
26.934673366834172	0.028086409706772036
27.33668341708543	0.025669645665926617
27.738693467336685	0.024887059858547403
28.14070351758794	0.026770964532784207
28.542713567839197	0.0339076254567375
28.944723618090453	0.04707448615673423
29.34673366834171	0.06395789002622207
29.748743718592966	0.0798997256666555
30.150753768844222	0.09131076693688901
30.55276381909548	0.09515510353949823
30.954773869346734	0.09024174961569617
31.35678391959799	0.07670696871021908
31.758793969849247	0.05686241242709794
32.16080402010051	0.03460500998741182
32.56281407035176	0.01407685708585755
32.96482412060302	0.007693122490799039
33.366834170854275	0.013167024408421471
33.76884422110553	0.010988629378543452
34.17085427135679	0.0012422967425369615
34.572864321608044	0.016812544440864077
34.9748743718593	0.03741766107490293
35.37688442211056	0.05686937885471334
35.77889447236181	0.07231066559465403
36.18090452261307	0.0805569842513249
36.582914572864325	0.08028938688857792
36.98492462311558	0.0718893145698147
37.38693467336684	0.05695287509547298
37.788944723618094	0.038823862825173944
38.19095477386935	0.02167460368145647
38.59296482412061	0.014884288677722197
38.99497487437186	0.020235563047501025
39.39698492462312	0.024247500549004687
39.798994974874375	0.02350548407341295
40.20100502512563	0.02182338751237879
40.60301507537689	0.027734533389689713
41.005025125628144	0.04159334699288665
41.4070351758794	0.05628015249273075
41.80904522613066	0.06720766792715087
42.21105527638191	0.0715257548561151
42.61306532663317	0.06869844225559384
43.015075376884425	0.05991929761212315
43.41708542713568	0.04718442042148481
43.81909547738694	0.03616790787387409
44.221105527638194	0.03317450951024091
44.62311557788945	0.03757784488408057
45.02512562814071	0.0429173690093821
45.42713567839196	0.044699441973219574
45.82914572864322	0.043675217896087734
46.231155778894475	0.04320075125856161
46.63316582914573	0.04835776664530657
47.03517587939699	0.05867350193821108
47.437185929648244	0.07006793542748824
47.8391959798995	0.07776625911761291
48.24120603015076	0.0789837732417182
48.64321608040201	0.07298009647168098
49.04522613065327	0.060932058891495736
49.447236180904525	0.04644705029643993
49.84924623115578	0.03700678383626505
50.25125628140704	0.03937719599783608
50.653266331658294	0.04788791283487909
51.05527638190955	0.0544233287468565
51.45728643216081	0.05547419722639968
51.85929648241206	0.050819352757478106
52.26130653266332	0.044431529414622764
52.663316582914575	0.042853694478380125
53.06532663316583	0.049916152532216575
53.46733668341709	0.05997668766184076
53.869346733668344	0.06658879262867076
54.2713567839196	0.06585309257941586
54.67336683417086	0.057758324491643274
55.07537688442211	0.044030707067044
55.47738693467337	0.03006111624618573
55.879396984924625	0.028985484411606578
56.28140703517588	0.04152988807675502
56.68341708542714	0.054392387828608155
57.085427135678394	0.06124459262365354
57.48743718592965	0.060190959012029345
57.88944723618091	0.05232309577103519
58.29145728643216	0.04146620158802957
58.69346733668342	0.03455202441349915
59.095477386934675	0.03728086397276091
59.49748743718593	0.0439674745719342
59.89949748743719	0.04715522588464032
60.301507537688444	0.04354154964784717
60.7035175879397	0.03401830812119484
61.10552763819096	0.025076083173782467
61.50753768844221	0.03018192241052301
61.90954773869347	0.04647732343842427
62.311557788944725	0.06246439269335861
62.71356783919598	0.07197339208524518
63.11557788944724	0.07313349853870761
63.517587939698494	0.06592528014434108
63.91959798994975	0.0524912710319404
64.32160804020101	0.0370381011672405
64.72361809045226	0.026435615307072707
65.12562814070353	0.02628096512024865
65.52763819095478	0.029642218397636238
65.92964824120604	0.029222376888498526
66.33165829145729	0.02295619049635312
66.73366834170855	0.016364502904438784
67.1356783919598	0.023858053255360865
67.53768844221106	0.0412036624635083
67.93969849246231	0.05818560793850491
68.34170854271358	0.07045030465255031
68.74371859296483	0.07555568036847476
69.14572864321609	0.07270648754078436
69.54773869346734	0.06290898399659492
69.9497487437186	0.048463779100287104
70.35175879396985	0.033402075967624824
70.75376884422111	0.022752560520694985
71.15577889447236	0.021326381636185783
71.55778894472363	0.022990730297555266
71.95979899497488	0.021168749652685472
72.36180904522614	0.015615495852370213
72.76381909547739	0.017792785122280226
73.16582914572865	0.032696968269476205
73.5678391959799	0.050489011402904606
73.96984924623116	0.0656634157675344
74.37185929648241	0.07487151602538024
74.77386934673368	0.07656747559060553
75.17587939698493	0.07028259626802505
75.57788944723619	0.05746263826357047
75.97989949748744	0.04045166879523939
76.3819095477387	0.022227553758676015
76.78391959798995	0.006608887542234476
77.18592964824121	0.007048730589001686
77.58793969849246	0.011633603165545799
77.98994974874373	0.008720215971735244
78.39195979899498	0.001475750117310885
78.79396984924624	0.01580900349970238
79.19597989949749	0.03296548999532807
79.59798994974875	0.04957347538578323
80.0	0.062225776980718094
