0.0	0.012887830671972189
0.4020100502512563	0.010834140763567717
0.8040201005025126	0.007662111280617681
1.206030150753769	0.004979018224684573
1.6080402010050252	0.006211307071479077
2.0100502512562817	0.009188447221990251
2.412060301507538	0.01123482369881152
2.814070351758794	0.011560713416761317
3.2160804020100504	0.009763992869590926
3.6180904522613067	0.006353618656372816
4.020100502512563	0.0025484690539323506
4.42211055276382	0.004374992886159908
4.824120603015076	0.008561634340621748
5.226130653266332	0.011619277832054681
5.628140703517588	0.012933985829744999
6.030150753768845	0.012492310336476103
6.432160804020101	0.010815874389504695
6.834170854271357	0.009164027167983877
7.236180904522613	0.009188933751716926
7.63819095477387	0.011061215909501885
8.040201005025127	0.012755480944244845
8.442211055276383	0.013231312738655665
8.84422110552764	0.01190190072777046
9.246231155778895	0.008702072264904522
9.648241206030152	0.004866859944686715
10.050251256281408	0.004213754779555131
10.452261306532664	0.008458656474139554
10.85427135678392	0.01279182746123457
11.256281407035177	0.015872655944698492
11.658291457286433	0.017331470346747764
12.06030150753769	0.017713885084495336
12.462311557788945	0.017643172335549413
12.864321608040202	0.017495848433454433
13.266331658291458	0.018185486898440958
13.668341708542714	0.01890032835284
14.07035175879397	0.018985385731652215
14.472361809045227	0.018179352562977737
14.874371859296483	0.01589473473734291
15.27638190954774	0.013470849671310226
15.678391959798995	0.012075454574573357
16.080402010050253	0.013170368743476768
16.48241206030151	0.015911773646761683
16.884422110552766	0.01862148369764785
17.286432160804022	0.020152984218698457
17.68844221105528	0.02046244499879025
18.090452261306535	0.019834149611929898
18.49246231155779	0.018861984200435902
18.894472361809047	0.01871042023908582
19.296482412060303	0.019214324034794318
19.69849246231156	0.02033798965254715
20.100502512562816	0.020654535343829956
20.502512562814072	0.020135657872986018
20.90452261306533	0.018692324394683456
21.306532663316585	0.017519297949439783
21.70854271356784	0.017453513243577065
22.110552763819097	0.019180690679213953
22.512562814070353	0.021791240506392515
22.91457286432161	0.024120360504720446
23.316582914572866	0.025490138761597475
23.718592964824122	0.025494098307249226
24.12060301507538	0.024750613519974377
24.522613065326635	0.02391051643507224
24.92462311557789	0.023537410241796945
25.326633165829147	0.023390884811454547
25.728643216080403	0.02307148673159067
26.13065326633166	0.02213240672612825
26.532663316582916	0.020035840432675665
26.934673366834172	0.0174242346005526
27.33668341708543	0.014927604767489947
27.738693467336685	0.014166124326106205
28.14070351758794	0.01605969355831926
28.542713567839197	0.019427449684521834
28.944723618090453	0.022694748821637644
29.34673366834171	0.024889441099770402
29.748743718592966	0.02610375778981918
30.150753768844222	0.026410645144919948
30.55276381909548	0.026596197927100912
30.954773869346734	0.027007761570096583
31.35678391959799	0.027501095193964133
31.758793969849247	0.027740197283044044
32.16080402010051	0.027184966823769457
32.56281407035176	0.02595739854425521
32.96482412060302	0.02404684165306631
33.366834170854275	0.022598465052697077
33.76884422110553	0.02226539818310078
34.17085427135679	0.02379775157058911
34.572864321608044	0.026450678131130317
34.9748743718593	0.029091610108424544
35.37688442211056	0.030890181174948166
35.77889447236181	0.03215328327157383
36.18090452261307	0.03249802428590081
36.582914572864325	0.032705785756570335
36.98492462311558	0.032857831416232615
37.38693467336684	0.033233496084371955
37.788944723618094	0.03314574594232216
38.19095477386935	0.0327643187233176
38.59296482412061	0.03204389635002636
38.99497487437186	0.03141852781720521
39.39698492462312	0.03181935672703205
39.798994974874375	0.0342380940347473
40.20100502512563	0.03828802058707615
40.60301507537689	0.04349683504413894
41.005025125628144	0.04822317475268271
41.4070351758794	0.05220052637690118
41.80904522613066	0.05435459253574859
42.21105527638191	0.05508871384277878
42.61306532663317	0.054350216532459014
43.015075376884425	0.05279855477977552
43.41708542713568	0.05039913470539401
43.81909547738694	0.047719850862300975
44.221105527638194	0.04506306805425098
44.62311557788945	0.04320598638813965
45.02512562814071	0.04243671335543219
45.42713567839196	0.04355502189741132
45.82914572864322	0.04672277890896577
46.231155778894475	0.051721237131506045
46.63316582914573	0.057306908197982565
47.03517587939699	0.06237262199262981
47.437185929648244	0.06643713466162024
47.8391959798995	0.06875202220238238
48.24120603015076	0.06925649331075863
48.64321608040201	0.06814057167668316
49.04522613065327	0.06546573185772732
49.447236180904525	0.06253074946890703
49.84924623115578	0.05945869189996952
50.25125628140704	0.057614169343210356
50.653266331658294	0.05697342745943559
51.05527638190955	0.05756065625074765
51.45728643216081	0.059662858473366956
51.85929648241206	0.06266346494317927
52.26130653266332	0.06599668968763028
52.663316582914575	0.06898990382600392
53.06532663316583	0.07082441088872994
53.46733668341709	0.07143174198249963
53.869346733668344	0.07104248255900669
54.2713567839196	0.06931735145331938
54.67336683417086	0.0670949910618582
55.07537688442211	0.0644416172784997
55.47738693467337	0.061933404528274436
55.879396984924625	0.059536487576197325
56.28140703517588	0.057652808745246795
56.68341708542714	0.05634727401534967
57.085427135678394	0.05559015962033349
57.48743718592965	0.055377999779870936
57.88944723618091	0.05574160991495758
58.29145728643216	0.056785936014743424
58.69346733668342	0.058236188176680484
59.095477386934675	0.060017570989076265
59.49748743718593	0.061482298623756315
59.89949748743719	0.062381852832787445
60.301507537688444	0.06216317046464924
60.7035175879397	0.060627988903564654
61.10552763819096	0.058266289213853774
61.50753768844221	0.055311036144544856
61.90954773869347	0.05258407695097043
62.311557788944725	0.050535515131989985
62.71356783919598	0.049348807779235664
63.11557788944724	0.04916850863657955
63.517587939698494	0.050076167397848315
63.91959798994975	0.051697361931822026
64.32160804020101	0.05385475173057323
64.72361809045226	0.05639393532334269
65.12562814070353	0.05884319885027267
65.52763819095478	0.060599893334088606
65.92964824120604	0.061534533269301264
66.33165829145729	0.06119363419707148
66.73366834170855	0.05978729075365728
67.1356783919598	0.05730821114250291
67.53768844221106	0.05444750836363939
67.93969849246231	0.05196724024531274
68.34170854271358	0.05024792153990818
68.74371859296483	0.049561080073172295
69.14572864321609	0.04971568085420855
69.54773869346734	0.05077875356695204
69.9497487437186	0.05265289981913203
70.35175879396985	0.05527201258667126
70.75376884422111	0.05823698481330889
71.15577889447236	0.061550242884523945
71.55778894472363	0.06389045584132783
71.95979899497488	0.0651609795877828
72.36180904522614	0.06491348411066752
72.76381909547739	0.06304235360537067
73.16582914572865	0.05990580476304391
73.5678391959799	0.05624947495870425
73.96984924623116	0.05274659042193245
74.37185929648241	0.050153466852127
74.77386934673368	0.048881040440501594
75.17587939698493	0.04914137791130306
75.57788944723619	0.051055855432175834
75.97989949748744	0.0539312086677161
76.3819095477387	0.057652827551073385
76.78391959798995	0.06142535783676929
77.18592964824121	0.06469709460398312
77.58793969849246	0.06658994911318268
77.98994974874373	0.06683838158489645
78.39195979899498	0.06534785196792807
78.79396984924624	0.062328864153899724
79.19597989949749	0.05837483745409723
79.59798994974875	0.05437379202063084
80.0	0.05126050932040298
