0.0	0.008679143593206168
0.4020100502512563	0.009619179395520944
0.8040201005025126	0.008951189926867338
1.206030150753769	0.006908689107141876
1.6080402010050252	0.0038591934308363925
2.0100502512562817	0.0004951685566141029
2.412060301507538	0.0027062828252299087
2.814070351758794	0.00494652080374393
3.2160804020100504	0.005826407919647759
3.6180904522613067	0.005126890001272643
4.020100502512563	0.0030878455965757607
4.42211055276382	0.001172379599710945
4.824120603015076	0.004282301093780887
5.226130653266332	0.00779115865991299
5.628140703517588	0.010824220438018495
6.030150753768845	0.012579351686792941
6.432160804020101	0.012743152963606692
6.834170854271357	0.01167830516066591
7.236180904522613	0.009339581612374482
7.63819095477387	0.006285491560679151
8.040201005025127	0.0034430974115641374
8.442211055276383	0.0014062380835854684
8.84422110552764	0.001349481654255407
9.246231155778895	0.001751703079734847
9.648241206030152	0.0028432042728462345
10.050251256281408	0.00587548919391385
10.452261306532664	0.010094312602107287
10.85427135678392	0.014846028995940081
11.256281407035177	0.01904512718847568
11.658291457286433	0.02230351249331331
12.06030150753769	0.0244129686361774
12.462311557788945	0.024756587038619375
12.864321608040202	0.02387362617252885
13.266331658291458	0.022138935047585594
13.668341708542714	0.019981701875679176
14.07035175879397	0.017937110110838952
14.472361809045227	0.016423413139269157
14.874371859296483	0.015769351335399782
15.27638190954774	0.016059826418835126
15.678391959798995	0.017463914755902525
16.080402010050253	0.019909561332963916
16.48241206030151	0.023395672271613762
16.884422110552766	0.02778259983762606
17.286432160804022	0.0323649159416116
17.68844221105528	0.03676669195709663
18.090452261306535	0.04035739941043399
18.49246231155779	0.04302670015495417
18.894472361809047	0.044265630571267624
19.296482412060303	0.044555330220929876
19.69849246231156	0.04424801702364119
20.100502512562816	0.04395141274246291
20.502512562814072	0.04401991584837331
20.90452261306533	0.044816285399106676
21.306532663316585	0.04652661700539746
21.70854271356784	0.04928337846769643
22.110552763819097	0.05269446841248371
22.512562814070353	0.05656822866017016
22.91457286432161	0.0608480844866792
23.316582914572866	0.06497102942359062
23.718592964824122	0.06850778929628851
24.12060301507538	0.07095717449562802
24.522613065326635	0.07182392325426254
24.92462311557789	0.07081747828790978
25.326633165829147	0.06816634805082833
25.728643216080403	0.06398678811130733
26.13065326633166	0.05889126150780981
26.532663316582916	0.05353980173231961
26.934673366834172	0.0490214789952799
27.33668341708543	0.0463481756772677
27.738693467336685	0.04639543784946776
28.14070351758794	0.0493407144643621
28.542713567839197	0.05452824875901363
28.944723618090453	0.06095536521969491
29.34673366834171	0.06734168475676408
29.748743718592966	0.07213298687146433
30.150753768844222	0.07443772393015599
30.55276381909548	0.07355983452786816
30.954773869346734	0.06988514816393547
31.35678391959799	0.06368381406458215
31.758793969849247	0.055967896553547926
32.16080402010051	0.04837456151678658
32.56281407035176	0.04189621507479717
32.96482412060302	0.037523872169974645
33.366834170854275	0.035840328691757156
33.76884422110553	0.036928317543504376
34.17085427135679	0.040318236005702605
34.572864321608044	0.04544493335115
34.9748743718593	0.051317227205725326
35.37688442211056	0.05665413675985267
35.77889447236181	0.06093801464141725
36.18090452261307	0.06318879165506068
36.582914572864325	0.06320558502821623
36.98492462311558	0.06153417393704099
37.38693467336684	0.05824157848376932
37.788944723618094	0.0542100003161378
38.19095477386935	0.05020183928415265
38.59296482412061	0.04720804959290327
38.99497487437186	0.04521634619088023
39.39698492462312	0.0449554443852664
39.798994974874375	0.046455058092564686
40.20100502512563	0.04935804440041784
40.60301507537689	0.0533074319456764
41.005025125628144	0.057382571936306345
41.4070351758794	0.060401948737036616
41.80904522613066	0.062390701061618335
42.21105527638191	0.06292378259033968
42.61306532663317	0.061971055445569946
43.015075376884425	0.06006979085310201
43.41708542713568	0.05766630636195499
43.81909547738694	0.05520244889677349
44.221105527638194	0.05321174903208588
44.62311557788945	0.051693452272782325
45.02512562814071	0.05089142434769463
45.42713567839196	0.0506168546690303
45.82914572864322	0.051094856557375244
46.231155778894475	0.05209440312672854
46.63316582914573	0.05383344448980963
47.03517587939699	0.05534839927752837
47.437185929648244	0.0570767812576485
47.8391959798995	0.05832293254642455
48.24120603015076	0.05899317977582549
48.64321608040201	0.0589604487557806
49.04522613065327	0.05799429298188683
49.447236180904525	0.05645937187496407
49.84924623115578	0.054342977295666714
50.25125628140704	0.052066794002371686
50.653266331658294	0.05016597893679755
51.05527638190955	0.04887322857783637
51.45728643216081	0.04836468291810244
51.85929648241206	0.048685367491519686
52.26130653266332	0.049935620666932405
52.663316582914575	0.051882801300209794
53.06532663316583	0.05439231069355951
53.46733668341709	0.05716145920335518
53.869346733668344	0.05896720426410808
54.2713567839196	0.059964647304041704
54.67336683417086	0.05964086604582138
55.07537688442211	0.05785458576295939
55.47738693467337	0.05487468992050963
55.879396984924625	0.051681618287109085
56.28140703517588	0.04873801508367832
56.68341708542714	0.04660253412752781
57.085427135678394	0.04586980760615607
57.48743718592965	0.046430453044557625
57.88944723618091	0.04786450311091643
58.29145728643216	0.05035472465955136
58.69346733668342	0.05330862849670408
59.095477386934675	0.05651471681231882
59.49748743718593	0.059050522664107465
59.89949748743719	0.06084343301702246
60.301507537688444	0.06102464371991001
60.7035175879397	0.05952091406744584
61.10552763819096	0.056436492132369995
61.50753768844221	0.052433939801314534
61.90954773869347	0.048147181248408846
62.311557788944725	0.0444660234849137
62.71356783919598	0.0424794694648837
63.11557788944724	0.042191995754366565
63.517587939698494	0.04356970912558699
63.91959798994975	0.04642545936980414
64.32160804020101	0.05033559565496261
64.72361809045226	0.0546570945194656
65.12562814070353	0.058560664828393214
65.52763819095478	0.06116922789620821
65.92964824120604	0.0616609080428035
66.33165829145729	0.06007635248893235
66.73366834170855	0.05627649587396333
67.1356783919598	0.05101018347069147
67.53768844221106	0.045742564390528755
67.93969849246231	0.04156385073408177
68.34170854271358	0.03948488566422501
68.74371859296483	0.03987984212359608
69.14572864321609	0.04274410479213327
69.54773869346734	0.04732641006411745
69.9497487437186	0.052555786906366406
70.35175879396985	0.0579001094226862
70.75376884422111	0.062195643250828644
71.15577889447236	0.06444472609222326
71.55778894472363	0.06439195562650935
71.95979899497488	0.061981644038668904
72.36180904522614	0.05815999894630279
72.76381909547739	0.05333735986022059
73.16582914572865	0.0487286525060013
73.5678391959799	0.045252474343721275
73.96984924623116	0.04333472739336595
74.37185929648241	0.04357575351594661
74.77386934673368	0.04527648253848947
75.17587939698493	0.048377039914887655
75.57788944723619	0.05220233787232377
75.97989949748744	0.05606714836629072
76.3819095477387	0.059515959242123995
76.78391959798995	0.06181661657449193
77.18592964824121	0.06265216458989745
77.58793969849246	0.0613856999181598
77.98994974874373	0.05839120574074021
78.39195979899498	0.05424411882692699
78.79396984924624	0.04969786504232971
79.19597989949749	0.04584673509220454
79.59798994974875	0.04326569676045917
80.0	0.042748546834560766
