0.0	0.019021879714003268
0.4020100502512563	0.016918940657353203
0.8040201005025126	0.012967016074300874
1.206030150753769	0.00908397935207483
1.6080402010050252	0.008958367538273221
2.0100502512562817	0.012148288396588698
2.412060301507538	0.015248211020303475
2.814070351758794	0.016003348525960522
3.2160804020100504	0.014094105376603197
3.6180904522613067	0.009811542545708448
4.020100502512563	0.004378118493879502
4.42211055276382	0.00548774221309875
4.824120603015076	0.011352486246239017
5.226130653266332	0.0165440902489565
5.628140703517588	0.01933155288719588
6.030150753768845	0.019814245387087207
6.432160804020101	0.018687607279094326
6.834170854271357	0.016491592751144882
7.236180904522613	0.015373262403173493
7.63819095477387	0.015756551968291947
8.040201005025127	0.01669922715780209
8.442211055276383	0.01703008805188768
8.84422110552764	0.015081724350330002
9.246231155778895	0.011147996614007507
9.648241206030152	0.005836494729063619
10.050251256281408	0.0046103724181102744
10.452261306532664	0.010968196497379516
10.85427135678392	0.017878049414022646
11.256281407035177	0.02319821951516933
11.658291457286433	0.026348881789184837
12.06030150753769	0.026410722416577985
12.462311557788945	0.02385424538966651
12.864321608040202	0.019168775694175442
13.266331658291458	0.01267440630333185
13.668341708542714	0.0048855381770127795
14.07035175879397	0.0035098843806013053
14.472361809045227	0.011497272050111338
14.874371859296483	0.018663315570868873
15.27638190954774	0.02416776054796629
15.678391959798995	0.027870087918872143
16.080402010050253	0.028878364873177846
16.48241206030151	0.02921896854138681
16.884422110552766	0.030881644812061553
17.286432160804022	0.034202352722307275
17.68844221105528	0.04000423536759962
18.090452261306535	0.04330163579522304
18.49246231155779	0.04289625060265664
18.894472361809047	0.0358589388782691
19.296482412060303	0.02417429323714936
19.69849246231156	0.010599614378921214
20.100502512562816	0.010982551789871824
20.502512562814072	0.0242496066971904
20.90452261306533	0.035042832110743306
21.306532663316585	0.04050027357318588
21.70854271356784	0.039041795781092466
22.110552763819097	0.03397506608757743
22.512562814070353	0.028261627799342985
22.91457286432161	0.02750433899520603
23.316582914572866	0.03294663974591868
23.718592964824122	0.03897284400646384
24.12060301507538	0.039637858425620426
24.522613065326635	0.03308289359416824
24.92462311557789	0.020396079884862178
25.326633165829147	0.006408788041754386
25.728643216080403	0.017478089641726056
26.13065326633166	0.0341657591732616
26.532663316582916	0.04770394763784606
26.934673366834172	0.05472020987148429
27.33668341708543	0.05521126296507611
27.738693467336685	0.04840271358354094
28.14070351758794	0.03698171452310508
28.542713567839197	0.023718554548337073
28.944723618090453	0.018200292316593675
29.34673366834171	0.022708996637804096
29.748743718592966	0.027193313850726895
30.150753768844222	0.026039608457824538
30.55276381909548	0.019112864205151327
30.954773869346734	0.008758367956889298
31.35678391959799	0.015040554853528953
31.758793969849247	0.03224677532124018
32.16080402010051	0.048384201658916756
32.56281407035176	0.059210248247052163
32.96482412060302	0.06336263360662767
33.366834170854275	0.0596454053888561
33.76884422110553	0.049670374813525486
34.17085427135679	0.036445508560582
34.572864321608044	0.026019364643759573
34.9748743718593	0.023933141997115236
35.37688442211056	0.027339130230556997
35.77889447236181	0.029663498721582377
36.18090452261307	0.02939635039560013
36.582914572864325	0.03127377975052682
36.98492462311558	0.03813874712859114
37.38693467336684	0.04827845312344846
37.788944723618094	0.057156445924264374
38.19095477386935	0.062044110099018855
38.59296482412061	0.06165264592217664
38.99497487437186	0.055748659386069224
39.39698492462312	0.046900604082205685
39.798994974874375	0.03787209703275248
40.20100502512563	0.03450713427542863
40.60301507537689	0.037557369938903656
41.005025125628144	0.04352125510032613
41.4070351758794	0.04845511807921753
41.80904522613066	0.05115150730500989
42.21105527638191	0.05188185164085789
42.61306532663317	0.051380003697230024
43.015075376884425	0.05144730222590425
43.41708542713568	0.05131036503531146
43.81909547738694	0.05126896130297699
44.221105527638194	0.049915209824095454
44.62311557788945	0.04724500538359232
45.02512562814071	0.04538673884158351
45.42713567839196	0.045452672347931926
45.82914572864322	0.04968536941922512
46.231155778894475	0.05662089986956988
46.63316582914573	0.0631679563966546
47.03517587939699	0.0669024457727749
47.437185929648244	0.06684259805479432
47.8391959798995	0.06338566849581512
48.24120603015076	0.05757872718302742
48.64321608040201	0.05108715548177315
49.04522613065327	0.04583591243908834
49.447236180904525	0.04262358146946302
49.84924623115578	0.04198453425251712
50.25125628140704	0.043602741546805025
50.653266331658294	0.04641184054225493
51.05527638190955	0.04947812594140037
51.45728643216081	0.05265492266374927
51.85929648241206	0.054211299673260535
52.26130653266332	0.05349907812879405
52.663316582914575	0.05034904730137731
53.06532663316583	0.04531089782284096
53.46733668341709	0.03934750087885423
53.869346733668344	0.033951004499311
54.2713567839196	0.03024587809206767
54.67336683417086	0.02809604857762483
55.07537688442211	0.02751454831063253
55.47738693467337	0.028875367381676308
55.879396984924625	0.03221380213141887
56.28140703517588	0.03778165967080414
56.68341708542714	0.04422101134204451
57.085427135678394	0.04997920816635941
57.48743718592965	0.05410494075524273
57.88944723618091	0.055677294280119416
58.29145728643216	0.0538932610175923
58.69346733668342	0.05034007301533157
59.095477386934675	0.045143317944947095
59.49748743718593	0.03971808773577633
59.89949748743719	0.03500701498616793
60.301507537688444	0.030814647004497958
60.7035175879397	0.027565302886727584
61.10552763819096	0.024987092691065943
61.50753768844221	0.024315956946486007
61.90954773869347	0.026473187425632882
62.311557788944725	0.031162910317273602
62.71356783919598	0.036827383961592866
63.11557788944724	0.04175663808479495
63.517587939698494	0.044936798880857984
63.91959798994975	0.04643526104242187
64.32160804020101	0.04691147253417362
64.72361809045226	0.04661381564587998
65.12562814070353	0.04627499359147007
65.52763819095478	0.045914865836417955
65.92964824120604	0.04450561274453189
66.33165829145729	0.04213258966133038
66.73366834170855	0.03928554595905051
67.1356783919598	0.037553856715837566
67.53768844221106	0.03807720893054959
67.93969849246231	0.0407260858832308
68.34170854271358	0.044381007233630004
68.74371859296483	0.0479321447611544
69.14572864321609	0.04989240744072688
69.54773869346734	0.05039432638501001
69.9497487437186	0.049767721189028405
70.35175879396985	0.04857483676460108
70.75376884422111	0.04680014465357622
71.15577889447236	0.044674070932227083
71.55778894472363	0.04223379952223077
71.95979899497488	0.03952731314911441
72.36180904522614	0.03635254100138391
72.76381909547739	0.03328950282897968
73.16582914572865	0.03141298959301374
73.5678391959799	0.03164197074268303
73.96984924623116	0.03408875802720391
74.37185929648241	0.0382803010566374
74.77386934673368	0.043065719874401456
75.17587939698493	0.047470151222473195
75.57788944723619	0.051684054582368265
75.97989949748744	0.0547192112574403
76.3819095477387	0.0565831562620762
76.78391959798995	0.05638588476622678
77.18592964824121	0.05404516507447783
77.58793969849246	0.04968443535569466
77.98994974874373	0.0442330899882271
78.39195979899498	0.038687149646416064
78.79396984924624	0.03381365244227681
79.19597989949749	0.031036615626353292
79.59798994974875	0.031056222338148542
80.0	0.03351903725952368
