0.0	0.030618650217077954
0.4020100502512563	0.02897370862073866
0.8040201005025126	0.02241984868012539
1.206030150753769	0.012653277699838563
1.6080402010050252	0.003574971482360633
2.0100502512562817	0.011632042452306566
2.412060301507538	0.01979510700571396
2.814070351758794	0.023874838503656372
3.2160804020100504	0.02293216022140013
3.6180904522613067	0.016923019335407585
4.020100502512563	0.007059205857224792
4.42211055276382	0.005644195469214464
4.824120603015076	0.017454591261936696
5.226130653266332	0.027118302924713206
5.628140703517588	0.03292844561666912
6.030150753768845	0.03349301136802282
6.432160804020101	0.029131941930609962
6.834170854271357	0.020895236028699554
7.236180904522613	0.010717286536016486
7.63819095477387	0.006263151696928504
8.040201005025127	0.013091473844187929
8.442211055276383	0.01800601068485254
8.84422110552764	0.01836757027742153
9.246231155778895	0.013301144259741948
9.648241206030152	0.004028643712344032
10.050251256281408	0.008755290073486958
10.452261306532664	0.02178902965541771
10.85427135678392	0.03351772983052737
11.256281407035177	0.04152892384801154
11.658291457286433	0.0447329843193665
12.06030150753769	0.04265217613924095
12.462311557788945	0.03616004924949636
12.864321608040202	0.02706273556804789
13.266331658291458	0.018327751871407196
13.668341708542714	0.01398344054806731
14.07035175879397	0.014750999757078932
14.472361809045227	0.015655787581235422
14.874371859296483	0.013650499343171151
15.27638190954774	0.009010601308673764
15.678391959798995	0.008435034566637137
16.080402010050253	0.01770108416866874
16.48241206030151	0.02917122433296735
16.884422110552766	0.039371367460629594
17.286432160804022	0.04671365261424711
17.68844221105528	0.04966051664909052
18.090452261306535	0.04844059926083624
18.49246231155779	0.043547891678239935
18.894472361809047	0.03668002573632666
19.296482412060303	0.030312465727264815
19.69849246231156	0.026566988618897957
20.100502512562816	0.025385242016928655
20.502512562814072	0.024923910045923987
20.90452261306533	0.023238081312340696
21.306532663316585	0.021521587112657798
21.70854271356784	0.02310495992000049
22.110552763819097	0.029613335669657664
22.512562814070353	0.03842541602795092
22.91457286432161	0.04657948048566512
23.316582914572866	0.051898440048520934
23.718592964824122	0.05349720263705937
24.12060301507538	0.05190800758757906
24.522613065326635	0.04795485150068694
24.92462311557789	0.04313003979791333
25.326633165829147	0.03939165917354871
25.728643216080403	0.037166427398416475
26.13065326633166	0.03601645655094367
26.532663316582916	0.03469669070118536
26.934673366834172	0.03267442694183705
27.33668341708543	0.03125098127067673
27.738693467336685	0.033142519610957946
28.14070351758794	0.03925507921568752
28.542713567839197	0.04804261473364559
28.944723618090453	0.05673396448239889
29.34673366834171	0.06354633792710457
29.748743718592966	0.06794330764174637
30.150753768844222	0.06975615744401248
30.55276381909548	0.0692421474092017
30.954773869346734	0.06718162541034842
31.35678391959799	0.06437091272217643
31.758793969849247	0.06131653555260014
32.16080402010051	0.058018115393675365
32.56281407035176	0.05420971182767148
32.96482412060302	0.05047080599427047
33.366834170854275	0.04775269303547686
33.76884422110553	0.04725470297382273
34.17085427135679	0.04991408226902944
34.572864321608044	0.054902584131482954
34.9748743718593	0.06048998486124365
35.37688442211056	0.06537830472289285
35.77889447236181	0.0683784801758453
36.18090452261307	0.0691412058530395
36.582914572864325	0.06805738384837398
36.98492462311558	0.06541979746101875
37.38693467336684	0.062153855769038445
37.788944723618094	0.05910917027282493
38.19095477386935	0.05634798018209851
38.59296482412061	0.05373230356678739
38.99497487437186	0.0513954095998162
39.39698492462312	0.04963573972611166
39.798994974874375	0.04935489792952831
40.20100502512563	0.05123666390676425
40.60301507537689	0.05539880962168303
41.005025125628144	0.0600833515107009
41.4070351758794	0.06443883775246331
41.80904522613066	0.06684129839691039
42.21105527638191	0.06709226631772916
42.61306532663317	0.06508768281408166
43.015075376884425	0.06192657357165142
43.41708542713568	0.05853565378273003
43.81909547738694	0.05581359383785182
44.221105527638194	0.053925673943484645
44.62311557788945	0.05193712177716103
45.02512562814071	0.050088934639745994
45.42713567839196	0.04882762972803623
45.82914572864322	0.04932942558786801
46.231155778894475	0.05238474966357293
46.63316582914573	0.05744181394735903
47.03517587939699	0.06308778506614099
47.437185929648244	0.06745169546386826
47.8391959798995	0.0689883892443531
48.24120603015076	0.06783301825162284
48.64321608040201	0.06464012425674581
49.04522613065327	0.06062569872085277
49.447236180904525	0.05699161900211526
49.84924623115578	0.05473630108499465
50.25125628140704	0.053086082454900416
50.653266331658294	0.05200237861777971
51.05527638190955	0.05096474790641251
51.45728643216081	0.050986508368995806
51.85929648241206	0.0523698746736162
52.26130653266332	0.05540158958036997
52.663316582914575	0.059553415258001764
53.06532663316583	0.06370775293067485
53.46733668341709	0.06621210529136426
53.869346733668344	0.0662741068627673
54.2713567839196	0.06386924406832149
54.67336683417086	0.06010339542363487
55.07537688442211	0.05613121196590846
55.47738693467337	0.05325234680770848
55.879396984924625	0.05209363346978384
56.28140703517588	0.05214746385002862
56.68341708542714	0.05173476655215342
57.085427135678394	0.05091207502788583
57.48743718592965	0.05008094151776663
57.88944723618091	0.05104411224815142
58.29145728643216	0.05414098375297812
58.69346733668342	0.05899137909871353
59.095477386934675	0.06378370403754541
59.49748743718593	0.06655153481777228
59.89949748743719	0.06639503137166612
60.301507537688444	0.06384135290941012
60.7035175879397	0.05977009975277163
61.10552763819096	0.05574095347908988
61.50753768844221	0.05326880826552662
61.90954773869347	0.051901049608883754
62.311557788944725	0.051067642762569664
62.71356783919598	0.050126434456835546
63.11557788944724	0.04871345334466423
63.517587939698494	0.048276316120558216
63.91959798994975	0.05025580271914141
64.32160804020101	0.054641177419339146
64.72361809045226	0.06014768138482398
65.12562814070353	0.06511937804380603
65.52763819095478	0.06772071359979831
65.92964824120604	0.06755629846451602
66.33165829145729	0.06454794894199778
66.73366834170855	0.06018772187968121
67.1356783919598	0.05546465465826035
67.53768844221106	0.05187365467080039
67.93969849246231	0.04996653249768457
68.34170854271358	0.04893814566431967
68.74371859296483	0.04828354495061104
69.14572864321609	0.04791057053806415
69.54773869346734	0.0487766857699855
69.9497487437186	0.05181971018662283
70.35175879396985	0.05661380583381289
70.75376884422111	0.06213507668877186
71.15577889447236	0.06670954219935149
71.55778894472363	0.06893329308331515
71.95979899497488	0.06836848995639641
72.36180904522614	0.06513400863719933
72.76381909547739	0.060218975205791926
73.16582914572865	0.054992182210720976
73.5678391959799	0.05115188629336335
73.96984924623116	0.049236083935909974
74.37185929648241	0.04873218110236589
74.77386934673368	0.049003934269661056
75.17587939698493	0.049707159611621476
75.57788944723619	0.05146710272738011
75.97989949748744	0.05494980089319664
76.3819095477387	0.05968478738591186
76.78391959798995	0.06459433423749376
77.18592964824121	0.06855447257628235
77.58793969849246	0.07015640973860461
77.98994974874373	0.06847388790259717
78.39195979899498	0.06428160792610405
78.79396984924624	0.05844994442085455
79.19597989949749	0.05269514991828794
79.59798994974875	0.048740567357736436
80.0	0.047297887166328045
