0.0	0.023838284296034937
0.4020100502512563	0.023139776368885114
0.8040201005025126	0.018816134952182307
1.206030150753769	0.011426752158582448
1.6080402010050252	0.0025393393627104917
2.0100502512562817	0.006161184671132182
2.412060301507538	0.013256542724242237
2.814070351758794	0.01711472383145104
3.2160804020100504	0.017119268939357092
3.6180904522613067	0.013225681609397081
4.020100502512563	0.006017463483597987
4.42211055276382	0.0029206540328072126
4.824120603015076	0.012210562233137236
5.226130653266332	0.020263094629520716
5.628140703517588	0.025144160201585414
6.030150753768845	0.02644804862617422
6.432160804020101	0.023932221777728087
6.834170854271357	0.018057978799603552
7.236180904522613	0.010062815406333579
7.63819095477387	0.0014086295359646873
8.040201005025127	0.006044464078536286
8.442211055276383	0.010870844846401755
8.84422110552764	0.012135813305163955
9.246231155778895	0.009080995659387307
9.648241206030152	0.0025808212870912996
10.050251256281408	0.00654894372780407
10.452261306532664	0.01690972969219893
10.85427135678392	0.026469897745512366
11.256281407035177	0.033673532306086953
11.658291457286433	0.03768626202315883
12.06030150753769	0.037579526583487725
12.462311557788945	0.03412816191082046
12.864321608040202	0.02792373019409856
13.266331658291458	0.02044831907523046
13.668341708542714	0.013415219362703786
14.07035175879397	0.00860226463446566
14.472361809045227	0.006590197127130859
14.874371859296483	0.007720182283833503
15.27638190954774	0.011986599340367499
15.678391959798995	0.018728584304440916
16.080402010050253	0.026273827093358137
16.48241206030151	0.033220275603058944
16.884422110552766	0.03807979511131994
17.286432160804022	0.04012608925293794
17.68844221105528	0.039489923982124135
18.090452261306535	0.03688864223001441
18.49246231155779	0.03294139915413438
18.894472361809047	0.028612994702751044
19.296482412060303	0.02514067003815767
19.69849246231156	0.022875018969641954
20.100502512562816	0.02217161863726092
20.502512562814072	0.023446787375060025
20.90452261306533	0.026388266399131534
21.306532663316585	0.030639182923818658
21.70854271356784	0.035566406542378616
22.110552763819097	0.040486610551413345
22.512562814070353	0.04459483910954343
22.91457286432161	0.04729699756391852
23.316582914572866	0.048306019542498406
23.718592964824122	0.04775400428463543
24.12060301507538	0.04573185257139813
24.522613065326635	0.04329384319243534
24.92462311557789	0.04074719895170262
25.326633165829147	0.03873778572040968
25.728643216080403	0.0382285996982053
26.13065326633166	0.03921111755911366
26.532663316582916	0.04152638543414071
26.934673366834172	0.04521016101664959
27.33668341708543	0.05002427581535621
27.738693467336685	0.05499205478143079
28.14070351758794	0.059739947504253633
28.542713567839197	0.06363526151116046
28.944723618090453	0.06606945660567151
29.34673366834171	0.06685593344496235
29.748743718592966	0.06560260052868881
30.150753768844222	0.06235248818319435
30.55276381909548	0.05753996286998808
30.954773869346734	0.051751511116080263
31.35678391959799	0.046111695666590555
31.758793969849247	0.04196622081370587
32.16080402010051	0.040265122263624525
32.56281407035176	0.041400207981234845
32.96482412060302	0.045322167949572695
33.366834170854275	0.05106942898422808
33.76884422110553	0.05750243852871301
34.17085427135679	0.06262391288846235
34.572864321608044	0.06604616140282224
34.9748743718593	0.06651703150120457
35.37688442211056	0.0640474536625161
35.77889447236181	0.05884168676024402
36.18090452261307	0.05154943986223777
36.582914572864325	0.04362473871704467
36.98492462311558	0.036315981094796106
37.38693467336684	0.031259505564940955
37.788944723618094	0.029223754657663935
38.19095477386935	0.02988628977923677
38.59296482412061	0.032037864930359095
38.99497487437186	0.03502282537603566
39.39698492462312	0.038086533734442755
39.798994974874375	0.04111249304955687
40.20100502512563	0.04358554895877724
40.60301507537689	0.04493472304992302
41.005025125628144	0.04487241323718345
41.4070351758794	0.04332011102187567
41.80904522613066	0.040305552464983505
42.21105527638191	0.036717780437307015
42.61306532663317	0.033264346474498524
43.015075376884425	0.031056052363573318
43.41708542713568	0.03075009724714011
43.81909547738694	0.03141387749836751
44.221105527638194	0.032113298498749124
44.62311557788945	0.03240479932564461
45.02512562814071	0.03249162219375507
45.42713567839196	0.03326782639120228
45.82914572864322	0.03466884874793734
46.231155778894475	0.03699268917643238
46.63316582914573	0.03921784400097392
47.03517587939699	0.040609977539805636
47.437185929648244	0.040965190627361966
47.8391959798995	0.039954006395177
48.24120603015076	0.03849457354073106
48.64321608040201	0.037203302107376365
49.04522613065327	0.03674759044908366
49.447236180904525	0.03718674599163541
49.84924623115578	0.03790008517473973
50.25125628140704	0.038269683964729476
50.653266331658294	0.037852898854666
51.05527638190955	0.036367746080172195
51.45728643216081	0.03472965375205399
51.85929648241206	0.03364253723134742
52.26130653266332	0.03381521805159367
52.663316582914575	0.034557366091384115
53.06532663316583	0.03516641808249453
53.46733668341709	0.03486833988557667
53.869346733668344	0.03403282305887868
54.2713567839196	0.033820869705692744
54.67336683417086	0.035146243825686374
55.07537688442211	0.03835939685111851
55.47738693467337	0.042150276863234235
55.879396984924625	0.045377239252048215
56.28140703517588	0.04649931821394708
56.68341708542714	0.04548023033078458
57.085427135678394	0.042609450182633776
57.48743718592965	0.038989555348764304
57.88944723618091	0.03547939529857419
58.29145728643216	0.033348436681237846
58.69346733668342	0.032355402014532096
59.095477386934675	0.03232113355666946
59.49748743718593	0.033314185089992135
59.89949748743719	0.035999024853008335
60.301507537688444	0.04050808321110687
60.7035175879397	0.04687957861983784
61.10552763819096	0.05318533648587197
61.50753768844221	0.05795389528614018
61.90954773869347	0.059844660568492546
62.311557788944725	0.05844715373160827
62.71356783919598	0.053933595402812194
63.11557788944724	0.04746963854475183
63.517587939698494	0.04040010854422106
63.91959798994975	0.034561560846114475
64.32160804020101	0.031564774195162744
64.72361809045226	0.03175012830452294
65.12562814070353	0.03455792251813117
65.52763819095478	0.0396729946364134
65.92964824120604	0.04684918129944278
66.33165829145729	0.054903807988903784
66.73366834170855	0.06269892504587085
67.1356783919598	0.06921456225928341
67.53768844221106	0.07281828713117731
67.93969849246231	0.07306354231535346
68.34170854271358	0.06981429289956645
68.74371859296483	0.06347752911472943
69.14572864321609	0.05504284948652175
69.54773869346734	0.046518130098733415
69.9497487437186	0.03938566607368385
70.35175879396985	0.03535740490753697
70.75376884422111	0.03472389259090117
71.15577889447236	0.03729087587791392
71.55778894472363	0.04260463764719364
71.95979899497488	0.0500020188351953
72.36180904522614	0.0575935422701024
72.76381909547739	0.06418557723832008
73.16582914572865	0.06824042528455296
73.5678391959799	0.06905075618277927
73.96984924623116	0.0665026480100508
74.37185929648241	0.06097434480163779
74.77386934673368	0.05360910798479077
75.17587939698493	0.04530927473808509
75.57788944723619	0.03795744183601301
75.97989949748744	0.032552291862561734
76.3819095477387	0.03007440629897708
76.78391959798995	0.03052306566194628
77.18592964824121	0.03383902642250265
77.58793969849246	0.03914643671115868
77.98994974874373	0.04549547096623781
78.39195979899498	0.051892046242393464
78.79396984924624	0.056869143048203764
79.19597989949749	0.059977621239243904
79.59798994974875	0.060468835928879625
80.0	0.058391579532332295
