0.0	0.03079745297397432
0.4020100502512563	0.02745938424870783
0.8040201005025126	0.01955933654701044
1.206030150753769	0.008719008053858997
1.6080402010050252	0.0030207223523906726
2.0100502512562817	0.013310748106213896
2.412060301507538	0.020388697531134557
2.814070351758794	0.023058745416734066
3.2160804020100504	0.020661350636926056
3.6180904522613067	0.013576920620617907
4.020100502512563	0.003553196171181988
4.42211055276382	0.008812941402279822
4.824120603015076	0.019764414902391902
5.226130653266332	0.027916982298888154
5.628140703517588	0.03153759505982314
6.030150753768845	0.030415914719197985
6.432160804020101	0.024657330288463654
6.834170854271357	0.015197307173874191
7.236180904522613	0.0041126028988223585
7.63819095477387	0.006551616490702903
8.040201005025127	0.014839993913661646
8.442211055276383	0.01906444883941112
8.84422110552764	0.018312087477149155
9.246231155778895	0.012679028030421036
9.648241206030152	0.003766459792707375
10.050251256281408	0.009388860901734113
10.452261306532664	0.021234891378788652
10.85427135678392	0.030988086433719687
11.256281407035177	0.03689272339349382
11.658291457286433	0.0379221790865786
12.06030150753769	0.03370471785411984
12.462311557788945	0.025166481748093234
12.864321608040202	0.013743435674590618
13.266331658291458	0.0022797006286596733
13.668341708542714	0.009269206823562881
14.07035175879397	0.016551390664233494
14.472361809045227	0.019331382713023523
14.874371859296483	0.017130093215415122
15.27638190954774	0.010609491015219871
15.678391959798995	0.0019481123954995239
16.080402010050253	0.010897791620745953
16.48241206030151	0.02138729724197929
16.884422110552766	0.029982141463611296
17.286432160804022	0.034759117249546126
17.68844221105528	0.035370874195592525
18.090452261306535	0.03194200616026403
18.49246231155779	0.0248640719055314
18.894472361809047	0.015797582528902118
19.296482412060303	0.0061968949554489705
19.69849246231156	0.003076057509533047
20.100502512562816	0.009267556070588392
20.502512562814072	0.012447908880096033
20.90452261306533	0.012039614415683502
21.306532663316585	0.009064582563636025
21.70854271356784	0.00714720556874434
22.110552763819097	0.011339656809730942
22.512562814070353	0.018218574589360416
22.91457286432161	0.023993368411539994
23.316582914572866	0.02706858490695773
23.718592964824122	0.02657320736483122
24.12060301507538	0.022786797786243464
24.522613065326635	0.015948803429983345
24.92462311557789	0.007651481294062015
25.326633165829147	0.0026136144325683954
25.728643216080403	0.009619285945800369
26.13065326633166	0.014894294058322339
26.532663316582916	0.01708603506636269
26.934673366834172	0.016017487054491655
27.33668341708543	0.013090565697033396
27.738693467336685	0.012611301636993592
28.14070351758794	0.017404664934135942
28.542713567839197	0.02451012400871254
28.944723618090453	0.030380645973867255
29.34673366834171	0.0329903025074816
29.748743718592966	0.03162591118927964
30.150753768844222	0.026398768541761142
30.55276381909548	0.018287844742105732
30.954773869346734	0.00935365653812924
31.35678391959799	0.006338527520469106
31.758793969849247	0.01251837023488816
32.16080402010051	0.017358536974029292
32.56281407035176	0.019609691844733546
32.96482412060302	0.019460606226076343
33.366834170854275	0.01858460964675484
33.76884422110553	0.018949364517959533
34.17085427135679	0.021720018688566278
34.572864321608044	0.025245693308613842
34.9748743718593	0.027627229627084894
35.37688442211056	0.02753272244251116
35.77889447236181	0.024458543788394443
36.18090452261307	0.01865092006125926
36.582914572864325	0.011111449624759805
36.98492462311558	0.005331729336754212
37.38693467336684	0.009232545731861792
37.788944723618094	0.015319226266912265
38.19095477386935	0.019498465232461362
38.59296482412061	0.021519172750198382
38.99497487437186	0.02224530192105667
39.39698492462312	0.02313592402273914
39.798994974874375	0.025825650294824393
40.20100502512563	0.029750045082701782
40.60301507537689	0.03343322272867964
41.005025125628144	0.0350863286592848
41.4070351758794	0.0335758244299767
41.80904522613066	0.028285296666714255
42.21105527638191	0.02023087004923651
42.61306532663317	0.010885941312762654
43.015075376884425	0.0070622758368927355
43.41708542713568	0.01403675224490726
43.81909547738694	0.02083528739526685
44.221105527638194	0.02458038213181906
44.62311557788945	0.02551977788990296
45.02512562814071	0.024758345374985544
45.42713567839196	0.024620847600169478
45.82914572864322	0.02660883642424155
46.231155778894475	0.02994313085487531
46.63316582914573	0.032349768954443206
47.03517587939699	0.03226054858104109
47.437185929648244	0.028987117074391954
47.8391959798995	0.022920166845856054
48.24120603015076	0.01496873240560461
48.64321608040201	0.008004157409515258
49.04522613065327	0.009174784755245333
49.447236180904525	0.015148070969047097
49.84924623115578	0.020195388556484978
50.25125628140704	0.023273427868789835
50.653266331658294	0.024793169522471188
51.05527638190955	0.026446477441167245
51.45728643216081	0.029353801932579693
51.85929648241206	0.033056831139959865
52.26130653266332	0.03608567720222976
52.663316582914575	0.03696422078307986
53.06532663316583	0.03451959125618567
53.46733668341709	0.02901117598634399
53.869346733668344	0.020831462256851722
54.2713567839196	0.012293692930666343
54.67336683417086	0.00883919506299227
55.07537688442211	0.014225987275636084
55.47738693467337	0.020418892114092167
55.879396984924625	0.024733473925887782
56.28140703517588	0.027135261623124234
56.68341708542714	0.02893619242154426
57.085427135678394	0.03112869394852502
57.48743718592965	0.034298260656340215
57.88944723618091	0.03759041368063316
58.29145728643216	0.04001174617803675
58.69346733668342	0.04004335257630254
59.095477386934675	0.03713715474236372
59.49748743718593	0.03122910277088443
59.89949748743719	0.023368584959331393
60.301507537688444	0.015706051887727123
60.7035175879397	0.012406698044966986
61.10552763819096	0.015389933970058872
61.50753768844221	0.020229502648617143
61.90954773869347	0.024181215786526454
62.311557788944725	0.027567229282913802
62.71356783919598	0.031189268492110338
63.11557788944724	0.03579533060855295
63.517587939698494	0.040510923513790445
63.91959798994975	0.044138697152685605
64.32160804020101	0.04520156811754556
64.72361809045226	0.04347252985935252
65.12562814070353	0.03852163429178358
65.52763819095478	0.03141160114328371
65.92964824120604	0.023707013343008506
66.33165829145729	0.01788689616417065
66.73366834170855	0.017586105593045902
67.1356783919598	0.021463763216333892
67.53768844221106	0.026116799586371947
67.93969849246231	0.030405261877596373
68.34170854271358	0.034673916947145826
68.74371859296483	0.03924154679251602
69.14572864321609	0.04427724171516499
69.54773869346734	0.04894307787860943
69.9497487437186	0.052052304709560474
70.35175879396985	0.052596081738776966
70.75376884422111	0.05006203366616742
71.15577889447236	0.04468196549727465
71.55778894472363	0.03735037485976767
71.95979899497488	0.030031828190882258
72.36180904522614	0.024987532712423932
72.76381909547739	0.02481375748816076
73.16582914572865	0.028401156684623934
73.5678391959799	0.033710483113449645
73.96984924623116	0.03941549288137072
74.37185929648241	0.045398056628198326
74.77386934673368	0.05166682170148312
75.17587939698493	0.05756349866629441
75.57788944723619	0.0625045580430968
75.97989949748744	0.0654412794587878
76.3819095477387	0.06577910299789459
76.78391959798995	0.06336496048706552
77.18592964824121	0.059019410607638836
77.58793969849246	0.05354569559093634
77.98994974874373	0.048872814210631534
78.39195979899498	0.046690971266538435
78.79396984924624	0.047644445175057976
79.19597989949749	0.05110062037051236
79.59798994974875	0.05573221186765829
80.0	0.060764652658618856
