0.0	0.0053964802671002485
0.4020100502512563	0.0015364673590848971
0.8040201005025126	0.0025359090416952165
1.206030150753769	0.0061267876067798085
1.6080402010050252	0.008336189330674424
2.0100502512562817	0.008965997149695646
2.412060301507538	0.007811128235876109
2.814070351758794	0.005485499061818912
3.2160804020100504	0.0022174304946788264
3.6180904522613067	0.0014997828320529882
4.020100502512563	0.004437917155830998
4.42211055276382	0.006254142513461368
4.824120603015076	0.006807332666175505
5.226130653266332	0.005646895991396958
5.628140703517588	0.0028247583136063415
6.030150753768845	0.0009158636056175055
6.432160804020101	0.004765464288836849
6.834170854271357	0.008451926528264517
7.236180904522613	0.011084795263253457
7.63819095477387	0.012203163709081451
8.040201005025127	0.011755582072677784
8.442211055276383	0.009855885826829934
8.84422110552764	0.0068926419841021285
9.246231155778895	0.0036576415520526624
9.648241206030152	0.002418386032864473
10.050251256281408	0.004121080283433396
10.452261306532664	0.005601249398424236
10.85427135678392	0.005885985035248825
11.256281407035177	0.005355049186954801
11.658291457286433	0.005330509454357718
12.06030150753769	0.006841750519685419
12.462311557788945	0.00939888544739535
12.864321608040202	0.011549261125919972
13.266331658291458	0.01272794918310929
13.668341708542714	0.012833214040327865
14.07035175879397	0.01206490717970107
14.472361809045227	0.011597944413315932
14.874371859296483	0.012724240998391315
15.27638190954774	0.015164234456654112
15.678391959798995	0.017976717269760262
16.080402010050253	0.02023002795268847
16.48241206030151	0.02116200749830962
16.884422110552766	0.021295090516971545
17.286432160804022	0.0207253787539502
17.68844221105528	0.02094680543442797
18.090452261306535	0.02181198045426949
18.49246231155779	0.023403535955977436
18.894472361809047	0.025267841116743302
19.296482412060303	0.026865548975099816
19.69849246231156	0.027963960039704982
20.100502512562816	0.028943527756612596
20.502512562814072	0.02966456998744697
20.90452261306533	0.030147060827646077
21.306532663316585	0.030672687203034094
21.70854271356784	0.031102329326169853
22.110552763819097	0.03153008366350369
22.512562814070353	0.032630393153970025
22.91457286432161	0.03469902751725002
23.316582914572866	0.03740526661646501
23.718592964824122	0.04038775478096505
24.12060301507538	0.043652272367439654
24.522613065326635	0.04669018606383503
24.92462311557789	0.04943298714669796
25.326633165829147	0.051648432164544664
25.728643216080403	0.053641443404342556
26.13065326633166	0.05517583009983573
26.532663316582916	0.056141230307631206
26.934673366834172	0.05641576017823354
27.33668341708543	0.05625504762952167
27.738693467336685	0.05564900198202236
28.14070351758794	0.054753740226708356
28.542713567839197	0.054221737102884374
28.944723618090453	0.054362847793630265
29.34673366834171	0.05521619451772022
29.748743718592966	0.0566814195364934
30.150753768844222	0.05871618143677894
30.55276381909548	0.060706115706454886
30.954773869346734	0.06219830935494851
31.35678391959799	0.06285655790440656
31.758793969849247	0.06272252681887903
32.16080402010051	0.06193400341794707
32.56281407035176	0.060564240399484826
32.96482412060302	0.058802941526893415
33.366834170854275	0.05686191328225668
33.76884422110553	0.05522427316885544
34.17085427135679	0.05402875210096836
34.572864321608044	0.05330219980674348
34.9748743718593	0.053537625427695426
35.37688442211056	0.05433288177211439
35.77889447236181	0.055273569926801804
36.18090452261307	0.05641688613723881
36.582914572864325	0.05742408515403326
36.98492462311558	0.05820418035160978
37.38693467336684	0.058448085231114943
37.788944723618094	0.05795779021581252
38.19095477386935	0.05649198844369382
38.59296482412061	0.05469595639089174
38.99497487437186	0.05240801726379544
39.39698492462312	0.050080645250314484
39.798994974874375	0.04807677752913829
40.20100502512563	0.04684152124059699
40.60301507537689	0.04648320851235848
41.005025125628144	0.046823001716866326
41.4070351758794	0.04807804940944266
41.80904522613066	0.049964662620585895
42.21105527638191	0.05211616202235821
42.61306532663317	0.0540159449154514
43.015075376884425	0.055385432644860774
43.41708542713568	0.05586524527477632
43.81909547738694	0.05522993825138617
44.221105527638194	0.053503335688816246
44.62311557788945	0.051137080217882894
45.02512562814071	0.04843922320009019
45.42713567839196	0.04612743177774435
45.82914572864322	0.04458091170089193
46.231155778894475	0.04420112034126722
46.63316582914573	0.044999294671052924
47.03517587939699	0.04686606548863173
47.437185929648244	0.04934329449512506
47.8391959798995	0.05203842522939974
48.24120603015076	0.054504407921692886
48.64321608040201	0.0561698838126635
49.04522613065327	0.05677749806709522
49.447236180904525	0.05622079407857823
49.84924623115578	0.05463381995176555
50.25125628140704	0.05215126341912045
50.653266331658294	0.04924604148229545
51.05527638190955	0.046787527950836606
51.45728643216081	0.04477131012861768
51.85929648241206	0.04377038466841583
52.26130653266332	0.044153884723471724
52.663316582914575	0.04578937573644222
53.06532663316583	0.048007652689301634
53.46733668341709	0.051059259865497364
53.869346733668344	0.05379131897414009
54.2713567839196	0.055931029016439114
54.67336683417086	0.05693743368943842
55.07537688442211	0.05682692374491616
55.47738693467337	0.0557295123938296
55.879396984924625	0.05380267268329303
56.28140703517588	0.05165187955104622
56.68341708542714	0.04964729703071373
57.085427135678394	0.048186556895863666
57.48743718592965	0.04733265443019086
57.88944723618091	0.047241301972888256
58.29145728643216	0.048104103137496454
58.69346733668342	0.04984063048050969
59.095477386934675	0.05221509468451687
59.49748743718593	0.05492005386046215
59.89949748743719	0.057581793053132345
60.301507537688444	0.05954970253413784
60.7035175879397	0.06042700795790268
61.10552763819096	0.0601789107976229
61.50753768844221	0.058652247988218574
61.90954773869347	0.056393871087092005
62.311557788944725	0.05368586362494514
62.71356783919598	0.05135219737264899
63.11557788944724	0.04947405863138278
63.517587939698494	0.04893142129696511
63.91959798994975	0.04973793067178754
64.32160804020101	0.051499275560484725
64.72361809045226	0.05392737910532913
65.12562814070353	0.05639972202861787
65.52763819095478	0.05865782347501504
65.92964824120604	0.06020696092965037
66.33165829145729	0.060510799815536406
66.73366834170855	0.05973332457878457
67.1356783919598	0.058041589561275364
67.53768844221106	0.055978492477972264
67.93969849246231	0.05358317722191872
68.34170854271358	0.05138139811895116
68.74371859296483	0.049645616057537104
69.14572864321609	0.04885263972529966
69.54773869346734	0.048880984108611455
69.9497487437186	0.05009034019593828
70.35175879396985	0.05195681791794512
70.75376884422111	0.05407357329245841
71.15577889447236	0.05599366181002572
71.55778894472363	0.05741270898335783
71.95979899497488	0.05823062102792589
72.36180904522614	0.05803777717899885
72.76381909547739	0.057338143627516644
73.16582914572865	0.05605027086241286
73.5678391959799	0.05434979177453862
73.96984924623116	0.05243265409121545
74.37185929648241	0.05082121083195991
74.77386934673368	0.04957236917098029
75.17587939698493	0.048902908629927314
75.57788944723619	0.04883816716199334
75.97989949748744	0.04976630702644842
76.3819095477387	0.05132504909465483
76.78391959798995	0.053164695207661906
77.18592964824121	0.0548099354996663
77.58793969849246	0.05599736119524481
77.98994974874373	0.05641447409213274
78.39195979899498	0.05614781550740132
78.79396984924624	0.055427976715650806
79.19597989949749	0.0545537381676572
79.59798994974875	0.053777869272267007
80.0	0.05275212306497647
