0.0	0.023384921115271795
0.4020100502512563	0.02230791997058335
0.8040201005025126	0.018003822651759895
1.206030150753769	0.011588493607641184
1.6080402010050252	0.00635632012046676
2.0100502512562817	0.009394004367777323
2.412060301507538	0.014463899533689229
2.814070351758794	0.017301417952624378
3.2160804020100504	0.01663740447931218
3.6180904522613067	0.012252475473902003
4.020100502512563	0.005148433389247405
4.42211055276382	0.0050980064921935676
4.824120603015076	0.013565316938311856
5.226130653266332	0.02127499105038535
5.628140703517588	0.026088748066400474
6.030150753768845	0.027403893390637125
6.432160804020101	0.025372960800622728
6.834170854271357	0.02054038803483386
7.236180904522613	0.014936438050825002
7.63819095477387	0.01173292221601843
8.040201005025127	0.012398206821724014
8.442211055276383	0.013904280395083202
8.84422110552764	0.013108109143991733
9.246231155778895	0.009522002148273595
9.648241206030152	0.004747167641911072
10.050251256281408	0.009866774267211489
10.452261306532664	0.019606274346588105
10.85427135678392	0.028925546994561076
11.256281407035177	0.03614148816071642
11.658291457286433	0.04044240603218667
12.06030150753769	0.04122057196349942
12.462311557788945	0.039115947866205696
12.864321608040202	0.0352350701856211
13.266331658291458	0.03083450232629135
13.668341708542714	0.027403281973627104
14.07035175879397	0.025233876375932933
14.472361809045227	0.023893515142864523
14.874371859296483	0.0232828068885843
15.27638190954774	0.024763933991477527
15.678391959798995	0.030241460618172688
16.080402010050253	0.03909312429351582
16.48241206030151	0.049626409925956586
16.884422110552766	0.059421263732251574
17.286432160804022	0.06625082435743808
17.68844221105528	0.0690293821763487
18.090452261306535	0.06720972565045906
18.49246231155779	0.06134735333362177
18.894472361809047	0.05349679989585859
19.296482412060303	0.04592520752149336
19.69849246231156	0.04003445773312471
20.100502512562816	0.03664164507636351
20.502512562814072	0.035085602294224916
20.90452261306533	0.03515883860689521
21.306532663316585	0.03805642406686803
21.70854271356784	0.04426522122133616
22.110552763819097	0.0537749020936983
22.512562814070353	0.06381258486100148
22.91457286432161	0.07244285084086391
23.316582914572866	0.07759951797962637
23.718592964824122	0.07892400415717717
24.12060301507538	0.07623253063894567
24.522613065326635	0.0702616114124651
24.92462311557789	0.06237413812513979
25.326633165829147	0.05398348705020369
25.728643216080403	0.046569374493493305
26.13065326633166	0.04093803617097204
26.532663316582916	0.037978713507377665
26.934673366834172	0.03740770585261287
27.33668341708543	0.0401106375962482
27.738693467336685	0.046195244826894646
28.14070351758794	0.05447431180393973
28.542713567839197	0.06319030329174895
28.944723618090453	0.0706264318470037
29.34673366834171	0.0747821269448942
29.748743718592966	0.07542604762670534
30.150753768844222	0.0721914351527779
30.55276381909548	0.06624947006430885
30.954773869346734	0.058663212502089425
31.35678391959799	0.05097135963583581
31.758793969849247	0.04481141510862377
32.16080402010051	0.040939342419667395
32.56281407035176	0.039184971096982775
32.96482412060302	0.03973391300471001
33.366834170854275	0.04211770115289627
33.76884422110553	0.04641184382813991
34.17085427135679	0.05246208515698142
34.572864321608044	0.05860596260071478
34.9748743718593	0.0632988096152454
35.37688442211056	0.06542285957372353
35.77889447236181	0.06466216965112183
36.18090452261307	0.061402492750977124
36.582914572864325	0.056644970970517815
36.98492462311558	0.05177656216308463
37.38693467336684	0.04812707360407541
37.788944723618094	0.045586569066373844
38.19095477386935	0.043783003954711866
38.59296482412061	0.04239565463250306
38.99497487437186	0.0412434660534384
39.39698492462312	0.04172761599402314
39.798994974874375	0.04407205290045561
40.20100502512563	0.048483058924074236
40.60301507537689	0.05360345944802682
41.005025125628144	0.05811662488225646
41.4070351758794	0.06064323207697366
41.80904522613066	0.0603985129852716
42.21105527638191	0.057322048992684047
42.61306532663317	0.05224073302451212
43.015075376884425	0.04656302360278272
43.41708542713568	0.041915376322562634
43.81909547738694	0.03927299785319067
44.221105527638194	0.03848961417196807
44.62311557788945	0.03818938306232362
45.02512562814071	0.037957058807381684
45.42713567839196	0.038720327407838415
45.82914572864322	0.04168389586351915
46.231155778894475	0.0466237059997182
46.63316582914573	0.05209136353298387
47.03517587939699	0.056034181771465665
47.437185929648244	0.057271127138804036
47.8391959798995	0.055614154065399976
48.24120603015076	0.05127717775764327
48.64321608040201	0.0463665898217767
49.04522613065327	0.04240263492414068
49.447236180904525	0.040927171050454465
49.84924623115578	0.04162892711232764
50.25125628140704	0.04306674507413166
50.653266331658294	0.04365864158689074
51.05527638190955	0.04359952359144193
51.45728643216081	0.04368604702071246
51.85929648241206	0.044580247359954556
52.26130653266332	0.04665168875688132
52.663316582914575	0.04911592754768611
53.06532663316583	0.05065975892558957
53.46733668341709	0.05048447130606239
53.869346733668344	0.04825899825027481
54.2713567839196	0.044838186019620876
54.67336683417086	0.04175231095232955
55.07537688442211	0.040712435495854724
55.47738693467337	0.04176611379571871
55.879396984924625	0.04395507567276706
56.28140703517588	0.0457418193098038
56.68341708542714	0.04615959224424103
57.085427135678394	0.04588797225422591
57.48743718592965	0.04536229176399441
57.88944723618091	0.04588971010169347
58.29145728643216	0.0476817891842023
58.69346733668342	0.050007013844861815
59.095477386934675	0.05196904909152533
59.49748743718593	0.052241560582376154
59.89949748743719	0.05069146522007847
60.301507537688444	0.048711465548001556
60.7035175879397	0.04744441672939688
61.10552763819096	0.04820045263309182
61.50753768844221	0.05052322875437602
61.90954773869347	0.05333743656549328
62.311557788944725	0.055251990423559404
62.71356783919598	0.05525640742100192
63.11557788944724	0.05412364754952402
63.517587939698494	0.05220825827499205
63.91959798994975	0.051555997295030964
64.32160804020101	0.05228894485378083
64.72361809045226	0.05396514913357152
65.12562814070353	0.0555729524066617
65.52763819095478	0.05629557911835026
65.92964824120604	0.05607961390581756
66.33165829145729	0.05554600028067643
66.73366834170855	0.05571891775703497
67.1356783919598	0.05713899404075462
67.53768844221106	0.05946268451007579
67.93969849246231	0.06149681932764026
68.34170854271358	0.06263100873119021
68.74371859296483	0.062215923781279436
69.14572864321609	0.060619871948485025
69.54773869346734	0.05867092399415578
69.9497487437186	0.05742360345527146
70.35175879396985	0.05741832205447589
70.75376884422111	0.058101943957949584
71.15577889447236	0.05897794415067824
71.55778894472363	0.05897328240255989
71.95979899497488	0.05802712665517956
72.36180904522614	0.056511562210871225
72.76381909547739	0.05584295195278349
73.16582914572865	0.056271971631704484
73.5678391959799	0.057703249934903965
73.96984924623116	0.05896991993149481
74.37185929648241	0.05910172579734382
74.77386934673368	0.05757653064065378
75.17587939698493	0.0547853371206399
75.57788944723619	0.05180055141176274
75.97989949748744	0.04989875398101838
76.3819095477387	0.049666415647460396
76.78391959798995	0.05048534533166963
77.18592964824121	0.05133656372016356
77.58793969849246	0.05108368229193905
77.98994974874373	0.04997832683199667
78.39195979899498	0.048715046385455825
78.79396984924624	0.04835969185949001
79.19597989949749	0.04960638425752688
79.59798994974875	0.052305513826580094
80.0	0.05439420453185765
