0.0	0.011290915060742104
0.4020100502512563	0.010893096445723314
0.8040201005025126	0.008664327539985393
1.206030150753769	0.0057840372184522326
1.6080402010050252	0.0030792704506243706
2.0100502512562817	0.0040948982097863094
2.412060301507538	0.006129788736404468
2.814070351758794	0.007312436613723695
3.2160804020100504	0.006982302798780117
3.6180904522613067	0.004953752113714193
4.020100502512563	0.001598949013342282
4.42211055276382	0.0026472175124299026
4.824120603015076	0.006678649913874265
5.226130653266332	0.009949619638576459
5.628140703517588	0.011862781510859436
6.030150753768845	0.012366516614191286
6.432160804020101	0.01100524623117587
6.834170854271357	0.008635728172687455
7.236180904522613	0.005832908607518137
7.63819095477387	0.003925786323792499
8.040201005025127	0.004211027639710244
8.442211055276383	0.00498142551876745
8.84422110552764	0.004318535941273892
9.246231155778895	0.002330254199296856
9.648241206030152	0.0013153815506864875
10.050251256281408	0.005812343917013052
10.452261306532664	0.01024222321606982
10.85427135678392	0.014660826296744256
11.256281407035177	0.017792415501498966
11.658291457286433	0.01947305146535373
12.06030150753769	0.019627073314073738
12.462311557788945	0.018520279465034723
12.864321608040202	0.01641726537079686
13.266331658291458	0.013769594263327897
13.668341708542714	0.0113468909521747
14.07035175879397	0.009520619197701405
14.472361809045227	0.008869869578140096
14.874371859296483	0.009511119089716658
15.27638190954774	0.011479215292954563
15.678391959798995	0.014044080281088316
16.080402010050253	0.01734523983314903
16.48241206030151	0.02034144486236597
16.884422110552766	0.02269174294115559
17.286432160804022	0.02378249906711609
17.68844221105528	0.02348071231866623
18.090452261306535	0.021884451203379805
18.49246231155779	0.018922220531894386
18.894472361809047	0.015325573394866196
19.296482412060303	0.012695670918741436
19.69849246231156	0.011997657767265666
20.100502512562816	0.013434167121977194
20.502512562814072	0.01594736703796535
20.90452261306533	0.01897202831428484
21.306532663316585	0.02197196308788927
21.70854271356784	0.024262282422019527
22.110552763819097	0.02613174248735766
22.512562814070353	0.027069420817421492
22.91457286432161	0.026899515690128818
23.316582914572866	0.02557596173568753
23.718592964824122	0.02303534962213926
24.12060301507538	0.01993956296482364
24.522613065326635	0.017408840229019756
24.92462311557789	0.016208069009080874
25.326633165829147	0.01770030968764563
25.728643216080403	0.020792559847781163
26.13065326633166	0.02424269006450478
26.532663316582916	0.027327412442630337
26.934673366834172	0.029556644639495016
27.33668341708543	0.031282686078694166
27.738693467336685	0.03214496871580837
28.14070351758794	0.03204742019879049
28.542713567839197	0.031077241037035047
28.944723618090453	0.029373120928425023
29.34673366834171	0.027217935050133313
29.748743718592966	0.025499610692470975
30.150753768844222	0.02516307660833623
30.55276381909548	0.026494704807244095
30.954773869346734	0.02939286341362988
31.35678391959799	0.03343759302024166
31.758793969849247	0.037616071603644136
32.16080402010051	0.0418408181311499
32.56281407035176	0.04526515842815477
32.96482412060302	0.04799468355701533
33.366834170854275	0.04979946593619826
33.76884422110553	0.05057903375628876
34.17085427135679	0.05018527875573857
34.572864321608044	0.049035220057862254
34.9748743718593	0.04782102779680708
35.37688442211056	0.04713315573224876
35.77889447236181	0.04785214589339243
36.18090452261307	0.04999443075033737
36.582914572864325	0.054005235039292734
36.98492462311558	0.058739295074480245
37.38693467336684	0.06371974163313794
37.788944723618094	0.06855924691193391
38.19095477386935	0.0721454106647845
38.59296482412061	0.07467866013641601
38.99497487437186	0.07527776729109861
39.39698492462312	0.0740634403721678
39.798994974874375	0.07123700598204583
40.20100502512563	0.06727792297639137
40.60301507537689	0.06245624954845348
41.005025125628144	0.05761955969742218
41.4070351758794	0.05351958641591018
41.80904522613066	0.051402335101576366
42.21105527638191	0.05144007913153231
42.61306532663317	0.05391567000131479
43.015075376884425	0.05848259386279227
43.41708542713568	0.06380745252214573
43.81909547738694	0.06889892448084545
44.221105527638194	0.0729531689557379
44.62311557788945	0.0751370006808995
45.02512562814071	0.07495789446565289
45.42713567839196	0.07208686213876724
45.82914572864322	0.06685023483378055
46.231155778894475	0.05973349471440316
46.63316582914573	0.05181842381309039
47.03517587939699	0.04456701148099222
47.437185929648244	0.039341553856747966
47.8391959798995	0.03717046840137052
48.24120603015076	0.0382206571013516
48.64321608040201	0.041817544606627
49.04522613065327	0.04700816100109155
49.447236180904525	0.052822370883986725
49.84924623115578	0.05843384476696021
50.25125628140704	0.06277420284580522
50.653266331658294	0.06546799806866901
51.05527638190955	0.0655565903987841
51.45728643216081	0.0633887294619308
51.85929648241206	0.05917183752582471
52.26130653266332	0.05356361849441447
52.663316582914575	0.04782092743439832
53.06532663316583	0.04293168322511539
53.46733668341709	0.04013058068963404
53.869346733668344	0.04027616950110298
54.2713567839196	0.042836460882541325
54.67336683417086	0.04732726060313347
55.07537688442211	0.05292600271230789
55.47738693467337	0.05851244524893702
55.879396984924625	0.06315776304304331
56.28140703517588	0.06605577459364084
56.68341708542714	0.06667843507035384
57.085427135678394	0.06496258381478451
57.48743718592965	0.0613489768997446
57.88944723618091	0.05672331997201272
58.29145728643216	0.051964482833135414
58.69346733668342	0.04802848473192388
59.095477386934675	0.04538425470177238
59.49748743718593	0.04458902755856928
59.89949748743719	0.04576105801697703
60.301507537688444	0.048509563387438406
60.7035175879397	0.05235882089205708
61.10552763819096	0.0567811848429419
61.50753768844221	0.06054650913029883
61.90954773869347	0.06335070191586564
62.311557788944725	0.06449487426374743
62.71356783919598	0.06404507852478344
63.11557788944724	0.061989905530768295
63.517587939698494	0.058871881717184084
63.91959798994975	0.05515794105194145
64.32160804020101	0.05118495159991282
64.72361809045226	0.047799630815512015
65.12562814070353	0.04534220228670592
65.52763819095478	0.04441556403914841
65.92964824120604	0.04522595930533637
66.33165829145729	0.047475314730748355
66.73366834170855	0.05091811764119697
67.1356783919598	0.05442076220777967
67.53768844221106	0.057934677694971515
67.93969849246231	0.0604230300831866
68.34170854271358	0.06180937105704286
68.74371859296483	0.06190799151406044
69.14572864321609	0.06071688820783688
69.54773869346734	0.058495147918475335
69.9497487437186	0.055424993707770584
70.35175879396985	0.05210834433034708
70.75376884422111	0.04901268850595385
71.15577889447236	0.04647778835232523
71.55778894472363	0.045349050888808105
71.95979899497488	0.045939448341078416
72.36180904522614	0.04818871585113376
72.76381909547739	0.05157483620529156
73.16582914572865	0.05549737073613679
73.5678391959799	0.058934452613885094
73.96984924623116	0.061561851005530036
74.37185929648241	0.06346810210836598
74.77386934673368	0.06413240809511081
75.17587939698493	0.06355091031797108
75.57788944723619	0.06170565381822758
75.97989949748744	0.058406770016797116
76.3819095477387	0.05412780234207194
76.78391959798995	0.0493919787509678
77.18592964824121	0.045496665134579624
77.58793969849246	0.04324443313862634
77.98994974874373	0.04347591319272316
78.39195979899498	0.04591713887843096
78.79396984924624	0.050126435402284134
79.19597989949749	0.055012819687020084
79.59798994974875	0.05967152971589061
80.0	0.06356271807821502
