0.0	0.030566539541319486
0.4020100502512563	0.027533177716215752
0.8040201005025126	0.02013705935574322
1.206030150753769	0.009714468507397087
1.6080402010050252	0.0022957607361362925
2.0100502512562817	0.012966159000395532
2.412060301507538	0.020839092106928768
2.814070351758794	0.024197948712184468
3.2160804020100504	0.022482715015680818
3.6180904522613067	0.015895835901862852
4.020100502512563	0.00602549887041473
4.42211055276382	0.005961001464721217
4.824120603015076	0.017170795878989117
5.226130653266332	0.025832044594616438
5.628140703517588	0.030235736610531343
6.030150753768845	0.029770420346996444
6.432160804020101	0.02469874752448927
6.834170854271357	0.015602322023680757
7.236180904522613	0.004815639774244913
7.63819095477387	0.007015651938070235
8.040201005025127	0.01590662528259475
8.442211055276383	0.02100827419843556
8.84422110552764	0.021616088785123833
9.246231155778895	0.017240387373855054
9.648241206030152	0.009290901579923606
10.050251256281408	0.005195804498416104
10.452261306532664	0.014930612673223407
10.85427135678392	0.024533529328896624
11.256281407035177	0.031217053996501293
11.658291457286433	0.03355721521673682
12.06030150753769	0.03108464531674693
12.462311557788945	0.02482352494825412
12.864321608040202	0.015916342408683372
13.266331658291458	0.007814755060248955
13.668341708542714	0.01047231183493395
14.07035175879397	0.017590334108406613
14.472361809045227	0.022091005906742938
14.874371859296483	0.02246132742670997
15.27638190954774	0.019198634480769965
15.678391959798995	0.014016754187422703
16.080402010050253	0.012397656000741124
16.48241206030151	0.01836396777105089
16.884422110552766	0.025869641909112458
17.286432160804022	0.03163284976587129
17.68844221105528	0.03344667688519771
18.090452261306535	0.03126304235309295
18.49246231155779	0.025434844042819017
18.894472361809047	0.017706143307489448
19.296482412060303	0.012620028740423003
19.69849246231156	0.016402260890143603
20.100502512562816	0.02353211496200585
20.502512562814072	0.028588913740906434
20.90452261306533	0.03023294790974999
21.306532663316585	0.027947738242192304
21.70854271356784	0.022669635317054383
22.110552763819097	0.017130564893936655
22.512562814070353	0.016121989873184632
22.91457286432161	0.020349785972277785
23.316582914572866	0.025115095451880037
23.718592964824122	0.027270000201072793
24.12060301507538	0.025749199269211744
24.522613065326635	0.020767521169487643
24.92462311557789	0.015155856582169632
25.326633165829147	0.014528269762136406
25.728643216080403	0.021353119203501403
26.13065326633166	0.029334159979407116
26.532663316582916	0.035128849539626104
26.934673366834172	0.03702945201639543
27.33668341708543	0.03455986496855517
27.738693467336685	0.028623714540482414
28.14070351758794	0.021099950018848068
28.542713567839197	0.015345756398351345
28.944723618090453	0.01556760203258371
29.34673366834171	0.01889460173303787
29.748743718592966	0.020696924316174477
30.150753768844222	0.01877333510055044
30.55276381909548	0.013380160668843021
30.954773869346734	0.008586784321534735
31.35678391959799	0.014266505858036765
31.758793969849247	0.024770686349996865
32.16080402010051	0.03406536683512811
32.56281407035176	0.039902352866370755
32.96482412060302	0.04152575355715638
33.366834170854275	0.03843334886086008
33.76884422110553	0.031279744839073684
34.17085427135679	0.021846103046835933
34.572864321608044	0.012591469502479824
34.9748743718593	0.008382621171584049
35.37688442211056	0.010593654451992295
35.77889447236181	0.012143506775672403
36.18090452261307	0.010363652656846713
36.582914572864325	0.006966405012967308
36.98492462311558	0.010963130715169115
37.38693467336684	0.021397745463458732
37.788944723618094	0.032680996833021184
38.19095477386935	0.04232811685748945
38.59296482412061	0.04837417196562599
38.99497487437186	0.04986730801925797
39.39698492462312	0.04644660283509357
39.798994974874375	0.03871487162145133
40.20100502512563	0.0281956884507799
40.60301507537689	0.016388302051788393
41.005025125628144	0.006054223057464139
41.4070351758794	0.0028408589557517116
41.80904522613066	0.0048793244270769675
42.21105527638191	0.002392904045617869
42.61306532663317	0.005720946456620966
43.015075376884425	0.01719436446150802
43.41708542713568	0.030807928999081868
43.81909547738694	0.04416667436277169
44.221105527638194	0.054684191516823896
44.62311557788945	0.061010215323821324
45.02512562814071	0.06185054135369371
45.42713567839196	0.05711709802939413
45.82914572864322	0.048076957013308996
46.231155778894475	0.036800359441559655
46.63316582914573	0.025102888904893074
47.03517587939699	0.01593318493441474
47.437185929648244	0.010876738492729772
47.8391959798995	0.009266011180109467
48.24120603015076	0.011593079657534422
48.64321608040201	0.019376971640443382
49.04522613065327	0.031160050954688934
49.447236180904525	0.0445342467181251
49.84924623115578	0.05693732642910445
50.25125628140704	0.06659224993204386
50.653266331658294	0.07150704204256558
51.05527638190955	0.07147007112013334
51.45728643216081	0.06689153733299022
51.85929648241206	0.0591808606360012
52.26130653266332	0.04992103497203715
52.663316582914575	0.041326728741286
53.06532663316583	0.035211088647063946
53.46733668341709	0.03252409932417469
53.869346733668344	0.03352311494698677
54.2713567839196	0.03890518154348735
54.67336683417086	0.04800034623332617
55.07537688442211	0.05948428361000061
55.47738693467337	0.07111042975823668
55.879396984924625	0.08066136446859513
56.28140703517588	0.08615782694136222
56.68341708542714	0.08659911059690421
57.085427135678394	0.08205528599665125
57.48743718592965	0.07356101346801222
57.88944723618091	0.06283253978685806
58.29145728643216	0.05217859272735862
58.69346733668342	0.04413505109906586
59.095477386934675	0.039985940702290675
59.49748743718593	0.03962754918889956
59.89949748743719	0.04263282238728581
60.301507537688444	0.048335267115459706
60.7035175879397	0.05654202311024632
61.10552763819096	0.06586759604409338
61.50753768844221	0.07455836013102028
61.90954773869347	0.08062367466817022
62.311557788944725	0.08277237446128136
62.71356783919598	0.0803334727505116
63.11557788944724	0.0741399592048855
63.517587939698494	0.06490797852400375
63.91959798994975	0.05503899081700582
64.32160804020101	0.046481015195935796
64.72361809045226	0.041519129697684294
65.12562814070353	0.04041560742126733
65.52763819095478	0.04196334376107772
65.92964824120604	0.04543803732450755
66.33165829145729	0.05037492510405685
66.73366834170855	0.05675511238607085
67.1356783919598	0.06368517992690352
67.53768844221106	0.07008669976438417
67.93969849246231	0.07432035190173789
68.34170854271358	0.07546486371679745
68.74371859296483	0.07306806509436965
69.14572864321609	0.06696760397316726
69.54773869346734	0.05855808251890362
69.9497487437186	0.05004120323159773
70.35175879396985	0.0435486365825862
70.75376884422111	0.04066826966497513
71.15577889447236	0.04138045911123453
71.55778894472363	0.043615367769647265
71.95979899497488	0.04667659285649414
72.36180904522614	0.050580037382663236
72.76381909547739	0.0556115004009615
73.16582914572865	0.0612092776142825
73.5678391959799	0.0666664737154081
73.96984924623116	0.07049003333571659
74.37185929648241	0.07151028154602404
74.77386934673368	0.06903463812691367
75.17587939698493	0.06338332642985296
75.57788944723619	0.05587835378277014
75.97989949748744	0.04802062019481589
76.3819095477387	0.04273701853145652
76.78391959798995	0.04163627763746607
77.18592964824121	0.043439292929008305
77.58793969849246	0.04655624455467269
77.98994974874373	0.04979902350144892
78.39195979899498	0.05319927019042829
78.79396984924624	0.056842275890414296
79.19597989949749	0.06094397648290158
79.59798994974875	0.06500470462624655
80.0	0.06720202687291753
