0.0	0.03300671500763103
0.4020100502512563	0.027909305647362676
0.8040201005025126	0.01821270058397857
1.206030150753769	0.005706798407691827
1.6080402010050252	0.007458160646841065
2.0100502512562817	0.01865062770714049
2.412060301507538	0.025973660377839082
2.814070351758794	0.028085101199247575
3.2160804020100504	0.02447897997003489
3.6180904522613067	0.01578648630274854
4.020100502512563	0.004262728577438271
4.42211055276382	0.008914036721856613
4.824120603015076	0.02054425972923303
5.226130653266332	0.028663482506796435
5.628140703517588	0.031707436528144756
6.030150753768845	0.02925261658407023
6.432160804020101	0.021938191212146567
6.834170854271357	0.010743125771956135
7.236180904522613	0.0019908441616719678
7.63819095477387	0.013876399378556632
8.040201005025127	0.022977072819176502
8.442211055276383	0.027296433988325104
8.84422110552764	0.02613895768400022
9.246231155778895	0.019916976165306414
9.648241206030152	0.009936179006530732
10.050251256281408	0.004800064181059929
10.452261306532664	0.015972183980892524
10.85427135678392	0.02571426647162058
11.256281407035177	0.031668337765150704
11.658291457286433	0.032617679502583624
12.06030150753769	0.028477113396756005
12.462311557788945	0.02003862440672915
12.864321608040202	0.009152982499127287
13.266331658291458	0.006075503018144989
13.668341708542714	0.015804834468320924
14.07035175879397	0.02338200925827935
14.472361809045227	0.026662077333557493
14.874371859296483	0.025069241740615117
15.27638190954774	0.01871514458132669
15.678391959798995	0.009095931336316702
16.080402010050253	0.003254321098602104
16.48241206030151	0.01446489098719687
16.884422110552766	0.024077608658850714
17.286432160804022	0.030276949280028703
17.68844221105528	0.03163137025032367
18.090452261306535	0.02792354133034542
18.49246231155779	0.020179156513798972
18.894472361809047	0.010623085141253093
19.296482412060303	0.008647980436822727
19.69849246231156	0.017438467090822404
20.100502512562816	0.0254779917949521
20.502512562814072	0.029629435849472297
20.90452261306533	0.028943861582885345
21.306532663316585	0.023619207895577237
21.70854271356784	0.014659812651254244
22.110552763819097	0.00495488327910376
22.512562814070353	0.009698597998742443
22.91457286432161	0.01911086022028189
23.316582914572866	0.02511814194985145
23.718592964824122	0.02629728529420034
24.12060301507538	0.022553550067702037
24.522613065326635	0.014639403017273706
24.92462311557789	0.004794875271760942
25.326633165829147	0.010967794475805395
25.728643216080403	0.022481202353920458
26.13065326633166	0.03141189576409017
26.532663316582916	0.036045842294886395
26.934673366834172	0.035731101354868795
27.33668341708543	0.030415911493283543
27.738693467336685	0.021146027204407943
28.14070351758794	0.009678774566013834
28.542713567839197	0.0029459277177418595
28.944723618090453	0.01240190088672616
29.34673366834171	0.0185929472286974
29.748743718592966	0.019838250074261987
30.150753768844222	0.016528062352716703
30.55276381909548	0.009106087678452982
30.954773869346734	0.008294051944646521
31.35678391959799	0.019380595723783076
31.758793969849247	0.03108425137787881
32.16080402010051	0.03981266275705729
32.56281407035176	0.04399724228036242
32.96482412060302	0.043083072277900494
33.366834170854275	0.03739023224342264
33.76884422110553	0.02784862310736924
34.17085427135679	0.01621284998807823
34.572864321608044	0.006031837013335638
34.9748743718593	0.008202217442789395
35.37688442211056	0.014184183091538762
35.77889447236181	0.016076271589178993
36.18090452261307	0.013343822603847453
36.582914572864325	0.007343541168233036
36.98492462311558	0.009423348897015977
37.38693467336684	0.021078688843356987
37.788944723618094	0.03312532870348976
38.19095477386935	0.043013265200154825
38.59296482412061	0.04863008096147521
38.99497487437186	0.048765517064353656
39.39698492462312	0.04380436798351793
39.798994974874375	0.03506968155043423
40.20100502512563	0.02457345279217673
40.60301507537689	0.015456461146843955
41.005025125628144	0.012581090779316736
41.4070351758794	0.014457907103811049
41.80904522613066	0.01463006750315334
42.21105527638191	0.011571984687531157
42.61306532663317	0.009142933334498159
43.015075376884425	0.016438953009302093
43.41708542713568	0.028510376071725435
43.81909547738694	0.040463245874444005
44.221105527638194	0.049578211150705834
44.62311557788945	0.05446973367314476
45.02512562814071	0.054330285441819094
45.42713567839196	0.04922519911083703
45.82914572864322	0.04029117666575015
46.231155778894475	0.029574768907224613
46.63316582914573	0.019252890793660975
47.03517587939699	0.012419016781062527
47.437185929648244	0.010114028799262688
47.8391959798995	0.008467602330771247
48.24120603015076	0.005484614593355323
48.64321608040201	0.009265767761667468
49.04522613065327	0.020177322483945836
49.447236180904525	0.033016685017312336
49.84924623115578	0.0453668069674526
50.25125628140704	0.0553732493976371
50.653266331658294	0.061543430738727624
51.05527638190955	0.06288657203500844
51.45728643216081	0.05941637805965844
51.85929648241206	0.05217468190044659
52.26130653266332	0.042010018745192154
52.663316582914575	0.031214514454351215
53.06532663316583	0.02161053709642057
53.46733668341709	0.015147286009428069
53.869346733668344	0.012855936555402948
54.2713567839196	0.016120316841411735
54.67336683417086	0.024414041759334513
55.07537688442211	0.03664284889475302
55.47738693467337	0.05047145414683083
55.879396984924625	0.06345884506937512
56.28140703517588	0.07435014186059678
56.68341708542714	0.08088139661971508
57.085427135678394	0.08224074358939497
57.48743718592965	0.07834398045579763
57.88944723618091	0.07046130898058547
58.29145728643216	0.059865261108188204
58.69346733668342	0.04924626020247179
59.095477386934675	0.04066068165964818
59.49748743718593	0.035914104334104635
59.89949748743719	0.035600549223725755
60.301507537688444	0.04004334877075103
60.7035175879397	0.047896049418950454
61.10552763819096	0.05745200308292675
61.50753768844221	0.06683182073930606
61.90954773869347	0.07453761415397647
62.311557788944725	0.0792745824770811
62.71356783919598	0.08066733839909304
63.11557788944724	0.07871743531829065
63.517587939698494	0.07382781353223844
63.91959798994975	0.06679254462374556
64.32160804020101	0.058956603708915443
64.72361809045226	0.05143393298591551
65.12562814070353	0.04555831490706349
65.52763819095478	0.04187839845221034
65.92964824120604	0.04093922120921446
66.33165829145729	0.042822808362571387
66.73366834170855	0.04701232091389083
67.1356783919598	0.05284652395801774
67.53768844221106	0.059190838153207005
67.93969849246231	0.0649937261331488
68.34170854271358	0.06878054369310625
68.74371859296483	0.06978046127330406
69.14572864321609	0.0675010242335025
69.54773869346734	0.06224708219415126
69.9497487437186	0.05477303957340218
70.35175879396985	0.046660981645814135
70.75376884422111	0.039206626800337416
71.15577889447236	0.03425168109201658
71.55778894472363	0.03243576992235174
71.95979899497488	0.034047065351351186
72.36180904522614	0.03876287600395851
72.76381909547739	0.045943082073086686
73.16582914572865	0.05407959872154246
73.5678391959799	0.06181436880979648
73.96984924623116	0.06735201533971331
74.37185929648241	0.06965206463078255
74.77386934673368	0.06802035233913692
75.17587939698493	0.06299924819077267
75.57788944723619	0.0554477645040722
75.97989949748744	0.04756282013564441
76.3819095477387	0.040802261449843655
76.78391959798995	0.03639334250874924
77.18592964824121	0.035113112140561925
77.58793969849246	0.03708656678619336
77.98994974874373	0.04150721137208849
78.39195979899498	0.04771125571913688
78.79396984924624	0.05508373553221957
79.19597989949749	0.06213096074720337
79.59798994974875	0.06757971852203218
80.0	0.07036716459505082
