0.0	0.008564575871815788
0.4020100502512563	0.008350733382720053
0.8040201005025126	0.007037224536966642
1.206030150753769	0.004819913049413671
1.6080402010050252	0.0030150719377455984
2.0100502512562817	0.004061679674585211
2.412060301507538	0.006042704332818664
2.814070351758794	0.0070605716532467985
3.2160804020100504	0.007051022757686621
3.6180904522613067	0.005622552019725608
4.020100502512563	0.0028933666444362883
4.42211055276382	0.0011711048282441042
4.824120603015076	0.004253952701686561
5.226130653266332	0.007361529862752002
5.628140703517588	0.00932615820292873
6.030150753768845	0.010250447169596609
6.432160804020101	0.009835563753763907
6.834170854271357	0.008474048084076351
7.236180904522613	0.007464990995992807
7.63819095477387	0.007233870257623365
8.040201005025127	0.008164883167417612
8.442211055276383	0.009183316663319483
8.84422110552764	0.009506177039972407
9.246231155778895	0.008902920379877985
9.648241206030152	0.007543432799942221
10.050251256281408	0.006361584173720816
10.452261306532664	0.007054442097505014
10.85427135678392	0.00907892142278296
11.256281407035177	0.011025180760649143
11.658291457286433	0.01210307106228024
12.06030150753769	0.01207260794171239
12.462311557788945	0.011298400909356639
12.864321608040202	0.011110909867666895
13.266331658291458	0.012279592780721004
13.668341708542714	0.014241795552704042
14.07035175879397	0.01577801267205128
14.472361809045227	0.016020659184451263
14.874371859296483	0.014947027448655115
15.27638190954774	0.012499984723761078
15.678391959798995	0.0095407401983111
16.080402010050253	0.008156218896798406
16.48241206030151	0.009073751073897232
16.884422110552766	0.011664932195014292
17.286432160804022	0.01409709833974564
17.68844221105528	0.016198022539284717
18.090452261306535	0.018109696051184638
18.49246231155779	0.020370068304261284
18.894472361809047	0.022963703097785528
19.296482412060303	0.025646196061921762
19.69849246231156	0.02761751936798427
20.100502512562816	0.028427457480563762
20.502512562814072	0.02802403475435194
20.90452261306533	0.02635715379852684
21.306532663316585	0.02377983641757205
21.70854271356784	0.02130326208523776
22.110552763819097	0.01940726761044129
22.512562814070353	0.019498026657582226
22.91457286432161	0.02142491006226407
23.316582914572866	0.024699485198939972
23.718592964824122	0.02855307142638357
24.12060301507538	0.033021740774492686
24.522613065326635	0.0372073126861777
24.92462311557789	0.04118760895150404
25.326633165829147	0.0443854255407205
25.728643216080403	0.04678243698626427
26.13065326633166	0.04819736328319388
26.532663316582916	0.04839884953383827
26.934673366834172	0.047552492971767536
27.33668341708543	0.04588164084189035
27.738693467336685	0.04352832768899635
28.14070351758794	0.040432383410985366
28.542713567839197	0.037024949700916625
28.944723618090453	0.033782042174664094
29.34673366834171	0.03123554359274906
29.748743718592966	0.029933654236796454
30.150753768844222	0.030687056497617705
30.55276381909548	0.03390452993898484
30.954773869346734	0.039209051426062166
31.35678391959799	0.04602845688538631
31.758793969849247	0.05281139381233367
32.16080402010051	0.05837146404380893
32.56281407035176	0.06175780660512625
32.96482412060302	0.06279059527834366
33.366834170854275	0.060868112193562175
33.76884422110553	0.056733924683015316
34.17085427135679	0.05106428820668753
34.572864321608044	0.04481216336694201
34.9748743718593	0.03919582051520092
35.37688442211056	0.03498524581366651
35.77889447236181	0.03343579334498949
36.18090452261307	0.03474726748148231
36.582914572864325	0.038893464463723014
36.98492462311558	0.04511730515165125
37.38693467336684	0.05245651750919975
37.788944723618094	0.05993183899915468
38.19095477386935	0.06627138757393661
38.59296482412061	0.0703490260947801
38.99497487437186	0.07159312100337237
39.39698492462312	0.06977890885649843
39.798994974874375	0.06554179574123022
40.20100502512563	0.059321635789861105
40.60301507537689	0.052476332869644725
41.005025125628144	0.046468723707201294
41.4070351758794	0.042232651784567546
41.80904522613066	0.0411676099802936
42.21105527638191	0.04318251723628756
42.61306532663317	0.04791992464565783
43.015075376884425	0.05428141110467201
43.41708542713568	0.061041142560692783
43.81909547738694	0.06720862980952859
44.221105527638194	0.07128399344144427
44.62311557788945	0.07305292121224025
45.02512562814071	0.07211922973142519
45.42713567839196	0.06885655563310472
45.82914572864322	0.06393538063300905
46.231155778894475	0.05815112738514827
46.63316582914573	0.05239051645778543
47.03517587939699	0.04751965960329136
47.437185929648244	0.044379192709007684
47.8391959798995	0.043338705011489134
48.24120603015076	0.04476768341941927
48.64321608040201	0.048062371572131925
49.04522613065327	0.052823835734129264
49.447236180904525	0.058009566268210314
49.84924623115578	0.06272624264898513
50.25125628140704	0.06598593519838307
50.653266331658294	0.06747209569719151
51.05527638190955	0.06679937812550765
51.45728643216081	0.06403616759863638
51.85929648241206	0.05963853454052391
52.26130653266332	0.05422890867062559
52.663316582914575	0.04886897806770428
53.06532663316583	0.044266113945697905
53.46733668341709	0.041200261294136016
53.869346733668344	0.04034116615349948
54.2713567839196	0.04149540316134652
54.67336683417086	0.0447116356660469
55.07537688442211	0.04921261063204346
55.47738693467337	0.05421677446171873
55.879396984924625	0.0588466877732288
56.28140703517588	0.06213139327920112
56.68341708542714	0.06376154318965851
57.085427135678394	0.06329217543910134
57.48743718592965	0.061014874879492254
57.88944723618091	0.056861776396124185
58.29145728643216	0.05196083393727915
58.69346733668342	0.04668454736054703
59.095477386934675	0.042140416093657276
59.49748743718593	0.0391542899513662
59.89949748743719	0.038291138211990275
60.301507537688444	0.03952734862072327
60.7035175879397	0.042899797707076685
61.10552763819096	0.0477052600374466
61.50753768844221	0.05315994613712087
61.90954773869347	0.05829313968776208
62.311557788944725	0.061964340966061696
62.71356783919598	0.06358325803688025
63.11557788944724	0.06276986285086408
63.517587939698494	0.05959347961660757
63.91959798994975	0.05464471427709685
64.32160804020101	0.049145050985818964
64.72361809045226	0.04384240148355351
65.12562814070353	0.04013018306121009
65.52763819095478	0.03868097890363263
65.92964824120604	0.039771841111654375
66.33165829145729	0.04332794274223893
66.73366834170855	0.04873004950498136
67.1356783919598	0.0548584312148806
67.53768844221106	0.060656740787351206
67.93969849246231	0.06472491438356001
68.34170854271358	0.06639640278903185
68.74371859296483	0.06521293907946654
69.14572864321609	0.06205365819499169
69.54773869346734	0.05689204971902697
69.9497487437186	0.05153041174531553
70.35175879396985	0.04655188855937235
70.75376884422111	0.0431906933151553
71.15577889447236	0.04157100239109729
71.55778894472363	0.04213769696114971
71.95979899497488	0.04455186118332565
72.36180904522614	0.04873326621944531
72.76381909547739	0.05399663863640384
73.16582914572865	0.05949621382350543
73.5678391959799	0.06421694045729114
73.96984924623116	0.0672701304910179
74.37185929648241	0.06782047376318304
74.77386934673368	0.06556944546404478
75.17587939698493	0.06113061442008545
75.57788944723619	0.05533956079118187
75.97989949748744	0.049430476648673345
76.3819095477387	0.04479698301596914
76.78391959798995	0.04228929830313853
77.18592964824121	0.042334770469035804
77.58793969849246	0.044719779255127295
77.98994974874373	0.04916271307643542
78.39195979899498	0.05488331320509451
78.79396984924624	0.06108461472937059
79.19597989949749	0.06672823260411954
79.59798994974875	0.07037776144798993
80.0	0.07140029679593712
