0.0	0.011681031524998931
0.4020100502512563	0.008107660565842114
0.8040201005025126	0.004748243842697284
1.206030150753769	0.0051613523965035124
1.6080402010050252	0.008852271353944511
2.0100502512562817	0.011765959282308263
2.412060301507538	0.01282246445476938
2.814070351758794	0.012021727362334976
3.2160804020100504	0.009151360753625031
3.6180904522613067	0.005032453883317535
4.020100502512563	0.0020253108486655252
4.42211055276382	0.005089623668405761
4.824120603015076	0.008459180637075684
5.226130653266332	0.01004242252965183
5.628140703517588	0.009840329727046338
6.030150753768845	0.008057460234103732
6.432160804020101	0.00620767766682161
6.834170854271357	0.007645937967896145
7.236180904522613	0.011389249943024673
7.63819095477387	0.01520050482731262
8.040201005025127	0.01747866936820117
8.442211055276383	0.0174050086756967
8.84422110552764	0.01516098752024993
9.246231155778895	0.011048734558342117
9.648241206030152	0.005545785042946044
10.050251256281408	0.0009010902019860806
10.452261306532664	0.0063469173027436
10.85427135678392	0.010907143841813509
11.256281407035177	0.013397408279798342
11.658291457286433	0.013925689913245321
12.06030150753769	0.012358711750570489
12.462311557788945	0.009621921865065369
12.864321608040202	0.006660644122801605
13.266331658291458	0.005167506509191353
13.668341708542714	0.006027015563750945
14.07035175879397	0.00715406335343152
14.472361809045227	0.007208349833147902
14.874371859296483	0.008430232938718172
15.27638190954774	0.014577092574931028
15.678391959798995	0.024715980797856217
16.080402010050253	0.035504696126997075
16.48241206030151	0.042422926835533246
16.884422110552766	0.043413778831895816
17.286432160804022	0.03835784632635831
17.68844221105528	0.02964817565832572
18.090452261306535	0.023906610176371294
18.49246231155779	0.03039429468291483
18.894472361809047	0.04156308493619283
19.296482412060303	0.050128006290569196
19.69849246231156	0.05211647763432362
20.100502512562816	0.047885778478486137
20.502512562814072	0.03666704894094603
20.90452261306533	0.02220606502519257
21.306532663316585	0.014889198401102702
21.70854271356784	0.024745101256071378
22.110552763819097	0.035604885916304015
22.512562814070353	0.041340771850977745
22.91457286432161	0.040753249101623104
23.316582914572866	0.03701558825760299
23.718592964824122	0.033154597774372366
24.12060301507538	0.031789075896040915
24.522613065326635	0.033174909092444214
24.92462311557789	0.0341259996683646
25.326633165829147	0.03259926320667187
25.728643216080403	0.029566306478005594
26.13065326633166	0.028650438990324878
26.532663316582916	0.03364054191243214
26.934673366834172	0.04407283911396072
27.33668341708543	0.053927937908739884
27.738693467336685	0.059021373787197594
28.14070351758794	0.057958964569416724
28.542713567839197	0.051366587969663105
28.944723618090453	0.04107354083373194
29.34673366834171	0.031279944270050174
29.748743718592966	0.026876362792623582
30.150753768844222	0.028485280132300735
30.55276381909548	0.032873088006782986
30.954773869346734	0.0368339220387514
31.35678391959799	0.04003655078299417
31.758793969849247	0.04324026751777517
32.16080402010051	0.0487001300947709
32.56281407035176	0.05553410012643926
32.96482412060302	0.06077902896042651
33.366834170854275	0.06183336682168692
33.76884422110553	0.05606789414655037
34.17085427135679	0.043777332087754375
34.572864321608044	0.027176629500146952
34.9748743718593	0.01399523203793672
35.37688442211056	0.021567621531146476
35.77889447236181	0.035192564012044264
36.18090452261307	0.04406938986417437
36.582914572864325	0.04678835170369221
36.98492462311558	0.04522569398022629
37.38693467336684	0.04519281412688825
37.788944723618094	0.051024834333962564
38.19095477386935	0.06127503719609554
38.59296482412061	0.06939320810232595
38.99497487437186	0.07058914106351147
39.39698492462312	0.06350072355607869
39.798994974874375	0.048017919634359536
40.20100502512563	0.027404426377813467
40.60301507537689	0.006437387366022719
41.005025125628144	0.01658285727990181
41.4070351758794	0.031515260707749224
41.80904522613066	0.0398781040281954
42.21105527638191	0.042124337250440735
42.61306532663317	0.041264515348276104
43.015075376884425	0.04440760885367141
43.41708542713568	0.054594159946132294
43.81909547738694	0.06768782836776004
44.221105527638194	0.07740948730283406
44.62311557788945	0.0802896833140649
45.02512562814071	0.07526012186595625
45.42713567839196	0.06283039458969773
45.82914572864322	0.04516787449165622
46.231155778894475	0.025367647422800666
46.63316582914573	0.013966556238380851
47.03517587939699	0.023308337328124585
47.437185929648244	0.036796519739000666
47.8391959798995	0.04740626330632858
48.24120603015076	0.05575546557403614
48.64321608040201	0.06266716332147301
49.04522613065327	0.06873047066050493
49.447236180904525	0.07383526133356585
49.84924623115578	0.07603367418589219
50.25125628140704	0.07448343113456929
50.653266331658294	0.06931661919527596
51.05527638190955	0.05973220585384405
51.45728643216081	0.04683706320833655
51.85929648241206	0.03163657387304234
52.26130653266332	0.016240874953248538
52.663316582914575	0.010426175488195053
53.06532663316583	0.022053316997913897
53.46733668341709	0.035111869864567
53.869346733668344	0.04606354970356055
54.2713567839196	0.05457092658734145
54.67336683417086	0.06119594572331617
55.07537688442211	0.0658737740133591
55.47738693467337	0.06807074501387755
55.879396984924625	0.06708856541239959
56.28140703517588	0.0625629243131808
56.68341708542714	0.054485284827133995
57.085427135678394	0.04294542740599274
57.48743718592965	0.029121386441334753
57.88944723618091	0.014353054558101494
58.29145728643216	0.005451173900815899
58.69346733668342	0.016689723329232613
59.095477386934675	0.02786488336613972
59.49748743718593	0.03683354238038414
59.89949748743719	0.043325443928705
60.301507537688444	0.0485375679672543
60.7035175879397	0.052522128111065526
61.10552763819096	0.055844704279371035
61.50753768844221	0.057502145498950843
61.90954773869347	0.05748400430710553
62.311557788944725	0.05482881481487031
62.71356783919598	0.04868488517554167
63.11557788944724	0.03903370168790245
63.517587939698494	0.026364294074360344
63.91959798994975	0.01234393424654159
64.32160804020101	0.010789531916437665
64.72361809045226	0.02418141675148629
65.12562814070353	0.03697030920381402
65.52763819095478	0.046596205857076134
65.92964824120604	0.05244145461471034
66.33165829145729	0.054563657732545914
66.73366834170855	0.054577683866907686
67.1356783919598	0.05351737347896067
67.53768844221106	0.05196006101018066
67.93969849246231	0.04963568895001198
68.34170854271358	0.04543409354500051
68.74371859296483	0.038375445215886025
69.14572864321609	0.027890678369472767
69.54773869346734	0.015685932765333036
69.9497487437186	0.011386659055436451
70.35175879396985	0.023044043076843372
70.75376884422111	0.037059314513936806
71.15577889447236	0.048673692086859274
71.55778894472363	0.05641160624444773
71.95979899497488	0.06030047178276883
72.36180904522614	0.06037246795885629
72.76381909547739	0.05809903549038772
73.16582914572865	0.05489968876705755
73.5678391959799	0.051269105991912665
73.96984924623116	0.046859014723107086
74.37185929648241	0.04002569555901554
74.77386934673368	0.02989658217600279
75.17587939698493	0.016844097349737634
75.57788944723619	0.008811710858674477
75.97989949748744	0.02152574478898487
76.3819095477387	0.036882558757488706
76.78391959798995	0.049479142819458755
77.18592964824121	0.0575344114091327
77.58793969849246	0.06045218060618557
77.98994974874373	0.0586960938961983
78.39195979899498	0.05414031112671895
78.79396984924624	0.049362501586957555
79.19597989949749	0.04615579258712912
79.59798994974875	0.043526363056773106
80.0	0.03992746154439839
