0.0	0.027507598976391795
0.4020100502512563	0.02424532759317268
0.8040201005025126	0.017065572049584345
1.206030150753769	0.007464275064974994
1.6080402010050252	0.004287799833607925
2.0100502512562817	0.013388554293232555
2.412060301507538	0.019966382038830055
2.814070351758794	0.022448815918239544
3.2160804020100504	0.02044258035159959
3.6180904522613067	0.01421135384312425
4.020100502512563	0.004759147451676582
4.42211055276382	0.006163455541990456
4.824120603015076	0.01625387211311039
5.226130653266332	0.024042583233971206
5.628140703517588	0.027979495990558535
6.030150753768845	0.027378707041174694
6.432160804020101	0.02252459776005836
6.834170854271357	0.014497450939962162
7.236180904522613	0.005661854741529449
7.63819095477387	0.007355632935078757
8.040201005025127	0.014424238039208299
8.442211055276383	0.01853955048170902
8.84422110552764	0.01846020015444438
9.246231155778895	0.013666881890518017
9.648241206030152	0.005411326554525376
10.050251256281408	0.005272940697014149
10.452261306532664	0.016366916156922116
10.85427135678392	0.026046248889200437
11.256281407035177	0.03250045239061248
11.658291457286433	0.0350939378726968
12.06030150753769	0.03356027248575623
12.462311557788945	0.028219930643797388
12.864321608040202	0.021175230223130316
13.266331658291458	0.013275403571389285
13.668341708542714	0.005468124841833068
14.07035175879397	0.0017664839586430802
14.472361809045227	0.0040332354331972
14.874371859296483	0.005401495737205083
15.27638190954774	0.00747853009771471
15.678391959798995	0.01318810476971285
16.080402010050253	0.021567116599526478
16.48241206030151	0.030316438320605314
16.884422110552766	0.038505688725527995
17.286432160804022	0.04453023419529078
17.68844221105528	0.04765777751670392
18.090452261306535	0.04635206110534137
18.49246231155779	0.04040745044949529
18.894472361809047	0.03175692185948179
19.296482412060303	0.02477359129937496
19.69849246231156	0.023327103565293064
20.100502512562816	0.024802255203030817
20.502512562814072	0.02432486163766056
20.90452261306533	0.021477957371086508
21.306532663316585	0.02026965187663392
21.70854271356784	0.02779931533719603
22.110552763819097	0.039977240737693945
22.512562814070353	0.05117335107678126
22.91457286432161	0.05929760681524797
23.316582914572866	0.06294072577977021
23.718592964824122	0.06247160832374578
24.12060301507538	0.05888529799228789
24.522613065326635	0.05291565359676294
24.92462311557789	0.04486784937111929
25.326633165829147	0.03763905246012747
25.728643216080403	0.03282597496251448
26.13065326633166	0.031749505033696765
26.532663316582916	0.03400485549612618
26.934673366834172	0.03703968769182855
27.33668341708543	0.03976088497202131
27.738693467336685	0.040086002696687
28.14070351758794	0.0391836511492243
28.542713567839197	0.0385387392840776
28.944723618090453	0.03916460810937306
29.34673366834171	0.0403338298134103
29.748743718592966	0.04152788408174876
30.150753768844222	0.04004850796924127
30.55276381909548	0.03563591338493542
30.954773869346734	0.028303516968512632
31.35678391959799	0.019677909165857245
31.758793969849247	0.013363779436091936
32.16080402010051	0.013523674368907737
32.56281407035176	0.01904517300967599
32.96482412060302	0.02545893007067874
33.366834170854275	0.031845538343216746
33.76884422110553	0.039268990097999536
34.17085427135679	0.047266117636085334
34.572864321608044	0.0534958181460799
34.9748743718593	0.05737860579831091
35.37688442211056	0.057774642122876495
35.77889447236181	0.054275147999694184
36.18090452261307	0.04830757017463037
36.582914572864325	0.041017115246503984
36.98492462311558	0.032936207172694375
37.38693467336684	0.02478711698771367
37.788944723618094	0.017588786221125426
38.19095477386935	0.014291261613291703
38.59296482412061	0.01611422603802558
38.99497487437186	0.022444081598041128
39.39698492462312	0.030223040164284863
39.798994974874375	0.03791427250817554
40.20100502512563	0.04463991468336486
40.60301507537689	0.049910369860691736
41.005025125628144	0.053494766990108245
41.4070351758794	0.05550679425167106
41.80904522613066	0.056176786251546054
42.21105527638191	0.05545233236205453
42.61306532663317	0.05292143909046898
43.015075376884425	0.04884161815767014
43.41708542713568	0.043173903997597955
43.81909547738694	0.03779707805607924
44.221105527638194	0.03434289636125898
44.62311557788945	0.034774216322478554
45.02512562814071	0.03950457223855173
45.42713567839196	0.0469620517398052
45.82914572864322	0.055233663845450406
46.231155778894475	0.06177382620079893
46.63316582914573	0.06587093585857438
47.03517587939699	0.0665162884634508
47.437185929648244	0.06348108141326943
47.8391959798995	0.057646635115021896
48.24120603015076	0.0498147927698933
48.64321608040201	0.04191989579643701
49.04522613065327	0.03469541870970981
49.447236180904525	0.029420310200108345
49.84924623115578	0.02707765373693686
50.25125628140704	0.027171768239908762
50.653266331658294	0.030073693631166343
51.05527638190955	0.034705750629260394
51.45728643216081	0.038974968104720696
51.85929648241206	0.04210744283426026
52.26130653266332	0.043236766728888334
52.663316582914575	0.04238429386940311
53.06532663316583	0.040064520920257723
53.46733668341709	0.03778050543811343
53.869346733668344	0.03625043567700748
54.2713567839196	0.036599682709731365
54.67336683417086	0.037999098419939974
55.07537688442211	0.03951643813792528
55.47738693467337	0.04037746290778655
55.879396984924625	0.040682817936736226
56.28140703517588	0.04010944385632874
56.68341708542714	0.03986528796209488
57.085427135678394	0.0395473568008296
57.48743718592965	0.03984847394628084
57.88944723618091	0.04008725230643849
58.29145728643216	0.04013331508271286
58.69346733668342	0.03936942930185457
59.095477386934675	0.03889304691690925
59.49748743718593	0.03866607752293395
59.89949748743719	0.038544973402830265
60.301507537688444	0.039072753641189686
60.7035175879397	0.03970236355299448
61.10552763819096	0.039255754287536145
61.50753768844221	0.03734987616647251
61.90954773869347	0.03411974904928917
62.311557788944725	0.02984337009975867
62.71356783919598	0.025457472318716
63.11557788944724	0.022078766974319063
63.517587939698494	0.020702855555773926
63.91959798994975	0.02137649924456967
64.32160804020101	0.023198399590036868
64.72361809045226	0.025322529253794985
65.12562814070353	0.02843981949702464
65.52763819095478	0.03172608032743256
65.92964824120604	0.03503823054895699
66.33165829145729	0.03767697978265402
66.73366834170855	0.0388857607271168
67.1356783919598	0.03817562696750408
67.53768844221106	0.0351877023211372
67.93969849246231	0.030238180478168886
68.34170854271358	0.02390742948225057
68.74371859296483	0.017561936091980063
69.14572864321609	0.013075157244451633
69.54773869346734	0.01191858220215695
69.9497487437186	0.012842039336364727
70.35175879396985	0.01373972682729539
70.75376884422111	0.014778060127844933
71.15577889447236	0.01683227890008103
71.55778894472363	0.019905389830778126
71.95979899497488	0.02372205203379208
72.36180904522614	0.026891085591264186
72.76381909547739	0.02821357798540629
73.16582914572865	0.02737238562071686
73.5678391959799	0.02423555950951681
73.96984924623116	0.019731681506955097
74.37185929648241	0.014854093374836095
74.77386934673368	0.01028633521514333
75.17587939698493	0.00676878492693133
75.57788944723619	0.00519918347637382
75.97989949748744	0.007228424983206944
76.3819095477387	0.011829182981352337
76.78391959798995	0.017711123372690693
77.18592964824121	0.024266493760650036
77.58793969849246	0.029741666730590022
77.98994974874373	0.03371030515737061
78.39195979899498	0.03568237060948869
78.79396984924624	0.034853090454777344
79.19597989949749	0.031718057133588766
79.59798994974875	0.026666486409485813
80.0	0.02010502540702968
