0.0	0.0018108507546654607
0.4020100502512563	0.0029076336248121766
0.8040201005025126	0.0034561779467994803
1.206030150753769	0.0035654355523971103
1.6080402010050252	0.0029911197382673895
2.0100502512562817	0.0018693430841370397
2.412060301507538	0.0006428503526893068
2.814070351758794	0.0008519568220649336
3.2160804020100504	0.0017570724163621537
3.6180904522613067	0.0022685521718297697
4.020100502512563	0.002036106161010073
4.42211055276382	0.0011499367476048665
4.824120603015076	0.00039764961128368
5.226130653266332	0.0016574728576910316
5.628140703517588	0.003444835254140341
6.030150753768845	0.0047467022125129614
6.432160804020101	0.005626684076437645
6.834170854271357	0.005962266886279085
7.236180904522613	0.005743348622932793
7.63819095477387	0.005079397326932702
8.040201005025127	0.004014942090175329
8.442211055276383	0.0031367073236076375
8.84422110552764	0.002364887136212
9.246231155778895	0.001955682544102194
9.648241206030152	0.0019005545348346013
10.050251256281408	0.002485478184785431
10.452261306532664	0.003749346486260285
10.85427135678392	0.005308597485736998
11.256281407035177	0.00738590878159281
11.658291457286433	0.009474750120043384
12.06030150753769	0.011470277422958279
12.462311557788945	0.013433737688120029
12.864321608040202	0.01513841121121845
13.266331658291458	0.016049282779592375
13.668341708542714	0.016742919017291708
14.07035175879397	0.017194875614398256
14.472361809045227	0.017171960625225056
14.874371859296483	0.017305861650192263
15.27638190954774	0.017811867081072012
15.678391959798995	0.018760587374941413
16.080402010050253	0.020585454689835324
16.48241206030151	0.02322457437592311
16.884422110552766	0.026686957678725025
17.286432160804022	0.03052658116357198
17.68844221105528	0.03448711758627832
18.090452261306535	0.037792502221014004
18.49246231155779	0.04001904831731166
18.894472361809047	0.040771513783343476
19.296482412060303	0.03988467448168817
19.69849246231156	0.03767044643929444
20.100502512562816	0.034490207022867744
20.502512562814072	0.031149255453607128
20.90452261306533	0.02913658760028453
21.306532663316585	0.0286813558206252
21.70854271356784	0.029702048084817394
22.110552763819097	0.03315816079967439
22.512562814070353	0.03896772008158035
22.91457286432161	0.047346584621109425
23.316582914572866	0.056622847374477314
23.718592964824122	0.0648991214086599
24.12060301507538	0.07119962390293198
24.522613065326635	0.07390895892650076
24.92462311557789	0.07339241153446795
25.326633165829147	0.06984236871035353
25.728643216080403	0.06433246723999657
26.13065326633166	0.05768751871823811
26.532663316582916	0.05145099181033989
26.934673366834172	0.04637345907004981
27.33668341708543	0.04329074364490999
27.738693467336685	0.042691415639177346
28.14070351758794	0.04557887079571468
28.542713567839197	0.05112698669458754
28.944723618090453	0.05824178443132253
29.34673366834171	0.06545821621952998
29.748743718592966	0.07119046720666088
30.150753768844222	0.07427558870635703
30.55276381909548	0.07437560655605799
30.954773869346734	0.07126747050936505
31.35678391959799	0.06557767916871024
31.758793969849247	0.0584705556045272
32.16080402010051	0.05086217265041387
32.56281407035176	0.044025517540206456
32.96482412060302	0.03884220976017649
33.366834170854275	0.03602699089746496
33.76884422110553	0.03618018685946103
34.17085427135679	0.039556996965607036
34.572864321608044	0.045267095163606115
34.9748743718593	0.051988559573915204
35.37688442211056	0.05808842030035603
35.77889447236181	0.062392747109698464
36.18090452261307	0.06397763140595136
36.582914572864325	0.06271902165338686
36.98492462311558	0.058817927919206224
37.38693467336684	0.053019315143264786
37.788944723618094	0.04629592035676457
38.19095477386935	0.039844752168894625
38.59296482412061	0.034447342855426485
38.99497487437186	0.031098215123971047
39.39698492462312	0.030615524985355264
39.798994974874375	0.03335388057299934
40.20100502512563	0.038508781293230196
40.60301507537689	0.04527075135857689
41.005025125628144	0.052219180979084165
41.4070351758794	0.058322794538495926
41.80904522613066	0.0624450449046023
42.21105527638191	0.06393890384144302
42.61306532663317	0.06264740295791872
43.015075376884425	0.05879119130324889
43.41708542713568	0.05308966167449249
43.81909547738694	0.04694189957475977
44.221105527638194	0.041096509604593476
44.62311557788945	0.03678795981457263
45.02512562814071	0.0346364809286961
45.42713567839196	0.035388246785703785
45.82914572864322	0.03847936622091112
46.231155778894475	0.04356329595112859
46.63316582914573	0.0497994064906452
47.03517587939699	0.056013739380025074
47.437185929648244	0.06123519976424437
47.8391959798995	0.06476907870943685
48.24120603015076	0.06566487444688772
48.64321608040201	0.06394333843397466
49.04522613065327	0.06009508149625185
49.447236180904525	0.05448879278333914
49.84924623115578	0.04814073898348645
50.25125628140704	0.04215327520412575
50.653266331658294	0.03762614335950577
51.05527638190955	0.03535967208317874
51.45728643216081	0.035740887925768516
51.85929648241206	0.03892275087572515
52.26130653266332	0.04416053581961434
52.663316582914575	0.05094183867709504
53.06532663316583	0.05783891710682346
53.46733668341709	0.06363329293115313
53.869346733668344	0.06722353317734255
54.2713567839196	0.06784053184023374
54.67336683417086	0.06515695895229147
55.07537688442211	0.059719305511281615
55.47738693467337	0.05223635086214253
55.879396984924625	0.044439032962262544
56.28140703517588	0.03759372658095748
56.68341708542714	0.033099176867058516
57.085427135678394	0.03213692838381244
57.48743718592965	0.03486719160516274
57.88944723618091	0.04081573268524754
58.29145728643216	0.048870300524850654
58.69346733668342	0.05750483060498508
59.095477386934675	0.0649705215530946
59.49748743718593	0.07002180466957778
59.89949748743719	0.07152598801326213
60.301507537688444	0.0692903298725431
60.7035175879397	0.0635806190824388
61.10552763819096	0.05569297925250445
61.50753768844221	0.04725472442007673
61.90954773869347	0.03976199389374159
62.311557788944725	0.034851508472404494
62.71356783919598	0.03344434829006686
63.11557788944724	0.035760564265037
63.517587939698494	0.041307256205059914
63.91959798994975	0.04884156146612521
64.32160804020101	0.05698056781905377
64.72361809045226	0.06421252847053792
65.12562814070353	0.0690227011857389
65.52763819095478	0.07058733833897857
65.92964824120604	0.06849952161851883
66.33165829145729	0.06358241043363601
66.73366834170855	0.05635714702742621
67.1356783919598	0.04869066252691155
67.53768844221106	0.04200598109727885
67.93969849246231	0.037707233462305215
68.34170854271358	0.036564566594222477
68.74371859296483	0.03866301783838549
69.14572864321609	0.04351972904853642
69.54773869346734	0.050053002384323475
69.9497487437186	0.056851422804198214
70.35175879396985	0.06291495376565112
70.75376884422111	0.06715597054504031
71.15577889447236	0.06873639928589723
71.55778894472363	0.06758423953687939
71.95979899497488	0.06405853585517982
72.36180904522614	0.05882173478673629
72.76381909547739	0.052963302026217005
73.16582914572865	0.04719159454016745
73.5678391959799	0.04281811071493306
73.96984924623116	0.04044871951650447
74.37185929648241	0.0403851695592911
74.77386934673368	0.042322292522903746
75.17587939698493	0.04618333086619263
75.57788944723619	0.0509092386781844
75.97989949748744	0.056143275386909774
76.3819095477387	0.060859019470203224
76.78391959798995	0.06427277765822988
77.18592964824121	0.06575603917827857
77.58793969849246	0.06522802260080154
77.98994974874373	0.06226159499162061
78.39195979899498	0.05775828581773229
78.79396984924624	0.052021431689085226
79.19597989949749	0.046527712928937405
79.59798994974875	0.04207717010600308
80.0	0.039589405577658755
