0.0	0.009570026224424839
0.4020100502512563	0.009820879948309099
0.8040201005025126	0.008379923095062953
1.206030150753769	0.005781834499601342
1.6080402010050252	0.0023500595238945777
2.0100502512562817	0.0014338969658292135
2.412060301507538	0.004300983250677335
2.814070351758794	0.0062362342451509215
3.2160804020100504	0.006612214015662793
3.6180904522613067	0.005265997026688122
4.020100502512563	0.002539688467721817
4.42211055276382	0.0011994268597583816
4.824120603015076	0.005261999218366427
5.226130653266332	0.009054459896846731
5.628140703517588	0.011800336057919228
6.030150753768845	0.013134866565526754
6.432160804020101	0.012971184256379529
6.834170854271357	0.011316950955370515
7.236180904522613	0.008587145418391996
7.63819095477387	0.0055926839241068425
8.040201005025127	0.002829364689578842
8.442211055276383	0.0011132005889338344
8.84422110552764	0.00114740131890076
9.246231155778895	0.0023570368512481456
9.648241206030152	0.005220999074195916
10.050251256281408	0.00980308299192868
10.452261306532664	0.014878027614150597
10.85427135678392	0.020509894450435384
11.256281407035177	0.025372037314603628
11.658291457286433	0.028889486100449197
12.06030150753769	0.031213650848127335
12.462311557788945	0.03268596164639627
12.864321608040202	0.033554801387092034
13.266331658291458	0.03467235626420203
13.668341708542714	0.03689158199071062
14.07035175879397	0.03937999486857473
14.472361809045227	0.041103899292594254
14.874371859296483	0.04125596509714187
15.27638190954774	0.03721235337503049
15.678391959798995	0.02770322982221412
16.080402010050253	0.01217020523812344
16.48241206030151	0.01074872662909929
16.884422110552766	0.03233561861665537
17.286432160804022	0.04723767554917308
17.68844221105528	0.05069416749214718
18.090452261306535	0.04108086480652126
18.49246231155779	0.025668184006290052
18.894472361809047	0.02820988908938244
19.296482412060303	0.053492905726045245
19.69849246231156	0.07748430304774193
20.100502512562816	0.09113683454727342
20.502512562814072	0.09008171535138514
20.90452261306533	0.07450741041841041
21.306532663316585	0.04741270438845531
21.70854271356784	0.01522851277439651
22.110552763819097	0.021236039349146352
22.512562814070353	0.049413424948641635
22.91457286432161	0.0686417932163255
23.316582914572866	0.07514246269221142
23.718592964824122	0.06783346694892635
24.12060301507538	0.04920252957991383
24.522613065326635	0.02453535614457553
24.92462311557789	0.01704892859014797
25.326633165829147	0.038806473152710345
25.728643216080403	0.05596198965262746
26.13065326633166	0.06278806765606643
26.532663316582916	0.05811149357750992
26.934673366834172	0.04490733679377632
27.33668341708543	0.03335055494031323
27.738693467336685	0.03916173707638366
28.14070351758794	0.0551798148581497
28.542713567839197	0.06809844992194607
28.944723618090453	0.07135443087069604
29.34673366834171	0.06374152106305458
29.748743718592966	0.04592768396299146
30.150753768844222	0.025867516655645302
30.55276381909548	0.02889976378938412
30.954773869346734	0.0502826497753656
31.35678391959799	0.06827500621911416
31.758793969849247	0.07620363086207364
32.16080402010051	0.0735001958550339
32.56281407035176	0.060618651837856176
32.96482412060302	0.041301456848385765
33.366834170854275	0.0233413594182809
33.76884422110553	0.024340408030088006
34.17085427135679	0.03772160637656168
34.572864321608044	0.047598632732978936
34.9748743718593	0.04866519959156769
35.37688442211056	0.04207490317507821
35.77889447236181	0.031878551018244446
36.18090452261307	0.028569804642405626
36.582914572864325	0.038435372872998474
36.98492462311558	0.051115606568257775
37.38693467336684	0.05890365156756115
37.788944723618094	0.0591679960057873
38.19095477386935	0.0523228838007324
38.59296482412061	0.04205842685855339
38.99497487437186	0.035399985928924224
39.39698492462312	0.038828156793363794
39.798994974874375	0.04759819847008691
40.20100502512563	0.053396635113252634
40.60301507537689	0.05327794438180296
41.005025125628144	0.04739164800936775
41.4070351758794	0.03997619454786642
41.80904522613066	0.03969698108654304
42.21105527638191	0.04984790995400404
42.61306532663317	0.06337634390545444
43.015075376884425	0.07351703491963414
43.41708542713568	0.0761695113431764
43.81909547738694	0.07078261975494092
44.221105527638194	0.05832865515684434
44.62311557788945	0.04321208890112448
45.02512562814071	0.03260545888021103
45.42713567839196	0.03407632781881388
45.82914572864322	0.04220730212320449
46.231155778894475	0.04679045837362514
46.63316582914573	0.044598602255136024
47.03517587939699	0.03595022576777013
47.437185929648244	0.0275597951898436
47.8391959798995	0.03203614678486342
48.24120603015076	0.04753029601233978
48.64321608040201	0.06291025032865702
49.04522613065327	0.07182139411085132
49.447236180904525	0.07210664495101375
49.84924623115578	0.06384914409218771
50.25125628140704	0.04856305881875441
50.653266331658294	0.030431501661991645
51.05527638190955	0.01820607028401627
51.45728643216081	0.02375132390329543
51.85929648241206	0.0328741238958296
52.26130653266332	0.036295361251065736
52.663316582914575	0.03402984175422719
53.06532663316583	0.03149382065799386
53.46733668341709	0.03649621048317487
53.869346733668344	0.049154245875110206
54.2713567839196	0.06209071708798715
54.67336683417086	0.07015167119245536
55.07537688442211	0.07058946021760995
55.47738693467337	0.06283958871780915
55.879396984924625	0.047750891369137446
56.28140703517588	0.02768597338379016
56.68341708542714	0.006733409691870534
57.085427135678394	0.012136733930700406
57.48743718592965	0.024196687500674083
57.88944723618091	0.027903606355053463
58.29145728643216	0.02299732637029546
58.69346733668342	0.01523750960534015
59.095477386934675	0.022523023961938483
59.49748743718593	0.0414935988762947
59.89949748743719	0.060391715036782125
60.301507537688444	0.07364178957207813
60.7035175879397	0.07837698642962462
61.10552763819096	0.07427534750008774
61.50753768844221	0.06157151909317636
61.90954773869347	0.04279945065856282
62.311557788944725	0.021665166621878902
62.71356783919598	0.0028157864390745972
63.11557788944724	0.013858406573641601
63.517587939698494	0.020828157796320763
63.91959798994975	0.018597041082413567
64.32160804020101	0.007881131097812417
64.72361809045226	0.00947466742465879
65.12562814070353	0.030285614181401806
65.52763819095478	0.05021040874322601
65.92964824120604	0.06579584737837106
66.33165829145729	0.0740003667506956
66.73366834170855	0.07374686145201939
67.1356783919598	0.06475622243242374
67.53768844221106	0.049173185703605085
67.93969849246231	0.030867421898877263
68.34170854271358	0.017041526981488163
68.74371859296483	0.01884447954517851
69.14572864321609	0.02478846503255503
69.54773869346734	0.024138225228593987
69.9497487437186	0.01631023752091165
70.35175879396985	0.008621945245229308
70.75376884422111	0.023035872161951458
71.15577889447236	0.042082158072639514
71.55778894472363	0.05803269741137128
71.95979899497488	0.06737059898524689
72.36180904522614	0.06822753735960256
72.76381909547739	0.06089988460282629
73.16582914572865	0.046853730289119294
73.5678391959799	0.03049892731077238
73.96984924623116	0.01953691883522603
74.37185929648241	0.021696009302244808
74.77386934673368	0.027101965767146362
75.17587939698493	0.027691784500042678
75.57788944723619	0.023011671959699543
75.97989949748744	0.020057217947609028
76.3819095477387	0.02980198094379835
76.78391959798995	0.04561749344766101
77.18592964824121	0.05990030453769922
77.58793969849246	0.0681787734445144
77.98994974874373	0.06858328702281999
78.39195979899498	0.060901664497720207
78.79396984924624	0.04724851314664828
79.19597989949749	0.031140639770281853
79.59798994974875	0.020787459326147565
80.0	0.024323530052589488
