0.0	0.026483506872038785
0.4020100502512563	0.02388480009225561
0.8040201005025126	0.01741928003408047
1.206030150753769	0.008190422832850014
1.6080402010050252	0.0021135410429180576
2.0100502512562817	0.011484500430840346
2.412060301507538	0.018207608924584076
2.814070351758794	0.021148268607322187
3.2160804020100504	0.019598496170430364
3.6180904522613067	0.013834898672847354
4.020100502512563	0.005086882492448064
4.42211055276382	0.0052493700836152716
4.824120603015076	0.01530070288020272
5.226130653266332	0.02302199127084508
5.628140703517588	0.027228169204462128
6.030150753768845	0.027429477586422453
6.432160804020101	0.023266054820426513
6.834170854271357	0.01581592223575581
7.236180904522613	0.0066122250430075925
7.63819095477387	0.0031939179104410243
8.040201005025127	0.01075164113486296
8.442211055276383	0.015297874102804396
8.84422110552764	0.01600189804167242
9.246231155778895	0.012741336642944499
9.648241206030152	0.00655569948860424
10.050251256281408	0.0070604158176421255
10.452261306532664	0.016342338857837733
10.85427135678392	0.025173666349498885
11.256281407035177	0.031629332045716406
11.658291457286433	0.034621472500306186
12.06030150753769	0.03417588484617383
12.462311557788945	0.031205876471930495
12.864321608040202	0.027578850731365002
13.266331658291458	0.026357092209828358
13.668341708542714	0.02928123279327542
14.07035175879397	0.03409299379448506
14.472361809045227	0.03837671827179108
14.874371859296483	0.04055498105266379
15.27638190954774	0.03847412358547172
15.678391959798995	0.03148688750340663
16.080402010050253	0.021287944178530728
16.48241206030151	0.01577400620061619
16.884422110552766	0.022190951351502036
17.286432160804022	0.03507412549615977
17.68844221105528	0.046983145834613174
18.090452261306535	0.05294059548635731
18.49246231155779	0.0497947508282535
18.894472361809047	0.03699930921334129
19.296482412060303	0.018691846030369094
19.69849246231156	0.02247753870682089
20.100502512562816	0.045638971409698054
20.502512562814072	0.06593918729594384
20.90452261306533	0.07707159789572976
21.306532663316585	0.07605601114488968
21.70854271356784	0.062231999031850005
22.110552763819097	0.03768578995369648
22.512562814070353	0.007727901166825503
22.91457286432161	0.024193489250614274
23.316582914572866	0.050563962891701175
23.718592964824122	0.06852645570338345
24.12060301507538	0.07635647999688734
24.522613065326635	0.07285410746112743
24.92462311557789	0.05883807342986761
25.326633165829147	0.0375010511893797
25.728643216080403	0.01723405886977659
26.13065326633166	0.025799977326639596
26.532663316582916	0.04509670795990743
26.934673366834172	0.056289839578026635
27.33668341708543	0.05587170813382401
27.738693467336685	0.04403593099354018
28.14070351758794	0.02299215041519189
28.542713567839197	0.010744098379178977
28.944723618090453	0.03613546188784074
29.34673366834171	0.06124687985497296
29.748743718592966	0.07894058026870544
30.150753768844222	0.08575347464798395
30.55276381909548	0.08035941261509011
30.954773869346734	0.06402437331686041
31.35678391959799	0.03876893464252207
31.758793969849247	0.01050293903694573
32.16080402010051	0.01733841629596259
32.56281407035176	0.03604082863211986
32.96482412060302	0.04435235399483235
33.366834170854275	0.04023721859695675
33.76884422110553	0.026986233878609666
34.17085427135679	0.02220214608943809
34.572864321608044	0.044056149587940005
34.9748743718593	0.07010736634709035
35.37688442211056	0.0900588525357466
35.77889447236181	0.09877594579017239
36.18090452261307	0.09525700705512916
36.582914572864325	0.08033991692057652
36.98492462311558	0.057551755071008195
37.38693467336684	0.03489823315044205
37.788944723618094	0.028573484019839158
38.19095477386935	0.03981169335851247
38.59296482412061	0.048655151090301656
38.99497487437186	0.04786192236002425
39.39698492462312	0.03680519622140402
39.798994974874375	0.0234489242740455
40.20100502512563	0.030911084969826412
40.60301507537689	0.05399623354574103
41.005025125628144	0.07516898736322705
41.4070351758794	0.08707660646619632
41.80904522613066	0.0869258424308503
42.21105527638191	0.07466615149863289
42.61306532663317	0.05292588488913076
43.015075376884425	0.029066564107822
43.41708542713568	0.025205259657537595
43.81909547738694	0.04379668525639192
44.221105527638194	0.058776194011405235
44.62311557788945	0.06251248777241628
45.02512562814071	0.053465473222521355
45.42713567839196	0.03396883537944474
45.82914572864322	0.01207006696506051
46.231155778894475	0.027954360410527963
46.63316582914573	0.05359563778594315
47.03517587939699	0.07202253686287584
47.437185929648244	0.07928658850906198
47.8391959798995	0.07419926826068134
48.24120603015076	0.057968831477048566
48.64321608040201	0.03509984764142053
49.04522613065327	0.018769991319475796
49.447236180904525	0.03299132517247
49.84924623115578	0.05149566744057162
50.25125628140704	0.0612452859620826
50.653266331658294	0.05999245802497525
51.05527638190955	0.049222728016209596
51.45728643216081	0.03655156136059902
51.85929648241206	0.03639608624078254
52.26130653266332	0.05102235849915362
52.663316582914575	0.06620154966533823
53.06532663316583	0.07359207402612547
53.46733668341709	0.07061436638898638
53.869346733668344	0.057094058056185934
54.2713567839196	0.036599005543376015
54.67336683417086	0.01842748336570007
55.07537688442211	0.028291261252180743
55.47738693467337	0.04815530779899406
55.879396984924625	0.06200393096487529
56.28140703517588	0.06687952341276882
56.68341708542714	0.06230646004342609
57.085427135678394	0.050747230812490364
57.48743718592965	0.03817753917995467
57.88944723618091	0.035485956523446376
58.29145728643216	0.04532756535897502
58.69346733668342	0.05630202655158499
59.095477386934675	0.06045575503256323
59.49748743718593	0.0546633406340812
59.89949748743719	0.03921139294968893
60.301507537688444	0.018996167096387066
60.7035175879397	0.02178846907672653
61.10552763819096	0.04500465228553159
61.50753768844221	0.06523346751615698
61.90954773869347	0.07599992549721118
62.311557788944725	0.07502267695841812
62.71356783919598	0.062441407931081605
63.11557788944724	0.04074617894389237
63.517587939698494	0.015216713492535153
63.91959798994975	0.019492682386370162
64.32160804020101	0.04121080362377123
64.72361809045226	0.05456352896983705
65.12562814070353	0.056121362595050406
65.52763819095478	0.04549177721676093
65.92964824120604	0.025617790996458216
66.33165829145729	0.015338162770638908
66.73366834170855	0.03886507350926298
67.1356783919598	0.06324474227426394
67.53768844221106	0.07880253806901134
67.93969849246231	0.08231972578358117
68.34170854271358	0.07298952470304773
68.74371859296483	0.05255965097045414
69.14572864321609	0.025564906641129558
69.54773869346734	0.01314975726043906
69.9497487437186	0.035070898087568525
70.35175879396985	0.05169555197672039
70.75376884422111	0.05699362796255404
71.15577889447236	0.04991708494036939
71.55778894472363	0.03177909226195996
71.95979899497488	0.010626153337302399
72.36180904522614	0.025799625816063237
72.76381909547739	0.050537025388891696
73.16582914572865	0.06875211157242522
73.5678391959799	0.07610039706853175
73.96984924623116	0.07167168353361764
74.37185929648241	0.05657868426410374
74.77386934673368	0.03395060392786572
75.17587939698493	0.010956619674519254
75.57788944723619	0.017950544553723476
75.97989949748744	0.03302607277807647
76.3819095477387	0.03817783860470676
76.78391959798995	0.03207408104241096
77.18592964824121	0.015316025024672086
77.58793969849246	0.009027783724870593
77.98994974874373	0.0353306669077798
78.39195979899498	0.05878753931636684
78.79396984924624	0.0750969825995267
79.19597989949749	0.08036376028340855
79.59798994974875	0.07405657636086309
80.0	0.0575806978071159
