0.0	0.011795069117723437
0.4020100502512563	0.011176387334453702
0.8040201005025126	0.008763719170871636
1.206030150753769	0.005258861425377869
1.6080402010050252	0.0028811168485316104
2.0100502512562817	0.004936183052332922
2.412060301507538	0.007779601994668447
2.814070351758794	0.009147249458329954
3.2160804020100504	0.00859237570686594
3.6180904522613067	0.00644394268633363
4.020100502512563	0.002864967160857359
4.42211055276382	0.0022717472637706617
4.824120603015076	0.006687035882275807
5.226130653266332	0.010337324933592705
5.628140703517588	0.01290555496051626
6.030150753768845	0.013609884893107221
6.432160804020101	0.01232019617029942
6.834170854271357	0.009897424694549127
7.236180904522613	0.006809876661189649
7.63819095477387	0.0045534739959776785
8.040201005025127	0.005069106240538936
8.442211055276383	0.006076568855533831
8.84422110552764	0.006066338037993354
9.246231155778895	0.0043780076976085045
9.648241206030152	0.0011224680989265234
10.050251256281408	0.0038743832932282276
10.452261306532664	0.008978121783085734
10.85427135678392	0.013839662230914828
11.256281407035177	0.017692624039814732
11.658291457286433	0.020100585191350738
12.06030150753769	0.020423507037867633
12.462311557788945	0.018570208431583336
12.864321608040202	0.015950165699500495
13.266331658291458	0.013641407994344042
13.668341708542714	0.013231548879487617
14.07035175879397	0.016531579831432202
14.472361809045227	0.02154094076855299
14.874371859296483	0.0268715141958129
15.27638190954774	0.031465124555814385
15.678391959798995	0.03476283077680682
16.080402010050253	0.034582551164244385
16.48241206030151	0.028935991058617817
16.884422110552766	0.021816302216340108
17.286432160804022	0.025560092180369965
17.68844221105528	0.040818230663474266
18.090452261306535	0.05685034932338591
18.49246231155779	0.06679071156035594
18.894472361809047	0.06536334192131235
19.296482412060303	0.05208722729180515
19.69849246231156	0.03047333348411374
20.100502512562816	0.020020145107389926
20.502512562814072	0.04176504735271031
20.90452261306533	0.0638269419861086
21.306532663316585	0.07663135054748557
21.70854271356784	0.07733359572302041
22.110552763819097	0.06768892689074797
22.512562814070353	0.054737829059566645
22.91457286432161	0.05296718371204432
23.316582914572866	0.06700511251743259
23.718592964824122	0.08509030297652734
24.12060301507538	0.09481482579128298
24.522613065326635	0.09192119510609738
24.92462311557789	0.07655559355297692
25.326633165829147	0.05250188833412994
25.728643216080403	0.030551776137321702
26.13065326633166	0.034210243620987194
26.532663316582916	0.05287897402537778
26.934673366834172	0.06649919534476409
27.33668341708543	0.07030436074588706
27.738693467336685	0.06606321858759598
28.14070351758794	0.06088980709965182
28.542713567839197	0.06333323051829046
28.944723618090453	0.07398625958202812
29.34673366834171	0.08637927519083906
29.748743718592966	0.09375095962017127
30.150753768844222	0.09181276514201846
30.55276381909548	0.07961391993698386
30.954773869346734	0.05985362164602216
31.35678391959799	0.039460459391381396
31.758793969849247	0.03354581691810367
32.16080402010051	0.045530734515529074
32.56281407035176	0.05802844705808154
32.96482412060302	0.06294371065096371
33.366834170854275	0.05785096274695437
33.76884422110553	0.04487829290107425
34.17085427135679	0.03412659575511006
34.572864321608044	0.03966647144227512
34.9748743718593	0.05714677209443829
35.37688442211056	0.07224439727136908
35.77889447236181	0.07889952999772862
36.18090452261307	0.07449745532597705
36.582914572864325	0.05984456274903578
36.98492462311558	0.037865337700008106
37.38693467336684	0.014363617813303326
37.788944723618094	0.018861594141705358
38.19095477386935	0.03813252619467643
38.59296482412061	0.050084323621571246
38.99497487437186	0.05109723579352311
39.39698492462312	0.04084616213104245
39.798994974874375	0.022046586661063634
40.20100502512563	0.002539812359764629
40.60301507537689	0.027490829116002025
41.005025125628144	0.04819174519369014
41.4070351758794	0.060502308131464025
41.80904522613066	0.06209067159825722
42.21105527638191	0.05241095529606227
42.61306532663317	0.0332012442502547
43.015075376884425	0.007976883551529325
43.41708542713568	0.020119162609061124
43.81909547738694	0.04375782079514079
44.221105527638194	0.05975289468974894
44.62311557788945	0.06510829231153813
45.02512562814071	0.05928064711553417
45.42713567839196	0.043095717648159323
45.82914572864322	0.020281786504230463
46.231155778894475	0.006993382530741364
46.63316582914573	0.029135101383789858
47.03517587939699	0.04601071300768321
47.437185929648244	0.05347065251936065
47.8391959798995	0.05029780445052532
48.24120603015076	0.03692639911984178
48.64321608040201	0.017639821691978506
49.04522613065327	0.01476561697866297
49.447236180904525	0.03608004054234041
49.84924623115578	0.05381678520464863
50.25125628140704	0.06307863654703977
50.653266331658294	0.0617831077026596
51.05527638190955	0.0504974779879757
51.45728643216081	0.03237266842751795
51.85929648241206	0.015654422795426517
52.26130653266332	0.02509594095506217
52.663316582914575	0.043400906254983954
53.06532663316583	0.05581356859168997
53.46733668341709	0.05908142566937363
53.869346733668344	0.05239335473241745
54.2713567839196	0.037928157574675894
54.67336683417086	0.021358588022391992
55.07537688442211	0.019151458311487075
55.47738693467337	0.03311347613437156
55.879396984924625	0.04486117717509967
56.28140703517588	0.049590209033556244
56.68341708542714	0.04663447950133366
57.085427135678394	0.038364560659809505
57.48743718592965	0.03225900373390568
57.88944723618091	0.03675573349805751
58.29145728643216	0.048493764067630986
58.69346733668342	0.0593157208309409
59.095477386934675	0.0637778522543262
59.49748743718593	0.06084954949146615
59.89949748743719	0.052384935821434074
60.301507537688444	0.04265545002176134
60.7035175879397	0.03927807133594132
61.10552763819096	0.0453446910092639
61.50753768844221	0.05404447198725092
61.90954773869347	0.05897101987597989
62.311557788944725	0.05720052328102314
62.71356783919598	0.04938321938437473
63.11557788944724	0.03850032161464713
63.517587939698494	0.03299481505658251
63.91959798994975	0.03900557462400309
64.32160804020101	0.05078576827283311
64.72361809045226	0.05966793968819332
65.12562814070353	0.06246766490006063
65.52763819095478	0.05823607439690807
65.92964824120604	0.04916154240043763
66.33165829145729	0.04000325426881498
66.73366834170855	0.03844788525653333
67.1356783919598	0.04523467889370276
67.53768844221106	0.05304808686779845
67.93969849246231	0.05678040162601518
68.34170854271358	0.052872676625701075
68.74371859296483	0.04156867093940246
69.14572864321609	0.02650383038286257
69.54773869346734	0.01869154558914726
69.9497487437186	0.02947393261860041
70.35175879396985	0.04328233503884492
70.75376884422111	0.05196996093919061
71.15577889447236	0.05271017105313343
71.55778894472363	0.04581793286460749
71.95979899497488	0.03457377368670535
72.36180904522614	0.02720905462343341
72.76381909547739	0.03232928584550654
73.16582914572865	0.04384025970854425
73.5678391959799	0.05198409443324127
73.96984924623116	0.05319824595627102
74.37185929648241	0.046393272258942304
74.77386934673368	0.032850702929642484
75.17587939698493	0.018392578126601507
75.57788944723619	0.019747809192630243
75.97989949748744	0.03389278275678069
76.3819095477387	0.045136944392497116
76.78391959798995	0.04899786468526458
77.18592964824121	0.04508545416601596
77.58793969849246	0.03517600741117795
77.98994974874373	0.026168986109686765
78.39195979899498	0.02961434167103235
78.79396984924624	0.04223133556230918
79.19597989949749	0.05343410192269373
79.59798994974875	0.058179555999954856
80.0	0.05461729273716941
