0.0	0.004877949033552131
0.4020100502512563	0.004694382571864189
0.8040201005025126	0.0034777994202959497
1.206030150753769	0.0022418894652675627
1.6080402010050252	0.0007990071128331454
2.0100502512562817	0.0012735929406552545
2.412060301507538	0.0024225827948936305
2.814070351758794	0.0029756616825249013
3.2160804020100504	0.0027162343337054596
3.6180904522613067	0.0019243365321232088
4.020100502512563	0.00045820938356432576
4.42211055276382	0.0014549898318754017
4.824120603015076	0.0029893247955056494
5.226130653266332	0.004466728126941252
5.628140703517588	0.0054222098745505196
6.030150753768845	0.00547022014384216
6.432160804020101	0.004966603452677072
6.834170854271357	0.0037640529039630237
7.236180904522613	0.002394072947731718
7.63819095477387	0.0011779643474708742
8.040201005025127	0.0013858164302195386
8.442211055276383	0.001823780067979966
8.84422110552764	0.0016519213072881702
9.246231155778895	0.0006950444210626612
9.648241206030152	0.0010191678970343618
10.050251256281408	0.0030024218884246007
10.452261306532664	0.004950676490744197
10.85427135678392	0.006907018540061248
11.256281407035177	0.008202992506535783
11.658291457286433	0.008901331902554791
12.06030150753769	0.008865117047602657
12.462311557788945	0.008079521979439595
12.864321608040202	0.007288018737549205
13.266331658291458	0.006573586437773787
13.668341708542714	0.006526667056707488
14.07035175879397	0.006851894577469872
14.472361809045227	0.007190872167249491
14.874371859296483	0.0074227792936693736
15.27638190954774	0.007513449307173396
15.678391959798995	0.008154638553662625
16.080402010050253	0.009581649091330571
16.48241206030151	0.011638350254307258
16.884422110552766	0.013928110406170563
17.286432160804022	0.01598263891710282
17.68844221105528	0.017936425752454015
18.090452261306535	0.019419591247138913
18.49246231155779	0.02044292048245938
18.894472361809047	0.021060609460461767
19.296482412060303	0.02160980588206079
19.69849246231156	0.02205182415977467
20.100502512562816	0.022316566214744874
20.502512562814072	0.02242948434374933
20.90452261306533	0.02253334217122
21.306532663316585	0.022991994932223325
21.70854271356784	0.02415854873318828
22.110552763819097	0.02581448579703789
22.512562814070353	0.027872323045530955
22.91457286432161	0.030220191698941423
23.316582914572866	0.0321293040238901
23.718592964824122	0.03362180260007199
24.12060301507538	0.03437299477770209
24.522613065326635	0.03465665440324297
24.92462311557789	0.03472034943232626
25.326633165829147	0.034586757902479
25.728643216080403	0.034408365185928685
26.13065326633166	0.03441976502278895
26.532663316582916	0.03453368831527668
26.934673366834172	0.03528274082378943
27.33668341708543	0.03718904336034844
27.738693467336685	0.04027892911473979
28.14070351758794	0.04399792230055442
28.542713567839197	0.048106845183810504
28.944723618090453	0.052199153455786886
29.34673366834171	0.055978639505465534
29.748743718592966	0.05880849625346836
30.150753768844222	0.06058656158211616
30.55276381909548	0.061272351870542884
30.954773869346734	0.06136744822968846
31.35678391959799	0.060622787944237165
31.758793969849247	0.05989290900905776
32.16080402010051	0.059522113318580185
32.56281407035176	0.059933746384236854
32.96482412060302	0.06098115977677815
33.366834170854275	0.062454888067638416
33.76884422110553	0.06412516686727526
34.17085427135679	0.0651860638445855
34.572864321608044	0.06550475538414934
34.9748743718593	0.06485545815883628
35.37688442211056	0.06338544419144562
35.77889447236181	0.06158927465113349
36.18090452261307	0.05985012296777932
36.582914572864325	0.05869647633945796
36.98492462311558	0.058615286643037966
37.38693467336684	0.059816376058909784
37.788944723618094	0.06170320310544556
38.19095477386935	0.06396060443440035
38.59296482412061	0.06570510878578645
38.99497487437186	0.06657378314245935
39.39698492462312	0.06613179360837618
39.798994974874375	0.06403904443300215
40.20100502512563	0.06074663658998451
40.60301507537689	0.05671460071885591
41.005025125628144	0.05253281052390653
41.4070351758794	0.049028421842479505
41.80904522613066	0.04679143093064591
42.21105527638191	0.045962506133119
42.61306532663317	0.046705740879317816
43.015075376884425	0.04865398785376086
43.41708542713568	0.05098793570751391
43.81909547738694	0.05337336323325592
44.221105527638194	0.05520091254701244
44.62311557788945	0.05619493622987115
45.02512562814071	0.056082305157183134
45.42713567839196	0.05470127627945611
45.82914572864322	0.052955205414630224
46.231155778894475	0.05111748639540732
46.63316582914573	0.04924359737433809
47.03517587939699	0.04807943137960129
47.437185929648244	0.047786954780678306
47.8391959798995	0.04831822836582403
48.24120603015076	0.04929530616874584
48.64321608040201	0.05070237870544679
49.04522613065327	0.05210860144610781
49.447236180904525	0.05316370079553203
49.84924623115578	0.053297444881787184
50.25125628140704	0.05306496217422122
50.653266331658294	0.05228649051846279
51.05527638190955	0.051466149147741905
51.45728643216081	0.05064362856988909
51.85929648241206	0.05027655272885577
52.26130653266332	0.05051376142913625
52.663316582914575	0.05101628475660157
53.06532663316583	0.051930516587115505
53.46733668341709	0.05291268226706811
53.869346733668344	0.05380481418117755
54.2713567839196	0.05454034667971149
54.67336683417086	0.054497122714161114
55.07537688442211	0.05428985286003783
55.47738693467337	0.05354457881045448
55.879396984924625	0.05262183465010857
56.28140703517588	0.05148487407002363
56.68341708542714	0.05067930899305752
57.085427135678394	0.05011548086271574
57.48743718592965	0.05018158406484825
57.88944723618091	0.05052418277121283
58.29145728643216	0.05118338646485078
58.69346733668342	0.05209457948548386
59.095477386934675	0.05296776170247296
59.49748743718593	0.05368835982457215
59.89949748743719	0.053916216874115575
60.301507537688444	0.05348636059607699
60.7035175879397	0.05282562016193183
61.10552763819096	0.05204491710650392
61.50753768844221	0.05151402628035552
61.90954773869347	0.05088994645847998
62.311557788944725	0.05053877717278147
62.71356783919598	0.050437265011725595
63.11557788944724	0.051104547119549294
63.517587939698494	0.05204751815157234
63.91959798994975	0.052998491192210194
64.32160804020101	0.05418112708504206
64.72361809045226	0.054879165055680225
65.12562814070353	0.055336575555832115
65.52763819095478	0.05512726534637733
65.92964824120604	0.054931246040873516
66.33165829145729	0.054291734413565364
66.73366834170855	0.05414578174342518
67.1356783919598	0.05404608196579195
67.53768844221106	0.05425122334559285
67.93969849246231	0.05467522697434827
68.34170854271358	0.05520112182411578
68.74371859296483	0.0557281417921043
69.14572864321609	0.0560964676290575
69.54773869346734	0.056246149048783244
69.9497487437186	0.056115863283991596
70.35175879396985	0.05563126469255826
70.75376884422111	0.05491259122687577
71.15577889447236	0.054357809661291945
71.55778894472363	0.05407132066497454
71.95979899497488	0.05423741961454219
72.36180904522614	0.05471856749796387
72.76381909547739	0.055277639788880686
73.16582914572865	0.05593571435471545
73.5678391959799	0.05658766220238699
73.96984924623116	0.0569691462689114
74.37185929648241	0.057113971154830266
74.77386934673368	0.056981846525814964
75.17587939698493	0.056226092989331414
75.57788944723619	0.05550869397193385
75.97989949748744	0.054640194961569855
76.3819095477387	0.05403651205075248
76.78391959798995	0.053841224064511126
77.18592964824121	0.05416778895232014
77.58793969849246	0.055057069489883245
77.98994974874373	0.05627740527833734
78.39195979899498	0.0575381861044975
78.79396984924624	0.05860163434227774
79.19597989949749	0.059186646959613745
79.59798994974875	0.05919619308418321
80.0	0.058485277554302516
