0.0	0.019292980817233213
0.4020100502512563	0.019287454323524897
0.8040201005025126	0.016354607363936624
1.206030150753769	0.010826671661814455
1.6080402010050252	0.003945505640126002
2.0100502512562817	0.003188795763461048
2.412060301507538	0.009025477756165141
2.814070351758794	0.012617406091965771
3.2160804020100504	0.013225382053029052
3.6180904522613067	0.010656612046515697
4.020100502512563	0.005521803038035713
4.42211055276382	0.002458036768479648
4.824120603015076	0.009559134346756589
5.226130653266332	0.016138382927829566
5.628140703517588	0.020734541786048867
6.030150753768845	0.02261119722741654
6.432160804020101	0.02146141340534304
6.834170854271357	0.017354255238101236
7.236180904522613	0.01143238499838542
7.63819095477387	0.004978783079556584
8.040201005025127	0.0025551201551113844
8.442211055276383	0.006208912792813859
8.84422110552764	0.007982676774592766
9.246231155778895	0.006614482535399263
9.648241206030152	0.0044525194780471325
10.050251256281408	0.008124065515758982
10.452261306532664	0.015858948191866337
10.85427135678392	0.023700509007015334
11.256281407035177	0.030303995848568667
11.658291457286433	0.0348791060900432
12.06030150753769	0.03634049826651289
12.462311557788945	0.034931177840810367
12.864321608040202	0.03141756343749641
13.266331658291458	0.027030335528937834
13.668341708542714	0.023183566230479312
14.07035175879397	0.021061162382983674
14.472361809045227	0.02047133770375607
14.874371859296483	0.021384680668428125
15.27638190954774	0.024023602751649584
15.678391959798995	0.028943797741835635
16.080402010050253	0.03582944533455261
16.48241206030151	0.04375997983486728
16.884422110552766	0.0512646451330749
17.286432160804022	0.05711423790818965
17.68844221105528	0.06032778989620493
18.090452261306535	0.06089142144277215
18.49246231155779	0.05912489091578856
18.894472361809047	0.05615917194501731
19.296482412060303	0.0529165755874431
19.69849246231156	0.05126429628061924
20.100502512562816	0.051592971538265954
20.502512562814072	0.053886524215494724
20.90452261306533	0.05829524456439659
21.306532663316585	0.06322137187388009
21.70854271356784	0.06859614652204087
22.110552763819097	0.07325393600050625
22.512562814070353	0.07596600263625063
22.91457286432161	0.07660092168061265
23.316582914572866	0.07513365281108664
23.718592964824122	0.07176906910705239
24.12060301507538	0.06739548097678374
24.522613065326635	0.06260448156410976
24.92462311557789	0.05822008566100205
25.326633165829147	0.05481332227298784
25.728643216080403	0.05291378279844537
26.13065326633166	0.05250451628955076
26.532663316582916	0.05303249449240218
26.934673366834172	0.054149569563764634
27.33668341708543	0.0555084676039563
27.738693467336685	0.05680799175224238
28.14070351758794	0.057790654136300953
28.542713567839197	0.0582154678431992
28.944723618090453	0.05780076292826793
29.34673366834171	0.05624111808984807
29.748743718592966	0.053129474904641906
30.150753768844222	0.04904335968544317
30.55276381909548	0.04435662317715135
30.954773869346734	0.039996938034999915
31.35678391959799	0.03687144054287036
31.758793969849247	0.035694570332817914
32.16080402010051	0.035826665656899445
32.56281407035176	0.03713842592066384
32.96482412060302	0.03932081088167788
33.366834170854275	0.04240084809872348
33.76884422110553	0.045777033373697776
34.17085427135679	0.049172775024432236
34.572864321608044	0.052079587175445044
34.9748743718593	0.05362533883602655
35.37688442211056	0.05386307063713094
35.77889447236181	0.052726057155137486
36.18090452261307	0.05057675137700288
36.582914572864325	0.047949482414786325
36.98492462311558	0.04600774720241048
37.38693467336684	0.045357149588961324
37.788944723618094	0.046029393330536614
38.19095477386935	0.04810844746880979
38.59296482412061	0.051490135131919954
38.99497487437186	0.05523810620974897
39.39698492462312	0.05942333772414492
39.798994974874375	0.0632759948769618
40.20100502512563	0.0662841227404802
40.60301507537689	0.06776005410928493
41.005025125628144	0.067236505815315
41.4070351758794	0.0647093276470645
41.80904522613066	0.06043354006517297
42.21105527638191	0.055188273062817095
42.61306532663317	0.050025580413033746
43.015075376884425	0.04643389541834902
43.41708542713568	0.04550345567069346
43.81909547738694	0.04727001976423306
44.221105527638194	0.05099246916723551
44.62311557788945	0.05568339001712576
45.02512562814071	0.060360717495800076
45.42713567839196	0.06401030646436853
45.82914572864322	0.06624120631605555
46.231155778894475	0.06624172349453832
46.63316582914573	0.06425578843082755
47.03517587939699	0.06045833334888887
47.437185929648244	0.05572423163084554
47.8391959798995	0.05011625866972867
48.24120603015076	0.04498485381260999
48.64321608040201	0.04103741172993722
49.04522613065327	0.039472794695313854
49.447236180904525	0.04001745963971835
49.84924623115578	0.04276698042806761
50.25125628140704	0.046480359190648704
50.653266331658294	0.050766443637483095
51.05527638190955	0.05441204001598206
51.45728643216081	0.05743509931288262
51.85929648241206	0.05894235050205413
52.26130653266332	0.05904057420939104
52.663316582914575	0.05716885142052538
53.06532663316583	0.05381716340947551
53.46733668341709	0.04937049161784731
53.869346733668344	0.04435154408350559
54.2713567839196	0.03970535625646361
54.67336683417086	0.03685379913064098
55.07537688442211	0.03651129932353053
55.47738693467337	0.03860439097923829
55.879396984924625	0.04233052053327793
56.28140703517588	0.046865007714279934
56.68341708542714	0.05114765791232909
57.085427135678394	0.054513534533288985
57.48743718592965	0.05678932382454975
57.88944723618091	0.05756448576648991
58.29145728643216	0.05685315747805743
58.69346733668342	0.05485014760579
59.095477386934675	0.05151727604069366
59.49748743718593	0.04752579345316492
59.89949748743719	0.04363751406869746
60.301507537688444	0.04068157219078462
60.7035175879397	0.03940298541106903
61.10552763819096	0.04022263657436863
61.50753768844221	0.04273584354828473
61.90954773869347	0.046324731021143706
62.311557788944725	0.04983208282062127
62.71356783919598	0.05290721594421054
63.11557788944724	0.05524041142337709
63.517587939698494	0.05654077885988593
63.91959798994975	0.057165139684173326
64.32160804020101	0.05668838050518678
64.72361809045226	0.055589054117649764
65.12562814070353	0.05368731698249164
65.52763819095478	0.05101590338472896
65.92964824120604	0.04831267475683691
66.33165829145729	0.04629433011361332
66.73366834170855	0.04553807030851987
67.1356783919598	0.04664890057470936
67.53768844221106	0.0493184441074271
67.93969849246231	0.05289163725806575
68.34170854271358	0.05626720583989155
68.74371859296483	0.05939585109926724
69.14572864321609	0.06172352155768107
69.54773869346734	0.06316464501439265
69.9497487437186	0.06345465594290733
70.35175879396985	0.06273270962977937
70.75376884422111	0.0605807724367826
71.15577889447236	0.05781441866112075
71.55778894472363	0.054308875895645856
71.95979899497488	0.05124338231627993
72.36180904522614	0.04947708544319867
72.76381909547739	0.04959194648903818
73.16582914572865	0.051379295837279494
73.5678391959799	0.05432652571734923
73.96984924623116	0.05749225895899418
74.37185929648241	0.06033524392422781
74.77386934673368	0.0625792478352952
75.17587939698493	0.06389679089656544
75.57788944723619	0.06400850678903201
75.97989949748744	0.06277721748821867
76.3819095477387	0.06046249670434386
76.78391959798995	0.05721674217435613
77.18592964824121	0.053556467428456364
77.58793969849246	0.050167214279756324
77.98994974874373	0.047535342599297176
78.39195979899498	0.046403255103198225
78.79396984924624	0.046925016467339674
79.19597989949749	0.04868201496779194
79.59798994974875	0.05115651761759878
80.0	0.053716408715458366
