0.0	0.018631779782467876
0.4020100502512563	0.017188406212944488
0.8040201005025126	0.012993647666331704
1.206030150753769	0.006870684416336344
1.6080402010050252	0.0017096661134320672
2.0100502512562817	0.007364877499088788
2.412060301507538	0.012114776198939182
2.814070351758794	0.01450911967434477
3.2160804020100504	0.013522180893284847
3.6180904522613067	0.009713859511368198
4.020100502512563	0.003919681296848407
4.42211055276382	0.003926702022657035
4.824120603015076	0.010827852572804044
5.226130653266332	0.016390251292620676
5.628140703517588	0.01951573244839582
6.030150753768845	0.019702235045572856
6.432160804020101	0.016835358985191874
6.834170854271357	0.011831264327075453
7.236180904522613	0.006282924047167645
7.63819095477387	0.0055202975131385685
8.040201005025127	0.00972685707463214
8.442211055276383	0.012644887346212521
8.84422110552764	0.012867363349889855
9.246231155778895	0.010316521536078534
9.648241206030152	0.0064921438453741254
10.050251256281408	0.006897698036820417
10.452261306532664	0.012522775964061771
10.85427135678392	0.018239351173052087
11.256281407035177	0.022229717697019123
11.658291457286433	0.023413224965529868
12.06030150753769	0.022019314205216682
12.462311557788945	0.018648501719120837
12.864321608040202	0.014616181093855898
13.266331658291458	0.013294611450916444
13.668341708542714	0.015890023856130565
14.07035175879397	0.019482544003664743
14.472361809045227	0.021557021449888532
14.874371859296483	0.021118251550504615
15.27638190954774	0.018179929265565387
15.678391959798995	0.014854536101840118
16.080402010050253	0.01505491696914405
16.48241206030151	0.020052666268133304
16.884422110552766	0.026285219749382506
17.286432160804022	0.031120689979872183
17.68844221105528	0.03321969137758089
18.090452261306535	0.03266838288756575
18.49246231155779	0.030854231238569913
18.894472361809047	0.02972668328388896
19.296482412060303	0.03109630657427893
19.69849246231156	0.034875066999325244
20.100502512562816	0.03931283341017707
20.502512562814072	0.04216866168867862
20.90452261306533	0.043435470044329946
21.306532663316585	0.04348434770855934
21.70854271356784	0.043658520905044226
22.110552763819097	0.045316136074748485
22.512562814070353	0.04894928143490251
22.91457286432161	0.05304659747073072
23.316582914572866	0.05639426717151384
23.718592964824122	0.05884823888349877
24.12060301507538	0.060379497984908416
24.522613065326635	0.06192579473836875
24.92462311557789	0.06439664800234564
25.326633165829147	0.06772230984055456
25.728643216080403	0.07158676160645527
26.13065326633166	0.07483400408792648
26.532663316582916	0.07642256268985215
26.934673366834172	0.07657816188474786
27.33668341708543	0.07434879624743389
27.738693467336685	0.07044984726629482
28.14070351758794	0.06588505338451246
28.542713567839197	0.062041005122362235
28.944723618090453	0.059583873823134945
29.34673366834171	0.05908758258105874
29.748743718592966	0.05990752087796588
30.150753768844222	0.06233594076518102
30.55276381909548	0.06569446804574156
30.954773869346734	0.07012641390135073
31.35678391959799	0.0744584788786309
31.758793969849247	0.07709653276414136
32.16080402010051	0.07715827576652505
32.56281407035176	0.0740026354659564
32.96482412060302	0.06757816001020431
33.366834170854275	0.05922806075800421
33.76884422110553	0.04982170195350299
34.17085427135679	0.04168062452106407
34.572864321608044	0.03565380771592166
34.9748743718593	0.032552943520159444
35.37688442211056	0.031455228364732184
35.77889447236181	0.03215721812589636
36.18090452261307	0.03443337694175899
36.582914572864325	0.03811614294073789
36.98492462311558	0.04269513120048815
37.38693467336684	0.047114524587950055
37.788944723618094	0.050068182139147224
38.19095477386935	0.0509426982219363
38.59296482412061	0.04938627306692979
38.99497487437186	0.04563331125171354
39.39698492462312	0.04032231026161738
39.798994974874375	0.034255075074752894
40.20100502512563	0.028954020271417986
40.60301507537689	0.025108921873337027
41.005025125628144	0.023396028566240866
41.4070351758794	0.02388204746513815
41.80904522613066	0.026457380284890676
42.21105527638191	0.030974876345961595
42.61306532663317	0.03673961341340544
43.015075376884425	0.04288311177591475
43.41708542713568	0.04861122520820259
43.81909547738694	0.05253817527533562
44.221105527638194	0.05411190302091594
44.62311557788945	0.05247291203261152
45.02512562814071	0.04815557813467809
45.42713567839196	0.04132671715956543
45.82914572864322	0.03380580168243696
46.231155778894475	0.026644571887750122
46.63316582914573	0.02151680595433389
47.03517587939699	0.019614438884706736
47.437185929648244	0.021527818117570676
47.8391959798995	0.026755727257979867
48.24120603015076	0.034602928950660035
48.64321608040201	0.04327413070566165
49.04522613065327	0.05134021517000659
49.447236180904525	0.05729512230430485
49.84924623115578	0.05976461987429552
50.25125628140704	0.058447474699423276
50.653266331658294	0.05377308964093561
51.05527638190955	0.04640465809861071
51.45728643216081	0.038083831916691395
51.85929648241206	0.03069563866548409
52.26130653266332	0.025640819414762393
52.663316582914575	0.023917401940357047
53.06532663316583	0.025370532286258594
53.46733668341709	0.02930323378187556
53.869346733668344	0.035141338550532246
54.2713567839196	0.0419876477372587
54.67336683417086	0.04826622473385457
55.07537688442211	0.05294826270289009
55.47738693467337	0.05530321192932983
55.879396984924625	0.05469624759265944
56.28140703517588	0.05175650140647895
56.68341708542714	0.04700720604977361
57.085427135678394	0.041285137156544006
57.48743718592965	0.03614588846055783
57.88944723618091	0.03291852137512124
58.29145728643216	0.03152890766372213
58.69346733668342	0.03169930842927923
59.095477386934675	0.03297694879262767
59.49748743718593	0.03519416536915066
59.89949748743719	0.038131617600065
60.301507537688444	0.04163248282638273
60.7035175879397	0.04493861892650117
61.10552763819096	0.0475067397135497
61.50753768844221	0.04907974956556502
61.90954773869347	0.04931105993196398
62.311557788944725	0.048300704559369585
62.71356783919598	0.04661534070829708
63.11557788944724	0.04449708534910464
63.517587939698494	0.04260617882961901
63.91959798994975	0.041305633258044934
64.32160804020101	0.040280811533498474
64.72361809045226	0.039773547832411604
65.12562814070353	0.03938422321199125
65.52763819095478	0.03944443653943176
65.92964824120604	0.04043405431670946
66.33165829145729	0.042128239796681156
66.73366834170855	0.04489769090225893
67.1356783919598	0.048225761914159906
67.53768844221106	0.05109692098591299
67.93969849246231	0.05319933040133477
68.34170854271358	0.053778305449251496
68.74371859296483	0.052686528196393946
69.14572864321609	0.050747751400036914
69.54773869346734	0.048602043604472775
69.9497487437186	0.04700205053012138
70.35175879396985	0.04628197075179669
70.75376884422111	0.04592416200079878
71.15577889447236	0.04561671129460619
71.55778894472363	0.04561837173347123
71.95979899497488	0.04608599035251314
72.36180904522614	0.04742235967916161
72.76381909547739	0.05013851458628129
73.16582914572865	0.05312645397549034
73.5678391959799	0.055537782892945885
73.96984924623116	0.05652705912019216
74.37185929648241	0.055979826644935185
74.77386934673368	0.05422428871449765
75.17587939698493	0.05246369901847311
75.57788944723619	0.051207266860659725
75.97989949748744	0.05087187704659478
76.3819095477387	0.05121561798776223
76.78391959798995	0.051329502516405466
77.18592964824121	0.0507677465903878
77.58793969849246	0.0494411772389225
77.98994974874373	0.04801932296899712
78.39195979899498	0.04710689381973769
78.79396984924624	0.04706907311047885
79.19597989949749	0.048069046180115836
79.59798994974875	0.049139706607394015
80.0	0.04990297984696535
