0.0	0.03488638350141141
0.4020100502512563	0.03132974827513841
0.8040201005025126	0.023143980192872952
1.206030150753769	0.012243713791870997
1.6080402010050252	0.007138176983229402
2.0100502512562817	0.016322953566905513
2.412060301507538	0.024185260797097225
2.814070351758794	0.027803189661453488
3.2160804020100504	0.02571180897280348
3.6180904522613067	0.017963595367125614
4.020100502512563	0.006871978501698765
4.42211055276382	0.00745713312338026
4.824120603015076	0.020460076043820077
5.226130653266332	0.030761897296041292
5.628140703517588	0.036475287261335
6.030150753768845	0.03707609904351776
6.432160804020101	0.03254544787492931
6.834170854271357	0.024484572943695625
7.236180904522613	0.016449966266409995
7.63819095477387	0.014429578799304338
8.040201005025127	0.01890016066945608
8.442211055276383	0.022375175908820634
8.84422110552764	0.021470699323309667
9.246231155778895	0.01573295349293804
9.648241206030152	0.008888780382873716
10.050251256281408	0.015663020659240585
10.452261306532664	0.02972384930732184
10.85427135678392	0.043205155496889525
11.256281407035177	0.053827126639569754
11.658291457286433	0.06042737890363059
12.06030150753769	0.06228620114176042
12.462311557788945	0.05999549034186099
12.864321608040202	0.05499082082364818
13.266331658291458	0.048798268535124076
13.668341708542714	0.04199075252286135
14.07035175879397	0.03501914813483252
14.472361809045227	0.028133923399216488
14.874371859296483	0.021741153088452533
15.27638190954774	0.01600706863939657
15.678391959798995	0.01263788961185722
16.080402010050253	0.014481741103621517
16.48241206030151	0.022209570026163493
16.884422110552766	0.03363742366027818
17.286432160804022	0.049788581080881786
17.68844221105528	0.06806367887477921
18.090452261306535	0.08734638123828821
18.49246231155779	0.1039452613295206
18.894472361809047	0.11613761717002029
19.296482412060303	0.12101421130659025
19.69849246231156	0.11704769137173054
20.100502512562816	0.1041885157012157
20.502512562814072	0.084523557847186
20.90452261306533	0.06171343371397524
21.306532663316585	0.03993805924782022
21.70854271356784	0.02455861321706169
22.110552763819097	0.01835562826137772
22.512562814070353	0.015764860947535448
22.91457286432161	0.01430826986874718
23.316582914572866	0.02121475667067459
23.718592964824122	0.03586671931313393
24.12060301507538	0.05127624739843343
24.522613065326635	0.06303956811890543
24.92462311557789	0.06797432791858907
25.326633165829147	0.06457585283564025
25.728643216080403	0.053180045268330575
26.13065326633166	0.03560313148912041
26.532663316582916	0.02047038348846384
26.934673366834172	0.027759633063036644
27.33668341708543	0.04608276778925629
27.738693467336685	0.06126700882169036
28.14070351758794	0.06955102237240915
28.542713567839197	0.07020823146830837
28.944723618090453	0.06358575257469551
29.34673366834171	0.051298638304740865
29.748743718592966	0.03586553405307972
30.150753768844222	0.01969420144071527
30.55276381909548	0.006397371430355761
30.954773869346734	0.0013603538258497609
31.35678391959799	0.0021198792563026612
31.758793969849247	0.01180290839757496
32.16080402010051	0.03042575615252795
32.56281407035176	0.05412325660860391
32.96482412060302	0.07761562870519166
33.366834170854275	0.09742932629566861
33.76884422110553	0.10897104283045358
34.17085427135679	0.11101780478526649
34.572864321608044	0.10299078741637906
34.9748743718593	0.08727679643262679
35.37688442211056	0.06773898728642236
35.77889447236181	0.04865537444388477
36.18090452261307	0.03363994121284594
36.582914572864325	0.02449527119933509
36.98492462311558	0.019386092456465602
37.38693467336684	0.014707747137539254
37.788944723618094	0.01013569178127711
38.19095477386935	0.01330162753708811
38.59296482412061	0.022542406446697517
38.99497487437186	0.031597426589583935
39.39698492462312	0.0372151419611927
39.798994974874375	0.0382455472846149
40.20100502512563	0.033708052880179626
40.60301507537689	0.025042608998796945
41.005025125628144	0.017751788855469748
41.4070351758794	0.02324611222624377
41.80904522613066	0.03801150858525278
42.21105527638191	0.05254517606272915
42.61306532663317	0.06272876274585366
43.015075376884425	0.06683048149516914
43.41708542713568	0.06446799244956956
43.81909547738694	0.05713937223737468
44.221105527638194	0.0468362486588265
44.62311557788945	0.035789872600443244
45.02512562814071	0.026475270438947495
45.42713567839196	0.020498077968318283
45.82914572864322	0.01812007783108271
46.231155778894475	0.020073129693318776
46.63316582914573	0.0260318335375835
47.03517587939699	0.035040847655795626
47.437185929648244	0.04512501173223261
47.8391959798995	0.05468054753302054
48.24120603015076	0.06179896446603393
48.64321608040201	0.0649950839535115
49.04522613065327	0.06343738514333322
49.447236180904525	0.05671088938876501
49.84924623115578	0.04631880487850086
50.25125628140704	0.03306133537970857
50.653266331658294	0.02102415662113786
51.05527638190955	0.015696411078590215
51.45728643216081	0.01954911995403009
51.85929648241206	0.024510973676948305
52.26130653266332	0.026804861807919123
52.663316582914575	0.026056749440120673
53.06532663316583	0.024077089083934265
53.46733668341709	0.02198088561041772
53.869346733668344	0.02102569278317276
54.2713567839196	0.0196743164197291
54.67336683417086	0.01647892787856498
55.07537688442211	0.011358058758194317
55.47738693467337	0.011507905723539298
55.879396984924625	0.022457141521906917
56.28140703517588	0.036830092942137176
56.68341708542714	0.05090389319119567
57.085427135678394	0.06211755761860095
57.48743718592965	0.06864792210857738
57.88944723618091	0.06994398878594092
58.29145728643216	0.0657645331684567
58.69346733668342	0.057270827747479845
59.095477386934675	0.04659309333537124
59.49748743718593	0.034988107811753
59.89949748743719	0.024564229106230788
60.301507537688444	0.016793088186324294
60.7035175879397	0.013319503328831703
61.10552763819096	0.014095251576429619
61.50753768844221	0.01873736249784941
61.90954773869347	0.026263686608208964
62.311557788944725	0.0348851046185556
62.71356783919598	0.041609443647783156
63.11557788944724	0.04473021318393604
63.517587939698494	0.042915662289846765
63.91959798994975	0.035962066731180714
64.32160804020101	0.02460230678125711
64.72361809045226	0.01190020513126961
65.12562814070353	0.012488060229762638
65.52763819095478	0.02568311151672596
65.92964824120604	0.03724619103860355
66.33165829145729	0.044579167645234855
66.73366834170855	0.04634608015172015
67.1356783919598	0.04297966870506842
67.53768844221106	0.035839039333222064
67.93969849246231	0.02664317851092905
68.34170854271358	0.01790703902298784
68.74371859296483	0.012640197879585207
69.14572864321609	0.01221872609291169
69.54773869346734	0.015833555902188035
69.9497487437186	0.02318661016091539
70.35175879396985	0.033331279920635844
70.75376884422111	0.04474954921410751
71.15577889447236	0.054992260857179585
71.55778894472363	0.061760706966933164
71.95979899497488	0.06355618021815071
72.36180904522614	0.059889165491110286
72.76381909547739	0.05134933084614422
73.16582914572865	0.039286224853775226
73.5678391959799	0.026156001440107192
73.96984924623116	0.015314293972231016
74.37185929648241	0.013356756447000065
74.77386934673368	0.018409050468791592
75.17587939698493	0.02196373678466128
75.57788944723619	0.022379116100129555
75.97989949748744	0.01948913762031091
76.3819095477387	0.014483738558784287
76.78391959798995	0.008668896023637173
77.18592964824121	0.0038498399522087488
77.58793969849246	0.002228613629681775
77.98994974874373	0.003151050975725625
78.39195979899498	0.006572473761407463
78.79396984924624	0.013805230647976457
79.19597989949749	0.02368232579488476
79.59798994974875	0.0350214523408139
80.0	0.046075478127248694
