0.0	0.020298933271130828
0.4020100502512563	0.019325234603479863
0.8040201005025126	0.015259094983228843
1.206030150753769	0.008877843580032274
1.6080402010050252	0.0014071164134571565
2.0100502512562817	0.006570699664695463
2.412060301507538	0.012297176062815461
2.814070351758794	0.015462785710923979
3.2160804020100504	0.015225315983991333
3.6180904522613067	0.011523441590097919
4.020100502512563	0.0051865365719882955
4.42211055276382	0.0026574484565058446
4.824120603015076	0.01082496494048749
5.226130653266332	0.017852034199196405
5.628140703517588	0.02228151263232327
6.030150753768845	0.023664872985168325
6.432160804020101	0.022062646040235185
6.834170854271357	0.017361136838917945
7.236180904522613	0.010581832435510002
7.63819095477387	0.003644764612663929
8.040201005025127	0.0031573525872432367
8.442211055276383	0.007521719623243393
8.84422110552764	0.009050953912361522
9.246231155778895	0.007512930885061471
9.648241206030152	0.004124093684502367
10.050251256281408	0.006461332206716308
10.452261306532664	0.013622837074480938
10.85427135678392	0.021129154280888695
11.256281407035177	0.02713957866195455
11.658291457286433	0.030796937776632165
12.06030150753769	0.03145816834004534
12.462311557788945	0.02985430333141999
12.864321608040202	0.02678949830200288
13.266331658291458	0.0221040560495192
13.668341708542714	0.014810915764906405
14.07035175879397	0.005123828868342354
14.472361809045227	0.0066493569169934885
14.874371859296483	0.01776903596242879
15.27638190954774	0.02543822692776281
15.678391959798995	0.02912071869491864
16.080402010050253	0.02906934411113358
16.48241206030151	0.029893240581155178
16.884422110552766	0.03762239320394498
17.286432160804022	0.05087906975374904
17.68844221105528	0.06471198967685755
18.090452261306535	0.07362030536805006
18.49246231155779	0.07497465806952051
18.894472361809047	0.06750374872110937
19.296482412060303	0.052703429556036116
19.69849246231156	0.03408499664563798
20.100502512562816	0.017729281309821487
20.502512562814072	0.01636385472729813
20.90452261306533	0.02317136330754547
21.306532663316585	0.02550928237955809
21.70854271356784	0.023894627100454275
22.110552763819097	0.027446385598215488
22.512562814070353	0.04277067618148149
22.91457286432161	0.06355423569696536
23.316582914572866	0.08188088474176333
23.718592964824122	0.09247977914045416
24.12060301507538	0.09256460361434307
24.522613065326635	0.08235127396859387
24.92462311557789	0.06454228029373087
25.326633165829147	0.045544073807979986
25.728643216080403	0.032790531436526646
26.13065326633166	0.0320923286216649
26.532663316582916	0.03538136141453267
26.934673366834172	0.03616537106627467
27.33668341708543	0.03518174617492519
27.738693467336685	0.03837324346989761
28.14070351758794	0.05011219701197739
28.542713567839197	0.06641738707479741
28.944723618090453	0.08010878213138488
29.34673366834171	0.08829090709992793
29.748743718592966	0.08835528104702665
30.150753768844222	0.08103151525431948
30.55276381909548	0.06697588189242273
30.954773869346734	0.0498306205052725
31.35678391959799	0.034593636843488096
31.758793969849247	0.028112477847416946
32.16080402010051	0.030833212993389418
32.56281407035176	0.0337539564901594
32.96482412060302	0.033047751538294444
33.366834170854275	0.03036957552404553
33.76884422110553	0.03183274899677595
34.17085427135679	0.04036526243805022
34.572864321608044	0.05194889920101631
34.9748743718593	0.06109392578807431
35.37688442211056	0.06486397964685356
35.77889447236181	0.061484151734874926
36.18090452261307	0.05077547725915543
36.582914572864325	0.035085567414956026
36.98492462311558	0.02132950894754509
37.38693467336684	0.024696133697570948
37.788944723618094	0.038194973693660594
38.19095477386935	0.04966001144752689
38.59296482412061	0.05570029463210373
38.99497487437186	0.054999746112873525
39.39698492462312	0.04892931353923255
39.798994974874375	0.0397413721736594
40.20100502512563	0.03073331492834448
40.60301507537689	0.02738395926521784
41.005025125628144	0.03034094042689838
41.4070351758794	0.03384141008320119
41.80904522613066	0.03295688868729554
42.21105527638191	0.026402790144230394
42.61306532663317	0.01860671005597833
43.015075376884425	0.023744929120078535
43.41708542713568	0.041446427727703586
43.81909547738694	0.05969971671282043
44.221105527638194	0.07345459679044099
44.62311557788945	0.07929300815897981
45.02512562814071	0.07641426645070118
45.42713567839196	0.06518582711998297
45.82914572864322	0.048199518037258
46.231155778894475	0.028686172403772203
46.63316582914573	0.011161108153825348
47.03517587939699	0.005421577533017524
47.437185929648244	0.009190246726358386
47.8391959798995	0.006853404516688923
48.24120603015076	0.010409061353429658
48.64321608040201	0.026830206996503868
49.04522613065327	0.046928945843725534
49.447236180904525	0.06540072202300354
49.84924623115578	0.07881464367892582
50.25125628140704	0.08444605672076069
50.653266331658294	0.08145882517560234
51.05527638190955	0.07046883385267971
51.45728643216081	0.05310896079088491
51.85929648241206	0.033259988077532276
52.26130653266332	0.014819791535727656
52.663316582914575	0.007089882840253097
53.06532663316583	0.013377455467643119
53.46733668341709	0.01457945377592534
53.869346733668344	0.009419270765950357
54.2713567839196	0.010879392936899029
54.67336683417086	0.025898555042406308
55.07537688442211	0.042635246389550435
55.47738693467337	0.05704062191021545
55.879396984924625	0.0661024040060072
56.28140703517588	0.06801184201050539
56.68341708542714	0.0628395847554287
57.085427135678394	0.05238333602335641
57.48743718592965	0.040494958950138174
57.88944723618091	0.03408984503145931
58.29145728643216	0.0368232749832186
58.69346733668342	0.043339329197390086
59.095477386934675	0.04675308730930609
59.49748743718593	0.045053036834739976
59.89949748743719	0.0388695330412117
60.301507537688444	0.03204377165785828
60.7035175879397	0.030990950868749912
61.10552763819096	0.03604639165107116
61.50753768844221	0.042168062916107286
61.90954773869347	0.044510744088617396
62.311557788944725	0.042093534753817656
62.71356783919598	0.035564400307206964
63.11557788944724	0.02993221426191443
63.517587939698494	0.03316482622596031
63.91959798994975	0.04463147646815311
64.32160804020101	0.056840038355751854
64.72361809045226	0.06515599271299852
65.12562814070353	0.06734893844747461
65.52763819095478	0.06235813529297899
65.92964824120604	0.05179892276716066
66.33165829145729	0.037667811726080434
66.73366834170855	0.02365214026262194
67.1356783919598	0.015595631931930235
67.53768844221106	0.01658956864673922
67.93969849246231	0.018730675544361627
68.34170854271358	0.018663237892423745
68.74371859296483	0.01975644733445069
69.14572864321609	0.02853470611938107
69.54773869346734	0.04247531924112728
69.9497487437186	0.056542366207310145
70.35175879396985	0.06723958573336604
70.75376884422111	0.07236805569007776
71.15577889447236	0.07088258564976199
71.55778894472363	0.062362813667238434
71.95979899497488	0.048552185871914746
72.36180904522614	0.03173660164758984
72.76381909547739	0.015541256762441507
73.16582914572865	0.006009175394777035
73.5678391959799	0.010274604756812534
73.96984924623116	0.012016898707751026
74.37185929648241	0.010138437452493316
74.77386934673368	0.014602486430619788
75.17587939698493	0.027437929769124996
75.57788944723619	0.04216781107913894
75.97989949748744	0.054822929216739
76.3819095477387	0.0625735825633726
76.78391959798995	0.06451297366516903
77.18592964824121	0.060279747208340284
77.58793969849246	0.05144433943787121
77.98994974874373	0.04176205316849406
78.39195979899498	0.03650420727925246
78.79396984924624	0.03879387613624884
79.19597989949749	0.04449157029634544
79.59798994974875	0.048170260200860376
80.0	0.04775035799359164
