0.0	0.015655546918222116
0.4020100502512563	0.012615100493374271
0.8040201005025126	0.00734032669195665
1.206030150753769	0.001398945165582468
1.6080402010050252	0.005177373195427697
2.0100502512562817	0.010500459487043869
2.412060301507538	0.013493850760133158
2.814070351758794	0.013934082342133064
3.2160804020100504	0.011934418904704692
3.6180904522613067	0.007438554398370023
4.020100502512563	0.0014907965651034742
4.42211055276382	0.004547093852385857
4.824120603015076	0.009869931014666324
5.226130653266332	0.01350358432765634
5.628140703517588	0.014393461134298088
6.030150753768845	0.01266394409192161
6.432160804020101	0.00869460161891094
6.834170854271357	0.00332877238164011
7.236180904522613	0.003964274493755452
7.63819095477387	0.009492004574085389
8.040201005025127	0.013620305993667033
8.442211055276383	0.015515059023454241
8.84422110552764	0.014582625853821507
9.246231155778895	0.011319887342435612
9.648241206030152	0.006251802828985892
10.050251256281408	0.0030392791639183648
10.452261306532664	0.007723493199607372
10.85427135678392	0.012704377235705392
11.256281407035177	0.015916183291631667
11.658291457286433	0.016731029920433734
12.06030150753769	0.015355926373433281
12.462311557788945	0.012469846302213327
12.864321608040202	0.009961694402691606
13.266331658291458	0.010164422229019952
13.668341708542714	0.011930848225270279
14.07035175879397	0.014168979526560085
14.472361809045227	0.016198654679384455
14.874371859296483	0.018429898986415345
15.27638190954774	0.022656997615279673
15.678391959798995	0.02793339956725312
16.080402010050253	0.03212861704229013
16.48241206030151	0.03342538657518796
16.884422110552766	0.02836212357279296
17.286432160804022	0.016902160737743248
17.68844221105528	0.0028991585189759904
18.090452261306535	0.018705021273481795
18.49246231155779	0.03370620409505835
18.894472361809047	0.039993780410767246
19.296482412060303	0.036879370656860325
19.69849246231156	0.025041447223834785
20.100502512562816	0.016201904304283397
20.502512562814072	0.0307471329720092
20.90452261306533	0.04941576848555918
21.306532663316585	0.06214917613156189
21.70854271356784	0.06557809754785221
22.110552763819097	0.05865883256835351
22.512562814070353	0.0427754745778465
22.91457286432161	0.021075772481423942
23.316582914572866	0.007578035262851128
23.718592964824122	0.028310614493010727
24.12060301507538	0.0449035218158286
24.522613065326635	0.05334331987130807
24.92462311557789	0.05132173725085946
25.326633165829147	0.0410224426834117
25.728643216080403	0.028577165155904173
26.13065326633166	0.029266110370146998
26.532663316582916	0.043710309742397015
26.934673366834172	0.05753468531130278
27.33668341708543	0.06384362514841276
27.738693467336685	0.061346692795432055
28.14070351758794	0.048973892752792
28.542713567839197	0.03037913610282056
28.944723618090453	0.017791654612551284
29.34673366834171	0.0303069332464317
29.748743718592966	0.046730070614051926
30.150753768844222	0.056217907551425084
30.55276381909548	0.05678617243118217
30.954773869346734	0.05003854951920008
31.35678391959799	0.04295639216348152
31.758793969849247	0.04517442246874113
32.16080402010051	0.05678575505011927
32.56281407035176	0.0694001149571553
32.96482412060302	0.07782847328877843
33.366834170854275	0.07968880086125502
33.76884422110553	0.07418035228493275
34.17085427135679	0.06201777834689624
34.572864321608044	0.04594923069379228
34.9748743718593	0.03106920608870927
35.37688442211056	0.027114041894037356
35.77889447236181	0.034463545898001505
36.18090452261307	0.041630873316887675
36.582914572864325	0.0462903022198393
36.98492462311558	0.04973229134958932
37.38693467336684	0.055816257688839764
37.788944723618094	0.06527345654853106
38.19095477386935	0.07623419974084596
38.59296482412061	0.08499072966059641
38.99497487437186	0.08977408833288165
39.39698492462312	0.08878922691664604
39.798994974874375	0.08175593380740044
40.20100502512563	0.06948666496712111
40.60301507537689	0.05417531744719621
41.005025125628144	0.040270254916380054
41.4070351758794	0.03423132025249635
41.80904522613066	0.037497328605894255
42.21105527638191	0.04382359327698331
42.61306532663317	0.04713171939343517
43.015075376884425	0.04764538006787595
43.41708542713568	0.04741935994842631
43.81909547738694	0.05032627357936396
44.221105527638194	0.05801025021249641
44.62311557788945	0.06806943735837401
45.02512562814071	0.07633717206425908
45.42713567839196	0.07948550341102541
45.82914572864322	0.07512625187570157
46.231155778894475	0.06378372937567509
46.63316582914573	0.047778149303185316
47.03517587939699	0.030075175709284818
47.437185929648244	0.018480132008939575
47.8391959798995	0.01984542860729039
48.24120603015076	0.024919208055889697
48.64321608040201	0.024930208870318233
49.04522613065327	0.020361721211333797
49.447236180904525	0.019625592899077456
49.84924623115578	0.031953788208205505
50.25125628140704	0.048821618623773884
50.653266331658294	0.06339503787953492
51.05527638190955	0.07186159208805483
51.45728643216081	0.07207249193273728
51.85929648241206	0.06349202681817265
52.26130653266332	0.04865419329127031
52.663316582914575	0.030057076225741036
53.06532663316583	0.011398551479192788
53.46733668341709	0.006144065297685821
53.869346733668344	0.014315958697927062
54.2713567839196	0.014986760168184643
54.67336683417086	0.007295710519897053
55.07537688442211	0.0076241314239549746
55.47738693467337	0.02644463095154262
55.879396984924625	0.045588482080616645
56.28140703517588	0.06145252786931913
56.68341708542714	0.07090159959594484
57.085427135678394	0.0724955983054417
57.48743718592965	0.06688061934680492
57.88944723618091	0.056087051339308525
58.29145728643216	0.04310550660142451
58.69346733668342	0.03176430153562586
59.095477386934675	0.02586701229677708
59.49748743718593	0.024892026335456327
59.89949748743719	0.024215106118300262
60.301507537688444	0.023058869425671567
60.7035175879397	0.025082909565655055
61.10552763819096	0.03332742423362511
61.50753768844221	0.04593094794710935
61.90954773869347	0.058609394103758816
62.311557788944725	0.06826774133338127
62.71356783919598	0.07302261552745148
63.11557788944724	0.07242470234119648
63.517587939698494	0.0666150689285219
63.91959798994975	0.057183834517367624
64.32160804020101	0.0466030880471417
64.72361809045226	0.03819851593237811
65.12562814070353	0.0346276000408758
65.52763819095478	0.03562407489292924
65.92964824120604	0.038147722660515616
66.33165829145729	0.03966133397696133
66.73366834170855	0.040738144954081075
67.1356783919598	0.04360267234980118
67.53768844221106	0.04869946132946546
67.93969849246231	0.05440419114124655
68.34170854271358	0.05831220120184596
68.74371859296483	0.05843720254895425
69.14572864321609	0.05402186689412736
69.54773869346734	0.0459353612202845
69.9497487437186	0.03621297696808229
70.35175879396985	0.029747644740212947
70.75376884422111	0.03108140452316637
71.15577889447236	0.03785235335015643
71.55778894472363	0.04442527571063708
71.95979899497488	0.04770938108693197
72.36180904522614	0.047179701854214176
72.76381909547739	0.04356247547877133
73.16582914572865	0.039138178538612275
73.5678391959799	0.035658622487670384
73.96984924623116	0.033635745535603785
74.37185929648241	0.031851997206525276
74.77386934673368	0.028376923991064434
75.17587939698493	0.023090411908768538
75.57788944723619	0.018907902053497908
75.97989949748744	0.022901194335584688
76.3819095477387	0.034411956040906064
76.78391959798995	0.04686727050368924
77.18592964824121	0.05653913575946129
77.58793969849246	0.061630973679765014
77.98994974874373	0.06094325953254787
78.39195979899498	0.05482040474489973
78.79396984924624	0.04506750312453321
79.19597989949749	0.033353792064232404
79.59798994974875	0.022047122638615094
80.0	0.013050535559461124
