0.0	0.02367444709263633
0.4020100502512563	0.02321058482088855
0.8040201005025126	0.019034527127524698
1.206030150753769	0.01182987310743824
1.6080402010050252	0.0037367290557110155
2.0100502512562817	0.006440563376630596
2.412060301507538	0.013384309409696302
2.814070351758794	0.017178403145876604
3.2160804020100504	0.017365341626854536
3.6180904522613067	0.013662560481479236
4.020100502512563	0.006327045349972635
4.42211055276382	0.003046962877409765
4.824120603015076	0.012632965412721343
5.226130653266332	0.02127995791675846
5.628140703517588	0.027209027483243046
6.030150753768845	0.02939678270141783
6.432160804020101	0.027873931163590326
6.834170854271357	0.022941244469584624
7.236180904522613	0.015816710692546084
7.63819095477387	0.00818601017566853
8.040201005025127	0.0047357124972576495
8.442211055276383	0.007263569249385647
8.84422110552764	0.00815397593843402
9.246231155778895	0.005774632529106189
9.648241206030152	0.004338471249140925
10.050251256281408	0.01245395936354942
10.452261306532664	0.02332096514438902
10.85427135678392	0.034068247237329145
11.256281407035177	0.043454597620713395
11.658291457286433	0.049743647405995524
12.06030150753769	0.05274230905557309
12.462311557788945	0.05208518471824428
12.864321608040202	0.048597108010809416
13.266331658291458	0.04367745495286088
13.668341708542714	0.03839235667381366
14.07035175879397	0.0337606796134816
14.472361809045227	0.030325241663007412
14.874371859296483	0.02909099739955563
15.27638190954774	0.029198173357555313
15.678391959798995	0.030250142717066126
16.080402010050253	0.03229112919329511
16.48241206030151	0.034174581975799416
16.884422110552766	0.035775835853646375
17.286432160804022	0.036971030354830924
17.68844221105528	0.0384780492085008
18.090452261306535	0.04092743458282017
18.49246231155779	0.045413865298940946
18.894472361809047	0.05333710469380658
19.296482412060303	0.06349277825872707
19.69849246231156	0.07476459707891249
20.100502512562816	0.08520692873788052
20.502512562814072	0.09364036337079898
20.90452261306533	0.09776806488718193
21.306532663316585	0.0969217956955061
21.70854271356784	0.09055662648798331
22.110552763819097	0.07987906935917899
22.512562814070353	0.06568437091149733
22.91457286432161	0.05109064899403089
23.316582914572866	0.03923243828239495
23.718592964824122	0.03218832525636615
24.12060301507538	0.030543065293356153
24.522613065326635	0.03413254923509852
24.92462311557789	0.04180234520186511
25.326633165829147	0.05202027592516777
25.728643216080403	0.06188079971116869
26.13065326633166	0.06975372096080479
26.532663316582916	0.07393575254164272
26.934673366834172	0.07294807965208322
27.33668341708543	0.0661749210385465
27.738693467336685	0.05410183760300138
28.14070351758794	0.03954428760977607
28.542713567839197	0.024491444936948558
28.944723618090453	0.010691413909725264
29.34673366834171	0.0036107201090656072
29.748743718592966	0.006591160265559259
30.150753768844222	0.007257714079367113
30.55276381909548	0.006124596513878529
30.954773869346734	0.01232305044355993
31.35678391959799	0.023389753747868777
31.758793969849247	0.033841461925664985
32.16080402010051	0.042031823959966005
32.56281407035176	0.0457640862273384
32.96482412060302	0.043081256950981084
33.366834170854275	0.03520877626525934
33.76884422110553	0.0230978061694717
34.17085427135679	0.01063322635162717
34.572864321608044	0.012496773752778622
34.9748743718593	0.024831008838205514
35.37688442211056	0.0345079941796526
35.77889447236181	0.03920601399456706
36.18090452261307	0.03814310435623959
36.582914572864325	0.03275735611045717
36.98492462311558	0.026879483648962282
37.38693467336684	0.025697204568119893
37.788944723618094	0.031614027922579745
38.19095477386935	0.03966759715707398
38.59296482412061	0.04414602203419589
38.99497487437186	0.043264119288939466
39.39698492462312	0.037581491069702246
39.798994974874375	0.03191288587721997
40.20100502512563	0.03379234279788047
40.60301507537689	0.044396692822204445
41.005025125628144	0.057918638722841996
41.4070351758794	0.06893822638401861
41.80904522613066	0.07497217489169528
42.21105527638191	0.07474257289392418
42.61306532663317	0.06865281816019292
43.015075376884425	0.06023464252846218
43.41708542713568	0.05286169376223822
43.81909547738694	0.051379582918079425
44.221105527638194	0.05369040662063048
44.62311557788945	0.05591596860799573
45.02512562814071	0.05543747669380285
45.42713567839196	0.05317249875829322
45.82914572864322	0.0524010332869938
46.231155778894475	0.05584285500113757
46.63316582914573	0.06324191046563646
47.03517587939699	0.071298543999069
47.437185929648244	0.07667575081985631
47.8391959798995	0.0769113284586297
48.24120603015076	0.07215475075743052
48.64321608040201	0.06327046283959276
49.04522613065327	0.0535773220378877
49.447236180904525	0.04643140020020385
49.84924623115578	0.044946104418744214
50.25125628140704	0.047375326093828614
50.653266331658294	0.04991745510536738
51.05527638190955	0.04965326445417476
51.45728643216081	0.04656289533979671
51.85929648241206	0.043950408348085175
52.26130653266332	0.04572305303791596
52.663316582914575	0.052577455336967706
53.06532663316583	0.06040817714396385
53.46733668341709	0.06569841905107561
53.869346733668344	0.06510725896092515
54.2713567839196	0.058492733657463755
54.67336683417086	0.04787521613028102
55.07537688442211	0.037125730661132686
55.47738693467337	0.03290041683905777
55.879396984924625	0.036778000455328905
56.28140703517588	0.042290826006295315
56.68341708542714	0.0440470784020265
57.085427135678394	0.04071055496323168
57.48743718592965	0.03396987918133305
57.88944723618091	0.029887683833808087
58.29145728643216	0.035690848789862464
58.69346733668342	0.04788072755067123
59.095477386934675	0.058976535223520386
59.49748743718593	0.06483354128253548
59.89949748743719	0.06428727798078752
60.301507537688444	0.05773459313473023
60.7035175879397	0.04780722149104459
61.10552763819096	0.0395239584109557
61.50753768844221	0.03764194519649891
61.90954773869347	0.041461347537494676
62.311557788944725	0.04511082781406492
62.71356783919598	0.04477541230488889
63.11557788944724	0.03973965965420878
63.517587939698494	0.032688932829502956
63.91959798994975	0.030731057371074767
64.32160804020101	0.03879425202828317
64.72361809045226	0.0508214298966886
65.12562814070353	0.06049873281526967
65.52763819095478	0.06422080270137848
65.92964824120604	0.06172526042652064
66.33165829145729	0.05399579218132603
66.73366834170855	0.04374392038293041
67.1356783919598	0.03599575589349812
67.53768844221106	0.03548177475689172
67.93969849246231	0.04001344711284869
68.34170854271358	0.04359660415488868
68.74371859296483	0.04349612949790707
69.14572864321609	0.041126388428393806
69.54773869346734	0.04067259417095017
69.9497487437186	0.04681296104830952
70.35175879396985	0.057348110478491574
70.75376884422111	0.06764121034575124
71.15577889447236	0.07342869563437207
71.55778894472363	0.07234912592668882
71.95979899497488	0.06461809345781178
72.36180904522614	0.051550169366520716
72.76381909547739	0.03748340918625024
73.16582914572865	0.029495980585935166
73.5678391959799	0.03192747110453635
73.96984924623116	0.03829091430487513
74.37185929648241	0.04264644170200403
74.77386934673368	0.04380104630703006
75.17587939698493	0.044577947802368935
75.57788944723619	0.04821980244435948
75.97989949748744	0.055434385470696776
76.3819095477387	0.06333946623035389
76.78391959798995	0.068902092296361
77.18592964824121	0.0696606024134423
77.58793969849246	0.064683933453142
77.98994974874373	0.05490415903072656
78.39195979899498	0.04172262078150212
78.79396984924624	0.0288223426429167
79.19597989949749	0.023327758510013046
79.59798994974875	0.028057897087637847
80.0	0.035346194826844556
