0.0	0.024406149152707415
0.4020100502512563	0.02261819103009805
0.8040201005025126	0.01715764490295521
1.206030150753769	0.009344669911495154
1.6080402010050252	0.003372994428656989
2.0100502512562817	0.010061109355197374
2.412060301507538	0.01624657571687
2.814070351758794	0.01930645467887276
3.2160804020100504	0.018336908934375597
3.6180904522613067	0.013387895677104638
4.020100502512563	0.005593020340779563
4.42211055276382	0.004330681929022315
4.824120603015076	0.013428037761240727
5.226130653266332	0.02090738107507196
5.628140703517588	0.025139760621090655
6.030150753768845	0.025533179888747197
6.432160804020101	0.02217787600042888
6.834170854271357	0.015533703849534017
7.236180904522613	0.008197431805695972
7.63819095477387	0.006134821007224988
8.040201005025127	0.011476224125802379
8.442211055276383	0.015124951723300676
8.84422110552764	0.015108248938991913
9.246231155778895	0.011180556207951104
9.648241206030152	0.004187936755680727
10.050251256281408	0.00571726114798011
10.452261306532664	0.015912148537411346
10.85427135678392	0.0250358510832983
11.256281407035177	0.03179298582350628
11.658291457286433	0.03500248633392024
12.06030150753769	0.034718378050449535
12.462311557788945	0.031068011720865762
12.864321608040202	0.024933152675455997
13.266331658291458	0.017752712290660867
13.668341708542714	0.011039163987357086
14.07035175879397	0.0059120576743241764
14.472361809045227	0.0026568011873559913
14.874371859296483	0.0022965738672896144
15.27638190954774	0.006618712327839865
15.678391959798995	0.013266924131097872
16.080402010050253	0.021431750826162124
16.48241206030151	0.029882252233726335
16.884422110552766	0.037375779669379744
17.286432160804022	0.04305089602802803
17.68844221105528	0.046057504873634046
18.090452261306535	0.04623803327202484
18.49246231155779	0.04370586229960187
18.894472361809047	0.03917455691365539
19.296482412060303	0.033543413559926086
19.69849246231156	0.028044812870386647
20.100502512562816	0.024029463112210183
20.502512562814072	0.023240112627039997
20.90452261306533	0.02601125468116782
21.306532663316585	0.03179886736123873
21.70854271356784	0.03970593342324949
22.110552763819097	0.04851027184067115
22.512562814070353	0.05707667335273103
22.91457286432161	0.06405832692843451
23.316582914572866	0.06861068949829283
23.718592964824122	0.07029810281124284
24.12060301507538	0.0691328205489224
24.522613065326635	0.065660142566146
24.92462311557789	0.061080596945733846
25.326633165829147	0.05647394169690793
25.728643216080403	0.052750440709161975
26.13065326633166	0.05113013733591428
26.532663316582916	0.05161757400631327
26.934673366834172	0.054302337059401073
27.33668341708543	0.058292619174125315
27.738693467336685	0.06262238030418296
28.14070351758794	0.06624532193688429
28.542713567839197	0.0683005088071347
28.944723618090453	0.06825609514708707
29.34673366834171	0.06635201540603568
29.748743718592966	0.06338585444291757
30.150753768844222	0.060431861819369125
30.55276381909548	0.057894041124038745
30.954773869346734	0.05673588014569442
31.35678391959799	0.05691619834107613
31.758793969849247	0.05811409704996264
32.16080402010051	0.05954146961467943
32.56281407035176	0.06046450341024077
32.96482412060302	0.06060539972760479
33.366834170854275	0.05936184560356076
33.76884422110553	0.057345174396558854
34.17085427135679	0.05463693905127335
34.572864321608044	0.052007011967744265
34.9748743718593	0.04971797825782823
35.37688442211056	0.04794779385855163
35.77889447236181	0.046918209686234696
36.18090452261307	0.04676904804341535
36.582914572864325	0.047038278615184066
36.98492462311558	0.04775624429989714
37.38693467336684	0.04831104881311129
37.788944723618094	0.04874502310789569
38.19095477386935	0.04923538542986395
38.59296482412061	0.04944967592877328
38.99497487437186	0.049813014331819394
39.39698492462312	0.05026746362135985
39.798994974874375	0.05112269857372147
40.20100502512563	0.05226789227954087
40.60301507537689	0.05337063543336075
41.005025125628144	0.054400575417690646
41.4070351758794	0.05468483963019867
41.80904522613066	0.054195397959863036
42.21105527638191	0.05263023967237305
42.61306532663317	0.050469643013205855
43.015075376884425	0.04801025132137841
43.41708542713568	0.04547088203936304
43.81909547738694	0.044064425456533905
44.221105527638194	0.04402004713901854
44.62311557788945	0.04545708440989939
45.02512562814071	0.04847879121054931
45.42713567839196	0.052699642601866895
45.82914572864322	0.05706983149218496
46.231155778894475	0.060891643568422485
46.63316582914573	0.063089098273155
47.03517587939699	0.06317383896994458
47.437185929648244	0.06119690005124725
47.8391959798995	0.05731834975765372
48.24120603015076	0.05253387936358006
48.64321608040201	0.04750885164906078
49.04522613065327	0.04321491213667322
49.447236180904525	0.040659318523461704
49.84924623115578	0.040456861937906805
50.25125628140704	0.04243740485130978
50.653266331658294	0.04656214090308793
51.05527638190955	0.05189054310159723
51.45728643216081	0.05711134853578098
51.85929648241206	0.06116197154181646
52.26130653266332	0.0630411054663117
52.663316582914575	0.062264843646443524
53.06532663316583	0.05905445076504061
53.46733668341709	0.05386412199169279
53.869346733668344	0.047710030274329726
54.2713567839196	0.04188451123176185
54.67336683417086	0.03776922647538313
55.07537688442211	0.03650215674991224
55.47738693467337	0.038062266182820784
55.879396984924625	0.042269241499089075
56.28140703517588	0.04821193068136174
56.68341708542714	0.05452919598584398
57.085427135678394	0.060287225129379195
57.48743718592965	0.06407671627690577
57.88944723618091	0.06529536887275833
58.29145728643216	0.0636736542447848
58.69346733668342	0.05954712357285585
59.095477386934675	0.053860881441379106
59.49748743718593	0.04743278582030587
59.89949748743719	0.04195800099002013
60.301507537688444	0.03779438641790076
60.7035175879397	0.03626585871870454
61.10552763819096	0.037530331864411
61.50753768844221	0.04101621561072678
61.90954773869347	0.0463683680629805
62.311557788944725	0.052255945416885996
62.71356783919598	0.05776059032366756
63.11557788944724	0.06125409435213275
63.517587939698494	0.06246400013459319
63.91959798994975	0.06100519663976893
64.32160804020101	0.05734592976867221
64.72361809045226	0.052305962137525974
65.12562814070353	0.04682363853177717
65.52763819095478	0.04228008703338675
65.92964824120604	0.039422801445859565
66.33165829145729	0.03894039919156605
66.73366834170855	0.040677030972553915
67.1356783919598	0.04474138146352855
67.53768844221106	0.04981687684970865
67.93969849246231	0.055266771080852116
68.34170854271358	0.05987789197789047
68.74371859296483	0.06279686433681267
69.14572864321609	0.06361749499189587
69.54773869346734	0.06256027858527627
69.9497487437186	0.05994779903962436
70.35175879396985	0.056449938288065035
70.75376884422111	0.05266352788790424
71.15577889447236	0.0492926222640876
71.55778894472363	0.04702737980613812
71.95979899497488	0.0458791832004542
72.36180904522614	0.04609133894943586
72.76381909547739	0.04747836267689208
73.16582914572865	0.05003942598408474
73.5678391959799	0.05292905567468431
73.96984924623116	0.05587264849372027
74.37185929648241	0.05834544416231778
74.77386934673368	0.059999586041085226
75.17587939698493	0.06089734137646889
75.57788944723619	0.060689435540380476
75.97989949748744	0.05957700789412553
76.3819095477387	0.05750550510209137
76.78391959798995	0.055273320598443886
77.18592964824121	0.05271829530315777
77.58793969849246	0.050469549216223174
77.98994974874373	0.04887487748809176
78.39195979899498	0.04811114012779601
78.79396984924624	0.04829190846659125
79.19597989949749	0.049741116449845316
79.59798994974875	0.05185567325374234
80.0	0.0545345720006891
