0.0	0.022959159467779964
0.4020100502512563	0.01999542794799207
0.8040201005025126	0.014011994265719484
1.206030150753769	0.0060635425294665035
1.6080402010050252	0.0038628519149231932
2.0100502512562817	0.011298714252692571
2.412060301507538	0.016769945308862746
2.814070351758794	0.019005474407385137
3.2160804020100504	0.017866491172784025
3.6180904522613067	0.013200567140277716
4.020100502512563	0.005790870681399824
4.42211055276382	0.0033181260494782676
4.824120603015076	0.011579060955442096
5.226130653266332	0.01832609427883468
5.628140703517588	0.022454311854482056
6.030150753768845	0.022824684816252203
6.432160804020101	0.019651976602553328
6.834170854271357	0.013622664175907693
7.236180904522613	0.006074408996947616
7.63819095477387	0.0048590843681699395
8.040201005025127	0.011521861830050011
8.442211055276383	0.016470377735936795
8.84422110552764	0.0183581217567867
9.246231155778895	0.016485711241987833
9.648241206030152	0.011244770721373596
10.050251256281408	0.0037634714654420512
10.452261306532664	0.005464232385735878
10.85427135678392	0.013915159889739834
11.256281407035177	0.020619269515656714
11.658291457286433	0.024357763188849024
12.06030150753769	0.024555788676808212
12.462311557788945	0.021041168564974254
12.864321608040202	0.014964678689634216
13.266331658291458	0.007673527156321275
13.668341708542714	0.005516729060799577
14.07035175879397	0.011171962527254466
14.472361809045227	0.01559995270881796
14.874371859296483	0.017181545168218015
15.27638190954774	0.01505968938555694
15.678391959798995	0.00988831189237986
16.080402010050253	0.0026280549886710134
16.48241206030151	0.005988929475272376
16.884422110552766	0.013868371894801987
17.286432160804022	0.020161980041812404
17.68844221105528	0.023704664400579396
18.090452261306535	0.02404761726721729
18.49246231155779	0.021132411135065476
18.894472361809047	0.01591765526664691
19.296482412060303	0.009427353058979316
19.69849246231156	0.005367089074643771
20.100502512562816	0.008713872689780527
20.502512562814072	0.013144557805459442
20.90452261306533	0.014914240189821678
21.306532663316585	0.013718170737931797
21.70854271356784	0.009354916850772227
22.110552763819097	0.0027434341254976304
22.512562814070353	0.005186290763766956
22.91457286432161	0.013002495871968969
23.316582914572866	0.01930432199323274
23.718592964824122	0.02294954975717952
24.12060301507538	0.023515175301204245
24.522613065326635	0.020930216345540584
24.92462311557789	0.015844114156311005
25.326633165829147	0.009655401462250692
25.728643216080403	0.00711438050285135
26.13065326633166	0.011122064839461928
26.532663316582916	0.015280343261903584
26.934673366834172	0.016973408433918088
27.33668341708543	0.015291973160101885
27.738693467336685	0.010537317662743104
28.14070351758794	0.003385723683295786
28.542713567839197	0.004694179602466401
28.944723618090453	0.01249672866099333
29.34673366834171	0.01863055603581621
29.748743718592966	0.021919980995927228
30.150753768844222	0.022076162724739452
30.55276381909548	0.019373843130419698
30.954773869346734	0.014543671131946573
31.35678391959799	0.00980975521470117
31.758793969849247	0.008943106572364147
32.16080402010051	0.011914410657988886
32.56281407035176	0.014631319588858988
32.96482412060302	0.014968849116950156
33.366834170854275	0.012441308581838435
33.76884422110553	0.007661608701716967
34.17085427135679	0.0009186134043506513
34.572864321608044	0.006492851389999497
34.9748743718593	0.01308767936906155
35.37688442211056	0.01806487149744511
35.77889447236181	0.020825272168234186
36.18090452261307	0.020746504192947123
36.582914572864325	0.018330349374926055
36.98492462311558	0.01447656164915247
37.38693467336684	0.011039053370809057
37.788944723618094	0.01045827697482277
38.19095477386935	0.012591001254173251
38.59296482412061	0.01455302191742415
38.99497487437186	0.014459647458956709
39.39698492462312	0.012032377031677614
39.798994974874375	0.007301042762287981
40.20100502512563	0.0010265531393209633
40.60301507537689	0.005861495831152403
41.005025125628144	0.012140850853223004
41.4070351758794	0.017058368160750553
41.80904522613066	0.01979882323512635
42.21105527638191	0.019938728116556642
42.61306532663317	0.017855020458179025
43.015075376884425	0.014645583041713556
43.41708542713568	0.011764309350322447
43.81909547738694	0.011305771623204256
44.221105527638194	0.012844394830573948
44.62311557788945	0.014149328622613425
45.02512562814071	0.013862346112570917
45.42713567839196	0.011166611985181105
45.82914572864322	0.006385990049547119
46.231155778894475	0.0009082282705712349
46.63316582914573	0.00704139912293089
47.03517587939699	0.013328239344488077
47.437185929648244	0.018362430113778774
47.8391959798995	0.021343398213625957
48.24120603015076	0.02176582861164789
48.64321608040201	0.019645720985504413
49.04522613065327	0.016274029352283767
49.447236180904525	0.012923912549404754
49.84924623115578	0.011856965816110376
50.25125628140704	0.01293485008307243
50.653266331658294	0.014228336931347757
51.05527638190955	0.013785784801385509
51.45728643216081	0.010903185697376503
51.85929648241206	0.006053677249316488
52.26130653266332	0.0013143263265176061
52.663316582914575	0.0075340730250329484
53.06532663316583	0.013764004587023038
53.46733668341709	0.018261755626987536
53.869346733668344	0.02086394183905737
54.2713567839196	0.020910363017844973
54.67336683417086	0.01892764365316433
55.07537688442211	0.015936225424887797
55.47738693467337	0.013679540089364303
55.879396984924625	0.013228957658132205
56.28140703517588	0.014089768843924964
56.68341708542714	0.01441511957660154
57.085427135678394	0.013139305958251215
57.48743718592965	0.009799031262119019
57.88944723618091	0.004999240081796112
58.29145728643216	0.003326702415046201
58.69346733668342	0.009075120588607457
59.095477386934675	0.014852036655430135
59.49748743718593	0.019312937640212694
59.89949748743719	0.021819791042468163
60.301507537688444	0.022216897620975257
60.7035175879397	0.02073452373287419
61.10552763819096	0.018308366614043937
61.50753768844221	0.016102248158592417
61.90954773869347	0.015019641158919605
62.311557788944725	0.015059366521061787
62.71356783919598	0.015098593409719613
63.11557788944724	0.013831551224837382
63.517587939698494	0.010801737973888847
63.91959798994975	0.006348143891343
64.32160804020101	0.004046118573616843
64.72361809045226	0.009352628202993048
65.12562814070353	0.01559865261074705
65.52763819095478	0.020567011161611422
65.92964824120604	0.023209134973249924
66.33165829145729	0.02355111716270482
66.73366834170855	0.021622042961483935
67.1356783919598	0.018571904679520725
67.53768844221106	0.016256065893420747
67.93969849246231	0.015897322064275073
68.34170854271358	0.016795325646218526
68.74371859296483	0.01703831419329211
69.14572864321609	0.01538383444274143
69.54773869346734	0.011405526178840561
69.9497487437186	0.006070823747492253
70.35175879396985	0.004789466976595865
70.75376884422111	0.010973054345350565
71.15577889447236	0.01726127988027104
71.55778894472363	0.02180294887600251
71.95979899497488	0.02400150418859482
72.36180904522614	0.023756153990810342
72.76381909547739	0.021631640487936303
73.16582914572865	0.019047829541496447
73.5678391959799	0.01719120658437357
73.96984924623116	0.01677161764344525
74.37185929648241	0.017349129143739157
74.77386934673368	0.016912420265564797
75.17587939698493	0.01459688365988313
75.57788944723619	0.01050892911757744
75.97989949748744	0.005369993823593053
76.3819095477387	0.005141891506682009
76.78391959798995	0.011130666119896602
77.18592964824121	0.01691255251504445
77.58793969849246	0.021053152198087496
77.98994974874373	0.023054427722529656
78.39195979899498	0.022711393302958134
78.79396984924624	0.020865223867714788
79.19597989949749	0.01852035306282829
79.59798994974875	0.016667278188289898
80.0	0.016288397680170017
