0.0	0.023529349223615
0.4020100502512563	0.019571405565533134
0.8040201005025126	0.012820536743886621
1.206030150753769	0.005913950604932832
1.6080402010050252	0.008445467931632701
2.0100502512562817	0.01518805952885135
2.412060301507538	0.01966472106502207
2.814070351758794	0.02056719229434419
3.2160804020100504	0.017688181533869148
3.6180904522613067	0.011408379543292824
4.020100502512563	0.0037038204075010893
4.42211055276382	0.006937939434666198
4.824120603015076	0.014652298879158305
5.226130653266332	0.019992009445122434
5.628140703517588	0.02167005978063296
6.030150753768845	0.019765430163729
6.432160804020101	0.014915306554257005
6.834170854271357	0.009305974315651238
7.236180904522613	0.009729031602822432
7.63819095477387	0.01577733134688527
8.040201005025127	0.020881188812269073
8.442211055276383	0.02261051349662888
8.84422110552764	0.020949119188148062
9.246231155778895	0.015292330921900969
9.648241206030152	0.006865325185178355
10.050251256281408	0.003515002235299318
10.452261306532664	0.012490216768829176
10.85427135678392	0.01962136074658844
11.256281407035177	0.02375542472101891
11.658291457286433	0.02394742905181394
12.06030150753769	0.020664079511770884
12.462311557788945	0.015331144912904915
12.864321608040202	0.01098984794277141
13.266331658291458	0.011999973744946869
13.668341708542714	0.01604635736043076
14.07035175879397	0.018644615435585207
14.472361809045227	0.01815265654911056
14.874371859296483	0.014048782943465473
15.27638190954774	0.007063618943395028
15.678391959798995	0.0024418226038278932
16.080402010050253	0.011006381540715203
16.48241206030151	0.01868846511513955
16.884422110552766	0.023987818521384416
17.286432160804022	0.025889787602677072
17.68844221105528	0.024675705148038598
18.090452261306535	0.020098303531035023
18.49246231155779	0.014296347786893846
18.894472361809047	0.009249779904807113
19.296482412060303	0.008731382450579311
19.69849246231156	0.010870073402785329
20.100502512562816	0.011597839793675062
20.502512562814072	0.009528089404163633
20.90452261306533	0.004741423736225854
21.306532663316585	0.005127832687671243
21.70854271356784	0.01306108654887064
22.110552763819097	0.021111717957159958
22.512562814070353	0.027410219185885727
22.91457286432161	0.030429845737671723
23.316582914572866	0.02972953361910181
23.718592964824122	0.02516158879821055
24.12060301507538	0.017657740951014123
24.522613065326635	0.008316698822253117
24.92462311557789	0.0007911931016057328
25.326633165829147	0.008083084512996089
25.728643216080403	0.012395427910260876
26.13065326633166	0.01299299654543537
26.532663316582916	0.010711011928821113
26.934673366834172	0.008998811178569583
27.33668341708543	0.01364383738918432
27.738693467336685	0.021733965923146855
28.14070351758794	0.02936172421827704
28.542713567839197	0.03420701647486856
28.944723618090453	0.035279766753503555
29.34673366834171	0.032253557384134594
29.748743718592966	0.025818460845082325
30.150753768844222	0.017444428592735848
30.55276381909548	0.01022830812398373
30.954773869346734	0.010005462238714149
31.35678391959799	0.014045006666426321
31.758793969849247	0.01642967982893354
32.16080402010051	0.01576982138715461
32.56281407035176	0.01387987334429933
32.96482412060302	0.014579711840686274
33.366834170854275	0.020274139364912652
33.76884422110553	0.02782345330935505
34.17085427135679	0.034122283429186925
34.572864321608044	0.03726010948215795
34.9748743718593	0.03633108335479118
35.37688442211056	0.03135169524462221
35.77889447236181	0.02354317904251601
36.18090452261307	0.016206066497772963
36.582914572864325	0.014328657189867111
36.98492462311558	0.01824032269441163
37.38693467336684	0.02219843023869419
37.788944723618094	0.023209331565563054
38.19095477386935	0.02157888903924078
38.59296482412061	0.02109846352870844
38.99497487437186	0.025198416334836334
39.39698492462312	0.03273272885529458
39.798994974874375	0.03971181388408626
40.20100502512563	0.04376837791907601
40.60301507537689	0.04381508186793574
41.005025125628144	0.03982178781032202
41.4070351758794	0.03322202206064566
41.80904522613066	0.027337044714588227
42.21105527638191	0.025856945841178834
42.61306532663317	0.02911463784750079
43.015075376884425	0.03340720971224259
43.41708542713568	0.036250175420748584
43.81909547738694	0.03668099480836059
44.221105527638194	0.03644954628930072
44.62311557788945	0.0374729361440346
45.02512562814071	0.04075528323410578
45.42713567839196	0.045376394040310915
45.82914572864322	0.049386226993669215
46.231155778894475	0.05098744980253728
46.63316582914573	0.049733428222146714
47.03517587939699	0.04632228703614409
47.437185929648244	0.04268059548069596
47.8391959798995	0.04085314487033729
48.24120603015076	0.042158163520975026
48.64321608040201	0.045727696457671586
49.04522613065327	0.05019607170854057
49.447236180904525	0.05410308839971552
49.84924623115578	0.05717067918849629
50.25125628140704	0.060140864600664534
50.653266331658294	0.06298476178786533
51.05527638190955	0.06610703597659609
51.45728643216081	0.06897038361125461
51.85929648241206	0.0708208896805145
52.26130653266332	0.07103938516423783
52.663316582914575	0.06958329646846041
53.06532663316583	0.06635766334940416
53.46733668341709	0.062346294572392505
53.869346733668344	0.058723757174571914
54.2713567839196	0.0566257828338592
54.67336683417086	0.05639768844656294
55.07537688442211	0.05777863490755573
55.47738693467337	0.05973034557120569
55.879396984924625	0.06164915854636392
56.28140703517588	0.06335652993436659
56.68341708542714	0.06525771514378048
57.085427135678394	0.06712059161905223
57.48743718592965	0.06857592922684612
57.88944723618091	0.06938915632628864
58.29145728643216	0.06858102253443236
58.69346733668342	0.06552430073442503
59.095477386934675	0.06059793745132599
59.49748743718593	0.054205252770939905
59.89949748743719	0.04850038008977982
60.301507537688444	0.04554773251742737
60.7035175879397	0.04658130935693243
61.10552763819096	0.0503597847218998
61.50753768844221	0.05465564398286985
61.90954773869347	0.05808138100035383
62.311557788944725	0.0600653673771673
62.71356783919598	0.06105637170444039
63.11557788944724	0.06195699322035374
63.517587939698494	0.06301942276064795
63.91959798994975	0.06347688769388564
64.32160804020101	0.06248545143823443
64.72361809045226	0.05960109802630997
65.12562814070353	0.05482010959815459
65.52763819095478	0.049729442399203294
65.92964824120604	0.046752061850937957
66.33165829145729	0.04756903920358089
66.73366834170855	0.051763434552468235
67.1356783919598	0.05725135925170196
67.53768844221106	0.061922059090211576
67.93969849246231	0.06459854867462289
68.34170854271358	0.06572827328735735
68.74371859296483	0.0656931382777742
69.14572864321609	0.06514809923671852
69.54773869346734	0.0645040988106568
69.9497487437186	0.0634037823672655
70.35175879396985	0.06105641530412496
70.75376884422111	0.057499845535585736
71.15577889447236	0.053181384950144274
71.55778894472363	0.049486664199025185
71.95979899497488	0.048377572126291915
72.36180904522614	0.050831103952302295
72.76381909547739	0.05581872141769815
73.16582914572865	0.06111213628469479
73.5678391959799	0.06524056643682755
73.96984924623116	0.06728153641169704
74.37185929648241	0.06712394813528724
74.77386934673368	0.06554483859591186
75.17587939698493	0.06340060534703289
75.57788944723619	0.061123930589674955
75.97989949748744	0.05899150296986979
76.3819095477387	0.056292620670782424
76.78391959798995	0.05277948115182192
77.18592964824121	0.04908056086428716
77.58793969849246	0.046567776052143364
77.98994974874373	0.047172314655853524
78.39195979899498	0.05122276502116335
78.79396984924624	0.05721567156775977
79.19597989949749	0.06289636172664712
79.59798994974875	0.06654521544099334
80.0	0.06762046619394471
