0.0	0.03252048703323015
0.4020100502512563	0.02807112152945552
0.8040201005025126	0.019310168320634032
1.206030150753769	0.007885513128495643
1.6080402010050252	0.006205204996280132
2.0100502512562817	0.0168736323762637
2.412060301507538	0.024550236409857134
2.814070351758794	0.02720543783759914
3.2160804020100504	0.024228285030399276
3.6180904522613067	0.01662731202813125
4.020100502512563	0.005715886854831465
4.42211055276382	0.007179740485637185
4.824120603015076	0.018626715551066396
5.226130653266332	0.026985701935565837
5.628140703517588	0.030745792587315378
6.030150753768845	0.02916978846546315
6.432160804020101	0.022631879805982462
6.834170854271357	0.012735549101473235
7.236180904522613	0.00536928892346536
7.63819095477387	0.013840763731971226
8.040201005025127	0.02254565748450712
8.442211055276383	0.026969906760651176
8.84422110552764	0.026344898146842065
9.246231155778895	0.02039218343479366
9.648241206030152	0.010049973505988836
10.050251256281408	0.0034287631103658055
10.452261306532664	0.015487690280421384
10.85427135678392	0.026124449614453
11.256281407035177	0.03263328904193761
11.658291457286433	0.0342011945098958
12.06030150753769	0.030551349170882362
12.462311557788945	0.022790708487509734
12.864321608040202	0.013916464738558728
13.266331658291458	0.011465773594062813
13.668341708542714	0.017416247900307946
14.07035175879397	0.023222001751918665
14.472361809045227	0.024966587773375022
14.874371859296483	0.02204190940244069
15.27638190954774	0.015932057720582163
15.678391959798995	0.012173176857761269
16.080402010050253	0.01882495727217002
16.48241206030151	0.029199354626344914
16.884422110552766	0.03811683716449221
17.286432160804022	0.043699087938495064
17.68844221105528	0.044926279805040804
18.090452261306535	0.04253516371429914
18.49246231155779	0.037256236492246644
18.894472361809047	0.0312804178828093
19.296482412060303	0.02665326867518341
19.69849246231156	0.025007002687880586
20.100502512562816	0.02527166359661896
20.502512562814072	0.024931999634635264
20.90452261306533	0.022325627012568586
21.306532663316585	0.01785827690518745
21.70854271356784	0.01465824952381464
22.110552763819097	0.017888829574588126
22.512562814070353	0.025938213761797967
22.91457286432161	0.034515090480751284
23.316582914572866	0.041114560403213075
23.718592964824122	0.04401767241501382
24.12060301507538	0.042869194024532147
24.522613065326635	0.03835544031114733
24.92462311557789	0.032752231975585036
25.326633165829147	0.028193391201614754
25.728643216080403	0.026989330919948852
26.13065326633166	0.027718686787113415
26.532663316582916	0.027999502311292546
26.934673366834172	0.025434341179767374
27.33668341708543	0.0204038714040058
27.738693467336685	0.015777378331218877
28.14070351758794	0.017027704213890178
28.542713567839197	0.024462616098341446
28.944723618090453	0.03250401327317638
29.34673366834171	0.038031434603945216
29.748743718592966	0.03991946406194491
30.150753768844222	0.03808274024868062
30.55276381909548	0.033166567976234365
30.954773869346734	0.027234780614288738
31.35678391959799	0.02307745350881849
31.758793969849247	0.022435557031079183
32.16080402010051	0.024245683160449925
32.56281407035176	0.02549910304529978
32.96482412060302	0.02397661605389207
33.366834170854275	0.020307589129409616
33.76884422110553	0.016704972111822213
34.17085427135679	0.01729118571397774
34.572864321608044	0.02352340650563859
34.9748743718593	0.030837491199591154
35.37688442211056	0.03644712717673119
35.77889447236181	0.03863791343009576
36.18090452261307	0.03724283231049798
36.582914572864325	0.032731425133885265
36.98492462311558	0.026696554075269403
37.38693467336684	0.022270566897304698
37.788944723618094	0.02181267788984673
38.19095477386935	0.02500401209572679
38.59296482412061	0.028176815762108808
38.99497487437186	0.029248105406213774
39.39698492462312	0.02770619542645602
39.798994974874375	0.02482753667448865
40.20100502512563	0.022856908413141256
40.60301507537689	0.024390848334517996
41.005025125628144	0.028220739732595968
41.4070351758794	0.031827168023124006
41.80904522613066	0.03365660419013017
42.21105527638191	0.03211074467992842
42.61306532663317	0.02775923974217794
43.015075376884425	0.02245088882891906
43.41708542713568	0.01999995740157037
43.81909547738694	0.022943452041452143
44.221105527638194	0.028220133066802582
44.62311557788945	0.032357767368314354
45.02512562814071	0.03362288615908474
45.42713567839196	0.031730566754709456
45.82914572864322	0.027934257542532516
46.231155778894475	0.02430816759207949
46.63316582914573	0.023820417348159685
47.03517587939699	0.026642840623133456
47.437185929648244	0.03020248526032567
47.8391959798995	0.031937525872392965
48.24120603015076	0.030819427020045465
48.64321608040201	0.027031326632791314
49.04522613065327	0.022831923618276517
49.447236180904525	0.021548382611822257
49.84924623115578	0.025102302588419383
50.25125628140704	0.030565252910367602
50.653266331658294	0.034967992285656994
51.05527638190955	0.03639847011673478
51.45728643216081	0.03496814027479109
51.85929648241206	0.030983575958803567
52.26130653266332	0.026334129747362982
52.663316582914575	0.023824555152613686
53.06532663316583	0.02478529093466802
53.46733668341709	0.027373375365203484
53.869346733668344	0.028895260397394235
54.2713567839196	0.02801851708950115
54.67336683417086	0.024712568030554855
55.07537688442211	0.02124247647879415
55.47738693467337	0.0213879310407335
55.879396984924625	0.026255887839085713
56.28140703517588	0.03285191563008867
56.68341708542714	0.0379559224002919
57.085427135678394	0.0398206923993924
57.48743718592965	0.038111997269466166
57.88944723618091	0.033527133505343115
58.29145728643216	0.027647284137229323
58.69346733668342	0.023390107118385774
59.095477386934675	0.022955500729838197
59.49748743718593	0.02507280407054883
59.89949748743719	0.026824326392173824
60.301507537688444	0.026329124796313812
60.7035175879397	0.0236670769780293
61.10552763819096	0.020181595386920662
61.50753768844221	0.019448986584065124
61.90954773869347	0.0230556932461981
62.311557788944725	0.028855285201050584
62.71356783919598	0.034168153490848
63.11557788944724	0.03684277910403188
63.517587939698494	0.0360900270930827
63.91959798994975	0.03224040620761762
64.32160804020101	0.026665112602762144
64.72361809045226	0.021917916053337504
65.12562814070353	0.021113132478237012
65.52763819095478	0.02361670009142374
65.92964824120604	0.026417276922775113
66.33165829145729	0.02720879019327115
66.73366834170855	0.025686069784220795
67.1356783919598	0.022794451924244785
67.53768844221106	0.021433458155287265
67.93969849246231	0.024021491492727257
68.34170854271358	0.029524194276608302
68.74371859296483	0.03488450492378091
69.14572864321609	0.03796088071729396
69.54773869346734	0.03780482582324039
69.9497487437186	0.03448499691226263
70.35175879396985	0.029075182905842434
70.75376884422111	0.02370798974535186
71.15577889447236	0.02052079756775118
71.55778894472363	0.020709029271406196
71.95979899497488	0.02196069351125749
72.36180904522614	0.02232746400567833
72.76381909547739	0.02070293834477245
73.16582914572865	0.0183741171441232
73.5678391959799	0.01872136406203144
73.96984924623116	0.023322288032379332
74.37185929648241	0.030232990718265608
74.77386934673368	0.036271193242204146
75.17587939698493	0.03981403152748321
75.57788944723619	0.04015482210410058
75.97989949748744	0.0369956333256709
76.3819095477387	0.031215320101860216
76.78391959798995	0.02498009637983097
77.18592964824121	0.020619163355106225
77.58793969849246	0.020013800342825933
77.98994974874373	0.021968668245701223
78.39195979899498	0.023366628851901123
78.79396984924624	0.023474824547110498
79.19597989949749	0.023171981655273583
79.59798994974875	0.024910217266394356
80.0	0.029409272236364782
