0.0	0.023691921413501536
0.4020100502512563	0.022609976310741645
0.8040201005025126	0.01759946431889745
1.206030150753769	0.009831805427306484
1.6080402010050252	0.0014109114575485628
2.0100502512562817	0.008933948273452123
2.412060301507538	0.015697204996628522
2.814070351758794	0.019317359622274495
3.2160804020100504	0.018828261426181873
3.6180904522613067	0.014291072592592186
4.020100502512563	0.006533421588275842
4.42211055276382	0.0032824226405368576
4.824120603015076	0.012796423997233986
5.226130653266332	0.020791172284369764
5.628140703517588	0.02578033975219392
6.030150753768845	0.026749871635474893
6.432160804020101	0.023494191767071994
6.834170854271357	0.01691611879557619
7.236180904522613	0.00845411145805476
7.63819095477387	0.002649097824045965
8.040201005025127	0.009099151664959676
8.442211055276383	0.013948351696988302
8.84422110552764	0.014760066184000381
9.246231155778895	0.01126918065814658
9.648241206030152	0.004184220261846705
10.050251256281408	0.005607420298010266
10.452261306532664	0.016261672891819852
10.85427135678392	0.02622268636395093
11.256281407035177	0.03331730537335472
11.658291457286433	0.037002562431320093
12.06030150753769	0.03648531835003242
12.462311557788945	0.03199207807177939
12.864321608040202	0.0247757966443201
13.266331658291458	0.0167101703884333
13.668341708542714	0.00923010366190776
14.07035175879397	0.005994922921847854
14.472361809045227	0.007127914544397427
14.874371859296483	0.009465990413835012
15.27638190954774	0.013286143707816316
15.678391959798995	0.019276109727451154
16.080402010050253	0.02707299007409735
16.48241206030151	0.034349225715645484
16.884422110552766	0.03969433271622781
17.286432160804022	0.0421013211560939
17.68844221105528	0.04089306429719555
18.090452261306535	0.03667564457183224
18.49246231155779	0.03059096014152827
18.894472361809047	0.023109557806018248
19.296482412060303	0.015482111474753577
19.69849246231156	0.009139891360740716
20.100502512562816	0.00657773828539536
20.502512562814072	0.010508048477681824
20.90452261306533	0.01638739741397852
21.306532663316585	0.023061027422417068
21.70854271356784	0.029332784224472563
22.110552763819097	0.034906862553082146
22.512562814070353	0.03892838688538351
22.91457286432161	0.04087074936670979
23.316582914572866	0.04050480565198423
23.718592964824122	0.037915673199886486
24.12060301507538	0.03338271558147175
24.522613065326635	0.026936099272466985
24.92462311557789	0.019270679258153754
25.326633165829147	0.010907322663683989
25.728643216080403	0.0030841459110120995
26.13065326633166	0.007058683154416603
26.532663316582916	0.013846041004651607
26.934673366834172	0.01906633470141272
27.33668341708543	0.022324760774205938
27.738693467336685	0.024373868509061477
28.14070351758794	0.025933788774211403
28.542713567839197	0.02810227084883405
28.944723618090453	0.030145975859220225
29.34673366834171	0.0314771271119739
29.748743718592966	0.030838087243662597
30.150753768844222	0.02766460222046574
30.55276381909548	0.02174812531755669
30.954773869346734	0.013769034069370597
31.35678391959799	0.0067948170038528415
31.758793969849247	0.010225302749201595
32.16080402010051	0.018155366313563855
32.56281407035176	0.024799096579025664
32.96482412060302	0.029447167590886763
33.366834170854275	0.03157876289184862
33.76884422110553	0.0322161610221608
34.17085427135679	0.03246893334873826
34.572864321608044	0.033393118529759
34.9748743718593	0.03463025307606273
35.37688442211056	0.034996578467027535
35.77889447236181	0.03345274954950246
36.18090452261307	0.029384686339153965
36.582914572864325	0.022860622724490832
36.98492462311558	0.01579468580634056
37.38693467336684	0.013087177630065238
37.788944723618094	0.017468656969369868
38.19095477386935	0.02405127989881281
38.59296482412061	0.028944956217699314
38.99497487437186	0.03121440876311448
39.39698492462312	0.030788236451067968
39.798994974874375	0.029518255603379444
40.20100502512563	0.02930305176420997
40.60301507537689	0.031284278875604546
41.005025125628144	0.0341587259063235
41.4070351758794	0.035925069714001986
41.80904522613066	0.03519951595951816
42.21105527638191	0.03157390273889627
42.61306532663317	0.02595708808292429
43.015075376884425	0.020919906277080326
43.41708542713568	0.02041603551071281
43.81909547738694	0.02448551142045901
44.221105527638194	0.029422035235798165
44.62311557788945	0.03258913011712744
45.02512562814071	0.03299090519795646
45.42713567839196	0.03184932608470269
45.82914572864322	0.030851871690427364
46.231155778894475	0.03143539126695941
46.63316582914573	0.03339445498272487
47.03517587939699	0.03496379494647274
47.437185929648244	0.034713921985359615
47.8391959798995	0.03217095168844854
48.24120603015076	0.027419812019976154
48.64321608040201	0.02242467210572255
49.04522613065327	0.020106329075391557
49.447236180904525	0.022345191707735364
49.84924623115578	0.026776956818709608
50.25125628140704	0.030198763646922998
50.653266331658294	0.03166827313674249
51.05527638190955	0.03150873339102646
51.45728643216081	0.031043644848258417
51.85929648241206	0.03149413666597626
52.26130653266332	0.0334916216984369
52.663316582914575	0.03582520430455342
53.06532663316583	0.03720219214955574
53.46733668341709	0.03668869994280907
53.869346733668344	0.03430901728810875
54.2713567839196	0.03127533189465691
54.67336683417086	0.029336632992875693
55.07537688442211	0.030361170193387983
55.47738693467337	0.03355947169548532
55.879396984924625	0.037055911645784284
56.28140703517588	0.03962099808865281
56.68341708542714	0.04080998433913561
57.085427135678394	0.04108847977472362
57.48743718592965	0.04104215900934437
57.88944723618091	0.0414921939277601
58.29145728643216	0.04234911769320645
58.69346733668342	0.043365294339110703
59.095477386934675	0.04386129632808304
59.49748743718593	0.043964416273615255
59.89949748743719	0.0434807734991239
60.301507537688444	0.04334338320521644
60.7035175879397	0.044101325586474754
61.10552763819096	0.046453712961753116
61.50753768844221	0.050345359616691586
61.90954773869347	0.055201657009957036
62.311557788944725	0.059740520787242145
62.71356783919598	0.06304062461961644
63.11557788944724	0.06486764490162009
63.517587939698494	0.06518914649465443
63.91959798994975	0.06388082783770538
64.32160804020101	0.06153057695643331
64.72361809045226	0.05856454807941969
65.12562814070353	0.05561391693019806
65.52763819095478	0.05234397675436425
65.92964824120604	0.04938816154899365
66.33165829145729	0.04756404779411002
66.73366834170855	0.04754047492329579
67.1356783919598	0.04980734511950503
67.53768844221106	0.054549809198550445
67.93969849246231	0.060047109024518076
68.34170854271358	0.06463588018789608
68.74371859296483	0.06765147083754401
69.14572864321609	0.06786630478540483
69.54773869346734	0.0658118499558294
69.9497487437186	0.06173726332942238
70.35175879396985	0.05702308484439689
70.75376884422111	0.05259498397274979
71.15577889447236	0.04908841024940802
71.55778894472363	0.046753305481552314
71.95979899497488	0.045162842977263036
72.36180904522614	0.044821666659330156
72.76381909547739	0.04590512752921667
73.16582914572865	0.04920913868857476
73.5678391959799	0.05407187632409819
73.96984924623116	0.05893519726399123
74.37185929648241	0.062370289572865056
74.77386934673368	0.06344939896023642
75.17587939698493	0.061781440093785424
75.57788944723619	0.058230136842026006
75.97989949748744	0.05398612680509013
76.3819095477387	0.050521237715647746
76.78391959798995	0.04856452401175463
77.18592964824121	0.04794848827371263
77.58793969849246	0.04747379322765264
77.98994974874373	0.04625934439898481
78.39195979899498	0.04483776902288994
78.79396984924624	0.04410695787155429
79.19597989949749	0.045496214520440816
79.59798994974875	0.04864319626579666
80.0	0.05261823115140067
