0.0	0.013212555899863393
0.4020100502512563	0.009953343407572361
0.8040201005025126	0.004888767548581028
1.206030150753769	0.0013017898038183025
1.6080402010050252	0.006289998218801424
2.0100502512562817	0.010633181301537235
2.412060301507538	0.012757933346354994
2.814070351758794	0.012526282424865578
3.2160804020100504	0.010280953223587679
3.6180904522613067	0.0059351171692272
4.020100502512563	0.0006822414825390844
4.42211055276382	0.004455281023742262
4.824120603015076	0.008785879598357613
5.226130653266332	0.011252638271414466
5.628140703517588	0.011169334771933817
6.030150753768845	0.008972832891843526
6.432160804020101	0.004953330999961392
6.834170854271357	0.002200684149434157
7.236180904522613	0.007139656614024106
7.63819095477387	0.012020258040897949
8.040201005025127	0.015503258025917507
8.442211055276383	0.016634434595606075
8.84422110552764	0.01560237116618455
9.246231155778895	0.012419971988763882
9.648241206030152	0.007921618577618496
10.050251256281408	0.0034998607924617738
10.452261306532664	0.002870987112033897
10.85427135678392	0.0054075709504156685
11.256281407035177	0.0063271667057682324
11.658291457286433	0.005892535626872806
12.06030150753769	0.005031999656538144
12.462311557788945	0.00753568053418615
12.864321608040202	0.012816772574022969
13.266331658291458	0.018018603805469102
13.668341708542714	0.022853781149258588
14.07035175879397	0.02612962900653573
14.472361809045227	0.027147146872192725
14.874371859296483	0.02641322468405772
15.27638190954774	0.02343107264548159
15.678391959798995	0.01975170757906472
16.080402010050253	0.017463647978517568
16.48241206030151	0.01662420891922654
16.884422110552766	0.01844034556361607
17.286432160804022	0.021387922853087153
17.68844221105528	0.024549453694345337
18.090452261306535	0.027398816906774447
18.49246231155779	0.02936262698306416
18.894472361809047	0.031037140655251254
19.296482412060303	0.03231477540355566
19.69849246231156	0.03440342743671236
20.100502512562816	0.03563729823490429
20.502512562814072	0.0372732959870893
20.90452261306533	0.03821766494290545
21.306532663316585	0.03911216055060369
21.70854271356784	0.038311925228491577
22.110552763819097	0.03428953248898656
22.512562814070353	0.026551739319701263
22.91457286432161	0.014774783368467725
23.316582914572866	0.008408714547489895
23.718592964824122	0.02306235211663077
24.12060301507538	0.039575759047784806
24.522613065326635	0.052406755916879474
24.92462311557789	0.05942427648183381
25.326633165829147	0.06066325915221647
25.728643216080403	0.05621590096744735
26.13065326633166	0.046483956584963675
26.532663316582916	0.03416209226843929
26.934673366834172	0.023693786000612
27.33668341708543	0.02020555983230312
27.738693467336685	0.024729990794966118
28.14070351758794	0.030199277423952887
28.542713567839197	0.03380107100040638
28.944723618090453	0.035885448740111674
29.34673366834171	0.03722447924810467
29.748743718592966	0.03819721777299133
30.150753768844222	0.03795894448942763
30.55276381909548	0.03531019661002469
30.954773869346734	0.030753236597274265
31.35678391959799	0.02467766067453238
31.758793969849247	0.018297268377872856
32.16080402010051	0.013463551431480971
32.56281407035176	0.01370232238553066
32.96482412060302	0.02037484318282695
33.366834170854275	0.0298887993460051
33.76884422110553	0.04008195429952545
34.17085427135679	0.04959842692183983
34.572864321608044	0.05685550514863773
34.9748743718593	0.059690485972895155
35.37688442211056	0.057369312232920765
35.77889447236181	0.04857759080201657
36.18090452261307	0.03514192048547258
36.582914572864325	0.022360332547643635
36.98492462311558	0.024678336697334203
37.38693467336684	0.04029440680589573
37.788944723618094	0.05560987100454651
38.19095477386935	0.0662144779650428
38.59296482412061	0.07152125211141001
38.99497487437186	0.07075337378939857
39.39698492462312	0.0653070905145748
39.798994974874375	0.05688701594850927
40.20100502512563	0.04837633914765639
40.60301507537689	0.04093303428795666
41.005025125628144	0.033555048218684096
41.4070351758794	0.024336988803111546
41.80904522613066	0.01568273927518571
42.21105527638191	0.022815042966025736
42.61306532663317	0.041749935994672964
43.015075376884425	0.06123725454869892
43.41708542713568	0.07590865029332519
43.81909547738694	0.08313598339155161
44.221105527638194	0.08186834281559091
44.62311557788945	0.07243314924531793
45.02512562814071	0.0567953073782527
45.42713567839196	0.038454005446747805
45.82914572864322	0.02191920162395875
46.231155778894475	0.017242771161771163
46.63316582914573	0.025701618373299394
47.03517587939699	0.03497092631483799
47.437185929648244	0.0420402963809397
47.8391959798995	0.047855968414131686
48.24120603015076	0.05345060974421197
48.64321608040201	0.0582366311397689
49.04522613065327	0.060851727187257475
49.447236180904525	0.059596982175160226
49.84924623115578	0.05314279576754133
50.25125628140704	0.04149902107000132
50.653266331658294	0.02644968078127055
51.05527638190955	0.016387153063134235
51.45728643216081	0.027637249158210038
51.85929648241206	0.04509668834359403
52.26130653266332	0.05945521058115817
52.663316582914575	0.0671545476682667
53.06532663316583	0.0667296511232591
53.46733668341709	0.05824831360205618
53.869346733668344	0.04387240242898087
54.2713567839196	0.02594486382065401
54.67336683417086	0.008939677994517546
55.07537688442211	0.009813380035490392
55.47738693467337	0.021279511158318817
55.879396984924625	0.02933238851703273
56.28140703517588	0.03492202887039984
56.68341708542714	0.04000457749307215
57.085427135678394	0.04636121373968544
57.48743718592965	0.052474812598019206
57.88944723618091	0.056605310649166095
58.29145728643216	0.056522925922902166
58.69346733668342	0.05057195545251002
59.095477386934675	0.03852444495899916
59.49748743718593	0.02265143015906288
59.89949748743719	0.016071729291589277
60.301507537688444	0.03240717286728197
60.7035175879397	0.05231948663034704
61.10552763819096	0.06824510486858153
61.50753768844221	0.07723422178993244
61.90954773869347	0.07787897686188062
62.311557788944725	0.07051005632110839
62.71356783919598	0.05657995624810939
63.11557788944724	0.038517924134958546
63.517587939698494	0.020395631994642185
63.91959798994975	0.009767967887946294
64.32160804020101	0.01637798577243343
64.72361809045226	0.025422115835606017
65.12562814070353	0.03332321611833835
65.52763819095478	0.04180576164044493
65.92964824120604	0.05068479146526633
66.33165829145729	0.058745223633204655
66.73366834170855	0.06346165283624723
67.1356783919598	0.06305777575955533
67.53768844221106	0.056803153461106745
67.93969849246231	0.04503158196111491
68.34170854271358	0.030531215647178526
68.74371859296483	0.02244771563365579
69.14572864321609	0.03246565282373734
69.54773869346734	0.0493220228238551
69.9497487437186	0.06352783015615418
70.35175879396985	0.07211675631352088
70.75376884422111	0.07354958590780111
71.15577889447236	0.06839081373216996
71.55778894472363	0.05833738683814257
71.95979899497488	0.04496071079502946
72.36180904522614	0.03034819466856472
72.76381909547739	0.016808646759353615
73.16582914572865	0.010332911213785045
73.5678391959799	0.018634772553026514
73.96984924623116	0.030792013401657475
74.37185929648241	0.04250903161291272
74.77386934673368	0.05246762429114541
75.17587939698493	0.05887740255862735
75.57788944723619	0.060592883138635825
75.97989949748744	0.05719126259742498
76.3819095477387	0.048398128132785434
76.78391959798995	0.03512932359733003
77.18592964824121	0.019320765661543365
77.58793969849246	0.006167383957835489
77.98994974874373	0.018568406439680576
78.39195979899498	0.03338740058277401
78.79396984924624	0.04442375151942851
79.19597989949749	0.050584301279661195
79.59798994974875	0.05145823991724409
80.0	0.047672879723326386
