0.0	0.01351919618254486
0.4020100502512563	0.012834126870019225
0.8040201005025126	0.010070371301760854
1.206030150753769	0.006062860600005714
1.6080402010050252	0.0021863778144933866
2.0100502512562817	0.004836811022056501
2.412060301507538	0.008318832645916464
2.814070351758794	0.010089427240386193
3.2160804020100504	0.00993261965094856
3.6180904522613067	0.007372095648500665
4.020100502512563	0.0031138037441864235
4.42211055276382	0.002198745434040047
4.824120603015076	0.007523511339296693
5.226130653266332	0.012040450038427516
5.628140703517588	0.01480454149153065
6.030150753768845	0.015646813961433904
6.432160804020101	0.014293232180699032
6.834170854271357	0.011014386178963812
7.236180904522613	0.007059810024556715
7.63819095477387	0.004293958225754574
8.040201005025127	0.005193636832374048
8.442211055276383	0.007307771527127735
8.84422110552764	0.007885248085244077
9.246231155778895	0.006176970134351619
9.648241206030152	0.0030397367510510225
10.050251256281408	0.003858174045902956
10.452261306532664	0.009036298665796354
10.85427135678392	0.014014890259028235
11.256281407035177	0.0178543548063562
11.658291457286433	0.019756630046279276
12.06030150753769	0.018764128725543536
12.462311557788945	0.01567619674435951
12.864321608040202	0.010780408557867658
13.266331658291458	0.005738350477628241
13.668341708542714	0.004776084290009612
14.07035175879397	0.008025968745222017
14.472361809045227	0.010686127570202816
14.874371859296483	0.011577941006363427
15.27638190954774	0.011381709138707978
15.678391959798995	0.0102288005722364
16.080402010050253	0.007915473448317516
16.48241206030151	0.00627039235480654
16.884422110552766	0.01159311398145402
17.286432160804022	0.022746279502589277
17.68844221105528	0.03414029768872328
18.090452261306535	0.042294608242173834
18.49246231155779	0.04642468391195979
18.894472361809047	0.04576242153240815
19.296482412060303	0.04135780876397183
19.69849246231156	0.03306562296518116
20.100502512562816	0.02456477007252489
20.502512562814072	0.01987151482401952
20.90452261306533	0.02119526118585624
21.306532663316585	0.02427907332186576
21.70854271356784	0.02567426950677799
22.110552763819097	0.02607770668155552
22.512562814070353	0.02750536421662033
22.91457286432161	0.03336767052828906
23.316582914572866	0.04242526177514158
23.718592964824122	0.05177925148648889
24.12060301507538	0.05899101261077101
24.522613065326635	0.06082379891984683
24.92462311557789	0.056929872639671454
25.326633165829147	0.04825047360021216
25.728643216080403	0.03596162702325294
26.13065326633166	0.022740656008946862
26.532663316582916	0.01133745952322905
26.934673366834172	0.007817480000945766
27.33668341708543	0.011723575728815687
27.738693467336685	0.015342143091843397
28.14070351758794	0.019883234393243167
28.542713567839197	0.02914508567855561
28.944723618090453	0.041625740000866246
29.34673366834171	0.05517924651171552
29.748743718592966	0.06592680162739961
30.150753768844222	0.07050522001130659
30.55276381909548	0.06906785572930954
30.954773869346734	0.06253164124259772
31.35678391959799	0.052123430752366404
31.758793969849247	0.03920090916726837
32.16080402010051	0.0259493855716826
32.56281407035176	0.013136707887476498
32.96482412060302	0.001404260151251743
33.366834170854275	0.00892370757436002
33.76884422110553	0.019393733707192003
34.17085427135679	0.030907931180421157
34.572864321608044	0.04321015269845793
34.9748743718593	0.05478351771812676
35.37688442211056	0.06392598481328479
35.77889447236181	0.0693214150397313
36.18090452261307	0.07006046161951991
36.582914572864325	0.06602216780906137
36.98492462311558	0.05846225368901951
37.38693467336684	0.04727509638696794
37.788944723618094	0.03467588346241944
38.19095477386935	0.021353539885429186
38.59296482412061	0.012589426452910207
38.99497487437186	0.018588835153669225
39.39698492462312	0.032741129995752564
39.798994974874375	0.04801586895655961
40.20100502512563	0.0636033813270756
40.60301507537689	0.07662374098596676
41.005025125628144	0.08559748478786619
41.4070351758794	0.08821300672709556
41.80904522613066	0.08435019462887808
42.21105527638191	0.075437405952643
42.61306532663317	0.0633204448908179
43.015075376884425	0.04966464642658578
43.41708542713568	0.03619900838787905
43.81909547738694	0.024021045864632776
44.221105527638194	0.01772475195968886
44.62311557788945	0.024851989951835986
45.02512562814071	0.0395399771973639
45.42713567839196	0.05476036596691371
45.82914572864322	0.06723294088825936
46.231155778894475	0.0748933270977572
46.63316582914573	0.0765164174637037
47.03517587939699	0.07216211814131099
47.437185929648244	0.06290349235625514
47.8391959798995	0.0506906374017961
48.24120603015076	0.03796147993917677
48.64321608040201	0.026041629375439867
49.04522613065327	0.015730957789545533
49.447236180904525	0.0067417890204034174
49.84924623115578	0.009247706635957025
50.25125628140704	0.022563629031798194
50.653266331658294	0.037963764236460175
51.05527638190955	0.053308292709137374
51.45728643216081	0.06596629290673868
51.85929648241206	0.07409451142354394
52.26130653266332	0.07630208497627329
52.663316582914575	0.07178782537287279
53.06532663316583	0.06141330994293322
53.46733668341709	0.0473023057691971
53.869346733668344	0.03147161789066628
54.2713567839196	0.015984746049787682
54.67336683417086	0.004287808389441414
55.07537688442211	0.011679188962444725
55.47738693467337	0.023654769712493202
55.879396984924625	0.03683519274074462
56.28140703517588	0.05128129647113168
56.68341708542714	0.06551035438909736
57.085427135678394	0.07715964932576037
57.48743718592965	0.08404545569888458
57.88944723618091	0.08449308126698664
58.29145728643216	0.07823685650682695
58.69346733668342	0.06665076959833349
59.095477386934675	0.0513752196284626
59.49748743718593	0.034684029916847436
59.89949748743719	0.01886269347170104
60.301507537688444	0.005480037686878161
60.7035175879397	0.009363579954150141
61.10552763819096	0.022744286378854953
61.50753768844221	0.03721192400223584
61.90954773869347	0.0523183336473516
62.311557788944725	0.06599936927574594
62.71356783919598	0.0758788903373139
63.11557788944724	0.08050828498852251
63.517587939698494	0.0793168100420044
63.91959798994975	0.07187211547418111
64.32160804020101	0.05924189079998413
64.72361809045226	0.04378136082596608
65.12562814070353	0.026891698587271883
65.52763819095478	0.010317413398681885
65.92964824120604	0.006314285044479899
66.33165829145729	0.020260999281842326
66.73366834170855	0.03321722615215196
67.1356783919598	0.04518430529582348
67.53768844221106	0.05522693591658388
67.93969849246231	0.06310353588003739
68.34170854271358	0.06801932292691729
68.74371859296483	0.0694893112422808
69.14572864321609	0.0671215603517699
69.54773869346734	0.06121929724079297
69.9497487437186	0.051759079001795424
70.35175879396985	0.038970769007198015
70.75376884422111	0.024117400282269424
71.15577889447236	0.007892413999856043
71.55778894472363	0.009345967709466626
71.95979899497488	0.025441324012743304
72.36180904522614	0.03991233411994278
72.76381909547739	0.051776500004644954
73.16582914572865	0.06048119944543229
73.5678391959799	0.06560822566607945
73.96984924623116	0.06694335418917408
74.37185929648241	0.06526987092895944
74.77386934673368	0.06051141281887281
75.17587939698493	0.05283724881009714
75.57788944723619	0.04285747365508312
75.97989949748744	0.030625634029352904
76.3819095477387	0.016401816011464225
76.78391959798995	0.0007836687823367914
77.18592964824121	0.016982832577211286
77.58793969849246	0.03423113127180045
77.98994974874373	0.05024112622897033
78.39195979899498	0.06312298812355574
78.79396984924624	0.0718017418512027
79.19597989949749	0.07483805737439869
79.59798994974875	0.07285150425508102
80.0	0.06649498510550574
