0.0	0.02195110553610792
0.4020100502512563	0.01978003234069717
0.8040201005025126	0.014438053552281116
1.206030150753769	0.006882126057419624
1.6080402010050252	0.002861539047860653
2.0100502512562817	0.00981696139746041
2.412060301507538	0.015409643026938327
2.814070351758794	0.017441014245888065
3.2160804020100504	0.015993478421680998
3.6180904522613067	0.011029316878546332
4.020100502512563	0.0035191497101902994
4.42211055276382	0.005272517540405259
4.824120603015076	0.013514278475002472
5.226130653266332	0.01982308170445073
5.628140703517588	0.022993266510682914
6.030150753768845	0.022604578975904864
6.432160804020101	0.01877050196224777
6.834170854271357	0.01226571498140919
7.236180904522613	0.005731344029123857
7.63819095477387	0.006465538461965441
8.040201005025127	0.011916276341637246
8.442211055276383	0.015039616000489702
8.84422110552764	0.014924877482879188
9.246231155778895	0.011693093579899491
9.648241206030152	0.00699146867320617
10.050251256281408	0.007734902825249547
10.452261306532664	0.014267327095868828
10.85427135678392	0.020806974466930882
11.256281407035177	0.025209243874875886
11.658291457286433	0.02664585737773544
12.06030150753769	0.025163834168228223
12.462311557788945	0.021441860584475378
12.864321608040202	0.017639243963171784
13.266331658291458	0.015760847780968732
13.668341708542714	0.017308746707302446
14.07035175879397	0.020481667921586552
14.472361809045227	0.022812217191832254
14.874371859296483	0.024034312881164855
15.27638190954774	0.024465802130187154
15.678391959798995	0.02534039366153304
16.080402010050253	0.02722953089127132
16.48241206030151	0.03020380290391807
16.884422110552766	0.032877526865449445
17.286432160804022	0.03361220117469699
17.68844221105528	0.03191232558029254
18.090452261306535	0.02768643284233262
18.49246231155779	0.021825474579932024
18.894472361809047	0.016465886041789588
19.296482412060303	0.016757572368114326
19.69849246231156	0.022518081131256147
20.100502512562816	0.029609674405062524
20.502512562814072	0.035448762083676796
20.90452261306533	0.03918040170827677
21.306532663316585	0.041162906164483024
21.70854271356784	0.04168149137537964
22.110552763819097	0.04101083383763719
22.512562814070353	0.039484574228491755
22.91457286432161	0.03664145601153941
23.316582914572866	0.032373054917521675
23.718592964824122	0.02668693150600155
24.12060301507538	0.021162515311596634
24.522613065326635	0.01985100857092003
24.92462311557789	0.02507265659258231
25.326633165829147	0.033930165416922856
25.728643216080403	0.04325816263901065
26.13065326633166	0.05126510231644364
26.532663316582916	0.05664513165761024
26.934673366834172	0.05945548869764424
27.33668341708543	0.05935735148132835
27.738693467336685	0.056641769438697864
28.14070351758794	0.05243366898111176
28.542713567839197	0.04733554540654575
28.944723618090453	0.04266633886428052
29.34673366834171	0.03962514612425684
29.748743718592966	0.03900344099869486
30.150753768844222	0.04206779067655188
30.55276381909548	0.048307488882342445
30.954773869346734	0.0559514775116778
31.35678391959799	0.06358217617307356
31.758793969849247	0.06934738737956016
32.16080402010051	0.07191353492395246
32.56281407035176	0.07112305452449949
32.96482412060302	0.06756883743241218
33.366834170854275	0.06187897722680229
33.76884422110553	0.05570246540566829
34.17085427135679	0.049619902830727154
34.572864321608044	0.045126887135159416
34.9748743718593	0.04281507154002705
35.37688442211056	0.043023158503528426
35.77889447236181	0.04583113010891439
36.18090452261307	0.05069010703685648
36.582914572864325	0.05645850240050167
36.98492462311558	0.061802241082547595
37.38693467336684	0.06582249248017477
37.788944723618094	0.06772128357286902
38.19095477386935	0.06687842631012055
38.59296482412061	0.06369479752759868
38.99497487437186	0.058344255217805785
39.39698492462312	0.05190142799124177
39.798994974874375	0.04528280467177146
40.20100502512563	0.03952548088667836
40.60301507537689	0.03509187498753018
41.005025125628144	0.03284822544632656
41.4070351758794	0.03298073247159765
41.80904522613066	0.03614555849832406
42.21105527638191	0.04201786249879805
42.61306532663317	0.04979324971014642
43.015075376884425	0.057850285233990294
43.41708542713568	0.06470533000295711
43.81909547738694	0.06934293297066352
44.221105527638194	0.0711673401545857
44.62311557788945	0.06968734498816535
45.02512562814071	0.06541110384685205
45.42713567839196	0.0589007304226255
45.82914572864322	0.051366345377244736
46.231155778894475	0.04398918557183158
46.63316582914573	0.03818458179678301
47.03517587939699	0.0352829362674371
47.437185929648244	0.03544675537101436
47.8391959798995	0.03916966562971943
48.24120603015076	0.04534945538959324
48.64321608040201	0.052448331573538086
49.04522613065327	0.0595125726061579
49.447236180904525	0.06549290634675208
49.84924623115578	0.06928679648341726
50.25125628140704	0.07049000820267291
50.653266331658294	0.06874194959560022
51.05527638190955	0.06441589068678734
51.45728643216081	0.05789825126107029
51.85929648241206	0.05038409502135967
52.26130653266332	0.042992614129431436
52.663316582914575	0.03709503964891329
53.06532663316583	0.034129953773679875
53.46733668341709	0.03480376390545803
53.869346733668344	0.039109997708650146
54.2713567839196	0.045947726248047084
54.67336683417086	0.05401253294334738
55.07537688442211	0.06152999810470108
55.47738693467337	0.0674801846136329
55.879396984924625	0.0704692272895914
56.28140703517588	0.06997033248598944
56.68341708542714	0.06577283201337135
57.085427135678394	0.058708692331422875
57.48743718592965	0.050087661826651995
57.88944723618091	0.04145587657285901
58.29145728643216	0.034708271832090624
58.69346733668342	0.031265649634784246
59.095477386934675	0.031773218443685865
59.49748743718593	0.03575331177914269
59.89949748743719	0.0421850276586907
60.301507537688444	0.0497005032399777
60.7035175879397	0.057212025104015685
61.10552763819096	0.06300182966711897
61.50753768844221	0.06640561401812872
61.90954773869347	0.06679453694760908
62.311557788944725	0.06402157063090093
62.71356783919598	0.058872330501324774
63.11557788944724	0.05201648822916473
63.517587939698494	0.04523912853768158
63.91959798994975	0.039206002613740014
64.32160804020101	0.035485034249501904
64.72361809045226	0.034526692469664305
65.12562814070353	0.036677437708334815
65.52763819095478	0.04100958771297182
65.92964824120604	0.047030064487195995
66.33165829145729	0.0533664299424893
66.73366834170855	0.058903573287133346
67.1356783919598	0.0630309430395438
67.53768844221106	0.06488349892595337
67.93969849246231	0.06410105280361741
68.34170854271358	0.06092725382839994
68.74371859296483	0.05582301388362239
69.14572864321609	0.04976370358082672
69.54773869346734	0.043702989358801674
69.9497487437186	0.03889706820868684
70.35175879396985	0.035884652481052125
70.75376884422111	0.035494559942036444
71.15577889447236	0.03719833869577539
71.55778894472363	0.04087110228946789
71.95979899497488	0.045733491086604704
72.36180904522614	0.0511635875924113
72.76381909547739	0.05623848281975741
73.16582914572865	0.06046380172983275
73.5678391959799	0.0631987603972223
73.96984924623116	0.06383748572361027
74.37185929648241	0.06193489367660667
74.77386934673368	0.058347010344671366
75.17587939698493	0.052787857018411065
75.57788944723619	0.046683826740749675
75.97989949748744	0.041296280686439125
76.3819095477387	0.037677296384850664
76.78391959798995	0.03657573358849426
77.18592964824121	0.03820489444900139
77.58793969849246	0.042765181098325084
77.98994974874373	0.04915116324568601
78.39195979899498	0.05606304944548418
78.79396984924624	0.06265399892825763
79.19597989949749	0.06740568287561731
79.59798994974875	0.06934890588448876
80.0	0.06816686671511653
