0.0	0.013539455938985413
0.4020100502512563	0.013338004453862054
0.8040201005025126	0.011054643530262729
1.206030150753769	0.006925837709842132
1.6080402010050252	0.001847748048631043
2.0100502512562817	0.003411537212947416
2.412060301507538	0.007505329110699522
2.814070351758794	0.009996541436690659
3.2160804020100504	0.01021651874203907
3.6180904522613067	0.007921795869262477
4.020100502512563	0.003928162342436293
4.42211055276382	0.001312725536960518
4.824120603015076	0.007126783689797693
5.226130653266332	0.012012160435811372
5.628140703517588	0.015294698159029594
6.030150753768845	0.016878257690264634
6.432160804020101	0.015910634855924834
6.834170854271357	0.012826664586308536
7.236180904522613	0.008611762455129294
7.63819095477387	0.0039167984790365405
8.040201005025127	0.0011174437202344579
8.442211055276383	0.004026855669832749
8.84422110552764	0.004943707486367722
9.246231155778895	0.003714555479786763
9.648241206030152	0.0005992548199730185
10.050251256281408	0.003874646129478332
10.452261306532664	0.009303747064124195
10.85427135678392	0.014627532233975227
11.256281407035177	0.018827577593669313
11.658291457286433	0.021319159330998698
12.06030150753769	0.021592308243183967
12.462311557788945	0.019758977048041103
12.864321608040202	0.016208183476135535
13.266331658291458	0.012087891186651701
13.668341708542714	0.008722191414367066
14.07035175879397	0.007554577167552148
14.472361809045227	0.009509176437697015
14.874371859296483	0.011811568649334631
15.27638190954774	0.011579033903790361
15.678391959798995	0.008372340399451502
16.080402010050253	0.008982568780907944
16.48241206030151	0.016425559682740398
16.884422110552766	0.024766667970171952
17.286432160804022	0.030791170218736015
17.68844221105528	0.03297747873416051
18.090452261306535	0.031177082398946572
18.49246231155779	0.026779176534863863
18.894472361809047	0.020610801137118367
19.296482412060303	0.014713303503200322
19.69849246231156	0.012847639108299147
20.100502512562816	0.013416372801981272
20.502512562814072	0.01442440306701108
20.90452261306533	0.013302012581489556
21.306532663316585	0.01063974404505441
21.70854271356784	0.012573446715302375
22.110552763819097	0.0194873346092614
22.512562814070353	0.0272200272232266
22.91457286432161	0.03269080684843677
23.316582914572866	0.03452633210827195
23.718592964824122	0.03282164011687338
24.12060301507538	0.02780596418920258
24.522613065326635	0.02126312316656445
24.92462311557789	0.014435219204753751
25.326633165829147	0.011985721285659683
25.728643216080403	0.013716679393488326
26.13065326633166	0.016076273648090222
26.532663316582916	0.01524170954251953
26.934673366834172	0.012651090032223311
27.33668341708543	0.009343757154273142
27.738693467336685	0.0100127656312325
28.14070351758794	0.01721947617744185
28.542713567839197	0.02627294731461071
28.944723618090453	0.03419369490798782
29.34673366834171	0.0391470195185248
29.748743718592966	0.03896627120902898
30.150753768844222	0.034607391661995675
30.55276381909548	0.027690378023806073
30.954773869346734	0.021552323696123834
31.35678391959799	0.022339109216053265
31.758793969849247	0.02847303533622945
32.16080402010051	0.03378128126438825
32.56281407035176	0.03609188584527977
32.96482412060302	0.03405512002718711
33.366834170854275	0.02925649736053616
33.76884422110553	0.025913568797701892
34.17085427135679	0.0298616675246465
34.572864321608044	0.03907529455738681
34.9748743718593	0.047634475425978456
35.37688442211056	0.052357600225494905
35.77889447236181	0.05201849241151248
36.18090452261307	0.04643653313203402
36.582914572864325	0.03951122750250549
36.98492462311558	0.03666476257773313
37.38693467336684	0.039752140483159566
37.788944723618094	0.045484497998283295
38.19095477386935	0.04947097521155962
38.59296482412061	0.04968272207711112
38.99497487437186	0.04788310604158551
39.39698492462312	0.046220871261691915
39.798994974874375	0.04725121149155295
40.20100502512563	0.049928339299008154
40.60301507537689	0.051316004735070885
41.005025125628144	0.05004418455134528
41.4070351758794	0.04461027634168429
41.80904522613066	0.03629934017160945
42.21105527638191	0.027693650388519887
42.61306532663317	0.024637822277963968
43.015075376884425	0.030819941378368798
43.41708542713568	0.04070298768821702
43.81909547738694	0.04921269583215628
44.221105527638194	0.0541959534311607
44.62311557788945	0.05493461779909464
45.02512562814071	0.05258073478735674
45.42713567839196	0.0491553544282301
45.82914572864322	0.04607705393119663
46.231155778894475	0.04387668776108493
46.63316582914573	0.040966811821932334
47.03517587939699	0.03526602063104472
47.437185929648244	0.02645809353261891
47.8391959798995	0.016244772779277404
48.24120603015076	0.015375229700155122
48.64321608040201	0.027252269768984778
49.04522613065327	0.04058068999995708
49.447236180904525	0.05071384279433734
49.84924623115578	0.05589691321028308
50.25125628140704	0.05586683589341065
50.653266331658294	0.05138139615454994
51.05527638190955	0.04425006741326239
51.45728643216081	0.03704674863470336
51.85929648241206	0.031243446016007835
52.26130653266332	0.027166191429022823
52.663316582914575	0.022744321664757965
53.06532663316583	0.017138553988620804
53.46733668341709	0.012354774549015787
53.869346733668344	0.01744780530627869
54.2713567839196	0.0298587670970173
54.67336683417086	0.04319814607730374
55.07537688442211	0.05443172808845496
55.47738693467337	0.06162969147370848
55.879396984924625	0.06406405951200927
56.28140703517588	0.06120983947083832
56.68341708542714	0.0535224498133664
57.085427135678394	0.04343777917919713
57.48743718592965	0.033379502567580474
57.88944723618091	0.024840720431053405
58.29145728643216	0.018014941726749355
58.69346733668342	0.01257301537195615
59.095477386934675	0.010535922396199826
59.49748743718593	0.018355714023328716
59.89949748743719	0.03168627326294822
60.301507537688444	0.045671691117210596
60.7035175879397	0.05755988414451359
61.10552763819096	0.06500596253917293
61.50753768844221	0.066745019745116
61.90954773869347	0.06254692398910351
62.311557788944725	0.05379029588894106
62.71356783919598	0.04200990853984018
63.11557788944724	0.029724192630782954
63.517587939698494	0.018871168482520222
63.91959798994975	0.010909587583757088
64.32160804020101	0.007308123871066327
64.72361809045226	0.011598234801186325
65.12562814070353	0.021549423854057233
65.52763819095478	0.033754783799712376
65.92964824120604	0.046518393282846245
66.33165829145729	0.057124557921827704
66.73366834170855	0.06425113642205417
67.1356783919598	0.06644014585556571
67.53768844221106	0.06385083416413892
67.93969849246231	0.05681951512377831
68.34170854271358	0.04691217326793336
68.74371859296483	0.035545556619645605
69.14572864321609	0.02481762239975848
69.54773869346734	0.01795637816525072
69.9497487437186	0.017762674617341923
70.35175879396985	0.022418595089348292
70.75376884422111	0.02848251549365987
71.15577889447236	0.03510037856756561
71.55778894472363	0.04152504720707546
71.95979899497488	0.04737910529773077
72.36180904522614	0.05204537777712953
72.76381909547739	0.05460488048714572
73.16582914572865	0.05464707447466447
73.5678391959799	0.05166502814075922
73.96984924623116	0.045999514415955484
74.37185929648241	0.03837602640527055
74.77386934673368	0.029791537889589575
75.17587939698493	0.02372152109208561
75.57788944723619	0.023031252728613248
75.97989949748744	0.027576830272923132
76.3819095477387	0.03412228198651359
76.78391959798995	0.04070433572769837
77.18592964824121	0.04587170109583747
77.58793969849246	0.049349949729862154
77.98994974874373	0.05031951988732797
78.39195979899498	0.049132604444993816
78.79396984924624	0.045601682456060104
79.19597989949749	0.039970238815861224
79.59798994974875	0.033612166223615694
80.0	0.027060043444734505
