0.0	0.018875845183505328
0.4020100502512563	0.01724606879906502
0.8040201005025126	0.013018270099449189
1.206030150753769	0.00678950427209247
1.6080402010050252	0.0014861191383723925
2.0100502512562817	0.007255873632078238
2.412060301507538	0.011972060515868865
2.814070351758794	0.014227516028547119
3.2160804020100504	0.013350356018945669
3.6180904522613067	0.009474038755737407
4.020100502512563	0.003370884956494264
4.42211055276382	0.0038360064311226344
4.824120603015076	0.010985309780621568
5.226130653266332	0.01663868086368498
5.628140703517588	0.019831442432855933
6.030150753768845	0.020277162158798618
6.432160804020101	0.017818156344885493
6.834170854271357	0.012992419978877545
7.236180904522613	0.0072134975467624705
7.63819095477387	0.0034870917745194324
8.040201005025127	0.006651002375641399
8.442211055276383	0.009683041371963434
8.84422110552764	0.010298983683215305
9.246231155778895	0.009027323524711622
9.648241206030152	0.008220927289422282
10.050251256281408	0.011763813559714276
10.452261306532664	0.018068026333836095
10.85427135678392	0.02426137786620944
11.256281407035177	0.028910993340907097
11.658291457286433	0.03138182092261026
12.06030150753769	0.031148219777533674
12.462311557788945	0.028612918419024462
12.864321608040202	0.02419484088048767
13.266331658291458	0.018701041028862685
13.668341708542714	0.01258362763795134
14.07035175879397	0.011211543733936171
14.472361809045227	0.015333273348869475
14.874371859296483	0.017808494324467402
15.27638190954774	0.01536438973692639
15.678391959798995	0.008165534510005932
16.080402010050253	0.005126066490152107
16.48241206030151	0.01683473061765964
16.884422110552766	0.029258399502035265
17.286432160804022	0.03819774008393025
17.68844221105528	0.042394850442877365
18.090452261306535	0.04122438639388878
18.49246231155779	0.03521769591678534
18.894472361809047	0.027626633776193447
19.296482412060303	0.02433142083530196
19.69849246231156	0.027543292048505946
20.100502512562816	0.03273936140376425
20.502512562814072	0.03561829860429119
20.90452261306533	0.03425217096419286
21.306532663316585	0.027759527810210398
21.70854271356784	0.021225071149728436
22.110552763819097	0.02381548825822532
22.512562814070353	0.033591909607791286
22.91457286432161	0.042788115610146935
23.316582914572866	0.04711145945423602
23.718592964824122	0.04645699276870205
24.12060301507538	0.043217509656199284
24.522613065326635	0.03888301311932357
24.92462311557789	0.03714497230346608
25.326633165829147	0.037942880253729064
25.728643216080403	0.040228057261247
26.13065326633166	0.04204837564416998
26.532663316582916	0.041567398723288525
26.934673366834172	0.03831014547501928
27.33668341708543	0.032722807589405475
27.738693467336685	0.028126366752204306
28.14070351758794	0.029720122664887154
28.542713567839197	0.038200370201500126
28.944723618090453	0.047529573333207176
29.34673366834171	0.0539928757693961
29.748743718592966	0.05589486118070941
30.150753768844222	0.05326469803397158
30.55276381909548	0.04818883104021417
30.954773869346734	0.04312598885666082
31.35678391959799	0.04072429137388973
31.758793969849247	0.04210999271567579
32.16080402010051	0.045282402983823855
32.56281407035176	0.04787098256956756
32.96482412060302	0.04807790240165834
33.366834170854275	0.04632374662486129
33.76884422110553	0.04380575706850283
34.17085427135679	0.042039330866775367
34.572864321608044	0.041354845287756445
34.9748743718593	0.041252185890349
35.37688442211056	0.03999413840197229
35.77889447236181	0.036748609366329905
36.18090452261307	0.03257961700903801
36.582914572864325	0.029217245697171407
36.98492462311558	0.028900244388655332
37.38693467336684	0.030517213020137417
37.788944723618094	0.03146798191019111
38.19095477386935	0.029887826774414972
38.59296482412061	0.025552406903196063
38.99497487437186	0.019732735205845234
39.39698492462312	0.01508541025495241
39.798994974874375	0.014802262828158963
40.20100502512563	0.01819778413051909
40.60301507537689	0.021346962267900633
41.005025125628144	0.02183030168071807
41.4070351758794	0.019439813210379412
41.80904522613066	0.014793250230230254
42.21105527638191	0.010067032274711864
42.61306532663317	0.010763537650553911
43.015075376884425	0.01599502581589136
43.41708542713568	0.02163956608434565
43.81909547738694	0.024879078506111325
44.221105527638194	0.02521676768844052
44.62311557788945	0.022661502989329584
45.02512562814071	0.018647286347200188
45.42713567839196	0.016085476606984006
45.82914572864322	0.018135849002539367
46.231155778894475	0.0229942324742436
46.63316582914573	0.02811793923043713
47.03517587939699	0.031898191616286806
47.437185929648244	0.0336907132465265
47.8391959798995	0.034275467301508
48.24120603015076	0.03447281150941848
48.64321608040201	0.035431053829258256
49.04522613065327	0.03652094694338206
49.447236180904525	0.03732307971415068
49.84924623115578	0.03747030528402087
50.25125628140704	0.03728810930711794
50.653266331658294	0.036980990923476884
51.05527638190955	0.03732687853675419
51.45728643216081	0.039293573353548925
51.85929648241206	0.04260489608108204
52.26130653266332	0.04626703214177576
52.663316582914575	0.04937756910336777
53.06532663316583	0.05114301056139451
53.46733668341709	0.05155349228472643
53.869346733668344	0.05066674009298664
54.2713567839196	0.04862699755678491
54.67336683417086	0.04667692875289472
55.07537688442211	0.0452451063510657
55.47738693467337	0.04423939918801938
55.879396984924625	0.04390418800446812
56.28140703517588	0.0444353397626341
56.68341708542714	0.04638576159230873
57.085427135678394	0.04952697010667798
57.48743718592965	0.053047004601459745
57.88944723618091	0.05488638029377195
58.29145728643216	0.05425642571537905
58.69346733668342	0.05073538809274537
59.095477386934675	0.044333485365376714
59.49748743718593	0.03604954430203009
59.89949748743719	0.027294602623556187
60.301507537688444	0.018818053364468908
60.7035175879397	0.012276862206775789
61.10552763819096	0.008045200296528793
61.50753768844221	0.005925980972899104
61.90954773869347	0.005631997546827789
62.311557788944725	0.008459650631607599
62.71356783919598	0.01332627484175845
63.11557788944724	0.018607076296667465
63.517587939698494	0.022414758600585595
63.91959798994975	0.023921668712328054
64.32160804020101	0.02229616938660231
64.72361809045226	0.01782714909151212
65.12562814070353	0.011169763492136633
65.52763819095478	0.005304494960039785
65.92964824120604	0.009309470956570738
66.33165829145729	0.016210673564820352
66.73366834170855	0.021701884329149195
67.1356783919598	0.024950716946980322
67.53768844221106	0.025860769438726523
67.93969849246231	0.025325297537408104
68.34170854271358	0.02400345886680664
68.74371859296483	0.02293125500164467
69.14572864321609	0.022260126995165806
69.54773869346734	0.022199873562771692
69.9497487437186	0.022702740916277664
70.35175879396985	0.024516239977364945
70.75376884422111	0.028520893013071664
71.15577889447236	0.034758324422893956
71.55778894472363	0.04266274285170558
71.95979899497488	0.050075908084939044
72.36180904522614	0.05570849764380391
72.76381909547739	0.05861755995915417
73.16582914572865	0.058540973831350665
73.5678391959799	0.05573795627486076
73.96984924623116	0.050836654194197285
74.37185929648241	0.044841252735861356
74.77386934673368	0.03845780017766145
75.17587939698493	0.03286752713567731
75.57788944723619	0.02921844672740938
75.97989949748744	0.02776874031190691
76.3819095477387	0.028587690357103512
76.78391959798995	0.03140524368437364
77.18592964824121	0.03572860128362116
77.58793969849246	0.04017353167693827
77.98994974874373	0.04432741115783463
78.39195979899498	0.04706306093030392
78.79396984924624	0.04789127902361766
79.19597989949749	0.046228769092463685
79.59798994974875	0.0425348776448056
80.0	0.037050120824972665
