0.0	0.011786704565076207
0.4020100502512563	0.012954528317980617
0.8040201005025126	0.012104269508229555
1.206030150753769	0.009830696628314603
1.6080402010050252	0.0060044718150917015
2.0100502512562817	0.0026714922033560023
2.412060301507538	0.0037211788627014653
2.814070351758794	0.006188400404347324
3.2160804020100504	0.0070991944867017836
3.6180904522613067	0.006419021170968968
4.020100502512563	0.0038189920524588465
4.42211055276382	0.0017510459316514323
4.824120603015076	0.005783586422571644
5.226130653266332	0.01048831268260329
5.628140703517588	0.014359194860340454
6.030150753768845	0.01650086664699401
6.432160804020101	0.01700285282100652
6.834170854271357	0.015543663991141463
7.236180904522613	0.012488109973437264
7.63819095477387	0.00887595734320578
8.040201005025127	0.005302040941092535
8.442211055276383	0.0028950612362323427
8.84422110552764	0.00167808188052839
9.246231155778895	0.0005029178867213399
9.648241206030152	0.0027933109297139415
10.050251256281408	0.007132211237435032
10.452261306532664	0.012413287188784337
10.85427135678392	0.017927011554696545
11.256281407035177	0.02288748902997332
11.658291457286433	0.026492421396425075
12.06030150753769	0.028360964215944473
12.462311557788945	0.028566664891314937
12.864321608040202	0.027221629641617773
13.266331658291458	0.02490455043619207
13.668341708542714	0.022148743811953274
14.07035175879397	0.020009034682053183
14.472361809045227	0.01877018919588275
14.874371859296483	0.01940003515953211
15.27638190954774	0.021908863114404913
15.678391959798995	0.026052869163859994
16.080402010050253	0.03116274528060497
16.48241206030151	0.036283572420467994
16.884422110552766	0.04016165271293025
17.286432160804022	0.04179425462887649
17.68844221105528	0.040776693934983184
18.090452261306535	0.03703622118642068
18.49246231155779	0.03125402195983429
18.894472361809047	0.024769672176523795
19.296482412060303	0.019602282818734783
19.69849246231156	0.016448410530591047
20.100502512562816	0.016130418282102328
20.502512562814072	0.018523385627259633
20.90452261306533	0.023538050450869298
21.306532663316585	0.030291158420178283
21.70854271356784	0.03753518237589916
22.110552763819097	0.043615189998584124
22.512562814070353	0.04723798777960829
22.91457286432161	0.04760876302073576
23.316582914572866	0.0450368560512081
23.718592964824122	0.04005431478440714
24.12060301507538	0.03419766221564816
24.522613065326635	0.028541264209035196
24.92462311557789	0.024699727205530247
25.326633165829147	0.02261675552616456
25.728643216080403	0.021675629962196616
26.13065326633166	0.02189349984927365
26.532663316582916	0.0238352160228158
26.934673366834172	0.028152807117009883
27.33668341708543	0.03405227324598299
27.738693467336685	0.04007019022151261
28.14070351758794	0.04479008932456318
28.542713567839197	0.047504496894872156
28.944723618090453	0.04815685725690146
29.34673366834171	0.04695562871672142
29.748743718592966	0.04465277191567109
30.150753768844222	0.04146879358295437
30.55276381909548	0.0383114529588216
30.954773869346734	0.035519719069421786
31.35678391959799	0.03337276526257264
31.758793969849247	0.03224764678451113
32.16080402010051	0.032616337259585515
32.56281407035176	0.03477434589784412
32.96482412060302	0.0394178990712063
33.366834170854275	0.046164275554498944
33.76884422110553	0.054357068155591645
34.17085427135679	0.06199712777930446
34.572864321608044	0.06814374366390955
34.9748743718593	0.07147562956299161
35.37688442211056	0.0714930427627385
35.77889447236181	0.06838610496303145
36.18090452261307	0.06283208108827751
36.582914572864325	0.0561097197058247
36.98492462311558	0.0495505934057315
37.38693467336684	0.04438575944977917
37.788944723618094	0.04177894160330047
38.19095477386935	0.04188696381848024
38.59296482412061	0.04473268308798227
38.99497487437186	0.05012915267083201
39.39698492462312	0.05678896126757984
39.798994974874375	0.06385868569805035
40.20100502512563	0.0695285992061602
40.60301507537689	0.07257683973190296
41.005025125628144	0.07227533561127857
41.4070351758794	0.06890294069523861
41.80904522613066	0.06273990790092361
42.21105527638191	0.05501073373319856
42.61306532663317	0.04758415446547698
43.015075376884425	0.041783498289312646
43.41708542713568	0.03885369812166281
43.81909547738694	0.039304618529221604
44.221105527638194	0.04247795894642163
44.62311557788945	0.047519865865293914
45.02512562814071	0.05359843435284484
45.42713567839196	0.059706927777931094
45.82914572864322	0.0648248756197137
46.231155778894475	0.0678954426571972
46.63316582914573	0.06848188586233227
47.03517587939699	0.06617263944907067
47.437185929648244	0.06088628660896106
47.8391959798995	0.05407911085046248
48.24120603015076	0.04660428697683079
48.64321608040201	0.04004933531807556
49.04522613065327	0.03615550244451394
49.447236180904525	0.035038571563518216
49.84924623115578	0.03677790992325811
50.25125628140704	0.04032931875174968
50.653266331658294	0.0453185537423715
51.05527638190955	0.05094664583758509
51.45728643216081	0.05674767560580507
51.85929648241206	0.06148799797501936
52.26130653266332	0.06418205547532516
52.663316582914575	0.06396298244464342
53.06532663316583	0.06103055839351466
53.46733668341709	0.056037311472321404
53.869346733668344	0.04945154761763035
54.2713567839196	0.04298419151969031
54.67336683417086	0.038040288198663716
55.07537688442211	0.03584327518609422
55.47738693467337	0.03631498245075492
55.879396984924625	0.03886630277872461
56.28140703517588	0.042703562459958086
56.68341708542714	0.047522356897802584
57.085427135678394	0.053019958445781466
57.48743718592965	0.05854706921060458
57.88944723618091	0.06295360157930627
58.29145728643216	0.0653511401159958
58.69346733668342	0.06487215310943448
59.095477386934675	0.06147011785457436
59.49748743718593	0.05554500737010913
59.89949748743719	0.04827387502452444
60.301507537688444	0.04159630971471347
60.7035175879397	0.0371111070753609
61.10552763819096	0.03563267523151114
61.50753768844221	0.03702381699468946
61.90954773869347	0.040298320337617474
62.311557788944725	0.0449269909765338
62.71356783919598	0.050731408074230634
63.11557788944724	0.05662135208088028
63.517587939698494	0.06193168768597085
63.91959798994975	0.06557661355809533
64.32160804020101	0.06658960645479259
64.72361809045226	0.06482891545262208
65.12562814070353	0.06028834116026669
65.52763819095478	0.05441829731754753
65.92964824120604	0.04788321953339676
66.33165829145729	0.042454398707274243
66.73366834170855	0.039311883839839905
67.1356783919598	0.038696806201352824
67.53768844221106	0.040368826550224245
67.93969849246231	0.04403255616570416
68.34170854271358	0.04926723459159083
68.74371859296483	0.055214425892838426
69.14572864321609	0.06074908561451413
69.54773869346734	0.06504916465640528
69.9497487437186	0.0672014856416637
70.35175879396985	0.06633439468956968
70.75376884422111	0.06257036327785465
71.15577889447236	0.056905339929823696
71.55778894472363	0.05017873333304677
71.95979899497488	0.04360699931089317
72.36180904522614	0.03879872393195925
72.76381909547739	0.037015057043531745
73.16582914572865	0.03794420447030945
73.5678391959799	0.04124693606248157
73.96984924623116	0.04633437276985573
74.37185929648241	0.05252869221442117
74.77386934673368	0.05832351283431836
75.17587939698493	0.06328490018765666
75.57788944723619	0.06603597356249297
75.97989949748744	0.06606772829530964
76.3819095477387	0.06352830024938352
76.78391959798995	0.058493506545108966
77.18592964824121	0.05222228710739024
77.58793969849246	0.04533703026331166
77.98994974874373	0.03943377777498364
78.39195979899498	0.03543521795878845
78.79396984924624	0.034542401877870305
79.19597989949749	0.03665440798669902
79.59798994974875	0.04092406539040941
80.0	0.04651139182779686
