0.0	0.00950887129584961
0.4020100502512563	0.00870741417814792
0.8040201005025126	0.007270531390745402
1.206030150753769	0.006284995083629741
1.6080402010050252	0.006243811097930008
2.0100502512562817	0.007279991349877545
2.412060301507538	0.008120556729118078
2.814070351758794	0.008069250464522159
3.2160804020100504	0.006978239098693699
3.6180904522613067	0.004840864752710585
4.020100502512563	0.002830232545457466
4.42211055276382	0.003294722670271616
4.824120603015076	0.0060190163168386095
5.226130653266332	0.008368849519014846
5.628140703517588	0.010126708081082911
6.030150753768845	0.01125545427415019
6.432160804020101	0.011509081407911365
6.834170854271357	0.01180170318215842
7.236180904522613	0.01237551485342658
7.63819095477387	0.01260091315966189
8.040201005025127	0.012551386606074655
8.442211055276383	0.011884932813528386
8.84422110552764	0.010170984235853555
9.246231155778895	0.007835163673430479
9.648241206030152	0.006314254361320394
10.050251256281408	0.008068486935336166
10.452261306532664	0.01217863140066805
10.85427135678392	0.01682255803972102
11.256281407035177	0.021251964099952482
11.658291457286433	0.025194040562023373
12.06030150753769	0.027692337242565257
12.462311557788945	0.028871095026265958
12.864321608040202	0.028382355250617435
13.266331658291458	0.026275593804621817
13.668341708542714	0.02278141175525347
14.07035175879397	0.017837509890726563
14.472361809045227	0.01249381724153994
14.874371859296483	0.008377033692515188
15.27638190954774	0.007370719398325384
15.678391959798995	0.007180665752897745
16.080402010050253	0.008657903927163616
16.48241206030151	0.0158118469399453
16.884422110552766	0.02628040741109892
17.286432160804022	0.03792964270445533
17.68844221105528	0.05140342298965531
18.090452261306535	0.06284676391846201
18.49246231155779	0.07352697908007148
18.894472361809047	0.07948406575842087
19.296482412060303	0.08072662946943764
19.69849246231156	0.07606160473608288
20.100502512562816	0.06631980627159223
20.502512562814072	0.053319056835068844
20.90452261306533	0.03980007929487357
21.306532663316585	0.029579202591566718
21.70854271356784	0.0226568252786313
22.110552763819097	0.017395094119094286
22.512562814070353	0.016983378353343806
22.91457286432161	0.028941962268913483
23.316582914572866	0.04827152840036135
23.718592964824122	0.06895445877143587
24.12060301507538	0.08763878873018391
24.522613065326635	0.10052935490168949
24.92462311557789	0.10456226691476633
25.326633165829147	0.09838795734116994
25.728643216080403	0.08293446395117803
26.13065326633166	0.0613193488494867
26.532663316582916	0.03900997725576475
26.934673366834172	0.02161860958810995
27.33668341708543	0.013715043969409738
27.738693467336685	0.010778187607718098
28.14070351758794	0.004147198915443767
28.542713567839197	0.008213592835037802
28.944723618090453	0.024811592617469496
29.34673366834171	0.044226990421650576
29.748743718592966	0.06314436127903662
30.150753768844222	0.07890504683015373
30.55276381909548	0.08866817701624083
30.954773869346734	0.09004023616280601
31.35678391959799	0.0825816607148573
31.758793969849247	0.06748556252150481
32.16080402010051	0.04719859575023007
32.56281407035176	0.02590850573069896
32.96482412060302	0.012588734017063206
33.366834170854275	0.018459355463485462
33.76884422110553	0.024141830881295415
34.17085427135679	0.021495082914004933
34.572864321608044	0.011461996286247033
34.9748743718593	0.008868552814852618
35.37688442211056	0.02705465556468693
35.77889447236181	0.045073090489211855
36.18090452261307	0.058881391389740245
36.582914572864325	0.0663361129507684
36.98492462311558	0.06595612662697095
37.38693467336684	0.05829860365763556
37.788944723618094	0.045234642325281085
38.19095477386935	0.029998687171813053
38.59296482412061	0.019679477599158633
38.99497487437186	0.022357883789206383
39.39698492462312	0.028536801745846614
39.798994974874375	0.029922433188499194
40.20100502512563	0.024810791435487818
40.60301507537689	0.01277421713401657
41.005025125628144	0.008107706123574459
41.4070351758794	0.025863629049659963
41.80904522613066	0.043461709588671085
42.21105527638191	0.05654349836862974
42.61306532663317	0.06343054652598387
43.015075376884425	0.06360267363409974
43.41708542713568	0.0571139255259621
43.81909547738694	0.046184904937878274
44.221105527638194	0.034885477708541286
44.62311557788945	0.0290430467189823
45.02512562814071	0.03033596278841067
45.42713567839196	0.032818409394430884
45.82914572864322	0.031630195490482724
46.231155778894475	0.02370475763535831
46.63316582914573	0.00978846906469551
47.03517587939699	0.007494312737194071
47.437185929648244	0.02550300512939242
47.8391959798995	0.041839447765380795
48.24120603015076	0.05328910430759019
48.64321608040201	0.05808645510631344
49.04522613065327	0.05610603487306848
49.447236180904525	0.04837007220352976
49.84924623115578	0.038144408613177985
50.25125628140704	0.030851519181883603
50.653266331658294	0.031911035137823715
51.05527638190955	0.036470141773152005
51.45728643216081	0.03829587084562443
51.85929648241206	0.0341407872741699
52.26130653266332	0.023804788271358644
52.663316582914575	0.008310425860917717
53.06532663316583	0.010733814287575336
53.46733668341709	0.028305703078484384
53.869346733668344	0.04267752555957749
54.2713567839196	0.05088349053614259
54.67336683417086	0.051928670466783386
55.07537688442211	0.046119508577734496
55.47738693467337	0.036320027643795674
55.879396984924625	0.028658677729819854
56.28140703517588	0.02922051311438133
56.68341708542714	0.03525093604597012
57.085427135678394	0.03901940436560149
57.48743718592965	0.03644820606151348
57.88944723618091	0.027268206858500076
58.29145728643216	0.012510296176702402
58.69346733668342	0.007706639233726481
59.095477386934675	0.02520995272593246
59.49748743718593	0.040550270999329396
59.89949748743719	0.05047297476905319
60.301507537688444	0.05355898153942316
60.7035175879397	0.04960759939843567
61.10552763819096	0.04052560719447319
61.50753768844221	0.031109214504342737
61.90954773869347	0.028001608905935498
62.311557788944725	0.0336554525057687
62.71356783919598	0.040237922325268446
63.11557788944724	0.04233625658716682
63.517587939698494	0.038124410913388515
63.91959798994975	0.028122521359977372
64.32160804020101	0.014277653924456565
64.72361809045226	0.009483608125850024
65.12562814070353	0.022857430767183242
65.52763819095478	0.03478980743369063
65.92964824120604	0.04137638638352605
66.33165829145729	0.04144975855733356
66.73366834170855	0.0354744299869928
67.1356783919598	0.026147594432392108
67.53768844221106	0.01993216280860145
67.93969849246231	0.02393610890411573
68.34170854271358	0.03283124478982471
68.74371859296483	0.039178304397466675
69.14572864321609	0.03985941176427054
69.54773869346734	0.03381417405109306
69.9497487437186	0.02216148123989583
70.35175879396985	0.008142554948308353
70.75376884422111	0.012830841763981188
71.15577889447236	0.02730030358818178
71.55778894472363	0.037828533745952235
71.95979899497488	0.04221635743251027
72.36180904522614	0.03993273734933496
72.76381909547739	0.031677555246376214
73.16582914572865	0.02029942243850882
73.5678391959799	0.01418175201376726
73.96984924623116	0.02260279801596312
74.37185929648241	0.033453458742673976
74.77386934673368	0.03983349969127851
75.17587939698493	0.03973960454104568
75.57788944723619	0.032833795279766154
75.97989949748744	0.020649529194262575
76.3819095477387	0.006305041043953535
76.78391959798995	0.01393418612927722
77.18592964824121	0.028030740726462
77.58793969849246	0.03770595560087713
77.98994974874373	0.04051291963791768
78.39195979899498	0.03660686057367603
78.79396984924624	0.026373598610944675
79.19597989949749	0.012241638942499281
79.59798994974875	0.008160058629066914
80.0	0.022251094750711124
