0.0	0.018271519952788466
0.4020100502512563	0.016418050238084188
0.8040201005025126	0.01198795874378181
1.206030150753769	0.005658971941254696
1.6080402010050252	0.0016159239220598272
2.0100502512562817	0.007898634844216525
2.412060301507538	0.012250030358628228
2.814070351758794	0.014005938939933862
3.2160804020100504	0.012686089152671057
3.6180904522613067	0.008560252356250877
4.020100502512563	0.002522094811887547
4.42211055276382	0.004643183153599311
4.824120603015076	0.011307878832143344
5.226130653266332	0.016505642961064677
5.628140703517588	0.019096151323994025
6.030150753768845	0.018625032544431645
6.432160804020101	0.015377751174237387
6.834170854271357	0.010049651970032773
7.236180904522613	0.003838082772343153
7.63819095477387	0.0038903427818752826
8.040201005025127	0.008626006174327655
8.442211055276383	0.011282085698414174
8.84422110552764	0.010820851544462436
9.246231155778895	0.007587562578991252
9.648241206030152	0.002104311676068859
10.050251256281408	0.0056975223720658694
10.452261306532664	0.013197097092445098
10.85427135678392	0.01958733497131379
11.256281407035177	0.02382626699226547
11.658291457286433	0.025262026545279696
12.06030150753769	0.023590539018105056
12.462311557788945	0.019500158485737846
12.864321608040202	0.014210625308207514
13.266331658291458	0.008801094640427004
13.668341708542714	0.005749116119540968
14.07035175879397	0.00586053673285571
14.472361809045227	0.005760254680561788
14.874371859296483	0.005366262763424596
15.27638190954774	0.008244661321496994
15.678391959798995	0.014332685142211293
16.080402010050253	0.021700409109298387
16.48241206030151	0.028548029781753782
16.884422110552766	0.033244945146430886
17.286432160804022	0.03534697185976616
17.68844221105528	0.03467585110997028
18.090452261306535	0.031275478958940436
18.49246231155779	0.02655656061784681
18.894472361809047	0.021687008775569346
19.296482412060303	0.01755211841133962
19.69849246231156	0.014986256247510188
20.100502512562816	0.013592876325910715
20.502512562814072	0.012973178659132625
20.90452261306533	0.013882119592770237
21.306532663316585	0.017995221092353478
21.70854271356784	0.024755709172186127
22.110552763819097	0.03240693457975612
22.512562814070353	0.039238243715500394
22.91457286432161	0.044067306534967335
23.316582914572866	0.046403078837227635
23.718592964824122	0.046205524304985326
24.12060301507538	0.04402720149300498
24.522613065326635	0.04090575650517826
24.92462311557789	0.03792998588047441
25.326633165829147	0.035076750968442136
25.728643216080403	0.03313457921123335
26.13065326633166	0.03203655479410386
26.532663316582916	0.03181625480485449
26.934673366834172	0.03347875120004784
27.33668341708543	0.03724147662254361
27.738693467336685	0.04296308561113984
28.14070351758794	0.04931240741025071
28.542713567839197	0.05536166449382133
28.944723618090453	0.06019570120701591
29.34673366834171	0.06336928716614568
29.748743718592966	0.06467363143082647
30.150753768844222	0.06403035834240514
30.55276381909548	0.06213193881527842
30.954773869346734	0.05918895078579273
31.35678391959799	0.055560623493409914
31.758793969849247	0.05138060812621046
32.16080402010051	0.04718945358844746
32.56281407035176	0.04304766624998431
32.96482412060302	0.03964508803036573
33.366834170854275	0.03844862538906387
33.76884422110553	0.04018188710172335
34.17085427135679	0.044824890480684665
34.572864321608044	0.051492297404488054
34.9748743718593	0.05853846442296212
35.37688442211056	0.06476184889771096
35.77889447236181	0.06887113217755293
36.18090452261307	0.07002597488480414
36.582914572864325	0.06762890613674666
36.98492462311558	0.0621367478989164
37.38693467336684	0.05436736521627185
37.788944723618094	0.04568368850564394
38.19095477386935	0.03747578130703232
38.59296482412061	0.03126880563401501
38.99497487437186	0.02764937335487299
39.39698492462312	0.02749259456357687
39.798994974874375	0.030979611341165465
40.20100502512563	0.037249176693672156
40.60301507537689	0.04508720101002322
41.005025125628144	0.05272305508215626
41.4070351758794	0.058640235013728524
41.80904522613066	0.06162815731724695
42.21105527638191	0.061422561869581394
42.61306532663317	0.05796524041136817
43.015075376884425	0.05180816510190771
43.41708542713568	0.04440602229615278
43.81909547738694	0.03694907702533896
44.221105527638194	0.03075342861875392
44.62311557788945	0.026619404474748302
45.02512562814071	0.02462621827197752
45.42713567839196	0.02542278377374762
45.82914572864322	0.028963521721824065
46.231155778894475	0.03500139147042198
46.63316582914573	0.042509413322630654
47.03517587939699	0.04995583897995914
47.437185929648244	0.05604757104162968
47.8391959798995	0.05969566227728509
48.24120603015076	0.0607141738091578
48.64321608040201	0.05888891798269556
49.04522613065327	0.05484979492807922
49.447236180904525	0.04977975370431398
49.84924623115578	0.044671755241510826
50.25125628140704	0.04027208279582881
50.653266331658294	0.03712333067922844
51.05527638190955	0.03563848479990784
51.45728643216081	0.03640628682533391
51.85929648241206	0.0400246104336382
52.26130653266332	0.045909313654954306
52.663316582914575	0.05292704381177042
53.06532663316583	0.05929602906062652
53.46733668341709	0.06386663678143646
53.869346733668344	0.06560833847902078
54.2713567839196	0.06472948850806437
54.67336683417086	0.06191234591080023
55.07537688442211	0.057761680294760046
55.47738693467337	0.05302054663996775
55.879396984924625	0.048450676098077794
56.28140703517588	0.04414599857252657
56.68341708542714	0.040518590179470224
57.085427135678394	0.037992967423654496
57.48743718592965	0.0372421058375728
57.88944723618091	0.03891240772015122
58.29145728643216	0.04313340068308104
58.69346733668342	0.04901682041642813
59.095477386934675	0.05575575125108623
59.49748743718593	0.06209202834109527
59.89949748743719	0.06697064166206787
60.301507537688444	0.06932164093266233
60.7035175879397	0.06890674787628667
61.10552763819096	0.0656522538023569
61.50753768844221	0.05982400624461669
61.90954773869347	0.05267606865078571
62.311557788944725	0.04560612119687988
62.71356783919598	0.039665633960691477
63.11557788944724	0.03578525753807969
63.517587939698494	0.03497646305349638
63.91959798994975	0.03760638445817939
64.32160804020101	0.04378446701055502
64.72361809045226	0.05191732681935927
65.12562814070353	0.06056736275936473
65.52763819095478	0.06811945206468925
65.92964824120604	0.07310774306496812
66.33165829145729	0.07473666507178027
66.73366834170855	0.07275903434751005
67.1356783919598	0.06794287305558563
67.53768844221106	0.06125145231099581
67.93969849246231	0.0541174672243405
68.34170854271358	0.047940691858976
68.74371859296483	0.043458540923464566
69.14572864321609	0.04124786766882436
69.54773869346734	0.04149180901483242
69.9497487437186	0.04459190101397499
70.35175879396985	0.05007480743669551
70.75376884422111	0.05688004560361497
71.15577889447236	0.06377603646031454
71.55778894472363	0.06915684085381589
71.95979899497488	0.07224925196672247
72.36180904522614	0.07286818287700546
72.76381909547739	0.07060009664676055
73.16582914572865	0.0661774257705667
73.5678391959799	0.06037998066671387
73.96984924623116	0.054407846636880454
74.37185929648241	0.049086015985269224
74.77386934673368	0.04530520911304904
75.17587939698493	0.04344437208113685
75.57788944723619	0.04382128060592516
75.97989949748744	0.04637945874250843
76.3819095477387	0.050936442907107346
76.78391959798995	0.056467448965077105
77.18592964824121	0.061925547343415786
77.58793969849246	0.06592167491706928
77.98994974874373	0.06765750272060463
78.39195979899498	0.06662807421876055
78.79396984924624	0.06347530786840737
79.19597989949749	0.058786028434369544
79.59798994974875	0.05369745940248337
80.0	0.04914931543243866
