0.0	0.017104033795234383
0.4020100502512563	0.016607050933351516
0.8040201005025126	0.01343116363045776
1.206030150753769	0.00826170683771966
1.6080402010050252	0.0027604553632669215
2.0100502512562817	0.0058504195157080855
2.412060301507538	0.010735785227326572
2.814070351758794	0.013380931739818849
3.2160804020100504	0.013301209198404548
3.6180904522613067	0.010542738963393937
4.020100502512563	0.005379058081344918
4.42211055276382	0.0029354901096648725
4.824120603015076	0.009252789612150305
5.226130653266332	0.014894694339262268
5.628140703517588	0.01865901924157625
6.030150753768845	0.01983745964774193
6.432160804020101	0.017763554161670598
6.834170854271357	0.013453452279634931
7.236180904522613	0.007668923715442058
7.63819095477387	0.003073064346547332
8.040201005025127	0.005816264441733201
8.442211055276383	0.009072405313080564
8.84422110552764	0.009749737903851632
9.246231155778895	0.0074992011343846116
9.648241206030152	0.0033445006959276027
10.050251256281408	0.006354956646995294
10.452261306532664	0.013657391152270631
10.85427135678392	0.021012338318515195
11.256281407035177	0.02637724106866084
11.658291457286433	0.029140261330813332
12.06030150753769	0.029118002626432105
12.462311557788945	0.026284737946964204
12.864321608040202	0.02166571415880333
13.266331658291458	0.016368942268795147
13.668341708542714	0.011507297703955578
14.07035175879397	0.009026625168329038
14.472361809045227	0.008840825841860824
14.874371859296483	0.010143836592119544
15.27638190954774	0.011927516520307926
15.678391959798995	0.01401333424518433
16.080402010050253	0.016058954540576285
16.48241206030151	0.018382599428587307
16.884422110552766	0.02051324607392724
17.286432160804022	0.022148617514742525
17.68844221105528	0.022774009379710324
18.090452261306535	0.022518818289318183
18.49246231155779	0.021176337355074033
18.894472361809047	0.01923250175175796
19.296482412060303	0.01733496351481959
19.69849246231156	0.01676710656892045
20.100502512562816	0.017366928159803608
20.502512562814072	0.018586481615569268
20.90452261306533	0.019771582035026762
21.306532663316585	0.020144814596777465
21.70854271356784	0.019850099764096574
22.110552763819097	0.019121546442503856
22.512562814070353	0.018452158986848915
22.91457286432161	0.017978429103711117
23.316582914572866	0.01748111702955673
23.718592964824122	0.016622008167874312
24.12060301507538	0.015106873828791384
24.522613065326635	0.013511889091915016
24.92462311557789	0.012497155854649616
25.326633165829147	0.013458527861377061
25.728643216080403	0.016034323934858048
26.13065326633166	0.019341342602596318
26.532663316582916	0.021863979650921253
26.934673366834172	0.022999486079601627
27.33668341708543	0.022201188832568487
27.738693467336685	0.019848860323299838
28.14070351758794	0.01633187716319288
28.542713567839197	0.012488323893484529
28.944723618090453	0.009122248972855147
29.34673366834171	0.007287498213509357
29.748743718592966	0.007610088403227795
30.150753768844222	0.010383851724181246
30.55276381909548	0.0143685160535759
30.954773869346734	0.01939466229088839
31.35678391959799	0.02454982559715265
31.758793969849247	0.029083691958462686
32.16080402010051	0.03289406521576535
32.56281407035176	0.03521955838930741
32.96482412060302	0.035746001671462004
33.366834170854275	0.03467184292657746
33.76884422110553	0.032176825979170244
34.17085427135679	0.0286697249907144
34.572864321608044	0.024965566284528486
34.9748743718593	0.021523988079959425
35.37688442211056	0.019218728734668945
35.77889447236181	0.01877622378025665
36.18090452261307	0.020632913965920797
36.582914572864325	0.024071497901505277
36.98492462311558	0.02826507330118669
37.38693467336684	0.03221908356852908
37.788944723618094	0.035164772671014796
38.19095477386935	0.036994670615793285
38.59296482412061	0.03777477617344864
38.99497487437186	0.037745862979510034
39.39698492462312	0.0369059142705082
39.798994974874375	0.03492930958639644
40.20100502512563	0.03202518507469082
40.60301507537689	0.028516844926021422
41.005025125628144	0.026277584883976152
41.4070351758794	0.026202966503193002
41.80904522613066	0.028229526694700906
42.21105527638191	0.031161558101222692
42.61306532663317	0.03384904320348788
43.015075376884425	0.035875650122979705
43.41708542713568	0.03738102340444073
43.81909547738694	0.03899813004127235
44.221105527638194	0.041177385417866016
44.62311557788945	0.04378114157397173
45.02512562814071	0.04579787004686745
45.42713567839196	0.04643698467560593
45.82914572864322	0.045423304355027345
46.231155778894475	0.043006133596870715
46.63316582914573	0.039947510096810905
47.03517587939699	0.03742891659643788
47.437185929648244	0.036048362537881774
47.8391959798995	0.03621100161347274
48.24120603015076	0.038035458459862316
48.64321608040201	0.041075178799981064
49.04522613065327	0.04561073862868803
49.447236180904525	0.05126362154747107
49.84924623115578	0.05743459290332918
50.25125628140704	0.06308653000178782
50.653266331658294	0.06712664695944467
51.05527638190955	0.06892219879901933
51.45728643216081	0.06838649656422839
51.85929648241206	0.0654017363116666
52.26130653266332	0.06051431314009562
52.663316582914575	0.05448738838364311
53.06532663316583	0.048486362834649355
53.46733668341709	0.0437343242365149
53.869346733668344	0.04111801078365743
54.2713567839196	0.041083615469891525
54.67336683417086	0.04370391341956391
55.07537688442211	0.0484502160512434
55.47738693467337	0.05472358223421542
55.879396984924625	0.061356728640094574
56.28140703517588	0.06764106263729874
56.68341708542714	0.07226471472270848
57.085427135678394	0.07455474134700929
57.48743718592965	0.07393944299009894
57.88944723618091	0.07075278773827662
58.29145728643216	0.06557124943546076
58.69346733668342	0.059129722807022445
59.095477386934675	0.052439571503980674
59.49748743718593	0.04673458106267295
59.89949748743719	0.042319357411583665
60.301507537688444	0.04038498020533899
60.7035175879397	0.04083886003617614
61.10552763819096	0.04324502172690893
61.50753768844221	0.04721188214772562
61.90954773869347	0.05203660402864614
62.311557788944725	0.05678512643694554
62.71356783919598	0.06062254012167547
63.11557788944724	0.06304789117185337
63.517587939698494	0.06341659476366078
63.91959798994975	0.06184766820965507
64.32160804020101	0.058385292557482205
64.72361809045226	0.05369767266304474
65.12562814070353	0.04841509328405144
65.52763819095478	0.04302190541378019
65.92964824120604	0.03848791561486336
66.33165829145729	0.035567471768104694
66.73366834170855	0.03466756454519452
67.1356783919598	0.03589344593643742
67.53768844221106	0.03928324153334697
67.93969849246231	0.04446628944456984
68.34170854271358	0.05029944417690203
68.74371859296483	0.05583531642042159
69.14572864321609	0.06026755003829445
69.54773869346734	0.06251690820860363
69.9497487437186	0.06225685579667305
70.35175879396985	0.05923185220601977
70.75376884422111	0.05420679622125141
71.15577889447236	0.048169101244842825
71.55778894472363	0.04230342826619869
71.95979899497488	0.03772824112739146
72.36180904522614	0.03527237451891624
72.76381909547739	0.034878669330150255
73.16582914572865	0.03666921878945574
73.5678391959799	0.04037312209791548
73.96984924623116	0.045030469094708495
74.37185929648241	0.050201503990469146
74.77386934673368	0.05460478927028343
75.17587939698493	0.05741762118262026
75.57788944723619	0.057772495447154404
75.97989949748744	0.05627362207065308
76.3819095477387	0.05295153089081543
76.78391959798995	0.04897579820682812
77.18592964824121	0.04522534509495111
77.58793969849246	0.04267016655475647
77.98994974874373	0.04130288403139007
78.39195979899498	0.041056157475929514
78.79396984924624	0.04185480300858005
79.19597989949749	0.04361046069997078
79.59798994974875	0.04609096151169685
80.0	0.04953877489268741
