0.0	0.013047284344515894
0.4020100502512563	0.011700022051383525
0.8040201005025126	0.008602587250325682
1.206030150753769	0.004233771685550199
1.6080402010050252	0.0018955295708915684
2.0100502512562817	0.005850480006910898
2.412060301507538	0.00914590958288
2.814070351758794	0.010533760413647526
3.2160804020100504	0.009640475521718964
3.6180904522613067	0.00690111286861648
4.020100502512563	0.002537883013078262
4.42211055276382	0.0028359377732383065
4.824120603015076	0.007565479056149481
5.226130653266332	0.011489770346929705
5.628140703517588	0.013787502703182181
6.030150753768845	0.013679757693963332
6.432160804020101	0.011627793457451834
6.834170854271357	0.008118635440755462
7.236180904522613	0.003888965257867068
7.63819095477387	0.003269236707634194
8.040201005025127	0.006360725094091846
8.442211055276383	0.008178686762875658
8.84422110552764	0.008390720288507403
9.246231155778895	0.0062626529996897
9.648241206030152	0.002151312419646359
10.050251256281408	0.0030803438491776676
10.452261306532664	0.00814177690394996
10.85427135678392	0.012709927633497658
11.256281407035177	0.015782613411674924
11.658291457286433	0.016599920773016866
12.06030150753769	0.015084782360216232
12.462311557788945	0.011846646158309422
12.864321608040202	0.007332092718069798
13.266331658291458	0.0028628131191776687
13.668341708542714	0.0028548835789921033
14.07035175879397	0.0068468280588317885
14.472361809045227	0.01020428597447601
14.874371859296483	0.011666636776378858
15.27638190954774	0.011663501068175064
15.678391959798995	0.011497194251277586
16.080402010050253	0.011723389471751175
16.48241206030151	0.012693010981144842
16.884422110552766	0.013780277310305875
17.286432160804022	0.013532747464740869
17.68844221105528	0.012618149286493343
18.090452261306535	0.011613821401210044
18.49246231155779	0.010238157313458517
18.894472361809047	0.008226197735564485
19.296482412060303	0.005368094620429519
19.69849246231156	0.0057397949857748995
20.100502512562816	0.012047586248613948
20.502512562814072	0.020021186723638493
20.90452261306533	0.027886750766967772
21.306532663316585	0.034585848177724074
21.70854271356784	0.037661945582302056
22.110552763819097	0.03688497631353068
22.512562814070353	0.03281339030752553
22.91457286432161	0.026976126717215443
23.316582914572866	0.020625892177976845
23.718592964824122	0.01422730632526635
24.12060301507538	0.009102491003700709
24.522613065326635	0.0064442436017122465
24.92462311557789	0.005786290128576873
25.326633165829147	0.007488384194541257
25.728643216080403	0.011016175553459035
26.13065326633166	0.01584514439096742
26.532663316582916	0.021148748804213614
26.934673366834172	0.0264959771410619
27.33668341708543	0.03142379160372512
27.738693467336685	0.035606951866014515
28.14070351758794	0.037378213903240885
28.542713567839197	0.03796757400757324
28.944723618090453	0.03634298405110052
29.34673366834171	0.03328571303775001
29.748743718592966	0.02945463169093806
30.150753768844222	0.025940095615886737
30.55276381909548	0.02368497366623557
30.954773869346734	0.02348355207173278
31.35678391959799	0.025012792119873017
31.758793969849247	0.02843485632904353
32.16080402010051	0.03223922994415746
32.56281407035176	0.03710317548848173
32.96482412060302	0.04123702839111086
33.366834170854275	0.0448605079331114
33.76884422110553	0.04715230069626708
34.17085427135679	0.0487943278579158
34.572864321608044	0.04948130280926914
34.9748743718593	0.049362360447305645
35.37688442211056	0.04885052168499417
35.77889447236181	0.04848144458148769
36.18090452261307	0.0480851010542442
36.582914572864325	0.047736745116353695
36.98492462311558	0.04739929510345529
37.38693467336684	0.047312455285433284
37.788944723618094	0.04800873672229427
38.19095477386935	0.04966285144528293
38.59296482412061	0.05254470128687009
38.99497487437186	0.05604041155891868
39.39698492462312	0.059274418000869446
39.798994974874375	0.060843532692424575
40.20100502512563	0.059921934417011616
40.60301507537689	0.05596793043860948
41.005025125628144	0.050362710885081506
41.4070351758794	0.04434870058111584
41.80904522613066	0.0400911511952207
42.21105527638191	0.03890711232798565
42.61306532663317	0.040212533761924546
43.015075376884425	0.043869309113785046
43.41708542713568	0.04879135593504866
43.81909547738694	0.054180849684106726
44.221105527638194	0.05846382432148382
44.62311557788945	0.06103274572733489
45.02512562814071	0.06101031542250228
45.42713567839196	0.05861931686827061
45.82914572864322	0.05405285485431579
46.231155778894475	0.04853733729746042
46.63316582914573	0.0428152636375791
47.03517587939699	0.037727708565865783
47.437185929648244	0.03379834223989009
47.8391959798995	0.03155553628639528
48.24120603015076	0.031063092748036387
48.64321608040201	0.032184875869572
49.04522613065327	0.0342745953303007
49.447236180904525	0.03756166904170894
49.84924623115578	0.04135946267983843
50.25125628140704	0.04492666683556268
50.653266331658294	0.04753328601804066
51.05527638190955	0.04922156199781901
51.45728643216081	0.04957591755370059
51.85929648241206	0.04815307324404097
52.26130653266332	0.04560097718375822
52.663316582914575	0.042383084396466555
53.06532663316583	0.03899636321740168
53.46733668341709	0.03591002857224579
53.869346733668344	0.03346105671288234
54.2713567839196	0.032442107282228946
54.67336683417086	0.03241423992648122
55.07537688442211	0.0335197840253005
55.47738693467337	0.035227996449023566
55.879396984924625	0.03773904110822586
56.28140703517588	0.04037481159331984
56.68341708542714	0.04316927777452688
57.085427135678394	0.045866605054928275
57.48743718592965	0.04775525873364246
57.88944723618091	0.04885940378320443
58.29145728643216	0.04837308958724264
58.69346733668342	0.04606529213165311
59.095477386934675	0.04285598691614158
59.49748743718593	0.03857432320548091
59.89949748743719	0.03421719548331029
60.301507537688444	0.030571337681654865
60.7035175879397	0.028210706689261067
61.10552763819096	0.027867036591864115
61.50753768844221	0.029346248131253784
61.90954773869347	0.03320232315922878
62.311557788944725	0.03868393981949668
62.71356783919598	0.04513147888740621
63.11557788944724	0.051294074562719595
63.517587939698494	0.05567178917114929
63.91959798994975	0.05750674688374084
64.32160804020101	0.056005414884634175
64.72361809045226	0.05119927730866782
65.12562814070353	0.04405284052850165
65.52763819095478	0.03605487490171648
65.92964824120604	0.02836415784182835
66.33165829145729	0.02275304599000685
66.73366834170855	0.020585140867773216
67.1356783919598	0.022038785845588126
67.53768844221106	0.027115596296578965
67.93969849246231	0.0352686121275566
68.34170854271358	0.04473033688353263
68.74371859296483	0.05369325468064823
69.14572864321609	0.060153781425316424
69.54773869346734	0.06327546226182482
69.9497487437186	0.06193217852424684
70.35175879396985	0.056856919968499196
70.75376884422111	0.048618758144330324
71.15577889447236	0.03884267008048
71.55778894472363	0.02875929437000548
71.95979899497488	0.02070723458118641
72.36180904522614	0.015615120321014054
72.76381909547739	0.013929453079204493
73.16582914572865	0.015796601016773014
73.5678391959799	0.022499078225002685
73.96984924623116	0.03304720421214202
74.37185929648241	0.04447242130029437
74.77386934673368	0.054834637984198006
75.17587939698493	0.061553834807704697
75.57788944723619	0.06353665873584824
75.97989949748744	0.06030974054718906
76.3819095477387	0.05298056096154887
76.78391959798995	0.043242908074162645
77.18592964824121	0.034233527141828826
77.58793969849246	0.027938965838807145
77.98994974874373	0.0249880632672686
78.39195979899498	0.024307700847837954
78.79396984924624	0.02491003739505859
79.19597989949749	0.028784053961533697
79.59798994974875	0.03695923434983548
80.0	0.04760917742049116
