0.0	0.02848165879905614
0.4020100502512563	0.025849906095184914
0.8040201005025126	0.018919407148444835
1.206030150753769	0.009199386741431344
1.6080402010050252	0.001971987350970648
2.0100502512562817	0.012267795233279396
2.412060301507538	0.0195515235745932
2.814070351758794	0.022973654736482146
3.2160804020100504	0.021548496795271273
3.6180904522613067	0.015321657485473275
4.020100502512563	0.005891904764997837
4.42211055276382	0.005279530702111395
4.824120603015076	0.016297523781809434
5.226130653266332	0.024851445001479296
5.628140703517588	0.02958740403918081
6.030150753768845	0.029839729699849705
6.432160804020101	0.0253521074842857
6.834170854271357	0.017101269288762162
7.236180904522613	0.007020514441336936
7.63819095477387	0.004242215994824999
8.040201005025127	0.012527722975148306
8.442211055276383	0.017500560648503926
8.84422110552764	0.018132715513655646
9.246231155778895	0.014141754874955772
9.648241206030152	0.006606208569484066
10.050251256281408	0.005970819030921177
10.452261306532664	0.016034201111828218
10.85427135678392	0.02584497896366069
11.256281407035177	0.03295199537591771
11.658291457286433	0.03619765847773975
12.06030150753769	0.03527531773527191
12.462311557788945	0.03100890748344512
12.864321608040202	0.025775396150648795
13.266331658291458	0.023511888755849936
13.668341708542714	0.027374354338287797
14.07035175879397	0.03408034392508678
14.472361809045227	0.03994147599438637
14.874371859296483	0.044003789332780076
15.27638190954774	0.044712821047534386
15.678391959798995	0.04112681431860734
16.080402010050253	0.03438075983036305
16.48241206030151	0.028011705578938284
16.884422110552766	0.02906534984668075
17.286432160804022	0.03841817016993066
17.68844221105528	0.04970999324317309
18.090452261306535	0.057893440099723935
18.49246231155779	0.06077020309328244
18.894472361809047	0.056394640600262634
19.296482412060303	0.04450415416853894
19.69849246231156	0.028603131389145598
20.100502512562816	0.01991328541486718
20.502512562814072	0.03449187621247267
20.90452261306533	0.0524564340432252
21.306532663316585	0.065614734701087
21.70854271356784	0.07148696319496646
22.110552763819097	0.07049360423480824
22.512562814070353	0.06434815428523197
22.91457286432161	0.056442035063531105
23.316582914572866	0.05078871479204785
23.718592964824122	0.04827961224278937
24.12060301507538	0.048102238972743176
24.522613065326635	0.047809842813837766
24.92462311557789	0.04567517234194825
25.326633165829147	0.04081385060681357
25.728643216080403	0.03196220399325424
26.13065326633166	0.020189233288332782
26.532663316582916	0.009585015755293734
26.934673366834172	0.01716406512478651
27.33668341708543	0.03167390741132843
27.738693467336685	0.04244478204878971
28.14070351758794	0.04789771314000613
28.542713567839197	0.04662315648780339
28.944723618090453	0.0396786733307747
29.34673366834171	0.02892924286539707
29.748743718592966	0.021119172195699174
30.150753768844222	0.02515983149085438
30.55276381909548	0.03573928442384981
30.954773869346734	0.04423195172370621
31.35678391959799	0.04762654440324476
31.758793969849247	0.04664584515659117
32.16080402010051	0.044331927349164434
32.56281407035176	0.045042445161187834
32.96482412060302	0.04956791100002705
33.366834170854275	0.05485821267858436
33.76884422110553	0.0576991913069002
34.17085427135679	0.05557544946883221
34.572864321608044	0.04773896908670219
34.9748743718593	0.03476910021488741
35.37688442211056	0.019017909981452533
35.77889447236181	0.012003043009328484
36.18090452261307	0.024725924549361695
36.582914572864325	0.0372717626098923
36.98492462311558	0.04532145589462888
37.38693467336684	0.04897140845591683
37.788944723618094	0.047822217502518395
38.19095477386935	0.04425333186861752
38.59296482412061	0.04195707599264001
38.99497487437186	0.04294809964959391
39.39698492462312	0.04745331967817763
39.798994974874375	0.05113224339971341
40.20100502512563	0.05061922244663256
40.60301507537689	0.04396441559832477
41.005025125628144	0.032212546235466565
41.4070351758794	0.01746299286113811
41.80904522613066	0.006802704422613723
42.21105527638191	0.017447430822203753
42.61306532663317	0.028549798167251967
43.015075376884425	0.03497414424082116
43.41708542713568	0.035958981120250116
43.81909547738694	0.03141812764289727
44.221105527638194	0.023769069779344468
44.62311557788945	0.016792389108124535
45.02512562814071	0.01744698769586454
45.42713567839196	0.02407931147533932
45.82914572864322	0.029837178449358633
46.231155778894475	0.03155508912197848
46.63316582914573	0.02978187778203336
47.03517587939699	0.02469725636142952
47.437185929648244	0.02065086756678635
47.8391959798995	0.02456703644485337
48.24120603015076	0.03456809670127696
48.64321608040201	0.04490793043155949
49.04522613065327	0.05137042745683956
49.447236180904525	0.051201031437420205
49.84924623115578	0.0439275389542792
50.25125628140704	0.030569743136864298
50.653266331658294	0.013799290273743417
51.05527638190955	0.004546785554306787
51.45728643216081	0.017489066465848184
51.85929648241206	0.02621072227447054
52.26130653266332	0.02835078840312613
52.663316582914575	0.02557082224625685
53.06532663316583	0.02464548795032076
53.46733668341709	0.03229208652990502
53.869346733668344	0.04434093855363766
54.2713567839196	0.054713534922090155
54.67336683417086	0.06033209639501741
55.07537688442211	0.05871221106534517
55.47738693467337	0.05068050971804601
55.879396984924625	0.036983315509057674
56.28140703517588	0.02065741565657366
56.68341708542714	0.005949957193068551
57.085427135678394	0.01067417577209897
57.48743718592965	0.018830527848374207
57.88944723618091	0.021334204427608267
58.29145728643216	0.018898218696796025
58.69346733668342	0.015613040495922048
59.095477386934675	0.01958579751087034
59.49748743718593	0.029505835164809528
59.89949748743719	0.038224411331847466
60.301507537688444	0.04259459123266084
60.7035175879397	0.04080631073448397
61.10552763819096	0.032988050719468635
61.50753768844221	0.020512868763000094
61.90954773869347	0.009188112481792528
62.311557788944725	0.01598452194985687
62.71356783919598	0.028564533328971235
63.11557788944724	0.03730571200086748
63.517587939698494	0.04065040769353415
63.91959798994975	0.038425268633470636
64.32160804020101	0.03183274318740699
64.72361809045226	0.02421761604349524
65.12562814070353	0.01888073007906719
65.52763819095478	0.01931516889260618
65.92964824120604	0.02140882595065538
66.33165829145729	0.02089253946478258
66.73366834170855	0.016247983711500772
67.1356783919598	0.008976380377051984
67.53768844221106	0.011485140829457363
67.93969849246231	0.02439018935658359
68.34170854271358	0.0375765422331256
68.74371859296483	0.04819851454013731
69.14572864321609	0.05454882659973418
69.54773869346734	0.055799256836115405
69.9497487437186	0.051885839860766024
70.35175879396985	0.04385133404431332
70.75376884422111	0.03438803060637499
71.15577889447236	0.026228741880428997
71.55778894472363	0.02146847812778802
71.95979899497488	0.01966752691134565
72.36180904522614	0.01633715875778379
72.76381909547739	0.009800252583366092
73.16582914572865	0.006646844461581564
73.5678391959799	0.018009323930679312
73.96984924623116	0.030391118211529705
74.37185929648241	0.04041354033603915
74.77386934673368	0.04546634985021169
75.17587939698493	0.04470843538296468
75.57788944723619	0.03821236904814555
75.97989949748744	0.027744670011155926
76.3819095477387	0.015815616350693576
76.78391959798995	0.012695458544828505
77.18592964824121	0.02183991389175531
77.58793969849246	0.030634259796127345
77.98994974874373	0.034915275000915555
78.39195979899498	0.03448485939138921
78.79396984924624	0.03091683848177736
79.19597989949749	0.02768571217757434
79.59798994974875	0.028050127454420225
80.0	0.03145321426116124
