0.0	0.024324531936961963
0.4020100502512563	0.02210583964318012
0.8040201005025126	0.01644857752360831
1.206030150753769	0.008318323366707191
1.6080402010050252	0.00312307303639758
2.0100502512562817	0.01033497524607097
2.412060301507538	0.016231156400615815
2.814070351758794	0.0189681262546726
3.2160804020100504	0.017604777800345014
3.6180904522613067	0.01239024705685074
4.020100502512563	0.00506477620619886
4.42211055276382	0.005359250768490426
4.824120603015076	0.014023863133954446
5.226130653266332	0.020783266768287012
5.628140703517588	0.024589455566476043
6.030150753768845	0.024439665513810088
6.432160804020101	0.020405497873277067
6.834170854271357	0.013450341947158159
7.236180904522613	0.00590553934498403
7.63819095477387	0.006621023265178874
8.040201005025127	0.012832821175579595
8.442211055276383	0.016551563653578898
8.84422110552764	0.016265543746989915
9.246231155778895	0.01208940128246351
9.648241206030152	0.004622236675606058
10.050251256281408	0.005239744387654976
10.452261306532664	0.015195831759167586
10.85427135678392	0.024042573966912787
11.256281407035177	0.029828081846636562
11.658291457286433	0.03203756794686128
12.06030150753769	0.030353527615534216
12.462311557788945	0.02525470268427602
12.864321608040202	0.018568523491813795
13.266331658291458	0.013048169603745599
13.668341708542714	0.011544641434808892
14.07035175879397	0.013153223277931581
14.472361809045227	0.014119287761586599
14.874371859296483	0.013392997966948098
15.27638190954774	0.012626246083421194
15.678391959798995	0.015169582940037219
16.080402010050253	0.02085476862361195
16.48241206030151	0.02727243611387676
16.884422110552766	0.03208227068267916
17.286432160804022	0.0339896496571561
17.68844221105528	0.032807036565198566
18.090452261306535	0.028669827070969635
18.49246231155779	0.02297862402750373
18.894472361809047	0.016679279135332514
19.296482412060303	0.012831929263070124
19.69849246231156	0.013483073442671282
20.100502512562816	0.016726104409078672
20.502512562814072	0.019880241253751013
20.90452261306533	0.021901883970667713
21.306532663316585	0.023180213764512344
21.70854271356784	0.024585110628388016
22.110552763819097	0.026385184961959535
22.512562814070353	0.02822160426331497
22.91457286432161	0.02931981539404554
23.316582914572866	0.02884523139817046
23.718592964824122	0.026061807063170194
24.12060301507538	0.021488868701808682
24.522613065326635	0.015843234249816984
24.92462311557789	0.012262875130402359
25.326633165829147	0.013695261399857047
25.728643216080403	0.017983012242047233
26.13065326633166	0.022009306537092963
26.532663316582916	0.024236310984407875
26.934673366834172	0.024268627313842876
27.33668341708543	0.022800760499170514
27.738693467336685	0.021144346139210127
28.14070351758794	0.020187673859034125
28.542713567839197	0.02024420015675544
28.944723618090453	0.020229224015434727
29.34673366834171	0.019139020991209267
29.748743718592966	0.016067048869919644
30.150753768844222	0.011870205580751091
30.55276381909548	0.00878379451311295
30.954773869346734	0.01209114691021413
31.35678391959799	0.01877698816405989
31.758793969849247	0.025484068357529133
32.16080402010051	0.030609756753014482
32.56281407035176	0.03355106780668481
32.96482412060302	0.03389097947777036
33.366834170854275	0.03180490189744535
33.76884422110553	0.028476152022396693
34.17085427135679	0.02457461164000381
34.572864321608044	0.02090738636716801
34.9748743718593	0.01763581012666063
35.37688442211056	0.014421615640072504
35.77889447236181	0.011174813257618068
36.18090452261307	0.009668074889983539
36.582914572864325	0.012574138544386815
36.98492462311558	0.01874900664614814
37.38693467336684	0.025680324419906326
37.788944723618094	0.03192544624025065
38.19095477386935	0.036715609549539334
38.59296482412061	0.03927789486877236
38.99497487437186	0.039632479907938827
39.39698492462312	0.038153253470990474
39.798994974874375	0.034988835722807546
40.20100502512563	0.03069249700140861
40.60301507537689	0.02621198232222908
41.005025125628144	0.02159307511520902
41.4070351758794	0.01765823912467792
41.80904522613066	0.015652060674305406
42.21105527638191	0.01716213115601048
42.61306532663317	0.02276238580847394
43.015075376884425	0.03015554314687625
43.41708542713568	0.03803558403807591
43.81909547738694	0.04439539497610997
44.221105527638194	0.04868024800816984
44.62311557788945	0.05008924993804139
45.02512562814071	0.04857597419117866
45.42713567839196	0.0442478712003243
45.82914572864322	0.0383329144668812
46.231155778894475	0.031850315009735515
46.63316582914573	0.025875047019791438
47.03517587939699	0.02119578054933849
47.437185929648244	0.018939545083245163
47.8391959798995	0.01932673532836949
48.24120603015076	0.02259131679741453
48.64321608040201	0.028626569616813802
49.04522613065327	0.035689250055531745
49.447236180904525	0.04258354837097658
49.84924623115578	0.0482373904999729
50.25125628140704	0.051804025223188846
50.653266331658294	0.05315896701482785
51.05527638190955	0.052430085415712015
51.45728643216081	0.050041086027582796
51.85929648241206	0.04630266545183262
52.26130653266332	0.041985860928578346
52.663316582914575	0.03824732633929398
53.06532663316583	0.03584774738861089
53.46733668341709	0.03514799711840162
53.869346733668344	0.037020727249599025
54.2713567839196	0.041116595847974176
54.67336683417086	0.04701408054258675
55.07537688442211	0.05339115854007923
55.47738693467337	0.05970693968082651
55.879396984924625	0.06482925792524286
56.28140703517588	0.0683378071819001
56.68341708542714	0.07035547876450124
57.085427135678394	0.0703019949532748
57.48743718592965	0.06847512187579641
57.88944723618091	0.06509864940677199
58.29145728643216	0.06037184851908859
58.69346733668342	0.054760819564416585
59.095477386934675	0.04877756651775842
59.49748743718593	0.04344813562806357
59.89949748743719	0.03997715776878599
60.301507537688444	0.03932704614832421
60.7035175879397	0.04192374035358912
61.10552763819096	0.047486553628930485
61.50753768844221	0.05527352238065324
61.90954773869347	0.06371350879309823
62.311557788944725	0.07166923285011602
62.71356783919598	0.07757669545480118
63.11557788944724	0.08001159757029887
63.517587939698494	0.0779210478780405
63.91959798994975	0.07216002584887603
64.32160804020101	0.06281665563083035
64.72361809045226	0.0520531404035519
65.12562814070353	0.04141283139690764
65.52763819095478	0.03360947950160385
65.92964824120604	0.030207760902405727
66.33165829145729	0.031594827837855666
66.73366834170855	0.036608087362018774
67.1356783919598	0.043652024642093654
67.53768844221106	0.05193246022935335
67.93969849246231	0.06017204079632512
68.34170854271358	0.06695076860961965
68.74371859296483	0.07095369764778903
69.14572864321609	0.07083139062838158
69.54773869346734	0.06662713990984574
69.9497487437186	0.05906686943124565
70.35175879396985	0.049277527850407433
70.75376884422111	0.039845562329305
71.15577889447236	0.033231246272697995
71.55778894472363	0.031266813161972204
71.95979899497488	0.033376184431011716
72.36180904522614	0.03800873843790686
72.76381909547739	0.04373609933501203
73.16582914572865	0.050000095800484166
73.5678391959799	0.056298362168556104
73.96984924623116	0.061623961233262095
74.37185929648241	0.06502673294488837
74.77386934673368	0.06608305604785528
75.17587939698493	0.06419935061236795
75.57788944723619	0.059879048684287714
75.97989949748744	0.0536117660991325
76.3819095477387	0.04667548698315134
76.78391959798995	0.041152659306591295
77.18592964824121	0.03831845026676857
77.58793969849246	0.03902227859943551
77.98994974874373	0.041940542911212825
78.39195979899498	0.04578618366004889
78.79396984924624	0.04967173283873879
79.19597989949749	0.05340116866557219
79.59798994974875	0.05677442746850704
80.0	0.05983007123307329
