0.0	0.021490094494089847
0.4020100502512563	0.021273580200771462
0.8040201005025126	0.017455694183121213
1.206030150753769	0.010946668737924395
1.6080402010050252	0.0032822783440641552
2.0100502512562817	0.005432177250547283
2.412060301507538	0.011868683284756388
2.814070351758794	0.015302525146564706
3.2160804020100504	0.01557470919723405
3.6180904522613067	0.012248238014544171
4.020100502512563	0.005777513365428833
4.42211055276382	0.002541536411696928
4.824120603015076	0.010967858893506472
5.226130653266332	0.018341055421324616
5.628140703517588	0.02304513217823738
6.030150753768845	0.024467866012837333
6.432160804020101	0.022228207972095432
6.834170854271357	0.016984477069682844
7.236180904522613	0.009854181282147776
7.63819095477387	0.003008019886381646
8.040201005025127	0.00571239554027248
8.442211055276383	0.009970246584199512
8.84422110552764	0.011093245284993714
9.246231155778895	0.00866093897652452
9.648241206030152	0.0028463703517096635
10.050251256281408	0.005541994487431583
10.452261306532664	0.014561265655623707
10.85427135678392	0.023030709463062342
11.256281407035177	0.02953101925780045
11.658291457286433	0.03284328344566144
12.06030150753769	0.03275751772328522
12.462311557788945	0.029683816800586155
12.864321608040202	0.023754192679839446
13.266331658291458	0.016829561535232792
13.668341708542714	0.009878612300834193
14.07035175879397	0.005334086078427074
14.472361809045227	0.005282930922122001
14.874371859296483	0.005784309959547479
15.27638190954774	0.004593075476587149
15.678391959798995	0.0029231432441998552
16.080402010050253	0.006988069217068153
16.48241206030151	0.014217759968050516
16.884422110552766	0.02196320860171503
17.286432160804022	0.0291003973492766
17.68844221105528	0.03415563948217179
18.090452261306535	0.036289335826677344
18.49246231155779	0.03491397662172462
18.894472361809047	0.030326150073952347
19.296482412060303	0.023193459256442412
19.69849246231156	0.015317576833250728
20.100502512562816	0.00876952417783666
20.502512562814072	0.0071813456105147555
20.90452261306533	0.008328056044874913
21.306532663316585	0.007813682577987622
21.70854271356784	0.005800966974212364
22.110552763819097	0.007984874521700474
22.512562814070353	0.014712527760801331
22.91457286432161	0.02212893254166701
23.316582914572866	0.028151803994688345
23.718592964824122	0.031424890668188474
24.12060301507538	0.03140321924113431
24.522613065326635	0.027998039355707705
24.92462311557789	0.021942823924309456
25.326633165829147	0.014582626773474255
25.728643216080403	0.00848397841417824
26.13065326633166	0.008492916093748882
26.532663316582916	0.012233899653988791
26.934673366834172	0.014470605653096633
27.33668341708543	0.013765655367773574
27.738693467336685	0.010115842137386744
28.14070351758794	0.0064037197432954066
28.542713567839197	0.011029923979847311
28.944723618090453	0.019930711545946795
29.34673366834171	0.028013984258566077
29.748743718592966	0.033385957321141885
30.150753768844222	0.03438248922273702
30.55276381909548	0.031318511680828456
30.954773869346734	0.024839449064216448
31.35678391959799	0.016861546522568664
31.758793969849247	0.011941501147724827
32.16080402010051	0.013641494449299333
32.56281407035176	0.017205289415357386
32.96482412060302	0.01847733218039848
33.366834170854275	0.01670213179697489
33.76884422110553	0.013819899195289951
34.17085427135679	0.01493224749748144
34.572864321608044	0.021226913475562756
34.9748743718593	0.02852234007451593
35.37688442211056	0.03337398607571217
35.77889447236181	0.03483586642541933
36.18090452261307	0.03184539313920859
36.582914572864325	0.025709539320520475
36.98492462311558	0.017490988455909372
37.38693467336684	0.011045960497168298
37.788944723618094	0.012218045109964118
38.19095477386935	0.01690835713554204
38.59296482412061	0.01991610128477335
38.99497487437186	0.019910703538654293
39.39698492462312	0.018351339870184103
39.798994974874375	0.019317048462179118
40.20100502512563	0.02450608204964188
40.60301507537689	0.031342655909974135
41.005025125628144	0.03687862752421334
41.4070351758794	0.03900375749088496
41.80904522613066	0.03732710947783291
42.21105527638191	0.03190432588320237
42.61306532663317	0.024007978200555384
43.015075376884425	0.01623401757782257
43.41708542713568	0.01316506369650755
43.81909547738694	0.016490169258746506
44.221105527638194	0.021217588153386948
44.62311557788945	0.023422354499116775
45.02512562814071	0.02324674751055531
45.42713567839196	0.022903524209505133
45.82914572864322	0.0250300121877896
46.231155778894475	0.030566838043746675
46.63316582914573	0.036910083046028434
47.03517587939699	0.04108869488116242
47.437185929648244	0.041398583083765886
47.8391959798995	0.03710350741072986
48.24120603015076	0.029344714742681542
48.64321608040201	0.019665411511089855
49.04522613065327	0.013219528034666089
49.447236180904525	0.01660124196138633
49.84924623115578	0.023375599808657426
50.25125628140704	0.027794532341470984
50.653266331658294	0.029044337044142398
51.05527638190955	0.028539501094609114
51.45728643216081	0.029214060327050827
51.85929648241206	0.032951092560881114
52.26130653266332	0.03842667991501522
52.663316582914575	0.04300315048773369
53.06532663316583	0.04462490196897389
53.46733668341709	0.04245606735443895
53.869346733668344	0.036639977550694425
54.2713567839196	0.028413584098839196
54.67336683417086	0.02122280466699692
55.07537688442211	0.019995590297189392
55.47738693467337	0.02493378865222838
55.879396984924625	0.03100693684966625
56.28140703517588	0.03541265543510468
56.68341708542714	0.03744593558405517
57.085427135678394	0.03870683262508311
57.48743718592965	0.04022998816185554
57.88944723618091	0.04270870637523751
58.29145728643216	0.04512601302356749
58.69346733668342	0.046701660149029364
59.095477386934675	0.04616207674311219
59.49748743718593	0.0426561822101895
59.89949748743719	0.03658935703344447
60.301507537688444	0.029899747640576818
60.7035175879397	0.02653528712290281
61.10552763819096	0.029963740470455053
61.50753768844221	0.03773663461881331
61.90954773869347	0.045948025550197696
62.311557788944725	0.052806578602084944
62.71356783919598	0.057513811042896254
63.11557788944724	0.06044145822348016
63.517587939698494	0.06194458741563905
63.91959798994975	0.06287312833582451
64.32160804020101	0.06288510521970624
64.72361809045226	0.06192940702477011
65.12562814070353	0.05945647495270075
65.52763819095478	0.055334095585717655
65.92964824120604	0.05014770712299675
66.33165829145729	0.046014357779586464
66.73366834170855	0.04599063796959484
67.1356783919598	0.05025146381604476
67.53768844221106	0.05674510531973037
67.93969849246231	0.0621661367399278
68.34170854271358	0.0649261469793025
68.74371859296483	0.0644415577406471
69.14572864321609	0.06147900806537819
69.54773869346734	0.057965779805845254
69.9497487437186	0.05602888669569992
70.35175879396985	0.05640010359900173
70.75376884422111	0.0579398767351675
71.15577889447236	0.05880202217064364
71.55778894472363	0.05801511207520617
71.95979899497488	0.055840677919485784
72.36180904522614	0.05426011265201234
72.76381909547739	0.05491580686879016
73.16582914572865	0.0575829580248872
73.5678391959799	0.060816882744055764
73.96984924623116	0.06222359948802335
74.37185929648241	0.06055856197959225
74.77386934673368	0.05587379005575358
75.17587939698493	0.04998227746110132
75.57788944723619	0.045613237959280406
75.97989949748744	0.04545677944594607
76.3819095477387	0.04891662098909648
76.78391959798995	0.052678719310705294
77.18592964824121	0.05514856814534704
77.58793969849246	0.05536422504464346
77.98994974874373	0.054422356569224915
78.39195979899498	0.053913686588988305
78.79396984924624	0.054907323972024205
79.19597989949749	0.05704224878999723
79.59798994974875	0.05900208232313366
80.0	0.05887768124773139
