0.0	0.02634608094432391
0.4020100502512563	0.024415698431007066
0.8040201005025126	0.01862113274679351
1.206030150753769	0.010783985141456356
1.6080402010050252	0.007032484820194281
2.0100502512562817	0.012857297974972315
2.412060301507538	0.01871763537131832
2.814070351758794	0.021428634076322707
3.2160804020100504	0.01981112817231335
3.6180904522613067	0.014050636542496659
4.020100502512563	0.005215470695658127
4.42211055276382	0.005289767096266569
4.824120603015076	0.015283681112285282
5.226130653266332	0.0234139453931966
5.628140703517588	0.027889972890491017
6.030150753768845	0.02837865481480779
6.432160804020101	0.02519944576975568
6.834170854271357	0.0192341141005269
7.236180904522613	0.014020806327914317
7.63819095477387	0.013699431983920735
8.040201005025127	0.017319312219476874
8.442211055276383	0.01980178634527534
8.84422110552764	0.018960028343056722
9.246231155778895	0.014724791192904613
9.648241206030152	0.00856163319589398
10.050251256281408	0.010149383314154653
10.452261306532664	0.019574726836712967
10.85427135678392	0.029134360415174115
11.256281407035177	0.03625745184858064
11.658291457286433	0.03963522530068489
12.06030150753769	0.03934257647533808
12.462311557788945	0.03615500781178456
12.864321608040202	0.03143616117466623
13.266331658291458	0.02785310572106563
13.668341708542714	0.026216789585233897
14.07035175879397	0.02633672849173544
14.472361809045227	0.026246068959611717
14.874371859296483	0.025540651686856087
15.27638190954774	0.026077234090955033
15.678391959798995	0.030103803330281398
16.080402010050253	0.03790392349952651
16.48241206030151	0.04735824726279596
16.884422110552766	0.0552411573988867
17.286432160804022	0.059764448854497165
17.68844221105528	0.05964221606688756
18.090452261306535	0.054866788116376665
18.49246231155779	0.046905259194907
18.894472361809047	0.03775533185374218
19.296482412060303	0.030715955202787963
19.69849246231156	0.027839314909642632
20.100502512562816	0.027626888590706035
20.502512562814072	0.02757373342980623
20.90452261306533	0.02788635191389679
21.306532663316585	0.030987477049807106
21.70854271356784	0.03895905492236475
22.110552763819097	0.04931634847105311
22.512562814070353	0.05842143116820545
22.91457286432161	0.0635770015578654
23.316582914572866	0.06339698919485358
23.718592964824122	0.05742496283752979
24.12060301507538	0.04756477474554698
24.522613065326635	0.036640833460857364
24.92462311557789	0.029226124475455917
25.326633165829147	0.027950590954257098
25.728643216080403	0.029712593318924486
26.13065326633166	0.030038387062278894
26.532663316582916	0.02790319183679592
26.934673366834172	0.02646330481988456
27.33668341708543	0.030287274100633282
27.738693467336685	0.03886175376982952
28.14070351758794	0.04812409566969911
28.542713567839197	0.054886036395750404
28.944723618090453	0.05733005447575594
29.34673366834171	0.05506528641750891
29.748743718592966	0.049430341184300966
30.150753768844222	0.04200056082173155
30.55276381909548	0.03538909230065454
30.954773869346734	0.03139651879669953
31.35678391959799	0.030270592334837098
31.758793969849247	0.02998627906454148
32.16080402010051	0.0293473627872123
32.56281407035176	0.028926355285643524
32.96482412060302	0.03033760736823054
33.366834170854275	0.03523080104606718
33.76884422110553	0.042672839405237646
34.17085427135679	0.05073097957985153
34.572864321608044	0.05807044821066627
34.9748743718593	0.0631622693258152
35.37688442211056	0.06554395999118853
35.77889447236181	0.06481034368855801
36.18090452261307	0.06176065493063081
36.582914572864325	0.056755688750513664
36.98492462311558	0.05128503688032078
37.38693467336684	0.04651380955954744
37.788944723618094	0.04295452851670524
38.19095477386935	0.04054051761546317
38.59296482412061	0.03947071037872583
38.99497487437186	0.03976666902641036
39.39698492462312	0.04250688379374963
39.798994974874375	0.04792623652780832
40.20100502512563	0.0551500806318739
40.60301507537689	0.06261534023688287
41.005025125628144	0.0683476845215297
41.4070351758794	0.07096280197573177
41.80904522613066	0.06996423384586675
42.21105527638191	0.06537745848370398
42.61306532663317	0.058337696639357874
43.015075376884425	0.05075689078822804
43.41708542713568	0.044104493666308905
43.81909547738694	0.03903731528558727
44.221105527638194	0.03535986634201353
44.62311557788945	0.03290285854722659
45.02512562814071	0.032913216176982285
45.42713567839196	0.03791345823346566
45.82914572864322	0.0474775811430652
46.231155778894475	0.058600542886969365
46.63316582914573	0.06860693576946304
47.03517587939699	0.07492600629352375
47.437185929648244	0.07646781796973466
47.8391959798995	0.07276283785493134
48.24120603015076	0.06470416250998348
48.64321608040201	0.05388724099825959
49.04522613065327	0.04263534431081016
49.447236180904525	0.03354739772831131
49.84924623115578	0.02752314794871628
50.25125628140704	0.024448440632007618
50.653266331658294	0.02489229926931429
51.05527638190955	0.030624620255599373
51.45728643216081	0.04214306441915321
51.85929648241206	0.05622918769727024
52.26130653266332	0.06969013647369002
52.663316582914575	0.0795414790382669
53.06532663316583	0.08378017950899794
53.46733668341709	0.08159054417464905
53.869346733668344	0.0734544300971795
54.2713567839196	0.0609992479017525
54.67336683417086	0.0469635429105381
55.07537688442211	0.03469290004707022
55.47738693467337	0.026708439992667903
55.879396984924625	0.02425200678989599
56.28140703517588	0.026269342326111823
56.68341708542714	0.032998129951925595
57.085427135678394	0.04468671649880439
57.48743718592965	0.05894513069336264
57.88944723618091	0.07250967422269756
58.29145728643216	0.08251952918263683
58.69346733668342	0.0868420394935119
59.095477386934675	0.08467229032415483
59.49748743718593	0.07675293915024455
59.89949748743719	0.06508151663850927
60.301507537688444	0.05180792188894971
60.7035175879397	0.039829835765180815
61.10552763819096	0.031642237375708274
61.50753768844221	0.028800487851928392
61.90954773869347	0.030701249894666365
62.311557788944725	0.03638687014786122
62.71356783919598	0.04466912401544347
63.11557788944724	0.05455969384135242
63.517587939698494	0.06441359245820086
63.91959798994975	0.07235639608573845
64.32160804020101	0.07696033387366283
64.72361809045226	0.07746039075132018
65.12562814070353	0.07358044958526566
65.52763819095478	0.06604295273685924
65.92964824120604	0.05625717557947193
66.33165829145729	0.046015161738262436
66.73366834170855	0.03705859984847485
67.1356783919598	0.031091770173234105
67.53768844221106	0.029365609620561887
67.93969849246231	0.0317550773807575
68.34170854271358	0.03753894783349236
68.74371859296483	0.045761655767856575
69.14572864321609	0.055698310843032804
69.54773869346734	0.06510553616245764
69.9497487437186	0.07277090557300159
70.35175879396985	0.07753972232599829
70.75376884422111	0.07858330093656875
71.15577889447236	0.07529564695310519
71.55778894472363	0.06847978028228063
71.95979899497488	0.0591722253623894
72.36180904522614	0.0491132484242189
72.76381909547739	0.0401217523810977
73.16582914572865	0.03418251954408978
73.5678391959799	0.03202969270748015
73.96984924623116	0.03412798328713222
74.37185929648241	0.03978794294269276
74.77386934673368	0.048632225893619034
75.17587939698493	0.05865770837592664
75.57788944723619	0.06857905220442417
75.97989949748744	0.07628155908631337
76.3819095477387	0.08069296377312091
76.78391959798995	0.08090647905397563
77.18592964824121	0.07648088846164587
77.58793969849246	0.06850069486018466
77.98994974874373	0.05819062741759094
78.39195979899498	0.04720627448674125
78.79396984924624	0.037908924211565644
79.19597989949749	0.03154715687076184
79.59798994974875	0.029677018856912603
80.0	0.032393160840044996
