0.0	0.015968826506157236
0.4020100502512563	0.0147191240440931
0.8040201005025126	0.011083503935773661
1.206030150753769	0.005844810490564845
1.6080402010050252	0.0015664483859240282
2.0100502512562817	0.006515728891655704
2.412060301507538	0.010664433881459516
2.814070351758794	0.012584619854085724
3.2160804020100504	0.012045038491487844
3.6180904522613067	0.00881882063667797
4.020100502512563	0.0035483851724446313
4.42211055276382	0.0027569821502216344
4.824120603015076	0.008881675232110555
5.226130653266332	0.01398055029070618
5.628140703517588	0.016949981890131256
6.030150753768845	0.017376126699404092
6.432160804020101	0.015229893127346631
6.834170854271357	0.010956484462734593
7.236180904522613	0.005328113532718548
7.63819095477387	0.0017571866111528284
8.040201005025127	0.0060242304952214075
8.442211055276383	0.009149891876165675
8.84422110552764	0.009706311431007718
9.246231155778895	0.00773495804484353
9.648241206030152	0.0037756187632788825
10.050251256281408	0.002664059276310194
10.452261306532664	0.008163521989368937
10.85427135678392	0.01352594061712568
11.256281407035177	0.017495156370571578
11.658291457286433	0.01920529759240141
12.06030150753769	0.018319780678062857
12.462311557788945	0.015897285210446484
12.864321608040202	0.01493197404509126
13.266331658291458	0.01822788972540734
13.668341708542714	0.024596506079042017
14.07035175879397	0.03139574227734324
14.472361809045227	0.03574080256215474
14.874371859296483	0.03452996136403795
15.27638190954774	0.02670683953445831
15.678391959798995	0.011979543566192895
16.080402010050253	0.012624901229207671
16.48241206030151	0.033449395044780644
16.884422110552766	0.05186129474971009
17.286432160804022	0.062237760142285894
17.68844221105528	0.06169194121074626
18.090452261306535	0.04970133490105672
18.49246231155779	0.03323711499572178
18.894472361809047	0.03131921798078247
19.296482412060303	0.049001392089606154
19.69849246231156	0.06708980052296004
20.100502512562816	0.07630031204125562
20.502512562814072	0.07415242355307965
20.90452261306533	0.0615165797793641
21.306532663316585	0.04344633080974767
21.70854271356784	0.03322451478903202
22.110552763819097	0.04435437720394467
22.512562814070353	0.062285177408547
22.91457286432161	0.07486840904538852
23.316582914572866	0.07652221797373703
23.718592964824122	0.06822027089734851
24.12060301507538	0.054704900460341176
24.522613065326635	0.047242791954984334
24.92462311557789	0.054081424033362115
25.326633165829147	0.06770961296198122
25.728643216080403	0.0780501005522454
26.13065326633166	0.07933969399938154
26.532663316582916	0.07076903337352186
26.934673366834172	0.05554217497630633
27.33668341708543	0.040660891664937866
27.738693467336685	0.04019181694217834
28.14070351758794	0.05305105882962957
28.542713567839197	0.06666704698061766
28.944723618090453	0.0734551756745335
29.34673366834171	0.07329101752995183
29.748743718592966	0.07013438629675277
30.150753768844222	0.06897663921603482
30.55276381909548	0.07219815906097975
30.954773869346734	0.07565814371592633
31.35678391959799	0.07566102996126448
31.758793969849247	0.06883155250134572
32.16080402010051	0.056312150262366675
32.56281407035176	0.039624408695337
32.96482412060302	0.02250631743665247
33.366834170854275	0.014020090018896392
33.76884422110553	0.024914818775233948
34.17085427135679	0.03813835262616049
34.572864321608044	0.04708100976502262
34.9748743718593	0.05123544920578539
35.37688442211056	0.05152984699567823
35.77889447236181	0.05049809193328042
36.18090452261307	0.0505341970306644
36.582914572864325	0.05161032550658299
36.98492462311558	0.05124693734657838
37.38693467336684	0.0489115422718787
37.788944723618094	0.042609893440738025
38.19095477386935	0.032399583865688225
38.59296482412061	0.01960717884760354
38.99497487437186	0.004686942910600978
39.39698492462312	0.010279648236206144
39.798994974874375	0.022954338050636056
40.20100502512563	0.032147435793460306
40.60301507537689	0.03689239520121389
41.005025125628144	0.0379190845104818
41.4070351758794	0.03705399197196738
41.80904522613066	0.036795707095795285
42.21105527638191	0.039270405261739666
42.61306532663317	0.044497225130827565
43.015075376884425	0.04975191451495865
43.41708542713568	0.05204642718785775
43.81909547738694	0.0495282849171356
44.221105527638194	0.04212072757382045
44.62311557788945	0.03027403984846313
45.02512562814071	0.015841324908811176
45.42713567839196	0.0036595873781177417
45.82914572864322	0.011314831191693337
46.231155778894475	0.018588536595920125
46.63316582914573	0.021008012242382162
47.03517587939699	0.02076693959108798
47.437185929648244	0.023191046667055994
47.8391959798995	0.03364513003367065
48.24120603015076	0.04803012893902304
48.64321608040201	0.062007861882006673
49.04522613065327	0.07221633846114509
49.447236180904525	0.0756858850223768
49.84924623115578	0.07172095029064743
50.25125628140704	0.06029013754794711
50.653266331658294	0.04361921083798295
51.05527638190955	0.024572324477649655
51.45728643216081	0.006781704564448121
51.85929648241206	0.007842572968402113
52.26130653266332	0.015704126002527526
52.663316582914575	0.018514722518975055
53.06532663316583	0.02154009425577152
53.46733668341709	0.03115703460092738
53.869346733668344	0.04616158541375811
54.2713567839196	0.06091878031722825
54.67336683417086	0.07162115781303964
55.07537688442211	0.07561041696869106
55.47738693467337	0.07168314696242731
55.879396984924625	0.0607561310884945
56.28140703517588	0.045589431519667115
56.68341708542714	0.030024987433090032
57.085427135678394	0.021175723801456818
57.48743718592965	0.02168530728221179
57.88944723618091	0.02239130666550704
58.29145728643216	0.01757215495798837
58.69346733668342	0.006682396419759973
59.095477386934675	0.012867692306081733
59.49748743718593	0.03166846687083901
59.89949748743719	0.04980198442673556
60.301507537688444	0.06388138323792461
60.7035175879397	0.07219671173398513
61.10552763819096	0.07348263479531396
61.50753768844221	0.06853591923730187
61.90954773869347	0.059043118095486825
62.311557788944725	0.048523498056284475
62.71356783919598	0.04002836700353747
63.11557788944724	0.03700124248577079
63.517587939698494	0.036892643370681426
63.91959798994975	0.03467779837702522
64.32160804020101	0.0281581855558173
64.72361809045226	0.0175232239185862
65.12562814070353	0.011503527839024814
65.52763819095478	0.02266137965793646
65.92964824120604	0.0369954043444743
66.33165829145729	0.04863557652391885
66.73366834170855	0.05498746809826198
67.1356783919598	0.055728207844072467
67.53768844221106	0.05201895814001249
67.93969849246231	0.04679298440611681
68.34170854271358	0.04404588146318133
68.74371859296483	0.04590234641766032
69.14572864321609	0.05036002583105663
69.54773869346734	0.053312867186658675
69.9497487437186	0.051213421515957994
70.35175879396985	0.04339208350969316
70.75376884422111	0.030518480679930217
71.15577889447236	0.016183923414765974
71.55778894472363	0.012420319566736159
71.95979899497488	0.023045911205348477
72.36180904522614	0.03211470433153399
72.76381909547739	0.03649599230596812
73.16582914572865	0.036376241364741865
73.5678391959799	0.03613361243650638
73.96984924623116	0.04083976959411835
74.37185929648241	0.051016108527969936
74.77386934673368	0.06241919524723544
75.17587939698493	0.0708542188954297
75.57788944723619	0.07391150353824677
75.97989949748744	0.06992577812514765
76.3819095477387	0.059023747852483675
76.78391959798995	0.042683706284479636
77.18592964824121	0.02381748480789793
77.58793969849246	0.008971036641038252
77.98994974874373	0.016682188058308418
78.39195979899498	0.02668963250131131
78.79396984924624	0.03055239036903576
79.19597989949749	0.028583426042273347
79.59798994974875	0.025745006158945854
80.0	0.03049463444911315
