0.0	0.004546581417292116
0.4020100502512563	0.004057063083856779
0.8040201005025126	0.00292910572467441
1.206030150753769	0.0016435167267510944
1.6080402010050252	0.0016905408947587449
2.0100502512562817	0.0030188887272716326
2.412060301507538	0.004089342759127576
2.814070351758794	0.004460885006892161
3.2160804020100504	0.0040267541639312536
3.6180904522613067	0.002960815799709168
4.020100502512563	0.001465577647414612
4.42211055276382	0.0012097576361778993
4.824120603015076	0.0027679586343901824
5.226130653266332	0.004115844039305486
5.628140703517588	0.0047935449226618205
6.030150753768845	0.004655138038072703
6.432160804020101	0.004054406096897116
6.834170854271357	0.0027451595257163416
7.236180904522613	0.001640102945304734
7.63819095477387	0.0019377995843657303
8.040201005025127	0.0028794843836439576
8.442211055276383	0.0033631669041741022
8.84422110552764	0.0031745935281297473
9.246231155778895	0.00211208511727089
9.648241206030152	0.0005903404363808336
10.050251256281408	0.001938973938012294
10.452261306532664	0.004108056281305976
10.85427135678392	0.0061370031758456196
11.256281407035177	0.007607046790576248
11.658291457286433	0.008523428608512728
12.06030150753769	0.008972860298253785
12.462311557788945	0.008782654388460156
12.864321608040202	0.008339603680484132
13.266331658291458	0.007867863089547813
13.668341708542714	0.007750712955555195
14.07035175879397	0.007876332164501874
14.472361809045227	0.008639803150051042
14.874371859296483	0.010024868940718246
15.27638190954774	0.011767059641305005
15.678391959798995	0.013366823633485856
16.080402010050253	0.014601812745078732
16.48241206030151	0.015473906940538223
16.884422110552766	0.01618679508880815
17.286432160804022	0.01674348446707245
17.68844221105528	0.01729141127370342
18.090452261306535	0.01756970605939389
18.49246231155779	0.017491033077018405
18.894472361809047	0.017307543402482174
19.296482412060303	0.016872557908042603
19.69849246231156	0.01645227052919461
20.100502512562816	0.016621020594035432
20.502512562814072	0.01759093830929563
20.90452261306533	0.019436691022458007
21.306532663316585	0.02189060883622162
21.70854271356784	0.024652215379332276
22.110552763819097	0.027359938023487455
22.512562814070353	0.029615685582270995
22.91457286432161	0.03136365516134467
23.316582914572866	0.032384508907899734
23.718592964824122	0.03309854670418646
24.12060301507538	0.03345908801594102
24.522613065326635	0.03326642689305053
24.92462311557789	0.032847974255100665
25.326633165829147	0.03256057289300131
25.728643216080403	0.03221772008942558
26.13065326633166	0.03207647930758635
26.532663316582916	0.03254793218832055
26.934673366834172	0.03362518061834246
27.33668341708543	0.03556023108834904
27.738693467336685	0.03846581281628689
28.14070351758794	0.04242394230587452
28.542713567839197	0.0465222256629328
28.944723618090453	0.050658759375468945
29.34673366834171	0.054485512674366174
29.748743718592966	0.05769764304666718
30.150753768844222	0.05975392397349209
30.55276381909548	0.06086926941264609
30.954773869346734	0.0609395329182154
31.35678391959799	0.06032667882370983
31.758793969849247	0.05946787189781473
32.16080402010051	0.05899602585108229
32.56281407035176	0.059016455541022125
32.96482412060302	0.05938506302447692
33.366834170854275	0.06049987328067773
33.76884422110553	0.06164872888648139
34.17085427135679	0.06232652147638514
34.572864321608044	0.06255353192467618
34.9748743718593	0.06204518353471363
35.37688442211056	0.061054111521791056
35.77889447236181	0.05988343272022262
36.18090452261307	0.05910941224841134
36.582914572864325	0.059016484227424705
36.98492462311558	0.05922786095901711
37.38693467336684	0.06060810852829969
37.788944723618094	0.06193834473301939
38.19095477386935	0.06339851629247421
38.59296482412061	0.06412745827227728
38.99497487437186	0.06424728265667093
39.39698492462312	0.06331918578441417
39.798994974874375	0.06142600903938097
40.20100502512563	0.0587940475633044
40.60301507537689	0.05553777427089358
41.005025125628144	0.05255843447584925
41.4070351758794	0.05010134990047986
41.80904522613066	0.04888298125277106
42.21105527638191	0.048835445920608136
42.61306532663317	0.04997306091403027
43.015075376884425	0.05183846969540978
43.41708542713568	0.05419195890317154
43.81909547738694	0.056490015822616056
44.221105527638194	0.05843237513141505
44.62311557788945	0.059485344971966524
45.02512562814071	0.05952402402286498
45.42713567839196	0.05856358794526316
45.82914572864322	0.056727288000068876
46.231155778894475	0.05456255635015428
46.63316582914573	0.05224622683867508
47.03517587939699	0.05057082962528212
47.437185929648244	0.04981455639617729
47.8391959798995	0.05011011984805347
48.24120603015076	0.051114128756678104
48.64321608040201	0.05228759892914758
49.04522613065327	0.05365094520666001
49.447236180904525	0.05479565044344655
49.84924623115578	0.05571960266592115
50.25125628140704	0.056292041398398086
50.653266331658294	0.0568010584512353
51.05527638190955	0.056590445480655005
51.45728643216081	0.05623923341960337
51.85929648241206	0.055565460719771066
52.26130653266332	0.054964425595860386
52.663316582914575	0.05446102358980626
53.06532663316583	0.0538413688747872
53.46733668341709	0.053529407318594145
53.869346733668344	0.05303749156983053
54.2713567839196	0.05301792357981242
54.67336683417086	0.052992280013428594
55.07537688442211	0.05332279640633027
55.47738693467337	0.053869308717395537
55.879396984924625	0.054514857422763595
56.28140703517588	0.05527382685049946
56.68341708542714	0.05591685449373278
57.085427135678394	0.05651468560563706
57.48743718592965	0.05663493317832492
57.88944723618091	0.05659717617736424
58.29145728643216	0.05630409514857634
58.69346733668342	0.05607724441444438
59.095477386934675	0.055743509085252954
59.49748743718593	0.055676301682141126
59.89949748743719	0.0556651170024521
60.301507537688444	0.05600373811088823
60.7035175879397	0.05645052102140073
61.10552763819096	0.05728146704099305
61.50753768844221	0.05797639792294693
61.90954773869347	0.058493581155885446
62.311557788944725	0.05833785379970956
62.71356783919598	0.057694046364228
63.11557788944724	0.05647836766430876
63.517587939698494	0.05510315465648176
63.91959798994975	0.05394284604065057
64.32160804020101	0.05310220922049854
64.72361809045226	0.05316472979717479
65.12562814070353	0.053742358080936505
65.52763819095478	0.05520385325330164
65.92964824120604	0.056824512947310446
66.33165829145729	0.05831585073374694
66.73366834170855	0.0594103716114767
67.1356783919598	0.059545405920596525
67.53768844221106	0.05869303731130748
67.93969849246231	0.05715109082459049
68.34170854271358	0.05518329071740628
68.74371859296483	0.05332219891187712
69.14572864321609	0.0516227925339523
69.54773869346734	0.05077113767178748
69.9497487437186	0.05028292206906905
70.35175879396985	0.05048376035351215
70.75376884422111	0.05125330107211843
71.15577889447236	0.052692384005485315
71.55778894472363	0.05433808884475727
71.95979899497488	0.05581646339693188
72.36180904522614	0.0570474167619903
72.76381909547739	0.05770200657946384
73.16582914572865	0.05758181741297928
73.5678391959799	0.05664958578767465
73.96984924623116	0.05537218105272964
74.37185929648241	0.053484949822967066
74.77386934673368	0.052105210249930554
75.17587939698493	0.050903392399305934
75.57788944723619	0.05022859585522029
75.97989949748744	0.05026994093379068
76.3819095477387	0.05099910543912136
76.78391959798995	0.052296228037903326
77.18592964824121	0.053812701870435756
77.58793969849246	0.05542887640314583
77.98994974874373	0.056949550464367185
78.39195979899498	0.057902422034569315
78.79396984924624	0.0582800767685092
79.19597989949749	0.05762902356934073
79.59798994974875	0.05641656633281612
80.0	0.054998293986940484
