0.0	0.02218702526198219
0.4020100502512563	0.02109261919836398
0.8040201005025126	0.01685005738890558
1.206030150753769	0.01040229775205507
1.6080402010050252	0.004485199190759586
2.0100502512562817	0.008187022794046164
2.412060301507538	0.014247611825361519
2.814070351758794	0.01801226310941623
3.2160804020100504	0.01853954216292445
3.6180904522613067	0.015546013833144436
4.020100502512563	0.009655043086151874
4.42211055276382	0.0024280787152585093
4.824120603015076	0.007383224317088636
5.226130653266332	0.014961726726692376
5.628140703517588	0.020465282184577063
6.030150753768845	0.02287700933323054
6.432160804020101	0.021794271079525637
6.834170854271357	0.017600645830368487
7.236180904522613	0.011643775848506486
7.63819095477387	0.007074313358948123
8.040201005025127	0.009665275116734024
8.442211055276383	0.0145235266597798
8.84422110552764	0.017685236108580256
9.246231155778895	0.01749258992595429
9.648241206030152	0.013773441701490283
10.050251256281408	0.007465700736746704
10.452261306532664	0.0009195754653962268
10.85427135678392	0.009600448811416811
11.256281407035177	0.017064312114051242
11.658291457286433	0.022385801564244186
12.06030150753769	0.02464114238605505
12.462311557788945	0.02354392683749339
12.864321608040202	0.019765534485396856
13.266331658291458	0.014313955450800539
13.668341708542714	0.009748564406615427
14.07035175879397	0.009924949016403364
14.472361809045227	0.013160890426429822
14.874371859296483	0.015484588776997993
15.27638190954774	0.01516800291135639
15.678391959798995	0.011758179818761077
16.080402010050253	0.006240693557594044
16.48241206030151	0.004039484877828936
16.884422110552766	0.011315322901523383
17.286432160804022	0.0187912751747038
17.68844221105528	0.02446209776456004
18.090452261306535	0.02741895339217973
18.49246231155779	0.027218614748135993
18.894472361809047	0.024316212035757824
19.296482412060303	0.019691000569554716
19.69849246231156	0.014752495455947381
20.100502512562816	0.012215931599682314
20.502512562814072	0.013216900748463092
20.90452261306533	0.01488033248353198
21.306532663316585	0.014876721135676358
21.70854271356784	0.012726014008806266
22.110552763819097	0.010365837084011151
22.512562814070353	0.012243585872962053
22.91457286432161	0.018734894752592907
23.316582914572866	0.025883553378759295
23.718592964824122	0.031566724462454246
24.12060301507538	0.03459085166478239
24.522613065326635	0.0344591252791538
24.92462311557789	0.031450014191970604
25.326633165829147	0.026713962264826953
25.728643216080403	0.02190453283489826
26.13065326633166	0.018993388842450824
26.532663316582916	0.018735792617799712
26.934673366834172	0.01947321242438334
27.33668341708543	0.01945093772326621
27.738693467336685	0.018998877189566422
28.14070351758794	0.019774277234153308
28.542713567839197	0.02345388447819887
28.944723618090453	0.028979440236287395
29.34673366834171	0.03427364555362099
29.748743718592966	0.0376959367081795
30.150753768844222	0.03821421663354589
30.55276381909548	0.03593975544950708
30.954773869346734	0.031380844717758
31.35678391959799	0.0260681387148567
31.758793969849247	0.022187510393823807
32.16080402010051	0.020608357938690553
32.56281407035176	0.02116488079379422
32.96482412060302	0.022412525494434777
33.366834170854275	0.023191533190296654
33.76884422110553	0.024294389986833132
34.17085427135679	0.026388672601277453
34.572864321608044	0.029731834417777346
34.9748743718593	0.03367286766325916
35.37688442211056	0.03716614381616927
35.77889447236181	0.03893330813608315
36.18090452261307	0.038303521959526535
36.582914572864325	0.035682789210803395
36.98492462311558	0.031746689609692624
37.38693467336684	0.027680700183519334
37.788944723618094	0.02467512453198078
38.19095477386935	0.023811364224852347
38.59296482412061	0.024494800634595033
38.99497487437186	0.025373579690215482
39.39698492462312	0.026044535645170563
39.798994974874375	0.02658420743245154
40.20100502512563	0.02792551801114184
40.60301507537689	0.030412354310929885
41.005025125628144	0.03367333392263065
41.4070351758794	0.036743643135255064
41.80904522613066	0.038660047540727
42.21105527638191	0.03917023576232288
42.61306532663317	0.037808645666340956
43.015075376884425	0.03503157976355236
43.41708542713568	0.031828808154895624
43.81909547738694	0.02944007581212852
44.221105527638194	0.028207167426897727
44.62311557788945	0.028006719180519314
45.02512562814071	0.02825448387979823
45.42713567839196	0.028440713230893595
45.82914572864322	0.028619647432767348
46.231155778894475	0.029330951831104575
46.63316582914573	0.030980324679117426
47.03517587939699	0.033639201411851664
47.437185929648244	0.036354074605776554
47.8391959798995	0.038554207340910036
48.24120603015076	0.03933254473045767
48.64321608040201	0.038539116440967726
49.04522613065327	0.03604769363245757
49.447236180904525	0.03287375113056139
49.84924623115578	0.029809286898940645
50.25125628140704	0.027701989153771957
50.653266331658294	0.027158958386425826
51.05527638190955	0.02752807852968186
51.45728643216081	0.028219219223880366
51.85929648241206	0.02873185365559744
52.26130653266332	0.02906612386689118
52.663316582914575	0.03007973808446493
53.06532663316583	0.031743176603697784
53.46733668341709	0.033639017867704415
53.869346733668344	0.03527426412449493
54.2713567839196	0.03609263200899222
54.67336683417086	0.0353730256450271
55.07537688442211	0.03353474614043768
55.47738693467337	0.03075175242485721
55.879396984924625	0.028071000588964484
56.28140703517588	0.026371230226853143
56.68341708542714	0.025954028645251294
57.085427135678394	0.0263782845080509
57.48743718592965	0.027201451478502177
57.88944723618091	0.0276633841337448
58.29145728643216	0.027818154429668045
58.69346733668342	0.028222507206159327
59.095477386934675	0.02953440262431987
59.49748743718593	0.03187869692485481
59.89949748743719	0.03432542007914864
60.301507537688444	0.03607827020323088
60.7035175879397	0.03643059078614707
61.10552763819096	0.03539932066207756
61.50753768844221	0.03314766306160406
61.90954773869347	0.030424438804268077
62.311557788944725	0.02851115349909152
62.71356783919598	0.02753739778626526
63.11557788944724	0.02776418330688582
63.517587939698494	0.02801349204021607
63.91959798994975	0.027757685220593298
64.32160804020101	0.027352481948755874
64.72361809045226	0.02737831841401932
65.12562814070353	0.028527702538860333
65.52763819095478	0.030999043353226896
65.92964824120604	0.03397726909325313
66.33165829145729	0.03640808794677126
66.73366834170855	0.0375338605994029
67.1356783919598	0.036966058684780714
67.53768844221106	0.03479006889215297
67.93969849246231	0.03196495557981703
68.34170854271358	0.02937077348518192
68.74371859296483	0.027857473419430494
69.14572864321609	0.02744015439357314
69.54773869346734	0.027782533361153505
69.9497487437186	0.028024827479415138
70.35175879396985	0.028193048094532974
70.75376884422111	0.02842797551983236
71.15577889447236	0.02964906546640191
71.55778894472363	0.03202551552926744
71.95979899497488	0.03486657694355506
72.36180904522614	0.037264530394590836
72.76381909547739	0.03830156640832853
73.16582914572865	0.037500773242483645
73.5678391959799	0.03486522679527876
73.96984924623116	0.03140289562918399
74.37185929648241	0.028256529638339394
74.77386934673368	0.02666140788238704
75.17587939698493	0.02687752593765924
75.57788944723619	0.0277443290941277
75.97989949748744	0.02841333425162233
76.3819095477387	0.028258762918189833
76.78391959798995	0.028258480440198675
77.18592964824121	0.02929182278969348
77.58793969849246	0.031591843986666354
77.98994974874373	0.034825550268941866
78.39195979899498	0.03736609161343514
78.79396984924624	0.038321411355346655
79.19597989949749	0.03718288400226578
79.59798994974875	0.03419452794094523
80.0	0.030411382130773518
