0.0	0.020757776462040085
0.4020100502512563	0.021530507531577637
0.8040201005025126	0.019286131369808755
1.206030150753769	0.014604808091415167
1.6080402010050252	0.009532048126226588
2.0100502512562817	0.008110399433581359
2.412060301507538	0.011381120108416298
2.814070351758794	0.014433647198100308
3.2160804020100504	0.015045576686008439
3.6180904522613067	0.012322599988480537
4.020100502512563	0.006962249950768611
4.42211055276382	0.0036927880573519255
4.824120603015076	0.011096868359761435
5.226130653266332	0.019180840388710506
5.628140703517588	0.0254576845792098
6.030150753768845	0.029268772345545997
6.432160804020101	0.029975588314835065
6.834170854271357	0.027829983869124175
7.236180904522613	0.02387111647995195
7.63819095477387	0.019225411546360042
8.040201005025127	0.015594252819957102
8.442211055276383	0.013388610301578405
8.84422110552764	0.011569072171930404
9.246231155778895	0.009355423768536856
9.648241206030152	0.009201520866999558
10.050251256281408	0.015317471184273396
10.452261306532664	0.02507715758647659
10.85427135678392	0.03548047512201444
11.256281407035177	0.04513277365612047
11.658291457286433	0.052478475094466556
12.06030150753769	0.056781708731168876
12.462311557788945	0.057350943223213866
12.864321608040202	0.05452756499014012
13.266331658291458	0.049543587008162006
13.668341708542714	0.04317384349447215
14.07035175879397	0.03590929202038764
14.472361809045227	0.029220994838024594
14.874371859296483	0.023512080675145444
15.27638190954774	0.01914349042942288
15.678391959798995	0.01610322267055838
16.080402010050253	0.017317583475377596
16.48241206030151	0.02275786590319751
16.884422110552766	0.0317961992751612
17.286432160804022	0.043936105282872166
17.68844221105528	0.05610999071595544
18.090452261306535	0.06707014740393571
18.49246231155779	0.07466976100734293
18.894472361809047	0.07928445368049127
19.296482412060303	0.08142568383587385
19.69849246231156	0.08069825314305931
20.100502512562816	0.07829979299044301
20.502512562814072	0.07370147554698689
20.90452261306533	0.0655101117983865
21.306532663316585	0.05587098848448744
21.70854271356784	0.04591114777958821
22.110552763819097	0.03692992081867304
22.512562814070353	0.02950028921280139
22.91457286432161	0.024405130598372675
23.316582914572866	0.023121935848891016
23.718592964824122	0.024678267776399122
24.12060301507538	0.027729475495650885
24.522613065326635	0.03209049088478366
24.92462311557789	0.035515659273422776
25.326633165829147	0.03626115403647133
25.728643216080403	0.03308700882554474
26.13065326633166	0.026638247273368044
26.532663316582916	0.0169733169715399
26.934673366834172	0.005122036210593894
27.33668341708543	0.007633605882501941
27.738693467336685	0.017888700233526365
28.14070351758794	0.026252869325889012
28.542713567839197	0.03173319738974159
28.944723618090453	0.03329994759450249
29.34673366834171	0.03180651146571088
29.748743718592966	0.027242119999729374
30.150753768844222	0.02170149843478974
30.55276381909548	0.01615865652291121
30.954773869346734	0.013281583292982143
31.35678391959799	0.0133524039994179
31.758793969849247	0.016324066470478106
32.16080402010051	0.022696766306101387
32.56281407035176	0.030844828429889892
32.96482412060302	0.039688228396788816
33.366834170854275	0.0474393665584372
33.76884422110553	0.05502799590032666
34.17085427135679	0.06126043248600255
34.572864321608044	0.06658579208206566
34.9748743718593	0.06982426741711648
35.37688442211056	0.06998466451211964
35.77889447236181	0.06657750837067469
36.18090452261307	0.059695772557947946
36.582914572864325	0.050630988675873234
36.98492462311558	0.040656555669246766
37.38693467336684	0.032142320762629836
37.788944723618094	0.02628476936714149
38.19095477386935	0.02447275595059502
38.59296482412061	0.026889835622209722
38.99497487437186	0.03224040735788704
39.39698492462312	0.03965412606175855
39.798994974874375	0.04744067697813735
40.20100502512563	0.05421198012406164
40.60301507537689	0.05717136584411599
41.005025125628144	0.05539749618609681
41.4070351758794	0.04926515721553787
41.80904522613066	0.039008553333496565
42.21105527638191	0.025891657174145117
42.61306532663317	0.012372936491222758
43.015075376884425	0.004933619717606478
43.41708542713568	0.012146032878841494
43.81909547738694	0.01748216576363154
44.221105527638194	0.019004924268060868
44.62311557788945	0.016588473248858048
45.02512562814071	0.011018999157110267
45.42713567839196	0.004452556938804787
45.82914572864322	0.005713954479141721
46.231155778894475	0.010943831648073176
46.63316582914573	0.012972669784795762
47.03517587939699	0.010481554610593313
47.437185929648244	0.0038004262087960304
47.8391959798995	0.009674722836319864
48.24120603015076	0.02385359741429732
48.64321608040201	0.03875967652724284
49.04522613065327	0.05202585889371247
49.447236180904525	0.06142289970755989
49.84924623115578	0.06586437404812964
50.25125628140704	0.06541195329390043
50.653266331658294	0.06013342829136072
51.05527638190955	0.052307966082212075
51.45728643216081	0.042513262421194596
51.85929648241206	0.03302112328249675
52.26130653266332	0.025351018723098123
52.663316582914575	0.020827577876701378
53.06532663316583	0.020017022683703624
53.46733668341709	0.022475359262848733
53.869346733668344	0.028324312044203485
54.2713567839196	0.036515579440950185
54.67336683417086	0.04683197951961139
55.07537688442211	0.05754607203530575
55.47738693467337	0.06690459518032357
55.879396984924625	0.07257672787853639
56.28140703517588	0.07295444857295318
56.68341708542714	0.06793819072506108
57.085427135678394	0.057445546686642736
57.48743718592965	0.043498298631479734
57.88944723618091	0.027689541497590658
58.29145728643216	0.012718797770767901
58.69346733668342	0.002412063031945822
59.095477386934675	0.006909894769951856
59.49748743718593	0.008786599037107714
59.89949748743719	0.006770143895138235
60.301507537688444	0.00656712292189586
60.7035175879397	0.014458290929210965
61.10552763819096	0.023561643760869798
61.50753768844221	0.030487008596293087
61.90954773869347	0.032648637271342415
62.311557788944725	0.029081967131350073
62.71356783919598	0.019822765223439377
63.11557788944724	0.006422116527747683
63.517587939698494	0.011736552417395778
63.91959798994975	0.028304240988142104
64.32160804020101	0.042661724154001227
64.72361809045226	0.052491210096889694
65.12562814070353	0.05635218019425137
65.52763819095478	0.05436653577798214
65.92964824120604	0.046951295713115314
66.33165829145729	0.03569412662181791
66.73366834170855	0.02311436489973635
67.1356783919598	0.011360169062105411
67.53768844221106	0.0027233734427817386
67.93969849246231	0.001271479071742865
68.34170854271358	0.004096347882100071
68.74371859296483	0.01375992500429675
69.14572864321609	0.028665153522519915
69.54773869346734	0.04639082263965784
69.9497487437186	0.06345041082264732
70.35175879396985	0.0767826604631218
70.75376884422111	0.08396442552611341
71.15577889447236	0.08323967915027478
71.55778894472363	0.07483734465717826
71.95979899497488	0.059732016746220286
72.36180904522614	0.04125504205541398
72.76381909547739	0.022747734952722178
73.16582914572865	0.008736333539678589
73.5678391959799	0.006827055460794347
73.96984924623116	0.008344579288153606
74.37185929648241	0.007792822777888254
74.77386934673368	0.014715876183511991
75.17587939698493	0.027826399893089566
75.57788944723619	0.041322488781342065
75.97989949748744	0.05214388329438887
76.3819095477387	0.057276504491355996
76.78391959798995	0.05588778711343604
77.18592964824121	0.04701964139080293
77.58793969849246	0.032678293793326436
77.98994974874373	0.015186655286218325
78.39195979899498	0.006203655745163956
78.79396984924624	0.020762515892624057
79.19597989949749	0.032282769049827735
79.59798994974875	0.03796174015704793
80.0	0.03703722125861809
