0.0	0.02276604387205301
0.4020100502512563	0.021550212545847193
0.8040201005025126	0.01675593309509344
1.206030150753769	0.009117467141159696
1.6080402010050252	0.0015543154150482882
2.0100502512562817	0.008091995202449059
2.412060301507538	0.01453179148388796
2.814070351758794	0.017698547170585624
3.2160804020100504	0.016877135884180022
3.6180904522613067	0.012553984205915827
4.020100502512563	0.0052933840665792915
4.42211055276382	0.0038607435754290827
4.824120603015076	0.012921873045683461
5.226130653266332	0.020325669106439258
5.628140703517588	0.025098595104978406
6.030150753768845	0.026122228366422418
6.432160804020101	0.02330512484351738
6.834170854271357	0.017536387428721496
7.236180904522613	0.009715570304745671
7.63819095477387	0.0017381663771200138
8.040201005025127	0.00553107078830247
8.442211055276383	0.009780806938790226
8.84422110552764	0.010226839479079746
9.246231155778895	0.0067285500968799735
9.648241206030152	0.0005753703649226123
10.050251256281408	0.010370117281586457
10.452261306532664	0.021450186069790742
10.85427135678392	0.031987219021483645
11.256281407035177	0.040055314927844844
11.658291457286433	0.04471345338315931
12.06030150753769	0.045898609095420304
12.462311557788945	0.04339881679519641
12.864321608040202	0.03807960467694669
13.266331658291458	0.030643245036285648
13.668341708542714	0.022736382560223582
14.07035175879397	0.015000347568757264
14.472361809045227	0.009589887883075103
14.874371859296483	0.00845847836920051
15.27638190954774	0.011947226458688079
15.678391959798995	0.016394736134555526
16.080402010050253	0.019706993704631835
16.48241206030151	0.02143671198729993
16.884422110552766	0.021781233954340777
17.286432160804022	0.02592887733969686
17.68844221105528	0.035965345224710205
18.090452261306535	0.04754755141102522
18.49246231155779	0.05738044682898889
18.894472361809047	0.06407439641739954
19.296482412060303	0.06534948605513592
19.69849246231156	0.06338141943042522
20.100502512562816	0.059628912038341995
20.502512562814072	0.05796614921312089
20.90452261306533	0.059762613496020946
21.306532663316585	0.0647743903902654
21.70854271356784	0.06832056960693736
22.110552763819097	0.06709040641974627
22.512562814070353	0.059591620095894124
22.91457286432161	0.04730552560586536
23.316582914572866	0.03614497477135054
23.718592964824122	0.035841664701803305
24.12060301507538	0.04553340982711841
24.522613065326635	0.05544547308550576
24.92462311557789	0.0595422073177916
25.326633165829147	0.057623831207269514
25.728643216080403	0.05256881220349202
26.13065326633166	0.05025177402439925
26.532663316582916	0.057780077710579206
26.934673366834172	0.07240441208340552
27.33668341708543	0.08572489991297731
27.738693467336685	0.09296788615906702
28.14070351758794	0.09159582684591631
28.542713567839197	0.08264899937579634
28.944723618090453	0.06835816034231486
29.34673366834171	0.05304360669239574
29.748743718592966	0.03999835006171451
30.150753768844222	0.030971945589396328
30.55276381909548	0.023987848081869663
30.954773869346734	0.016546607929784914
31.35678391959799	0.01286793100202066
31.758793969849247	0.023849300404580664
32.16080402010051	0.04054609787389299
32.56281407035176	0.05777831552759958
32.96482412060302	0.0711628734689337
33.366834170854275	0.07882572507948983
33.76884422110553	0.07962492081167888
34.17085427135679	0.07376857159863097
34.572864321608044	0.062330097804990804
34.9748743718593	0.04741166074570185
35.37688442211056	0.03120040715762623
35.77889447236181	0.016757573216274677
36.18090452261307	0.00993626339759248
36.582914572864325	0.014587041934960198
36.98492462311558	0.021175744266648748
37.38693467336684	0.029240202713433888
37.788944723618094	0.039895066564004024
38.19095477386935	0.0520985423135778
38.59296482412061	0.06415941447848866
38.99497487437186	0.0740249322213752
39.39698492462312	0.07868241911664885
39.798994974874375	0.07726517942656778
40.20100502512563	0.06900713606246033
40.60301507537689	0.05484077670200288
41.005025125628144	0.037620975321964824
41.4070351758794	0.023312011901958977
41.80904522613066	0.02214829653638293
42.21105527638191	0.03149598955228426
42.61306532663317	0.04029450367795735
43.015075376884425	0.04630000007470371
43.41708542713568	0.05049707890121628
43.81909547738694	0.05520343214435573
44.221105527638194	0.06030113908789726
44.62311557788945	0.06444218112687349
45.02512562814071	0.06513533992806889
45.42713567839196	0.061119858515363924
45.82914572864322	0.052005223668916
46.231155778894475	0.03937628182129319
46.63316582914573	0.029445987428233473
47.03517587939699	0.03268774679795196
47.437185929648244	0.04724189050647941
47.8391959798995	0.0631078111963519
48.24120603015076	0.07499448005973748
48.64321608040201	0.08101094453624354
49.04522613065327	0.08114424475673006
49.447236180904525	0.07567583078154712
49.84924623115578	0.06583401979954397
50.25125628140704	0.05362980891717863
50.653266331658294	0.04061751891118042
51.05527638190955	0.028083703037196678
51.45728643216081	0.016517578805637426
51.85929648241206	0.011347598329213055
52.26130653266332	0.019300043630373426
52.663316582914575	0.032170828436552876
53.06532663316583	0.04501124285256626
53.46733668341709	0.05577564812599316
53.869346733668344	0.06308439247145976
54.2713567839196	0.06630973819560658
54.67336683417086	0.0648599907665135
55.07537688442211	0.05878137770452334
55.47738693467337	0.04835128998889926
55.879396984924625	0.03465080828405808
56.28140703517588	0.019424559549475983
56.68341708542714	0.008631573631817976
57.085427135678394	0.01646539710880644
57.48743718592965	0.028235640985675364
57.88944723618091	0.03816644038265728
58.29145728643216	0.045702385680572034
58.69346733668342	0.05098778269429076
59.095477386934675	0.05407252395829578
59.49748743718593	0.05530963952129588
59.89949748743719	0.054318046864806555
60.301507537688444	0.050365037219412254
60.7035175879397	0.04264027956009057
61.10552763819096	0.031304361097527225
61.50753768844221	0.018232664620400442
61.90954773869347	0.012481303717025136
62.311557788944725	0.02493943177071848
62.71356783919598	0.039837363560995646
63.11557788944724	0.05184901390774689
63.517587939698494	0.058761519596614444
63.91959798994975	0.05989098329262531
64.32160804020101	0.05582660036780161
64.72361809045226	0.04830388377213874
65.12562814070353	0.039092977631454674
65.52763819095478	0.0307773787677628
65.92964824120604	0.02403590359388223
66.33165829145729	0.017222816317149735
66.73366834170855	0.007834791590119895
67.1356783919598	0.0048545352357581804
67.53768844221106	0.020249983433007372
67.93969849246231	0.03630871510948942
68.34170854271358	0.05031016355680072
68.74371859296483	0.06039064203203591
69.14572864321609	0.06433527269682514
69.54773869346734	0.06244244816540363
69.9497487437186	0.055138996821099726
70.35175879396985	0.04376109085135867
70.75376884422111	0.030180699731879805
71.15577889447236	0.016489421163334066
71.55778894472363	0.005666453682309809
71.95979899497488	0.011289878002825226
72.36180904522614	0.022088224056594965
72.76381909547739	0.03268917813807156
73.16582914572865	0.042691004921300034
73.5678391959799	0.05110870000642674
73.96984924623116	0.05664195141528426
74.37185929648241	0.058629295682612124
74.77386934673368	0.056043003182325725
75.17587939698493	0.04887998213095452
75.57788944723619	0.03792552760696732
75.97989949748744	0.024624229359594345
76.3819095477387	0.012360084782305448
76.78391959798995	0.015141561279549525
77.18592964824121	0.0277003086260727
77.58793969849246	0.03955894132686484
77.98994974874373	0.04847795412683633
78.39195979899498	0.05397873081881512
78.79396984924624	0.05539204654101605
79.19597989949749	0.0530146173946817
79.59798994974875	0.04742753103519812
80.0	0.03906358087547155
