0.0	0.021303274235557855
0.4020100502512563	0.019664264443191
0.8040201005025126	0.014983955490574213
1.206030150753769	0.008047885600551334
1.6080402010050252	0.001254287860771627
2.0100502512562817	0.007465486526948771
2.412060301507538	0.012732810211434586
2.814070351758794	0.015273558573316743
3.2160804020100504	0.014344863500570256
3.6180904522613067	0.009925680935510174
4.020100502512563	0.0031156609926269413
4.42211055276382	0.004877571739757832
4.824120603015076	0.01282787153157546
5.226130653266332	0.019029510774773
5.628140703517588	0.022567302345661906
6.030150753768845	0.02262510488165435
6.432160804020101	0.0195137589262703
6.834170854271357	0.01366740318311016
7.236180904522613	0.006532081196389501
7.63819095477387	0.002386104312114938
8.040201005025127	0.007407387253013635
8.442211055276383	0.01065180623283912
8.84422110552764	0.010701049666893009
9.246231155778895	0.007303724525429214
9.648241206030152	0.0013798789068405998
10.050251256281408	0.007444881925493774
10.452261306532664	0.0159516324585208
10.85427135678392	0.023433606736022523
11.256281407035177	0.028698201990801774
11.658291457286433	0.030971924288353152
12.06030150753769	0.02985872443801075
12.462311557788945	0.025788524952952425
12.864321608040202	0.020042126775514636
13.266331658291458	0.014077787529660313
13.668341708542714	0.009573272935403682
14.07035175879397	0.008137392153987266
14.472361809045227	0.008314325603534872
14.874371859296483	0.008822913312193448
15.27638190954774	0.011071977559783622
15.678391959798995	0.016082170938955257
16.080402010050253	0.023093172033004008
16.48241206030151	0.03014780709278402
16.884422110552766	0.035789934130935924
17.286432160804022	0.03927583029406494
17.68844221105528	0.04000068549502499
18.090452261306535	0.038254940244343984
18.49246231155779	0.03464004255815811
18.894472361809047	0.029916358704623523
19.296482412060303	0.02563756328067826
19.69849246231156	0.02221542593397894
20.100502512562816	0.020078761930536197
20.502512562814072	0.019172133357956568
20.90452261306533	0.02021106077178145
21.306532663316585	0.02417175057432224
21.70854271356784	0.030686720648017037
22.110552763819097	0.038454639612034394
22.512562814070353	0.04588005956218641
22.91457286432161	0.052081726664933825
23.316582914572866	0.05621437097730662
23.718592964824122	0.05819641012710684
24.12060301507538	0.058003421502832886
24.522613065326635	0.05607319366786514
24.92462311557789	0.052869987760888394
25.326633165829147	0.0490839039047137
25.728643216080403	0.04545869401134033
26.13065326633166	0.042702366882591325
26.532663316582916	0.041555169679597756
26.934673366834172	0.042819835968846795
27.33668341708543	0.04674878115995253
27.738693467336685	0.05299834689635352
28.14070351758794	0.06056568629808956
28.542713567839197	0.06807851827498014
28.944723618090453	0.07418100115888542
29.34673366834171	0.07790860262310137
29.748743718592966	0.07859034776825653
30.150753768844222	0.07634669187708479
30.55276381909548	0.07107780918586419
30.954773869346734	0.06388213514029605
31.35678391959799	0.0559922101678819
31.758793969849247	0.048592051316410825
32.16080402010051	0.04308496424902332
32.56281407035176	0.04033500171834941
32.96482412060302	0.04142386100226968
33.366834170854275	0.04603801096877773
33.76884422110553	0.053472830427322704
34.17085427135679	0.06173380191580861
34.572864321608044	0.06945931647295463
34.9748743718593	0.07510385951365996
35.37688442211056	0.07722618712923626
35.77889447236181	0.07557455483234375
36.18090452261307	0.07040102544313857
36.582914572864325	0.062490847968992555
36.98492462311558	0.05350189583230909
37.38693467336684	0.045387710185174804
37.788944723618094	0.0392648595830561
38.19095477386935	0.03622837031593722
38.59296482412061	0.03576419900847983
38.99497487437186	0.03785279698006626
39.39698492462312	0.04209580452630099
39.798994974874375	0.04794205477719704
40.20100502512563	0.05445868948325254
40.60301507537689	0.06039633913644395
41.005025125628144	0.0643877821656227
41.4070351758794	0.06604644390128436
41.80904522613066	0.06487334391179009
42.21105527638191	0.06104532396272742
42.61306532663317	0.05599776477322551
43.015075376884425	0.050719483414850365
43.41708542713568	0.04634912715307472
43.81909547738694	0.04363350748695285
44.221105527638194	0.042189958100250044
44.62311557788945	0.04175280610057755
45.02512562814071	0.042159565308269815
45.42713567839196	0.043955826684930956
45.82914572864322	0.04753832314142364
46.231155778894475	0.052842343913453736
46.63316582914573	0.05825135078225272
47.03517587939699	0.0629151492013678
47.437185929648244	0.0657490046713338
47.8391959798995	0.06624603366982362
48.24120603015076	0.06472517947560415
48.64321608040201	0.06160583720135826
49.04522613065327	0.057747050210281946
49.447236180904525	0.053972894398358465
49.84924623115578	0.0506064017885227
50.25125628140704	0.04781316733515163
50.653266331658294	0.045554902582127785
51.05527638190955	0.04439577742373402
51.45728643216081	0.045066827249910756
51.85929648241206	0.048011207925968774
52.26130653266332	0.05298955761242795
52.663316582914575	0.058477052501756374
53.06532663316583	0.06362273485956897
53.46733668341709	0.0668441728405603
53.869346733668344	0.0679572544441971
54.2713567839196	0.06652936080986802
54.67336683417086	0.06337662527861058
55.07537688442211	0.05932126192246264
55.47738693467337	0.05536731724900851
55.879396984924625	0.05145937151500962
56.28140703517588	0.04800496795943596
56.68341708542714	0.044940182127523064
57.085427135678394	0.04284367512933796
57.48743718592965	0.043303426460566716
57.88944723618091	0.04722831991519494
58.29145728643216	0.054314220903810176
58.69346733668342	0.062179969118257586
59.095477386934675	0.06892161032133236
59.49748743718593	0.07265678028042433
59.89949748743719	0.0730686219953076
60.301507537688444	0.07025057550565104
60.7035175879397	0.06521959401973429
61.10552763819096	0.05937877035951851
61.50753768844221	0.05433047420484981
61.90954773869347	0.050355073396814984
62.311557788944725	0.04749613322593593
62.71356783919598	0.04504082839396917
63.11557788944724	0.04359734389725927
63.517587939698494	0.04475929762594557
63.91959798994975	0.049451440443688585
64.32160804020101	0.056715105980178294
64.72361809045226	0.06405895157654594
65.12562814070353	0.06944899236801039
65.52763819095478	0.07125682148468623
65.92964824120604	0.06913802173520867
66.33165829145729	0.0644463857091184
66.73366834170855	0.05853758845797845
67.1356783919598	0.05345145856132497
67.53768844221106	0.050312380066502835
67.93969849246231	0.048777151775973554
68.34170854271358	0.047757381396506544
68.74371859296483	0.04680066779529179
69.14572864321609	0.04615179691181432
69.54773869346734	0.047850671373290285
69.9497487437186	0.05264211373876602
70.35175879396985	0.059320298545062475
70.75376884422111	0.06565446474843709
71.15577889447236	0.0695096975146601
71.55778894472363	0.07000326769089142
71.95979899497488	0.06696094220479364
72.36180904522614	0.06174933780556863
72.76381909547739	0.05596395430720051
73.16582914572865	0.05192992015195823
73.5678391959799	0.05042878867556154
73.96984924623116	0.050548136526395025
74.37185929648241	0.05097228341642902
74.77386934673368	0.050904126528203655
75.17587939698493	0.05111337981639896
75.57788944723619	0.05251275977269102
75.97989949748744	0.05572458836872614
76.3819095477387	0.05993402922151677
76.78391959798995	0.06361136271169057
77.18592964824121	0.06537260278891997
77.58793969849246	0.06415965433691619
77.98994974874373	0.06074227676916072
78.39195979899498	0.05599614211564706
78.79396984924624	0.05222127141945926
79.19597989949749	0.05072378817875117
79.59798994974875	0.05155530472350894
80.0	0.05346886112246589
