0.0	0.0029444601205014685
0.4020100502512563	0.004419652578649973
0.8040201005025126	0.0053929203985212965
1.206030150753769	0.005534686222419497
1.6080402010050252	0.0046802900397361225
2.0100502512562817	0.0033133952035905496
2.412060301507538	0.0017960277231374613
2.814070351758794	0.0008990519855069429
3.2160804020100504	0.0019122713082646726
3.6180904522613067	0.002470013279470326
4.020100502512563	0.0024398193503446237
4.42211055276382	0.0014542073304005681
4.824120603015076	0.00100161992900238
5.226130653266332	0.003008422189355972
5.628140703517588	0.005449855286250812
6.030150753768845	0.007708156143704412
6.432160804020101	0.0092329388163108
6.834170854271357	0.009944398583048058
7.236180904522613	0.009900158266540542
7.63819095477387	0.00897368115040557
8.040201005025127	0.007432732164957203
8.442211055276383	0.005951666142605406
8.84422110552764	0.00489538135369804
9.246231155778895	0.0044321698530476045
9.648241206030152	0.004911360047772107
10.050251256281408	0.006019114305017779
10.452261306532664	0.008547890822775087
10.85427135678392	0.011100418101162565
11.256281407035177	0.013331052766178676
11.658291457286433	0.015222234723690886
12.06030150753769	0.01632894920089175
12.462311557788945	0.016605354827899953
12.864321608040202	0.016123698734894883
13.266331658291458	0.015594021298937711
13.668341708542714	0.015006553926565072
14.07035175879397	0.014362800410903168
14.472361809045227	0.013419684485429267
14.874371859296483	0.012468746176448352
15.27638190954774	0.015781915793792407
15.678391959798995	0.02402353891623258
16.080402010050253	0.032512078165547215
16.48241206030151	0.038056602549272026
16.884422110552766	0.04104744791795628
17.286432160804022	0.04265525158046117
17.68844221105528	0.046697230124085116
18.090452261306535	0.05480627032486827
18.49246231155779	0.06309485123437374
18.894472361809047	0.06967031009284673
19.296482412060303	0.0710110170651492
19.69849246231156	0.06593685418231102
20.100502512562816	0.055360691937480354
20.502512562814072	0.04342118586899038
20.90452261306533	0.036796403064928436
21.306532663316585	0.03970003970770299
21.70854271356784	0.047349291742168634
22.110552763819097	0.05455853315104855
22.512562814070353	0.06047419474645427
22.91457286432161	0.0677888481229449
23.316582914572866	0.07774498062535003
23.718592964824122	0.08917548970682779
24.12060301507538	0.0979017347490125
24.522613065326635	0.10087788198643981
24.92462311557789	0.0955173868996588
25.326633165829147	0.08253682865140476
25.728643216080403	0.0644834611482539
26.13065326633166	0.04544281605081116
26.532663316582916	0.03255928829197842
26.934673366834172	0.032687258802880585
27.33668341708543	0.04013218747422612
27.738693467336685	0.04767218500663298
28.14070351758794	0.05510323314093183
28.542713567839197	0.0642447195030287
28.944723618090453	0.07602826975359848
29.34673366834171	0.08962583715061956
29.748743718592966	0.10058135379146323
30.150753768844222	0.10464718754697137
30.55276381909548	0.09966661346577489
30.954773869346734	0.08565913371521428
31.35678391959799	0.06548663312553316
31.758793969849247	0.041707299741370815
32.16080402010051	0.0210285552259813
32.56281407035176	0.017324389477923
32.96482412060302	0.02757132453222367
33.366834170854275	0.0361459817697285
33.76884422110553	0.042627143840232556
34.17085427135679	0.04982242143191694
34.572864321608044	0.059416144626401345
34.9748743718593	0.07048585882285557
35.37688442211056	0.08027965716790647
35.77889447236181	0.08506106532716742
36.18090452261307	0.08282164824302493
36.582914572864325	0.07363758994236895
36.98492462311558	0.058436110269094156
37.38693467336684	0.04132754222549066
37.788944723618094	0.027826908322788373
38.19095477386935	0.027892090014413652
38.59296482412061	0.036879819748567605
38.99497487437186	0.045871682145507825
39.39698492462312	0.051736840048309675
39.798994974874375	0.055597413278519345
40.20100502512563	0.05951738665252906
40.60301507537689	0.06519066966186551
41.005025125628144	0.07182414058948272
41.4070351758794	0.07662595052201755
41.80904522613066	0.07772308701813938
42.21105527638191	0.07322708521159481
42.61306532663317	0.0635672380860159
43.015075376884425	0.049448887435702325
43.41708542713568	0.033839496623962344
43.81909547738694	0.02402841511675797
44.221105527638194	0.028065483598782654
44.62311557788945	0.04008549446886035
45.02512562814071	0.05100368200169984
45.42713567839196	0.058708888638323506
45.82914572864322	0.0633465327779081
46.231155778894475	0.06543402632289763
46.63316582914573	0.06666049402487939
47.03517587939699	0.06710051648000837
47.437185929648244	0.0660481871989349
47.8391959798995	0.06232093534358017
48.24120603015076	0.05475405579909306
48.64321608040201	0.043580988685156974
49.04522613065327	0.030129289923051424
49.447236180904525	0.01997425681563758
49.84924623115578	0.02470241129208877
50.25125628140704	0.03846573048320386
50.653266331658294	0.0527002625141139
51.05527638190955	0.06404217742460049
51.45728643216081	0.0716499293831906
51.85929648241206	0.07561737083648544
52.26130653266332	0.07634552010312927
52.663316582914575	0.0738257393324587
53.06532663316583	0.06942876586489044
53.46733668341709	0.06299234369965226
53.869346733668344	0.05458712255832878
54.2713567839196	0.04384064656675114
54.67336683417086	0.03154978521145185
55.07537688442211	0.020430875479359338
55.47738693467337	0.021441851981722194
55.879396984924625	0.035595813516724556
56.28140703517588	0.05205789721426953
56.68341708542714	0.06666832086539788
57.085427135678394	0.07694011144432801
57.48743718592965	0.08245002743376648
57.88944723618091	0.08290945636567103
58.29145728643216	0.07919259050041108
58.69346733668342	0.07293834994181467
59.095477386934675	0.06504247266031699
59.49748743718593	0.05694936313330133
59.89949748743719	0.04843595304848165
60.301507537688444	0.038823896340844224
60.7035175879397	0.029360958312504553
61.10552763819096	0.02446310358917402
61.50753768844221	0.030868220286215893
61.90954773869347	0.044523597504226284
62.311557788944725	0.05888731868429834
62.71356783919598	0.07064735176871259
63.11557788944724	0.07755376072457129
63.517587939698494	0.0786252623294344
63.91959798994975	0.07444351104870789
64.32160804020101	0.0662860736312883
64.72361809045226	0.05629270969204074
65.12562814070353	0.045875839219806126
65.52763819095478	0.03602701700728716
65.92964824120604	0.02643276683979706
66.33165829145729	0.016753729645801376
66.73366834170855	0.011424742753609956
67.1356783919598	0.021650973505436984
67.53768844221106	0.03762309414388755
67.93969849246231	0.054067679877104424
68.34170854271358	0.0678399974593375
68.74371859296483	0.07731582874722319
69.14572864321609	0.08123731545703577
69.54773869346734	0.07902727988541344
69.9497487437186	0.07129710272391511
70.35175879396985	0.05935430579070226
70.75376884422111	0.04565659581372879
71.15577889447236	0.032147221950113325
71.55778894472363	0.020614189722311608
71.95979899497488	0.01086111705958751
72.36180904522614	0.006867997213321243
72.76381909547739	0.017327687361448237
73.16582914572865	0.032768794164423104
73.5678391959799	0.049496629036746655
73.96984924623116	0.0646574480817061
74.37185929648241	0.07572999521714291
74.77386934673368	0.08083498531216968
75.17587939698493	0.07904455868464592
75.57788944723619	0.07131939514068625
75.97989949748744	0.05862034817480429
76.3819095477387	0.04364337924310113
76.78391959798995	0.028478004258026213
77.18592964824121	0.015770872343371253
77.58793969849246	0.00714701790689512
77.98994974874373	0.009614179957459106
78.39195979899498	0.020246604787379052
78.79396984924624	0.03365413698254362
79.19597989949749	0.04871636665277163
79.59798994974875	0.06333865785901957
80.0	0.07521025023739622
