0.0	0.009484721429324716
0.4020100502512563	0.008047902204484002
0.8040201005025126	0.006638422203049719
1.206030150753769	0.006507615022986392
1.6080402010050252	0.007845524816575477
2.0100502512562817	0.009534388831373699
2.412060301507538	0.010233582099297523
2.814070351758794	0.00956175061370867
3.2160804020100504	0.007567299387683832
3.6180904522613067	0.004685674285734893
4.020100502512563	0.001381843804601645
4.42211055276382	0.002873471222448582
4.824120603015076	0.0057908556396631524
5.226130653266332	0.00783051214715549
5.628140703517588	0.008927883537753591
6.030150753768845	0.009415096170161412
6.432160804020101	0.009875988640139163
6.834170854271357	0.010967661855539509
7.236180904522613	0.012574355274796337
7.63819095477387	0.01415636222939147
8.040201005025127	0.014772940182475994
8.442211055276383	0.014278171116361163
8.84422110552764	0.012622732662926855
9.246231155778895	0.010257869716107452
9.648241206030152	0.007876012755935611
10.050251256281408	0.007019687973101045
10.452261306532664	0.008687993099080263
10.85427135678392	0.011448466919900344
11.256281407035177	0.014473059215565978
11.658291457286433	0.017144758544834028
12.06030150753769	0.01989364465011572
12.462311557788945	0.022450264869831364
12.864321608040202	0.02456672525170129
13.266331658291458	0.02659852044933504
13.668341708542714	0.02808189203825135
14.07035175879397	0.02879831165609977
14.472361809045227	0.028827964199036955
14.874371859296483	0.028308131830884875
15.27638190954774	0.02783072623092094
15.678391959798995	0.02768313614387253
16.080402010050253	0.028426764348356393
16.48241206030151	0.02982299748871157
16.884422110552766	0.031047515291672018
17.286432160804022	0.031759215745098504
17.68844221105528	0.031216160950183258
18.090452261306535	0.029442378530542008
18.49246231155779	0.026686861169106468
18.894472361809047	0.023864150801668715
19.296482412060303	0.02213584781336161
19.69849246231156	0.021854998851430024
20.100502512562816	0.023148090993942855
20.502512562814072	0.026129015576390115
20.90452261306533	0.030260995908946625
21.306532663316585	0.03465165505237468
21.70854271356784	0.038631437022580865
22.110552763819097	0.04079787514939863
22.512562814070353	0.04066719367945067
22.91457286432161	0.038035145560431985
23.316582914572866	0.03323148732312105
23.718592964824122	0.027113068957753193
24.12060301507538	0.020623868257181925
24.522613065326635	0.015848356803067006
24.92462311557789	0.013946356767688396
25.326633165829147	0.015031704375188169
25.728643216080403	0.017731666607089254
26.13065326633166	0.021254200688077533
26.532663316582916	0.025263716638170213
26.934673366834172	0.029605347364283042
27.33668341708543	0.033702879811633064
27.738693467336685	0.036627235749348654
28.14070351758794	0.03763677852019999
28.542713567839197	0.036454969679188265
28.944723618090453	0.033365848578544584
29.34673366834171	0.028685548306170715
29.748743718592966	0.02363937116765433
30.150753768844222	0.01902020897160114
30.55276381909548	0.016286531381354986
30.954773869346734	0.015498109787760995
31.35678391959799	0.016264196637190097
31.758793969849247	0.018076628564533466
32.16080402010051	0.020087530810394348
32.56281407035176	0.022720155197194933
32.96482412060302	0.025982751699272156
33.366834170854275	0.030163056955065787
33.76884422110553	0.03417739030397361
34.17085427135679	0.03737906583873789
34.572864321608044	0.038709100635230746
34.9748743718593	0.0381346046481546
35.37688442211056	0.03575458833741947
35.77889447236181	0.03201939470089331
36.18090452261307	0.02803427673394141
36.582914572864325	0.02495269015738794
36.98492462311558	0.02338373981053397
37.38693467336684	0.023873754745858282
37.788944723618094	0.025491361507820543
38.19095477386935	0.027871858889685453
38.59296482412061	0.03021245132335635
38.99497487437186	0.03224358522581565
39.39698492462312	0.034107692475185095
39.798994974874375	0.036096953493966626
40.20100502512563	0.03775823778660479
40.60301507537689	0.03934530081687644
41.005025125628144	0.040170299271026666
41.4070351758794	0.03953195142422423
41.80904522613066	0.03748434560047877
42.21105527638191	0.03421518473165254
42.61306532663317	0.030569989049367325
43.015075376884425	0.027670285068439725
43.41708542713568	0.026373581063660466
43.81909547738694	0.026595626760562853
44.221105527638194	0.027884941404333213
44.62311557788945	0.030460615370850853
45.02512562814071	0.03442665150452798
45.42713567839196	0.040057165131061
45.82914572864322	0.046312124077389195
46.231155778894475	0.05189606070738543
46.63316582914573	0.055359394159782985
47.03517587939699	0.056116619233187684
47.437185929648244	0.0538346973570048
47.8391959798995	0.04991902480899494
48.24120603015076	0.045165884851771
48.64321608040201	0.04125516567841512
49.04522613065327	0.03920048293820076
49.447236180904525	0.03903648270571229
49.84924623115578	0.040637283441389206
50.25125628140704	0.0437111103479408
50.653266331658294	0.04822524941365265
51.05527638190955	0.05414053772656953
51.45728643216081	0.06073111346495256
51.85929648241206	0.06694252148749531
52.26130653266332	0.07147272232526405
52.663316582914575	0.0731513355714419
53.06532663316583	0.07184900224426281
53.46733668341709	0.06778040652163242
53.869346733668344	0.06125075346560106
54.2713567839196	0.053681728782537595
54.67336683417086	0.046681321135186804
55.07537688442211	0.041312900826914925
55.47738693467337	0.0389692071360727
55.879396984924625	0.03986229910685576
56.28140703517588	0.04390895293868391
56.68341708542714	0.05114719884519962
57.085427135678394	0.060129173843855764
57.48743718592965	0.06928664632177514
57.88944723618091	0.07627654113981103
58.29145728643216	0.07972115763039005
58.69346733668342	0.07898454561816633
59.095477386934675	0.07378955679800459
59.49748743718593	0.06564629983271533
59.89949748743719	0.05560147270240988
60.301507537688444	0.046232723928062984
60.7035175879397	0.03926131954505484
61.10552763819096	0.03627863846616155
61.50753768844221	0.037027939027244654
61.90954773869347	0.0404233932918644
62.311557788944725	0.045755487212126286
62.71356783919598	0.05248036197595428
63.11557788944724	0.059298507817429756
63.517587939698494	0.06515272032655378
63.91959798994975	0.0688178493151942
64.32160804020101	0.06978068518573963
64.72361809045226	0.06726284420313121
65.12562814070353	0.06223731158490451
65.52763819095478	0.05518980615977581
65.92964824120604	0.047660968155798386
66.33165829145729	0.04123942038304556
66.73366834170855	0.037339253364140665
67.1356783919598	0.0359262605211349
67.53768844221106	0.036357278490199034
67.93969849246231	0.038121542739415724
68.34170854271358	0.041537603173749466
68.74371859296483	0.0469512388144417
69.14572864321609	0.05378074942592119
69.54773869346734	0.0605768974004953
69.9497487437186	0.06565701375435523
70.35175879396985	0.06802390971418609
70.75376884422111	0.0667421333072606
71.15577889447236	0.06223437055106976
71.55778894472363	0.0554054626912973
71.95979899497488	0.04801903708630422
72.36180904522614	0.04200387594799882
72.76381909547739	0.03904488107037084
73.16582914572865	0.03869759480611759
73.5678391959799	0.040262389448666294
73.96984924623116	0.04320871230940289
74.37185929648241	0.04733857601930801
74.77386934673368	0.05253130881769771
75.17587939698493	0.05828580989339586
75.57788944723619	0.0632566554156261
75.97989949748744	0.06662155869994016
76.3819095477387	0.06707836807153526
76.78391959798995	0.06464158927747586
77.18592964824121	0.059525726377875995
77.58793969849246	0.05293588363610385
77.98994974874373	0.04654155663034952
78.39195979899498	0.042147788822246936
78.79396984924624	0.04085393712074774
79.19597989949749	0.04219239832315752
79.59798994974875	0.044657217982010576
80.0	0.0476141612238509
