0.0	0.026109739736212757
0.4020100502512563	0.025757468767955077
0.8040201005025126	0.021273900026061457
1.206030150753769	0.013477944336432245
1.6080402010050252	0.004162783917176867
2.0100502512562817	0.005827762671768261
2.412060301507538	0.013456609423275387
2.814070351758794	0.017921273668754255
3.2160804020100504	0.0179775502283751
3.6180904522613067	0.013931230218838445
4.020100502512563	0.0063238410742720574
4.42211055276382	0.004864266989674017
4.824120603015076	0.01478008038823593
5.226130653266332	0.023745302069686842
5.628140703517588	0.029872635117320596
6.030150753768845	0.031872744610579505
6.432160804020101	0.029699824207999916
6.834170854271357	0.023400382989167256
7.236180904522613	0.014838163002650817
7.63819095477387	0.005784805861062692
8.040201005025127	0.0036142420367322715
8.442211055276383	0.008610225866205995
8.84422110552764	0.009674862539923995
9.246231155778895	0.006432410392979378
9.648241206030152	0.0011200844457972862
10.050251256281408	0.011230688845644026
10.452261306532664	0.02265756927736961
10.85427135678392	0.033535565177562274
11.256281407035177	0.04203934854238908
11.658291457286433	0.04630052043396045
12.06030150753769	0.046277647735575675
12.462311557788945	0.04213416349265794
12.864321608040202	0.03496591454918093
13.266331658291458	0.026073927587298908
13.668341708542714	0.017442518480339515
14.07035175879397	0.010888553920867563
14.472361809045227	0.007850383702226167
14.874371859296483	0.00889731029243412
15.27638190954774	0.013966248138852505
15.678391959798995	0.022478904336900456
16.080402010050253	0.03299542983094346
16.48241206030151	0.043880932257731334
16.884422110552766	0.05340244264146567
17.286432160804022	0.06042046961155767
17.68844221105528	0.06399048171005582
18.090452261306535	0.06398490064250396
18.49246231155779	0.06107147571757284
18.894472361809047	0.056287933196814896
19.296482412060303	0.05118374077730857
19.69849246231156	0.04692928728238262
20.100502512562816	0.04473757434283286
20.502512562814072	0.045436724135545906
20.90452261306533	0.04898499836128207
21.306532663316585	0.05534088606728638
21.70854271356784	0.06338559722538849
22.110552763819097	0.07187523809352855
22.512562814070353	0.07944107733932379
22.91457286432161	0.08489300463144545
23.316582914572866	0.08733353408876157
23.718592964824122	0.08619844709816209
24.12060301507538	0.08148421804448396
24.522613065326635	0.0740300976821745
24.92462311557789	0.06526282542438135
25.326633165829147	0.05667413773304242
25.728643216080403	0.05052169859884749
26.13065326633166	0.04755799511287464
26.532663316582916	0.04867795941811275
26.934673366834172	0.05372877485711881
27.33668341708543	0.061171925872515506
27.738693467336685	0.06967498033571189
28.14070351758794	0.07707726180457224
28.542713567839197	0.08176967625703421
28.944723618090453	0.08278397433811205
29.34673366834171	0.07965987048440708
29.748743718592966	0.07315727771318596
30.150753768844222	0.06417382314714613
30.55276381909548	0.05451788719180863
30.954773869346734	0.04549940380632251
31.35678391959799	0.03870040836794754
31.758793969849247	0.034951585255949325
32.16080402010051	0.0345805505957575
32.56281407035176	0.036853428678593717
32.96482412060302	0.041201396079973245
33.366834170854275	0.04653812766177042
33.76884422110553	0.05215593445125177
34.17085427135679	0.0567343361072181
34.572864321608044	0.059739540371146774
34.9748743718593	0.06066765675935247
35.37688442211056	0.05965367771502541
35.77889447236181	0.05665823220277699
36.18090452261307	0.052682509348386294
36.582914572864325	0.04795862645071356
36.98492462311558	0.04369372201595546
37.38693467336684	0.04045444673268926
37.788944723618094	0.03879814484667601
38.19095477386935	0.038625969346281694
38.59296482412061	0.04015441622210126
38.99497487437186	0.043140041690130124
39.39698492462312	0.047109205952293745
39.798994974874375	0.05166183672267246
40.20100502512563	0.05581488356445728
40.60301507537689	0.05902852810667721
41.005025125628144	0.060816697961377765
41.4070351758794	0.06072164082135256
41.80904522613066	0.058860579469358555
42.21105527638191	0.05543329992117696
42.61306532663317	0.051205816496260194
43.015075376884425	0.047189965625454994
43.41708542713568	0.04399146385162857
43.81909547738694	0.04219108445790933
44.221105527638194	0.04188471863569896
44.62311557788945	0.04332767114910663
45.02512562814071	0.046280803395598466
45.42713567839196	0.050371741145100866
45.82914572864322	0.05531691595831286
46.231155778894475	0.06005756871640675
46.63316582914573	0.06409081049608054
47.03517587939699	0.06633308842859079
47.437185929648244	0.0663849341119538
47.8391959798995	0.06385929813919025
48.24120603015076	0.05899259224091774
48.64321608040201	0.05283638560000954
49.04522613065327	0.046593786583328446
49.447236180904525	0.04201719203506392
49.84924623115578	0.040305000511747936
50.25125628140704	0.04112484515966015
50.653266331658294	0.04445766802594481
51.05527638190955	0.04942423912064004
51.45728643216081	0.05544833069911982
51.85929648241206	0.06188106926903532
52.26130653266332	0.06729049500795503
52.663316582914575	0.07071518509525651
53.06532663316583	0.07061438469434736
53.46733668341709	0.06723505922950875
53.869346733668344	0.060558197598644684
54.2713567839196	0.05191668581490979
54.67336683417086	0.043309845733617146
55.07537688442211	0.036997223473988386
55.47738693467337	0.033898621972226706
55.879396984924625	0.03469508631676689
56.28140703517588	0.03845105441667462
56.68341708542714	0.04436616755053184
57.085427135678394	0.051423239594448486
57.48743718592965	0.05865227029678295
57.88944723618091	0.0646558800772041
58.29145728643216	0.0682592478047541
58.69346733668342	0.0687600165473197
59.095477386934675	0.06565577136938835
59.49748743718593	0.059642475473586545
59.89949748743719	0.051670691872207256
60.301507537688444	0.0427068308562693
60.7035175879397	0.035193528869841714
61.10552763819096	0.030923964429771626
61.50753768844221	0.031053037725298882
61.90954773869347	0.0346023128636407
62.311557788944725	0.040721216998433986
62.71356783919598	0.04840608799040394
63.11557788944724	0.05631867238300066
63.517587939698494	0.06355225715067842
63.91959798994975	0.06885446322171938
64.32160804020101	0.07111805128355594
64.72361809045226	0.06999378285418927
65.12562814070353	0.06557863484011918
65.52763819095478	0.05884835650842032
65.92964824120604	0.05094228141585193
66.33165829145729	0.043447810361328956
66.73366834170855	0.03795276997601589
67.1356783919598	0.035775182980081914
67.53768844221106	0.037284304973445336
67.93969849246231	0.04204266317292478
68.34170854271358	0.04843867222540552
68.74371859296483	0.05556268816189112
69.14572864321609	0.06209384097718397
69.54773869346734	0.06719004961924255
69.9497487437186	0.07039140057482937
70.35175879396985	0.07139117434879713
70.75376884422111	0.0699198922586362
71.15577889447236	0.06613698507019025
71.55778894472363	0.060737050710958994
71.95979899497488	0.05427592543541306
72.36180904522614	0.04803519296366977
72.76381909547739	0.04315067730265973
73.16582914572865	0.04096220527610338
73.5678391959799	0.042132580341386186
73.96984924623116	0.04599254747951752
74.37185929648241	0.051357991382742975
74.77386934673368	0.05715091185785345
75.17587939698493	0.06225303741981849
75.57788944723619	0.06624226971522464
75.97989949748744	0.0684291150470055
76.3819095477387	0.06848936952202608
76.78391959798995	0.06682510654831673
77.18592964824121	0.0631680169967652
77.58793969849246	0.058219496072864384
77.98994974874373	0.05228575049655802
78.39195979899498	0.046710764360712434
78.79396984924624	0.04235942008003682
79.19597989949749	0.04042195761038185
79.59798994974875	0.04186663882300497
80.0	0.04583423357381112
