0.0	0.009322500999317264
0.4020100502512563	0.010238137018546745
0.8040201005025126	0.009448856257371319
1.206030150753769	0.007169260043275431
1.6080402010050252	0.0038353887758580374
2.0100502512562817	0.0017591459186341019
2.412060301507538	0.004304563214052757
2.814070351758794	0.007014916862287371
3.2160804020100504	0.007971873979521026
3.6180904522613067	0.007188727866844162
4.020100502512563	0.004867201280906254
4.42211055276382	0.0014322769744626832
4.824120603015076	0.0030348683335605312
5.226130653266332	0.0071545824378638325
5.628140703517588	0.010469425851929266
6.030150753768845	0.01264876834930268
6.432160804020101	0.012916344270701235
6.834170854271357	0.011658958527928667
7.236180904522613	0.009338550444076279
7.63819095477387	0.006742096431339184
8.040201005025127	0.005408277641389393
8.442211055276383	0.006059212840058044
8.84422110552764	0.006907016534309496
9.246231155778895	0.006676397754951905
9.648241206030152	0.005950310096174984
10.050251256281408	0.006024304563145798
10.452261306532664	0.009045708743088358
10.85427135678392	0.013388755361744286
11.256281407035177	0.01765759422819323
11.658291457286433	0.021184461726395685
12.06030150753769	0.023278366042117624
12.462311557788945	0.02405883849411524
12.864321608040202	0.023813263641913135
13.266331658291458	0.023128175288485108
13.668341708542714	0.022952966477840966
14.07035175879397	0.023429903979112744
14.472361809045227	0.024465254171917073
14.874371859296483	0.02553132726100757
15.27638190954774	0.026691649146986424
15.678391959798995	0.02784282964500955
16.080402010050253	0.029268144680348947
16.48241206030151	0.03107776303142981
16.884422110552766	0.033183060295268386
17.286432160804022	0.03487499205116904
17.68844221105528	0.035853716152549994
18.090452261306535	0.03554930119934999
18.49246231155779	0.034041348971389156
18.894472361809047	0.031609470594761116
19.296482412060303	0.028569724848670024
19.69849246231156	0.02651322148239952
20.100502512562816	0.02688242485840705
20.502512562814072	0.030147975951148015
20.90452261306533	0.03592382694407771
21.306532663316585	0.042077521431461304
21.70854271356784	0.0475730908586903
22.110552763819097	0.05183663377476265
22.512562814070353	0.054636931825568266
22.91457286432161	0.056363682291749005
23.316582914572866	0.05657724423878137
23.718592964824122	0.055307232634906146
24.12060301507538	0.05203353959136683
24.522613065326635	0.04671586119149085
24.92462311557789	0.04024897110590294
25.326633165829147	0.034335132633123
25.728643216080403	0.030933961752238354
26.13065326633166	0.031875233481002435
26.532663316582916	0.0363127496012038
26.934673366834172	0.04270260583839702
27.33668341708543	0.049471929059182414
27.738693467336685	0.05580731775422356
28.14070351758794	0.06134799852168601
28.542713567839197	0.06497741077281366
28.944723618090453	0.06635771753684264
29.34673366834171	0.06528596386677044
29.748743718592966	0.06186230272022858
30.150753768844222	0.05668315303941816
30.55276381909548	0.05068454354043909
30.954773869346734	0.04503362754193864
31.35678391959799	0.04072654554318833
31.758793969849247	0.03876004289841716
32.16080402010051	0.03925946949280142
32.56281407035176	0.041716182290835346
32.96482412060302	0.045583754819668934
33.366834170854275	0.049760667020606886
33.76884422110553	0.05428888534747435
34.17085427135679	0.05799702902997587
34.572864321608044	0.06020498669329477
34.9748743718593	0.06063819307927228
35.37688442211056	0.0593173189154285
35.77889447236181	0.05648888059161376
36.18090452261307	0.05252705455829234
36.582914572864325	0.048211569002759344
36.98492462311558	0.04382704600654953
37.38693467336684	0.04036248202235865
37.788944723618094	0.03762642811064838
38.19095477386935	0.03666559003910078
38.59296482412061	0.03694004211691039
38.99497487437186	0.03876849582386592
39.39698492462312	0.04181745934525457
39.798994974874375	0.04586868162858221
40.20100502512563	0.04984475078785879
40.60301507537689	0.05345539353439697
41.005025125628144	0.05584032720638434
41.4070351758794	0.056547034989198865
41.80904522613066	0.055159212777280905
42.21105527638191	0.05173576944294719
42.61306532663317	0.04717242844193232
43.015075376884425	0.0421591894880738
43.41708542713568	0.03746806894012284
43.81909547738694	0.03439429168332955
44.221105527638194	0.03366703330497012
44.62311557788945	0.035456557108973434
45.02512562814071	0.03934574549804548
45.42713567839196	0.04495323380249285
45.82914572864322	0.05121548343542688
46.231155778894475	0.056974086891093845
46.63316582914573	0.061974886782103444
47.03517587939699	0.06443142568768538
47.437185929648244	0.06432399887730991
47.8391959798995	0.06162289231323588
48.24120603015076	0.056845111048558286
48.64321608040201	0.05102774726129072
49.04522613065327	0.04543268273331897
49.447236180904525	0.04082446224172509
49.84924623115578	0.03876263753407001
50.25125628140704	0.03909260150887376
50.653266331658294	0.041913610462675846
51.05527638190955	0.046621865954253786
51.45728643216081	0.05211709222203682
51.85929648241206	0.05767512910711729
52.26130653266332	0.06220147089050043
52.663316582914575	0.06490896773126746
53.06532663316583	0.06542701427852907
53.46733668341709	0.06353416605061946
53.869346733668344	0.059524362036571764
54.2713567839196	0.05394141186533437
54.67336683417086	0.04781146248332811
55.07537688442211	0.04221883003611536
55.47738693467337	0.038582719702772585
55.879396984924625	0.0375809859013817
56.28140703517588	0.03948885291591135
56.68341708542714	0.04290982323524889
57.085427135678394	0.04748593740826433
57.48743718592965	0.05218496231016071
57.88944723618091	0.05633852877865444
58.29145728643216	0.059003163588434694
58.69346733668342	0.05990991461011967
59.095477386934675	0.05840374809606567
59.49748743718593	0.05500029074215074
59.89949748743719	0.05007415645311243
60.301507537688444	0.04464073037599089
60.7035175879397	0.03962086144700862
61.10552763819096	0.03639213340267112
61.50753768844221	0.03528089056386626
61.90954773869347	0.036457723167782126
62.311557788944725	0.03931213916998604
62.71356783919598	0.042912277151909234
63.11557788944724	0.04689009590480571
63.517587939698494	0.05117213070355799
63.91959798994975	0.0546598409021228
64.32160804020101	0.05716730075342637
64.72361809045226	0.058137360356171786
65.12562814070353	0.05763968167781432
65.52763819095478	0.05547024824751986
65.92964824120604	0.05227218611938411
66.33165829145729	0.048745574611323714
66.73366834170855	0.0450563318573334
67.1356783919598	0.04207055982186505
67.53768844221106	0.04045233288177384
67.93969849246231	0.04027571821160868
68.34170854271358	0.04199152336954269
68.74371859296483	0.04528885343399265
69.14572864321609	0.04981467951544778
69.54773869346734	0.054562829913804234
69.9497487437186	0.05895383248992211
70.35175879396985	0.061951598922264706
70.75376884422111	0.06318932646877358
71.15577889447236	0.06195926267435807
71.55778894472363	0.058664626428818034
71.95979899497488	0.0538224523492565
72.36180904522614	0.04849153463166146
72.76381909547739	0.04352058083645069
73.16582914572865	0.04014833284550207
73.5678391959799	0.03919892930037631
73.96984924623116	0.04068724460285148
74.37185929648241	0.043962841397740524
74.77386934673368	0.04872489154519225
75.17587939698493	0.05385550573798063
75.57788944723619	0.05854546041857813
75.97989949748744	0.06210298197830634
76.3819095477387	0.06373340548878341
76.78391959798995	0.06328039735620411
77.18592964824121	0.060942593211170716
77.58793969849246	0.056974331965309336
77.98994974874373	0.052301632774815775
78.39195979899498	0.04775469745986825
78.79396984924624	0.044523199093516305
79.19597989949749	0.04326681300318301
79.59798994974875	0.04414942378127467
80.0	0.04691980108501787
