0.0	0.005009873485209673
0.4020100502512563	0.005240569487878689
0.8040201005025126	0.004553366799067606
1.206030150753769	0.0032002039994341786
1.6080402010050252	0.0013334130299950927
2.0100502512562817	0.0017732276026855623
2.412060301507538	0.00327045034378477
2.814070351758794	0.004404009068573989
3.2160804020100504	0.004787742570983888
3.6180904522613067	0.00422607906745825
4.020100502512563	0.0024470675695547365
4.42211055276382	0.0009486715270451855
4.824120603015076	0.002458645181625528
5.226130653266332	0.004607525175584708
5.628140703517588	0.006104750349715318
6.030150753768845	0.006922442922378659
6.432160804020101	0.006645881977405591
6.834170854271357	0.005444746737971232
7.236180904522613	0.0036112708808195234
7.63819095477387	0.0017237854863382655
8.040201005025127	0.0012798247416918548
8.442211055276383	0.002375470631327157
8.84422110552764	0.0027975874110914467
9.246231155778895	0.002368105989024852
9.648241206030152	0.0009595930101424569
10.050251256281408	0.001230180011202451
10.452261306532664	0.003585189732223966
10.85427135678392	0.00594915173029134
11.256281407035177	0.007696610575847455
11.658291457286433	0.0088462328741549
12.06030150753769	0.009194248444575812
12.462311557788945	0.008969215678839525
12.864321608040202	0.00849857201158093
13.266331658291458	0.008223069890761586
13.668341708542714	0.008456705514335246
14.07035175879397	0.008586530183635487
14.472361809045227	0.00903010115860529
14.874371859296483	0.00859934430329571
15.27638190954774	0.00756397571913065
15.678391959798995	0.005837880552693065
16.080402010050253	0.004558346411754429
16.48241206030151	0.004942750164722824
16.884422110552766	0.007349787550039006
17.286432160804022	0.00994947761071461
17.68844221105528	0.011852184930501917
18.090452261306535	0.01298759948937317
18.49246231155779	0.013009287984773668
18.894472361809047	0.012651695894463818
19.296482412060303	0.012509912592585645
19.69849246231156	0.012936472588258799
20.100502512562816	0.013933764322394987
20.502512562814072	0.014660811043574898
20.90452261306533	0.014478263531789572
21.306532663316585	0.013176304325433461
21.70854271356784	0.011256717475898157
22.110552763819097	0.009446553945050434
22.512562814070353	0.009451722669536988
22.91457286432161	0.011350550041568408
23.316582914572866	0.013634822719784926
23.718592964824122	0.015301902949716742
24.12060301507538	0.01606230623170752
24.522613065326635	0.015864923658980547
24.92462311557789	0.015401644722516154
25.326633165829147	0.01534199360724967
25.728643216080403	0.016038919251083836
26.13065326633166	0.01680721968987526
26.532663316582916	0.016873025207223946
26.934673366834172	0.015921272468229122
27.33668341708543	0.013975050300754022
27.738693467336685	0.011971187525904729
28.14070351758794	0.011408466554531368
28.542713567839197	0.012754749935720715
28.944723618090453	0.015084938647149475
29.34673366834171	0.017069649353750264
29.748743718592966	0.018454484749308088
30.150753768844222	0.01943318409421584
30.55276381909548	0.02040804255065144
30.954773869346734	0.021841673477695448
31.35678391959799	0.023344863848073733
31.758793969849247	0.024561246635753244
32.16080402010051	0.0250435786813109
32.56281407035176	0.02397715214290928
32.96482412060302	0.022258044132802364
33.366834170854275	0.020257540584995563
33.76884422110553	0.018867756739097647
34.17085427135679	0.01870447534344687
34.572864321608044	0.020176841060507655
34.9748743718593	0.02238916030229829
35.37688442211056	0.024066470938987488
35.77889447236181	0.025364274387125192
36.18090452261307	0.0260485056322797
36.582914572864325	0.026401351232920634
36.98492462311558	0.02677411904438981
37.38693467336684	0.02666980918016084
37.788944723618094	0.026141993642369722
38.19095477386935	0.02476082612177064
38.59296482412061	0.02324511341816072
38.99497487437186	0.022142575323778665
39.39698492462312	0.022109477299045967
39.798994974874375	0.023170070415278413
40.20100502512563	0.02545678839100108
40.60301507537689	0.028217776425146234
41.005025125628144	0.031271644050677574
41.4070351758794	0.03417627719363173
41.80904522613066	0.0367742194359957
42.21105527638191	0.038828622630651885
42.61306532663317	0.04023005431803772
43.015075376884425	0.04084276747394594
43.41708542713568	0.04076038145982738
43.81909547738694	0.039745932605992
44.221105527638194	0.03828854359964654
44.62311557788945	0.03683854212478964
45.02512562814071	0.035815413331553754
45.42713567839196	0.035772391903660584
45.82914572864322	0.03701246709607901
46.231155778894475	0.03986228905535372
46.63316582914573	0.04394582461898319
47.03517587939699	0.04870964720046558
47.437185929648244	0.05321290872686081
47.8391959798995	0.05716104055179896
48.24120603015076	0.05970094582663131
48.64321608040201	0.061013200037878246
49.04522613065327	0.06127986520397595
49.447236180904525	0.06071704925472966
49.84924623115578	0.060194918323674754
50.25125628140704	0.06002858675505714
50.653266331658294	0.0602710439723647
51.05527638190955	0.060547773314172514
51.45728643216081	0.06069341046346961
51.85929648241206	0.06069030523007324
52.26130653266332	0.060505454103525834
52.663316582914575	0.05964868908053761
53.06532663316583	0.05859648555989051
53.46733668341709	0.05765315312599455
53.869346733668344	0.05719882663736311
54.2713567839196	0.05729613463740367
54.67336683417086	0.05794272609668686
55.07537688442211	0.05900879417969307
55.47738693467337	0.060290489286683735
55.879396984924625	0.06153792912924631
56.28140703517588	0.06187817727796459
56.68341708542714	0.06074077701881665
57.085427135678394	0.058196610567537596
57.48743718592965	0.0544453975484693
57.88944723618091	0.05014390717619064
58.29145728643216	0.04655470306939647
58.69346733668342	0.04416411127241719
59.095477386934675	0.043282838629467975
59.49748743718593	0.043512814331026384
59.89949748743719	0.04398756305275083
60.301507537688444	0.044586521835046675
60.7035175879397	0.04563896127859777
61.10552763819096	0.04709858810012594
61.50753768844221	0.04892247869755671
61.90954773869347	0.05069089263304453
62.311557788944725	0.051759009404535414
62.71356783919598	0.051784937384206454
63.11557788944724	0.05080939493270688
63.517587939698494	0.04940450653711313
63.91959798994975	0.048425630627622715
64.32160804020101	0.048179723451691116
64.72361809045226	0.048419999324852
65.12562814070353	0.04890079701513418
65.52763819095478	0.04928563719668935
65.92964824120604	0.049819103029555424
66.33165829145729	0.05067894615211993
66.73366834170855	0.0524753899480689
67.1356783919598	0.05496314000838748
67.53768844221106	0.05752911758559189
67.93969849246231	0.05933341346053651
68.34170854271358	0.05978889866877968
68.74371859296483	0.0590727917274151
69.14572864321609	0.05749968053087218
69.54773869346734	0.05566468809842705
69.9497487437186	0.05436080987970977
70.35175879396985	0.053824765861412736
70.75376884422111	0.054203383148085524
71.15577889447236	0.05495281822061482
71.55778894472363	0.05585899587712358
71.95979899497488	0.05666621367245778
72.36180904522614	0.05767109566187053
72.76381909547739	0.05878766559055186
73.16582914572865	0.059780500676272386
73.5678391959799	0.060543881222343
73.96984924623116	0.06061828040479198
74.37185929648241	0.059863854921734794
74.77386934673368	0.05833251691479531
75.17587939698493	0.05636964634980057
75.57788944723619	0.054720342224441464
75.97989949748744	0.05327290480236818
76.3819095477387	0.05243489973796517
76.78391959798995	0.05197939839672781
77.18592964824121	0.05168072400283487
77.58793969849246	0.05133104374735185
77.98994974874373	0.051043926768603066
78.39195979899498	0.051034368945926945
78.79396984924624	0.051421200287474635
79.19597989949749	0.05217908383759597
79.59798994974875	0.05312102541294751
80.0	0.054034532561887394
