0.0	0.024161950512723896
0.4020100502512563	0.022408970519873058
0.8040201005025126	0.016762712517088035
1.206030150753769	0.008697624041132838
1.6080402010050252	0.0019219046137245528
2.0100502512562817	0.009220916488697918
2.412060301507538	0.015365510304954439
2.814070351758794	0.017967449397447603
3.2160804020100504	0.01662195111794589
3.6180904522613067	0.011528014580340477
4.020100502512563	0.0034411109597373155
4.42211055276382	0.006150188153770197
4.824120603015076	0.015343973782762404
5.226130653266332	0.022397348782743805
5.628140703517588	0.026474150590789808
6.030150753768845	0.02662127950087066
6.432160804020101	0.022806797480561743
6.834170854271357	0.016218815244233017
7.236180904522613	0.008351123498909258
7.63819095477387	0.0038135065086857085
8.040201005025127	0.008637993527940039
8.442211055276383	0.011829546608937865
8.84422110552764	0.011695397742436052
9.246231155778895	0.007884334078874585
9.648241206030152	0.0030955381244148587
10.050251256281408	0.01018436673152505
10.452261306532664	0.019709276597150847
10.85427135678392	0.028374769031052755
11.256281407035177	0.03442762673915898
11.658291457286433	0.03711921697080625
12.06030150753769	0.03615592661909579
12.462311557788945	0.031946633972771296
12.864321608040202	0.02571954152779335
13.266331658291458	0.01896337492902717
13.668341708542714	0.01326878807369614
14.07035175879397	0.010034214415999275
14.472361809045227	0.009108968806171193
14.874371859296483	0.009600234926882585
15.27638190954774	0.013010730942065684
15.678391959798995	0.020054209795905456
16.080402010050253	0.02930534347283162
16.48241206030151	0.038773080281500685
16.884422110552766	0.047064379144977075
17.286432160804022	0.05294951605277574
17.68844221105528	0.05586347601121507
18.090452261306535	0.05565495880969079
18.49246231155779	0.05298769245106465
18.894472361809047	0.04865389815085175
19.296482412060303	0.044119305133439576
19.69849246231156	0.040595424603438714
20.100502512562816	0.038912817763157054
20.502512562814072	0.03998015197677078
20.90452261306533	0.04400503614060014
21.306532663316585	0.0508108085168964
21.70854271356784	0.06002127052080793
22.110552763819097	0.069956350025474
22.512562814070353	0.07954427349861774
22.91457286432161	0.08699886873953419
23.316582914572866	0.091411098633105
23.718592964824122	0.09178613326862664
24.12060301507538	0.08794961705551728
24.522613065326635	0.08048696386694222
24.92462311557789	0.07094517576616413
25.326633165829147	0.061105225282943355
25.728643216080403	0.05292562165259942
26.13065326633166	0.04761255134884286
26.532663316582916	0.04660940920524428
26.934673366834172	0.04933763926791346
27.33668341708543	0.05609225110796164
27.738693467336685	0.06570330250643511
28.14070351758794	0.07574897965286878
28.542713567839197	0.08450954201646407
28.944723618090453	0.08976898922202861
29.34673366834171	0.09030083383061696
29.748743718592966	0.08605005547406167
30.150753768844222	0.07749361368598598
30.55276381909548	0.06600117400619535
30.954773869346734	0.05309677835099631
31.35678391959799	0.041176927379370516
31.758793969849247	0.03150126212992342
32.16080402010051	0.025675963049447727
32.56281407035176	0.024290693299530076
32.96482412060302	0.027757932519581197
33.366834170854275	0.03481468699918357
33.76884422110553	0.04418123872995499
34.17085427135679	0.05362431798648428
34.572864321608044	0.061625544454540306
34.9748743718593	0.0661883763311651
35.37688442211056	0.06672470433345509
35.77889447236181	0.06334755088406749
36.18090452261307	0.056386657606956755
36.582914572864325	0.0469622612640432
36.98492462311558	0.03701204051898437
37.38693467336684	0.028163113960522686
37.788944723618094	0.022483814056875877
38.19095477386935	0.021113699527049078
38.59296482412061	0.02407596136601051
38.99497487437186	0.031141205138939983
39.39698492462312	0.04092218103849545
39.798994974874375	0.05159344400032813
40.20100502512563	0.06166722391024475
40.60301507537689	0.06888423167529696
41.005025125628144	0.07219419450328142
41.4070351758794	0.07077771504730035
41.80904522613066	0.06505411447512574
42.21105527638191	0.05570795638909559
42.61306532663317	0.044969120365501394
43.015075376884425	0.03462602448866318
43.41708542713568	0.02662831969142279
43.81909547738694	0.022974072501394483
44.221105527638194	0.02408647579507816
44.62311557788945	0.02925059169826418
45.02512562814071	0.037805904014160584
45.42713567839196	0.048135072768855994
45.82914572864322	0.058307661210499705
46.231155778894475	0.06670869634632125
46.63316582914573	0.07219239946831464
47.03517587939699	0.07365952513407738
47.437185929648244	0.07082735373913085
47.8391959798995	0.06410284390311395
48.24120603015076	0.054677645044291324
48.64321608040201	0.04400583770782594
49.04522613065327	0.03374125587303879
49.447236180904525	0.026096706485411448
49.84924623115578	0.022862679780475927
50.25125628140704	0.024606730416735913
50.653266331658294	0.030761000210525885
51.05527638190955	0.04027008955996383
51.45728643216081	0.05144843998589941
51.85929648241206	0.06232992121399774
52.26130653266332	0.07126525775750733
52.663316582914575	0.07642671260341657
53.06532663316583	0.07696312744667942
53.46733668341709	0.07289300817980841
53.869346733668344	0.06463018350979763
54.2713567839196	0.053883900685741545
54.67336683417086	0.042546103139409375
55.07537688442211	0.03291765989209279
55.47738693467337	0.026915591997528125
55.879396984924625	0.02543889727591373
56.28140703517588	0.02881192348498291
56.68341708542714	0.03595462394052752
57.085427135678394	0.04575774022960755
57.48743718592965	0.056651459069842924
57.88944723618091	0.06627397473612665
58.29145728643216	0.07326830895135492
58.69346733668342	0.07637026617563564
59.095477386934675	0.07492842293760317
59.49748743718593	0.06932991006470732
59.89949748743719	0.06051963669480744
60.301507537688444	0.050424379003753725
60.7035175879397	0.040458705169682384
61.10552763819096	0.0325733913355333
61.50753768844221	0.028109541373909648
61.90954773869347	0.027963320007783822
62.311557788944725	0.03166412010450909
62.71356783919598	0.038872011372957864
63.11557788944724	0.04838385371140107
63.517587939698494	0.05833426340533626
63.91959798994975	0.06706259935768699
64.32160804020101	0.07305877735229296
64.72361809045226	0.0752464178359576
65.12562814070353	0.0733255975871368
65.52763819095478	0.06771252044989466
65.92964824120604	0.05935435255999164
66.33165829145729	0.05024742806054522
66.73366834170855	0.04161417970305189
67.1356783919598	0.03533542303669864
67.53768844221106	0.03255785238064366
67.93969849246231	0.03402522340805377
68.34170854271358	0.03995809990841038
68.74371859296483	0.049132368714596
69.14572864321609	0.05966429824116872
69.54773869346734	0.06989909128731964
69.9497487437186	0.0778746983355572
70.35175879396985	0.08208327549475686
70.75376884422111	0.08166217288539546
71.15577889447236	0.07696541242129963
71.55778894472363	0.06893881399515758
71.95979899497488	0.05915769441956461
72.36180904522614	0.049434494495795636
72.76381909547739	0.0415132791400191
73.16582914572865	0.036899026536445764
73.5678391959799	0.03594397277650548
73.96984924623116	0.03927906070986998
74.37185929648241	0.04647919693856674
74.77386934673368	0.056062839689854205
75.17587939698493	0.0659138007524313
75.57788944723619	0.07424071694815994
75.97989949748744	0.07961759618953032
76.3819095477387	0.08085949973893455
76.78391959798995	0.07803317701577948
77.18592964824121	0.07177656173653478
77.58793969849246	0.06331247470750803
77.98994974874373	0.0539367856407922
78.39195979899498	0.04572906594207826
78.79396984924624	0.03977065825390617
79.19597989949749	0.036487698816076566
79.59798994974875	0.036951243982349294
80.0	0.04126849759083272
