0.0	0.012092226575032086
0.40816326530612246	0.010859758721086164
0.8163265306122449	0.007985421246802864
1.2244897959183674	0.004468297163789655
1.6326530612244898	0.00371386947932825
2.0408163265306123	0.006418262428145119
2.4489795918367347	0.009027233625802341
2.857142857142857	0.010066126194027747
3.2653061224489797	0.009088870034790465
3.673469387755102	0.0064385581534093265
4.081632653061225	0.002676893553119327
4.4897959183673475	0.0024239572729597863
4.8979591836734695	0.006912925365201911
5.3061224489795915	0.010372196194747923
5.714285714285714	0.012384275103764072
6.122448979591837	0.012620342968534305
6.530612244897959	0.011048547234138308
6.938775510204081	0.008059065790024616
7.346938775510204	0.005289453420093961
7.755102040816327	0.00545601977196871
8.16326530612245	0.007722581210540776
8.571428571428571	0.009439758511436306
8.979591836734695	0.009689811649555746
9.387755102040817	0.008097616875809368
9.795918367346939	0.004925717052142868
10.204081632653061	0.0008157626766053803
10.612244897959183	0.004806468033580154
11.020408163265307	0.009461000999018778
11.428571428571429	0.01286807254168775
11.83673469387755	0.01470661534569192
12.244897959183675	0.014811858600123193
12.653061224489797	0.013230931930621673
13.061224489795919	0.010496588642442633
13.46938775510204	0.00796726756405582
13.877551020408163	0.007266103063138261
14.285714285714286	0.008480053572185346
14.693877551020408	0.009443251198678275
15.10204081632653	0.00910456810603208
15.510204081632654	0.007028235721899779
15.918367346938776	0.0034735569001151678
16.3265306122449	0.0022506214866367647
16.73469387755102	0.006917648944098141
17.142857142857142	0.011465997067586725
17.551020408163264	0.01479871905650225
17.95918367346939	0.016626415374492328
18.367346938775512	0.0167153707135421
18.775510204081634	0.015364156741314802
19.183673469387756	0.013208475712832051
19.591836734693878	0.011318689870697262
20.0	0.010490046959872516
