0.0	0.023914139640167767
0.4020100502512563	0.02100298639129792
0.8040201005025126	0.014778279457608312
1.206030150753769	0.006756460596470552
1.6080402010050252	0.005070052734895242
2.0100502512562817	0.012321021297502042
2.412060301507538	0.017800674279874147
2.814070351758794	0.019745703844501993
3.2160804020100504	0.01768892791866979
3.6180904522613067	0.012100673030344677
4.020100502512563	0.003930120044210683
4.42211055276382	0.0053717641111823535
4.824120603015076	0.013997017571699754
5.226130653266332	0.020405827374831913
5.628140703517588	0.023389859307633105
6.030150753768845	0.022621417051439777
6.432160804020101	0.01832230528554916
6.834170854271357	0.011790609285493756
7.236180904522613	0.00701159147038192
7.63819095477387	0.010515397642956437
8.040201005025127	0.015959921597765294
8.442211055276383	0.019249271359461584
8.84422110552764	0.018811960554093298
9.246231155778895	0.01498223924803381
9.648241206030152	0.008752564304212857
10.050251256281408	0.005883632847842502
10.452261306532664	0.01272084540762786
10.85427135678392	0.020175556445402767
11.256281407035177	0.02507951877174938
11.658291457286433	0.026911265871208085
12.06030150753769	0.02515894163905156
12.462311557788945	0.020912061957091787
12.864321608040202	0.016596403074502053
13.266331658291458	0.015570590996392278
13.668341708542714	0.01859718648319959
14.07035175879397	0.022392476557615677
14.472361809045227	0.024235681003095404
14.874371859296483	0.023235392211238208
15.27638190954774	0.019612173480217845
15.678391959798995	0.015010586697201825
16.080402010050253	0.01271928487214383
16.48241206030151	0.015985135660670308
16.884422110552766	0.020971458090712537
17.286432160804022	0.02489154785012932
17.68844221105528	0.026010078346580045
18.090452261306535	0.024572199431639533
18.49246231155779	0.02131741717054982
18.894472361809047	0.01918703304457899
19.296482412060303	0.020626344616276916
19.69849246231156	0.025186670697897668
20.100502512562816	0.029747555476157577
20.502512562814072	0.032430408497915654
20.90452261306533	0.03223731984539105
21.306532663316585	0.02932351156525758
21.70854271356784	0.02441898927075973
22.110552763819097	0.019491244201865928
22.512562814070353	0.01675848654439092
22.91457286432161	0.017097893747066526
23.316582914572866	0.018525567853937143
23.718592964824122	0.019075752430677162
24.12060301507538	0.017873778180473882
24.522613065326635	0.016223989245283642
24.92462311557789	0.016982218169465303
25.326633165829147	0.021957765714698995
25.728643216080403	0.028929502635228338
26.13065326633166	0.0354240368927336
26.532663316582916	0.03929306430899477
26.934673366834172	0.039686727913407424
27.33668341708543	0.0368879762168418
27.738693467336685	0.031226147026214575
28.14070351758794	0.024229286783836665
28.542713567839197	0.01779872258715359
28.944723618090453	0.013815565037468091
29.34673366834171	0.012751771991873547
29.748743718592966	0.012442736890101376
30.150753768844222	0.012165227715910602
30.55276381909548	0.013956005405003196
30.954773869346734	0.020691419022316037
31.35678391959799	0.03014263075161656
31.758793969849247	0.040062191266039986
32.16080402010051	0.047995857664142966
32.56281407035176	0.05252792286462561
32.96482412060302	0.053103565914198236
33.366834170854275	0.04960676473351168
33.76884422110553	0.042601995023297125
34.17085427135679	0.033654331673599235
34.572864321608044	0.024460949407681808
34.9748743718593	0.016940087459904156
35.37688442211056	0.012434940544000303
35.77889447236181	0.011571668498464657
36.18090452261307	0.014372012062903223
36.582914572864325	0.020938929536413527
36.98492462311558	0.03083552153480803
37.38693467336684	0.042422749943792235
37.788944723618094	0.053456642310162374
38.19095477386935	0.062385665656518555
38.59296482412061	0.0676571965629823
38.99497487437186	0.06872756517676516
39.39698492462312	0.06583798726874282
39.798994974874375	0.059551638703058254
40.20100502512563	0.05187403232814023
40.60301507537689	0.04433494619371177
41.005025125628144	0.038806478865491725
41.4070351758794	0.03677861798525059
41.80904522613066	0.038378134962759686
42.21105527638191	0.04329403749052142
42.61306532663317	0.050518673124492174
43.015075376884425	0.05855067747850934
43.41708542713568	0.0659231191821406
43.81909547738694	0.07148196055775644
44.221105527638194	0.07432226460199075
44.62311557788945	0.07435927291348589
45.02512562814071	0.07167442781777147
45.42713567839196	0.06684710687662405
45.82914572864322	0.0608788260615983
46.231155778894475	0.05481543094165443
46.63316582914573	0.04968583770246953
47.03517587939699	0.045918340546537574
47.437185929648244	0.04425145446211738
47.8391959798995	0.04522567971009962
48.24120603015076	0.04843396707403899
48.64321608040201	0.053437468787557243
49.04522613065327	0.05908059621274873
49.447236180904525	0.06449222731321269
49.84924623115578	0.06868294454840299
50.25125628140704	0.0712392701290081
50.653266331658294	0.07155740092018617
51.05527638190955	0.06950078668964996
51.45728643216081	0.0655831192750744
51.85929648241206	0.06023088924237646
52.26130653266332	0.05416382621783459
52.663316582914575	0.04840480390994759
53.06532663316583	0.04394385334434392
53.46733668341709	0.04173168720987166
53.869346733668344	0.042134056172577684
54.2713567839196	0.045265688231282866
54.67336683417086	0.0504504299225577
55.07537688442211	0.05657800115294921
55.47738693467337	0.062867954135844
55.879396984924625	0.06820198428140808
56.28140703517588	0.0716191873645927
56.68341708542714	0.07268896627627164
57.085427135678394	0.07119443051734094
57.48743718592965	0.06718272079910838
57.88944723618091	0.06144685226841505
58.29145728643216	0.054958560556790145
58.69346733668342	0.048810192555389535
59.095477386934675	0.04385764229525725
59.49748743718593	0.04128038357755517
59.89949748743719	0.041539440318565275
60.301507537688444	0.044464303499980276
60.7035175879397	0.04953920352169778
61.10552763819096	0.05574639929992127
61.50753768844221	0.0619907697217283
61.90954773869347	0.06748473494810002
62.311557788944725	0.07081184674347829
62.71356783919598	0.0718393756082822
63.11557788944724	0.06996890359665577
63.517587939698494	0.06557654921919574
63.91959798994975	0.05935092260247924
64.32160804020101	0.05223517012950377
64.72361809045226	0.04561298103961485
65.12562814070353	0.0405757572595359
65.52763819095478	0.03788099687291857
65.92964824120604	0.03818658370154544
66.33165829145729	0.041573672720916055
66.73366834170855	0.04732365916337953
67.1356783919598	0.054169258368935956
67.53768844221106	0.06091156020122988
67.93969849246231	0.06628419842874031
68.34170854271358	0.06912232347804867
68.74371859296483	0.0692778578088921
69.14572864321609	0.06663145414451774
69.54773869346734	0.06143511287993094
69.9497487437186	0.055167210156797944
70.35175879396985	0.048653770969801405
70.75376884422111	0.043048367672271666
71.15577889447236	0.03948460202015368
71.55778894472363	0.03826071922358428
71.95979899497488	0.03969116045347531
72.36180904522614	0.04384827341485316
72.76381909547739	0.04964041423500286
73.16582914572865	0.05613607464964857
73.5678391959799	0.06217935980475514
73.96984924623116	0.06660949699775007
74.37185929648241	0.06875085931980081
74.77386934673368	0.06801484113465942
75.17587939698493	0.06509936607062723
75.57788944723619	0.06058440792868518
75.97989949748744	0.0553230009643463
76.3819095477387	0.050471937455486796
76.78391959798995	0.04686214256803069
77.18592964824121	0.0446731221724788
77.58793969849246	0.04406647281981068
77.98994974874373	0.04524674097949504
78.39195979899498	0.04832460505485607
78.79396984924624	0.05282221297839208
79.19597989949749	0.05828619141318505
79.59798994974875	0.06341330288518203
80.0	0.0674125395805536
