0.0	0.002405428005219978
0.4020100502512563	0.0018174773989707228
0.8040201005025126	0.0020425941155749108
1.206030150753769	0.002709941633258473
1.6080402010050252	0.003387654301880336
2.0100502512562817	0.0038479872416198727
2.412060301507538	0.003567479104356731
2.814070351758794	0.0027853548222511555
3.2160804020100504	0.0019669185141260566
3.6180904522613067	0.0010341062585470877
4.020100502512563	0.0010449680196425938
4.42211055276382	0.001467904218728189
4.824120603015076	0.001830196589772928
5.226130653266332	0.0019428404638128823
5.628140703517588	0.0019516387501973536
6.030150753768845	0.0025946699869311314
6.432160804020101	0.003686926994297198
6.834170854271357	0.004937438451202312
7.236180904522613	0.00614621279609644
7.63819095477387	0.00677691177480091
8.040201005025127	0.0068085928420708085
8.442211055276383	0.006542816467312314
8.84422110552764	0.005711478945117556
9.246231155778895	0.004754910179375364
9.648241206030152	0.003957328054443282
10.050251256281408	0.003468456130648765
10.452261306532664	0.0038882196159962163
10.85427135678392	0.004806732582010754
11.256281407035177	0.00637345550499766
11.658291457286433	0.008266590476507879
12.06030150753769	0.01014512126678506
12.462311557788945	0.012148052504737427
12.864321608040202	0.014098528472350788
13.266331658291458	0.016058353346441866
13.668341708542714	0.017620113562487494
14.07035175879397	0.01866165273362848
14.472361809045227	0.019255986307976238
14.874371859296483	0.01990484108249598
15.27638190954774	0.020926923787909932
15.678391959798995	0.021957947905392967
16.080402010050253	0.023869686354979335
16.48241206030151	0.026565062603790397
16.884422110552766	0.03106572840630024
17.286432160804022	0.03611597305523086
17.68844221105528	0.040318467541417935
18.090452261306535	0.04393652776602516
18.49246231155779	0.04514586350813543
18.894472361809047	0.041732597922520584
19.296482412060303	0.033069020306944676
19.69849246231156	0.01931610181014438
20.100502512562816	0.008478093313011654
20.502512562814072	0.01702791523432094
20.90452261306533	0.02557904632678571
21.306532663316585	0.025541191538308184
21.70854271356784	0.0163004120272312
22.110552763819097	0.010262989728929313
22.512562814070353	0.028972034897809175
22.91457286432161	0.050779135352897645
23.316582914572866	0.06712517314070279
23.718592964824122	0.07492866571859144
24.12060301507538	0.07248595407291784
24.522613065326635	0.05948589877797823
24.92462311557789	0.038324631068287644
25.326633165829147	0.012567762496121803
25.728643216080403	0.013782541794561853
26.13065326633166	0.0350196016173006
26.532663316582916	0.0495001261862802
26.934673366834172	0.054061465408746526
27.33668341708543	0.048787654676260915
27.738693467336685	0.03537473257820663
28.14070351758794	0.019601852195233384
28.542713567839197	0.015044965982845404
28.944723618090453	0.026250005440181207
29.34673366834171	0.03480171442983078
29.748743718592966	0.03606136061877078
30.150753768844222	0.030340127284691265
30.55276381909548	0.021537708546028482
30.954773869346734	0.023461065335783092
31.35678391959799	0.038514358663228346
31.758793969849247	0.05637283016688939
32.16080402010051	0.07041506595798208
32.56281407035176	0.0772248093744177
32.96482412060302	0.07529514681806151
33.366834170854275	0.06466513724825776
33.76884422110553	0.04709340755515862
34.17085427135679	0.025634578282409577
34.572864321608044	0.00575431486283303
34.9748743718593	0.016080552384051552
35.37688442211056	0.027563520182176997
35.77889447236181	0.03145412667372956
36.18090452261307	0.02649009768736657
36.582914572864325	0.0169193892110979
36.98492462311558	0.016223811965487604
37.38693467336684	0.03078862550922424
37.788944723618094	0.04672539455958014
38.19095477386935	0.0579436691664991
38.59296482412061	0.06201863596119724
38.99497487437186	0.059018634046515105
39.39698492462312	0.05190518658870361
39.798994974874375	0.045963803006021105
40.20100502512563	0.04807221357671014
40.60301507537689	0.055804682478778636
41.005025125628144	0.06312797300153197
41.4070351758794	0.06479357857520017
41.80904522613066	0.05863253037219999
42.21105527638191	0.045003627312458994
42.61306532663317	0.02602387990832377
43.015075376884425	0.006354347345414091
43.41708542713568	0.016046280384572877
43.81909547738694	0.030838944119642553
44.221105527638194	0.039229235858662434
44.62311557788945	0.0405404342535889
45.02512562814071	0.03665360923600587
45.42713567839196	0.03245902533647104
45.82914572864322	0.035495961460003264
46.231155778894475	0.045272894677471295
46.63316582914573	0.05547826063821672
47.03517587939699	0.06133164947072167
47.437185929648244	0.060240889758147044
47.8391959798995	0.05266223469288857
48.24120603015076	0.040988468594599106
48.64321608040201	0.031865818117784654
49.04522613065327	0.03307162552022562
49.447236180904525	0.040974338148608416
49.84924623115578	0.04679404955672221
50.25125628140704	0.04616110694296756
50.653266331658294	0.038399452114070046
51.05527638190955	0.023928172323357626
51.45728643216081	0.005860475399091937
51.85929648241206	0.013517569356894405
52.26130653266332	0.030549566630816656
52.663316582914575	0.043056436700915315
53.06532663316583	0.04939389523208467
53.46733668341709	0.049894240027233035
53.869346733668344	0.04560199829185677
54.2713567839196	0.04045213653384917
54.67336683417086	0.039413625793747166
55.07537688442211	0.043254706494781844
55.47738693467337	0.04782284016714307
55.879396984924625	0.04876101634426742
56.28140703517588	0.04373137669257483
56.68341708542714	0.0326346494598171
57.085427135678394	0.019750775572489408
57.48743718592965	0.017349746301932967
57.88944723618091	0.02946885113464166
58.29145728643216	0.04127471712862719
58.69346733668342	0.04644424872156892
59.095477386934675	0.044014333128670306
59.49748743718593	0.03457660433762054
59.89949748743719	0.01946315691870656
60.301507537688444	0.0030262171838974605
60.7035175879397	0.01618473670482388
61.10552763819096	0.030623548924638748
61.50753768844221	0.039940293715367066
61.90954773869347	0.04362751718429321
62.311557788944725	0.043119215161804156
62.71356783919598	0.04170652857720908
63.11557788944724	0.04302515847500423
63.517587939698494	0.04791532041646447
63.91959798994975	0.05339039432927124
64.32160804020101	0.05599719883759866
64.72361809045226	0.053500707107608604
65.12562814070353	0.04564187995861947
65.52763819095478	0.0321328606199808
65.92964824120604	0.01606943884720219
66.33165829145729	0.004103777370678619
66.73366834170855	0.01619662704916727
67.1356783919598	0.025404294678728317
67.53768844221106	0.028158602708585927
67.93969849246231	0.024581732061932038
68.34170854271358	0.017459173645753813
68.74371859296483	0.018555548217523116
69.14572864321609	0.031103913762355946
69.54773869346734	0.04536387906276367
69.9497487437186	0.056595478116724794
70.35175879396985	0.06252921924111367
70.75376884422111	0.06256376765872926
71.15577889447236	0.05783242024761818
71.55778894472363	0.05078566052463075
71.95979899497488	0.045236855896356315
72.36180904522614	0.04364050108226785
72.76381909547739	0.0446364308296186
73.16582914572865	0.04492005295549066
73.5678391959799	0.04147771872802816
73.96984924623116	0.03320681515700479
74.37185929648241	0.020826442067848845
74.77386934673368	0.007533231840419892
75.17587939698493	0.01116531216279364
75.57788944723619	0.02248015631578474
75.97989949748744	0.029574899544210193
76.3819095477387	0.030997296541318796
76.78391959798995	0.02757154359065426
77.18592964824121	0.02316124702439606
77.58793969849246	0.025478450988782254
77.98994974874373	0.03556707246817305
78.39195979899498	0.046666651630533504
78.79396984924624	0.054588767516199635
79.19597989949749	0.057237302149961956
79.59798994974875	0.05436808783465151
80.0	0.04740956781999715
