0.0	0.016970635086968427
0.4020100502512563	0.016588385255633456
0.8040201005025126	0.013345401465995698
1.206030150753769	0.008239860603459213
1.6080402010050252	0.0030567152697852573
2.0100502512562817	0.005276536783165224
2.412060301507538	0.00992873805548473
2.814070351758794	0.012420638150440602
3.2160804020100504	0.0123695637121569
3.6180904522613067	0.009662300902106808
4.020100502512563	0.004400430587349504
4.42211055276382	0.002414922609942902
4.824120603015076	0.009014398163019615
5.226130653266332	0.015018225147141743
5.628140703517588	0.019037217326982603
6.030150753768845	0.02034513186208544
6.432160804020101	0.01908961506152844
6.834170854271357	0.015516676634610238
7.236180904522613	0.010201836357241029
7.63819095477387	0.005204367131098063
8.040201005025127	0.0041428236060450895
8.442211055276383	0.006418566179061351
8.84422110552764	0.007189269450630484
9.246231155778895	0.005124574079097081
9.648241206030152	0.0015967200559963476
10.050251256281408	0.007492765886488608
10.452261306532664	0.015676346132930487
10.85427135678392	0.023643829053109876
11.256281407035177	0.030140719043521263
11.658291457286433	0.0342993694805002
12.06030150753769	0.03579885546620172
12.462311557788945	0.03530880770928661
12.864321608040202	0.033021059423812255
13.266331658291458	0.029168678425816684
13.668341708542714	0.025308192551981516
14.07035175879397	0.022002904551963964
14.472361809045227	0.019705806824189716
14.874371859296483	0.01926773324609335
15.27638190954774	0.02156075383391231
15.678391959798995	0.02404957613397401
16.080402010050253	0.02568008096685671
16.48241206030151	0.024357522537484785
16.884422110552766	0.01961787079550806
17.286432160804022	0.012199082534729786
17.68844221105528	0.005010527074202543
18.090452261306535	0.0004882812185943053
18.49246231155779	0.0038123954417546768
18.894472361809047	0.010481487054041864
19.296482412060303	0.023063357104313346
19.69849246231156	0.03843473810589763
20.100502512562816	0.05264731959623089
20.502512562814072	0.06260804505790306
20.90452261306533	0.06678175359836111
21.306532663316585	0.06426208535462215
21.70854271356784	0.057243872614973566
22.110552763819097	0.047835738058881486
22.512562814070353	0.04073010314137326
22.91457286432161	0.03845960683181167
23.316582914572866	0.039279356074699893
23.718592964824122	0.04025228748738911
24.12060301507538	0.038728772798227847
24.522613065326635	0.035543131304176204
24.92462311557789	0.032177506190332064
25.326633165829147	0.03303190452304989
25.728643216080403	0.037882499595533345
26.13065326633166	0.04415174783366739
26.532663316582916	0.049511371991016837
26.934673366834172	0.05249714811403494
27.33668341708543	0.05364624030185353
27.738693467336685	0.05479142746566477
28.14070351758794	0.05721388584945245
28.542713567839197	0.06057312713454641
28.944723618090453	0.06338092304233164
29.34673366834171	0.06353458396167334
29.748743718592966	0.059714758246422826
30.150753768844222	0.051459762200256706
30.55276381909548	0.041336528847952504
30.954773869346734	0.032449367861992644
31.35678391959799	0.02857090792814667
31.758793969849247	0.029490953526412324
32.16080402010051	0.03170656355996086
32.56281407035176	0.03196665401270382
32.96482412060302	0.029686732525219202
33.366834170854275	0.02804954136519557
33.76884422110553	0.02966576873940386
34.17085427135679	0.03540714951028388
34.572864321608044	0.040991277936437434
34.9748743718593	0.04403097494964277
35.37688442211056	0.042876777912653756
35.77889447236181	0.03735430614537573
36.18090452261307	0.02881116888538638
36.582914572864325	0.01969597091423617
36.98492462311558	0.013058036379141652
37.38693467336684	0.012163687083664733
37.788944723618094	0.013952538847956285
38.19095477386935	0.014704490955511008
38.59296482412061	0.01308651940606328
38.99497487437186	0.01059198938838604
39.39698492462312	0.013076414028113608
39.798994974874375	0.022040990074324352
40.20100502512563	0.032663180021225605
40.60301507537689	0.042300757213293134
41.005025125628144	0.049271621686086994
41.4070351758794	0.052253605876967736
41.80904522613066	0.05100394752575418
42.21105527638191	0.0462426301467158
42.61306532663317	0.03932978582902419
43.015075376884425	0.03319601189834191
43.41708542713568	0.030266923471107765
43.81909547738694	0.031291557789467406
44.221105527638194	0.03414366764364907
44.62311557788945	0.0362697158894803
45.02512562814071	0.03536169435160424
45.42713567839196	0.032431253853144784
45.82914572864322	0.0287449967405225
46.231155778894475	0.027268727718237545
46.63316582914573	0.028526575984640135
47.03517587939699	0.030739498332022865
47.437185929648244	0.031182114313196008
47.8391959798995	0.029334536523631004
48.24120603015076	0.027623912702431502
48.64321608040201	0.029700414950855347
49.04522613065327	0.03660498057599386
49.447236180904525	0.04543366678785497
49.84924623115578	0.053448694444400445
50.25125628140704	0.05811654870290589
50.653266331658294	0.05776067377133659
51.05527638190955	0.052622218767968576
51.45728643216081	0.04301029010123204
51.85929648241206	0.031308173963731076
52.26130653266332	0.01852275735853086
52.663316582914575	0.007581439453365754
53.06532663316583	0.0010897244657086423
53.46733668341709	0.003506736274442971
53.869346733668344	0.0059229057063151435
54.2713567839196	0.013290357008759168
54.67336683417086	0.0250027591234735
55.07537688442211	0.03793637083092128
55.47738693467337	0.04985199994061902
55.879396984924625	0.058537020939688156
56.28140703517588	0.06221659757011468
56.68341708542714	0.060132150345049575
57.085427135678394	0.05343556686514865
57.48743718592965	0.04383404232714362
57.88944723618091	0.03410973374214427
58.29145728643216	0.027589464324196955
58.69346733668342	0.025140940422990483
59.095477386934675	0.023789311033552578
59.49748743718593	0.02058369358130662
59.89949748743719	0.015143029490213783
60.301507537688444	0.011885689017424527
60.7035175879397	0.01851396961850859
61.10552763819096	0.02909604623614151
61.50753768844221	0.03836088488769271
61.90954773869347	0.04419505135670289
62.311557788944725	0.045525365923162135
62.71356783919598	0.043161249016850284
63.11557788944724	0.03954203344636699
63.517587939698494	0.03804719748902544
63.91959798994975	0.04166481997119691
64.32160804020101	0.04801786680416019
64.72361809045226	0.053509424918647866
65.12562814070353	0.05606038011111075
65.52763819095478	0.053824168490905336
65.92964824120604	0.04648851448351454
66.33165829145729	0.03555312655672424
66.73366834170855	0.023029400480588397
67.1356783919598	0.01179926134838869
67.53768844221106	0.007354209726118633
67.93969849246231	0.01120569372414194
68.34170854271358	0.015161266883929833
68.74371859296483	0.018826830736649168
69.14572864321609	0.025693986704823375
69.54773869346734	0.036504226609235475
69.9497487437186	0.04918689182881034
70.35175879396985	0.06056276303503072
70.75376884422111	0.06850848492474579
71.15577889447236	0.07100691222384106
71.55778894472363	0.06811764214840585
71.95979899497488	0.06066144468846442
72.36180904522614	0.05077385655516825
72.76381909547739	0.04139557105824586
73.16582914572865	0.03492117514280858
73.5678391959799	0.031604205710376504
73.96984924623116	0.0288486158877657
74.37185929648241	0.025185272761976317
74.77386934673368	0.021579797957103897
75.17587939698493	0.022972599945376385
75.57788944723619	0.03014126519953786
75.97989949748744	0.039205598078802265
76.3819095477387	0.04631715973739571
76.78391959798995	0.04940239301335711
77.18592964824121	0.04843408363888567
77.58793969849246	0.04435694026206806
77.98994974874373	0.039966108702412004
78.39195979899498	0.03901641664597143
78.79396984924624	0.04282966803700565
79.19597989949749	0.048122273512087047
79.59798994974875	0.050983507948914965
80.0	0.049310408124791406
