0.0	0.02997163909618919
0.4020100502512563	0.030376731824925
0.8040201005025126	0.025773288338599327
1.206030150753769	0.01716369933561949
1.6080402010050252	0.006441435334523261
2.0100502512562817	0.006158643235957395
2.412060301507538	0.015251319094091973
2.814070351758794	0.02092986284282069
3.2160804020100504	0.02188655369116603
3.6180904522613067	0.017514568105179082
4.020100502512563	0.008787900744086556
4.42211055276382	0.0031433227553046145
4.824120603015076	0.015711249162387333
5.226130653266332	0.027148106079161682
5.628140703517588	0.03533466688696736
6.030150753768845	0.0390289268745469
6.432160804020101	0.037615293236047266
6.834170854271357	0.03184912966153364
7.236180904522613	0.022959756970242252
7.63819095477387	0.012831659159734238
8.040201005025127	0.005959567486161367
8.442211055276383	0.00723740119858841
8.84422110552764	0.008709113523349698
9.246231155778895	0.006169838809782325
9.648241206030152	0.005312463586931011
10.050251256281408	0.01611342444916262
10.452261306532664	0.02972933768877432
10.85427135678392	0.04367476338292054
11.256281407035177	0.055429907553626714
11.658291457286433	0.06268113954960032
12.06030150753769	0.06527827710485377
12.462311557788945	0.06298206642776291
12.864321608040202	0.056033251795702545
13.266331658291458	0.046887208335679956
13.668341708542714	0.03781133646062985
14.07035175879397	0.03030538986614781
14.472361809045227	0.025387599946675953
14.874371859296483	0.022915599923923412
15.27638190954774	0.02158460938799387
15.678391959798995	0.019941543184866087
16.080402010050253	0.017217092724274765
16.48241206030151	0.01410213949174199
16.884422110552766	0.015946122417365628
17.286432160804022	0.027250775952224204
17.68844221105528	0.04331074949696158
18.090452261306535	0.060626655305419774
18.49246231155779	0.07508468485710601
18.894472361809047	0.08354817512872507
19.296482412060303	0.08541575109509446
19.69849246231156	0.08135586789379502
20.100502512562816	0.07409299996059776
20.502512562814072	0.06733904469958728
20.90452261306533	0.0635761539553599
21.306532663316585	0.06223495791905361
21.70854271356784	0.06046074756678347
22.110552763819097	0.05676090593087015
22.512562814070353	0.04876676298393144
22.91457286432161	0.03603878236583588
23.316582914572866	0.021205591961462832
23.718592964824122	0.010453401445352641
24.12060301507538	0.01935715849492446
24.522613065326635	0.03205280870248321
24.92462311557789	0.04299116337402094
25.326633165829147	0.05244601503253492
25.728643216080403	0.06255295768407623
26.13065326633166	0.07477013513715011
26.532663316582916	0.08657322016245324
26.934673366834172	0.09568323240632054
27.33668341708543	0.09982368094785579
27.738693467336685	0.09686812520297441
28.14070351758794	0.0875314406230159
28.542713567839197	0.07362531805942792
28.944723618090453	0.05740263660259094
29.34673366834171	0.040539785682736904
29.748743718592966	0.024565172954297883
30.150753768844222	0.008714679791819802
30.55276381909548	0.009438883792350162
30.954773869346734	0.03037601256115876
31.35678391959799	0.0524683227210926
31.758793969849247	0.07260132258667865
32.16080402010051	0.08860415850275753
32.56281407035176	0.09810300242529421
32.96482412060302	0.10009093193459614
33.366834170854275	0.0951427736200074
33.76884422110553	0.08534546532124296
34.17085427135679	0.07378261924161271
34.572864321608044	0.06346942962806137
34.9748743718593	0.05691053540548789
35.37688442211056	0.05277745334984422
35.77889447236181	0.04729698376489012
36.18090452261307	0.03823018201546863
36.582914572864325	0.02677306924425999
36.98492462311558	0.023211650582616296
37.38693467336684	0.03639524224939211
37.788944723618094	0.05480011263512393
38.19095477386935	0.07033738935827152
38.59296482412061	0.08038269644934581
38.99497487437186	0.08435362946220196
39.39698492462312	0.08298553533489036
39.798994974874375	0.07856609522635001
40.20100502512563	0.0744153787679258
40.60301507537689	0.07226853942655233
41.005025125628144	0.07202341628761698
41.4070351758794	0.07020836541555966
41.80904522613066	0.06386975684366411
42.21105527638191	0.05084911393258741
42.61306532663317	0.032335575745711845
43.015075376884425	0.009476601362030528
43.41708542713568	0.01563923184907793
43.81909547738694	0.03828246384262541
44.221105527638194	0.0559673197856239
44.62311557788945	0.06717313528524729
45.02512562814071	0.07193419909577925
45.42713567839196	0.07170391262418127
45.82914572864322	0.07018535826001762
46.231155778894475	0.07096153046565626
46.63316582914573	0.0751222820576054
47.03517587939699	0.078985208325063
47.437185929648244	0.07916765897590264
47.8391959798995	0.072712345651687
48.24120603015076	0.05924029199802626
48.64321608040201	0.04101034489742567
49.04522613065327	0.020267989934236702
49.447236180904525	0.005771495789814183
49.84924623115578	0.018604548954866826
50.25125628140704	0.02895778513067391
50.653266331658294	0.033358941676250066
51.05527638190955	0.03383071119656218
51.45728643216081	0.037420616541312755
51.85929648241206	0.047594428392983265
52.26130653266332	0.06168371501185562
52.663316582914575	0.07387033827126638
53.06532663316583	0.0815416898865665
53.46733668341709	0.08280936187266899
53.869346733668344	0.0781430601526692
54.2713567839196	0.06879906584712586
54.67336683417086	0.05709903953990516
55.07537688442211	0.045555254966029544
55.47738693467337	0.03660240680039788
55.879396984924625	0.03121131344388437
56.28140703517588	0.025414386782725423
56.68341708542714	0.016128534739726672
57.085427135678394	0.0060582167643030895
57.48743718592965	0.0186900054799167
57.88944723618091	0.03822167613496309
58.29145728643216	0.056491981998154604
58.69346733668342	0.06995770151426198
59.095477386934675	0.07619211401102739
59.49748743718593	0.07495104155801248
59.89949748743719	0.06686399108657168
60.301507537688444	0.05573805058704902
60.7035175879397	0.04616568237290007
61.10552763819096	0.04239364695299436
61.50753768844221	0.043053966982082956
61.90954773869347	0.04261144636460458
62.311557788944725	0.037279976521176934
62.71356783919598	0.025940162702480563
63.11557788944724	0.009839392021628205
63.517587939698494	0.00854263082704645
63.91959798994975	0.026052955824693323
64.32160804020101	0.04004697835578662
64.72361809045226	0.048286344454943265
65.12562814070353	0.049700628184472045
65.52763819095478	0.04523614604940078
65.92964824120604	0.03952538614465213
66.33165829145729	0.0388529025945762
66.73366834170855	0.0463000102665306
67.1356783919598	0.0562794377609813
67.53768844221106	0.06295425433338389
67.93969849246231	0.06323842338480122
68.34170854271358	0.05652621336923212
68.74371859296483	0.043288343694878724
69.14572864321609	0.026361753972833357
69.54773869346734	0.008603467700689834
69.9497487437186	0.006822490369730953
70.35175879396985	0.01709616306552818
70.75376884422111	0.02133550874225746
71.15577889447236	0.02140452432833285
71.55778894472363	0.023357458195091753
71.95979899497488	0.03317789081900312
72.36180904522614	0.047692245199773955
72.76381909547739	0.06146049683032182
73.16582914572865	0.07060636499326772
73.5678391959799	0.07307920892868294
73.96984924623116	0.06828014272466743
74.37185929648241	0.05756292804400609
74.77386934673368	0.044195270347575887
75.17587939698493	0.03272239899152974
75.57788944723619	0.028022860413009904
75.97989949748744	0.028170778468716202
76.3819095477387	0.026803086023814565
76.78391959798995	0.01992746798637119
77.18592964824121	0.008259004285524781
77.58793969849246	0.010503775345892901
77.98994974874373	0.027578706025996325
78.39195979899498	0.043080721286019245
78.79396984924624	0.054212029528937576
79.19597989949749	0.05945719428675128
79.59798994974875	0.05864603938572085
80.0	0.05362557670503902
