0.0	0.033704852965727214
0.4020100502512563	0.02993048597117278
0.8040201005025126	0.021237730843961043
1.206030150753769	0.009403923139554713
1.6080402010050252	0.005198931396839224
2.0100502512562817	0.016437931936913872
2.412060301507538	0.025220894952986538
2.814070351758794	0.02930755233188508
3.2160804020100504	0.0279132453310598
3.6180904522613067	0.021430379652335914
4.020100502512563	0.010824861321122812
4.42211055276382	0.00258479451551464
4.824120603015076	0.014965685947877621
5.226130653266332	0.025429418409882172
5.628140703517588	0.031706409744060596
6.030150753768845	0.03287847506637871
6.432160804020101	0.02861777888466661
6.834170854271357	0.019565955778506696
7.236180904522613	0.008070298825475388
7.63819095477387	0.007040882195377929
8.040201005025127	0.018071319738668157
8.442211055276383	0.026309561016001147
8.84422110552764	0.029730526458847013
9.246231155778895	0.02768776362385627
9.648241206030152	0.020603122412350943
10.050251256281408	0.009691575163770493
10.452261306532664	0.0034425958486762206
10.85427135678392	0.01609189415510358
11.256281407035177	0.02623796715084854
11.658291457286433	0.03218466023648332
12.06030150753769	0.03272332846284692
12.462311557788945	0.027931267721521536
12.864321608040202	0.01887341211948297
13.266331658291458	0.008277484791350504
13.668341708542714	0.009222694027982621
14.07035175879397	0.019180111151506855
14.472361809045227	0.026420480607600327
14.874371859296483	0.029019473615892976
15.27638190954774	0.026179316813234255
15.678391959798995	0.01849791160288789
16.080402010050253	0.0073069926996469445
16.48241206030151	0.005888063968681604
16.884422110552766	0.018179516787706865
17.286432160804022	0.02793802930365378
17.68844221105528	0.03338795405741298
18.090452261306535	0.03379857940782876
18.49246231155779	0.029151536413713604
18.894472361809047	0.02042560616602121
19.296482412060303	0.010629755684780789
19.69849246231156	0.008658718031253643
20.100502512562816	0.016683947531510694
20.502512562814072	0.022989789606674735
20.90452261306533	0.025037612686766776
21.306532663316585	0.02209132963218863
21.70854271356784	0.014419453073445354
22.110552763819097	0.003634435911356692
22.512562814070353	0.009989435731619574
22.91457286432161	0.022236816438458772
23.316582914572866	0.03177869132055616
23.718592964824122	0.037314610064778805
24.12060301507538	0.037779177114062305
24.522613065326635	0.03312239089986839
24.92462311557789	0.02482755849945831
25.326633165829147	0.014829195542302265
25.728643216080403	0.008367433053859005
26.13065326633166	0.012499420131724613
26.532663316582916	0.01795106490062445
26.934673366834172	0.01946432010677504
27.33668341708543	0.016265646357385064
27.738693467336685	0.008714441559070751
28.14070351758794	0.004463251355186012
28.542713567839197	0.015610409141258164
28.944723618090453	0.02667277319598637
29.34673366834171	0.035049516198191494
29.748743718592966	0.03899494737602269
30.150753768844222	0.038070415956344465
30.55276381909548	0.03271616305420609
30.954773869346734	0.024005388341535233
31.35678391959799	0.014537840563871243
31.758793969849247	0.009128251569290405
32.16080402010051	0.012684198080720008
32.56281407035176	0.01699950441506735
32.96482412060302	0.01790530509138461
33.366834170854275	0.014396748769629094
33.76884422110553	0.0070491568126135554
34.17085427135679	0.004550436791489904
34.572864321608044	0.015325196101522966
34.9748743718593	0.025809059184575496
35.37688442211056	0.033457275602508545
35.77889447236181	0.03719402086934731
36.18090452261307	0.03658116372054142
36.582914572864325	0.03180290117153017
36.98492462311558	0.02399473905464571
37.38693467336684	0.01581761375571563
37.788944723618094	0.012322672907832562
38.19095477386935	0.015550760204113131
38.59296482412061	0.019051411534650314
38.99497487437186	0.0196472316501791
39.39698492462312	0.015803597208481786
39.798994974874375	0.008204382687403452
40.20100502512563	0.004266437470381234
40.60301507537689	0.014553108332953077
41.005025125628144	0.024683216142193907
41.4070351758794	0.032300042808878514
41.80904522613066	0.03597436135898442
42.21105527638191	0.035164482350139255
42.61306532663317	0.03048709386473668
43.015075376884425	0.022933291994658274
43.41708542713568	0.015783428829084418
43.81909547738694	0.01395395037126935
44.221105527638194	0.017866362146911757
44.62311557788945	0.021683573009387655
45.02512562814071	0.022176728773709735
45.42713567839196	0.01841237867777778
45.82914572864322	0.010727575208032464
46.231155778894475	0.0028636023288981247
46.63316582914573	0.011904089554939264
47.03517587939699	0.02232208556622754
47.437185929648244	0.030289861130476915
47.8391959798995	0.034429281529036994
48.24120603015076	0.03450440330448455
48.64321608040201	0.03036610139309758
49.04522613065327	0.023651222456595084
49.447236180904525	0.016930931281236447
49.84924623115578	0.014542739616165678
50.25125628140704	0.01745732125067851
50.653266331658294	0.020594931910962046
51.05527638190955	0.020525600784991455
51.45728643216081	0.016514463573714864
51.85929648241206	0.008984176638207284
52.26130653266332	0.002829160070408951
52.663316582914575	0.013268472382284258
53.06532663316583	0.023282351758479
53.46733668341709	0.031025766924326497
53.869346733668344	0.03499156175977564
54.2713567839196	0.034609097073817756
54.67336683417086	0.030357618003817012
55.07537688442211	0.023730808752598066
55.47738693467337	0.01775072838414809
55.879396984924625	0.016870815409034214
56.28140703517588	0.02034702303267248
56.68341708542714	0.02345090414426599
57.085427135678394	0.023163776567153797
57.48743718592965	0.01863574203777869
57.88944723618091	0.010672397206130519
58.29145728643216	0.0020342055750079916
58.69346733668342	0.012001731138471621
59.095477386934675	0.022546792592847042
59.49748743718593	0.030561851782823668
59.89949748743719	0.034494731870396124
60.301507537688444	0.03403714141480111
60.7035175879397	0.029880943059459004
61.10552763819096	0.02323366919732415
61.50753768844221	0.017507840424977578
61.90954773869347	0.017156427992690293
62.311557788944725	0.021018815154089994
62.71356783919598	0.0238182735922791
63.11557788944724	0.023107821324255935
63.517587939698494	0.017893515976355197
63.91959798994975	0.008802767355884058
64.32160804020101	0.0038234368329873604
64.72361809045226	0.01562953952263802
65.12562814070353	0.026483442757457405
65.52763819095478	0.03392684603568007
65.92964824120604	0.03695150048662733
66.33165829145729	0.0349959004170429
66.73366834170855	0.029186457861270977
67.1356783919598	0.021479254972567384
67.53768844221106	0.016394705497011886
67.93969849246231	0.018358624579818024
68.34170854271358	0.023286548928334778
68.74371859296483	0.02589495213836445
69.14572864321609	0.024221996735567304
69.54773869346734	0.018085571622274206
69.9497487437186	0.008574910733685279
70.35175879396985	0.0039490249601108526
70.75376884422111	0.015398858364823798
71.15577889447236	0.025367392304817233
71.55778894472363	0.031692627607087624
71.95979899497488	0.03379995033057618
72.36180904522614	0.031310238634885704
72.76381909547739	0.025228242115633404
73.16582914572865	0.017784516505179326
73.5678391959799	0.014083592936693794
73.96984924623116	0.017216487963617466
74.37185929648241	0.021874040840580845
74.77386934673368	0.02386369249686409
75.17587939698493	0.02166546050107477
75.57788944723619	0.015049301122818968
75.97989949748744	0.005201617971508055
76.3819095477387	0.006548119960900728
76.78391959798995	0.01793366215417614
77.18592964824121	0.02730728259581252
77.58793969849246	0.03303672216049217
77.98994974874373	0.03438110426424343
78.39195979899498	0.03108332215039052
78.79396984924624	0.024401118751731298
79.19597989949749	0.016595066648937416
79.59798994974875	0.013119051044464716
80.0	0.01680683760533194
