0.0	0.011346767575687113
0.4020100502512563	0.011215460515118889
0.8040201005025126	0.009882580174807882
1.206030150753769	0.007987386575346866
1.6080402010050252	0.00665285293391901
2.0100502512562817	0.0068355916963699385
2.412060301507538	0.008166887980380538
2.814070351758794	0.009225079516479842
3.2160804020100504	0.00916103712490697
3.6180904522613067	0.007798209063960777
4.020100502512563	0.005523995174078959
4.42211055276382	0.003678015116460407
4.824120603015076	0.004858290075853059
5.226130653266332	0.007848477090924084
5.628140703517588	0.01039171120408373
6.030150753768845	0.011921501236167528
6.432160804020101	0.012138337540082336
6.834170854271357	0.011263958098921893
7.236180904522613	0.009949095492861219
7.63819095477387	0.00870186764666403
8.040201005025127	0.008578248896607358
8.442211055276383	0.009143290318409627
8.84422110552764	0.009560441096255286
9.246231155778895	0.009035561484117584
9.648241206030152	0.0070035654842280515
10.050251256281408	0.0038139632668335597
10.452261306532664	0.0006055986026941479
10.85427135678392	0.004574937767388771
11.256281407035177	0.008700384781140741
11.658291457286433	0.011777540869835684
12.06030150753769	0.013618769249108254
12.462311557788945	0.014130791073613258
12.864321608040202	0.013504371658977577
13.266331658291458	0.012349910966915251
13.668341708542714	0.011427412833425712
14.07035175879397	0.011305856504356119
14.472361809045227	0.011735730686024997
14.874371859296483	0.011883773884593446
15.27638190954774	0.010979755962446896
15.678391959798995	0.008658993370224462
16.080402010050253	0.005306303305154754
16.48241206030151	0.002988947417968869
16.884422110552766	0.006007378014206572
17.286432160804022	0.010287576279406218
17.68844221105528	0.013725393215332383
18.090452261306535	0.016049882434804437
18.49246231155779	0.01692661630996397
18.894472361809047	0.01665412400092699
19.296482412060303	0.015902060530940988
19.69849246231156	0.01511083615110958
20.100502512562816	0.015052103569335434
20.502512562814072	0.015289721422998073
20.90452261306533	0.01507384730197409
21.306532663316585	0.013974250267760054
21.70854271356784	0.012013891294097814
22.110552763819097	0.009681507877937732
22.512562814070353	0.008615999716538387
22.91457286432161	0.010136315668963858
23.316582914572866	0.013018395352100883
23.718592964824122	0.015735377010496123
24.12060301507538	0.01774530922991731
24.522613065326635	0.018673327440032438
24.92462311557789	0.018777732143109287
25.326633165829147	0.018830507664680852
25.728643216080403	0.018991972106146858
26.13065326633166	0.01938478340138238
26.532663316582916	0.01973132898470938
26.934673366834172	0.019450956009054825
27.33668341708543	0.018362614372001443
27.738693467336685	0.016701558261943698
28.14070351758794	0.015117448938321728
28.542713567839197	0.014564614623292735
28.944723618090453	0.015693491896929843
29.34673366834171	0.01789646715357136
29.748743718592966	0.02014413299952715
30.150753768844222	0.021950099627973972
30.55276381909548	0.022967524648165552
30.954773869346734	0.023282017104923707
31.35678391959799	0.02334122664642214
31.758793969849247	0.023756564886448013
32.16080402010051	0.024492311546157684
32.56281407035176	0.025266079494665823
32.96482412060302	0.0255156866828636
33.366834170854275	0.02520684333485196
33.76884422110553	0.024108405531792044
34.17085427135679	0.02250864798657057
34.572864321608044	0.021225868865916493
34.9748743718593	0.02075604969889589
35.37688442211056	0.02112790851460996
35.77889447236181	0.02229904362564014
36.18090452261307	0.02357971718754942
36.582914572864325	0.024467645119332845
36.98492462311558	0.025249667062437232
37.38693467336684	0.026229713753853672
37.788944723618094	0.02765658535303982
38.19095477386935	0.0292310717844866
38.59296482412061	0.03042018323987485
38.99497487437186	0.0310387583545008
39.39698492462312	0.031077069499639322
39.798994974874375	0.030162968730369083
40.20100502512563	0.02897175757191962
40.60301507537689	0.02777425845555504
41.005025125628144	0.02693033980442691
41.4070351758794	0.02679999881586121
41.80904522613066	0.02722712690011227
42.21105527638191	0.02822821543969311
42.61306532663317	0.02970274429444784
43.015075376884425	0.031245024807167964
43.41708542713568	0.03275594619480456
43.81909547738694	0.03410602661577802
44.221105527638194	0.03525039476905624
44.62311557788945	0.03593653931282279
45.02512562814071	0.036001426842699205
45.42713567839196	0.03563756561102335
45.82914572864322	0.034370707664723096
46.231155778894475	0.03287154248813421
46.63316582914573	0.0311876063435133
47.03517587939699	0.029799642168754498
47.437185929648244	0.02864850890526884
47.8391959798995	0.028439646977758404
48.24120603015076	0.028911394789229238
48.64321608040201	0.029986787766750806
49.04522613065327	0.031392804282592605
49.447236180904525	0.03303619027062628
49.84924623115578	0.034373312878721335
50.25125628140704	0.03527503531125421
50.653266331658294	0.03555983747828526
51.05527638190955	0.03553180406271375
51.45728643216081	0.0347622585055868
51.85929648241206	0.03344963412102943
52.26130653266332	0.03185289848344777
52.663316582914575	0.029969837082086663
53.06532663316583	0.02823478952979242
53.46733668341709	0.027210663519232913
53.869346733668344	0.02661760317556607
54.2713567839196	0.026774295067044256
54.67336683417086	0.027629417083902326
55.07537688442211	0.028637445160793813
55.47738693467337	0.02975287461568022
55.879396984924625	0.030737696285319704
56.28140703517588	0.03165456745812793
56.68341708542714	0.03224053551215888
57.085427135678394	0.032461178935013435
57.48743718592965	0.03231821703041361
57.88944723618091	0.03157053359833124
58.29145728643216	0.03026383837360182
58.69346733668342	0.028500666018376176
59.095477386934675	0.02658216000311766
59.49748743718593	0.025072670149628235
59.89949748743719	0.02437264692804724
60.301507537688444	0.024531974086420032
60.7035175879397	0.025408668865914107
61.10552763819096	0.026428500600094006
61.50753768844221	0.027567918613348525
61.90954773869347	0.028481330003718202
62.311557788944725	0.029262355611840596
62.71356783919598	0.029924903661908142
63.11557788944724	0.030261856869269903
63.517587939698494	0.030116670817227482
63.91959798994975	0.02960695505271719
64.32160804020101	0.028415906957155096
64.72361809045226	0.026935473005958173
65.12562814070353	0.025348124382030046
65.52763819095478	0.023992296957222502
65.92964824120604	0.023476625031165425
66.33165829145729	0.02405555918077959
66.73366834170855	0.025175903279315136
67.1356783919598	0.026584195026546485
67.53768844221106	0.027735562623033498
67.93969849246231	0.02848689908278469
68.34170854271358	0.02893765444016152
68.74371859296483	0.02951952706492786
69.14572864321609	0.029636601305965942
69.54773869346734	0.02951691700186861
69.9497487437186	0.02893022581154654
70.35175879396985	0.027855630572401802
70.75376884422111	0.0262393260849318
71.15577889447236	0.02470662052431056
71.55778894472363	0.023563659385278234
71.95979899497488	0.02361017055388489
72.36180904522614	0.024533991483489732
72.76381909547739	0.02612706253965679
73.16582914572865	0.027733478910085502
73.5678391959799	0.029029920108575552
73.96984924623116	0.029894241358399392
74.37185929648241	0.030530141860926164
74.77386934673368	0.030670583248288457
75.17587939698493	0.03074463510739221
75.57788944723619	0.030344932302805754
75.97989949748744	0.029521702837024398
76.3819095477387	0.02817020853645396
76.78391959798995	0.026678182998813936
77.18592964824121	0.025114360988543378
77.58793969849246	0.024314423310434825
77.98994974874373	0.024755491569375756
78.39195979899498	0.026029173302916903
78.79396984924624	0.02773963430831667
79.19597989949749	0.029337009686074812
79.59798994974875	0.03039348568609715
80.0	0.031112384807999056
