0.0	0.04367132122927904
0.4020100502512563	0.041358997314964716
0.8040201005025126	0.03234962352613244
1.206030150753769	0.018278741728115253
1.6080402010050252	0.001678190054543769
2.0100502512562817	0.01403545967758725
2.412060301507538	0.026153407153777154
2.814070351758794	0.03224355512641469
3.2160804020100504	0.031224382339722946
3.6180904522613067	0.023219215310870782
4.020100502512563	0.009507103002357516
4.42211055276382	0.0074562126719226515
4.824120603015076	0.02408621445118659
5.226130653266332	0.037880463775210496
5.628140703517588	0.04617841361993545
6.030150753768845	0.0474450520565021
6.432160804020101	0.0417666728471056
6.834170854271357	0.030315002505623877
7.236180904522613	0.015118026948423149
7.63819095477387	0.0008483337454179687
8.040201005025127	0.013963310816391558
8.442211055276383	0.022037351789160494
8.84422110552764	0.02356809974150857
9.246231155778895	0.017510971016227117
9.648241206030152	0.0053795612540143
10.050251256281408	0.012060193254897326
10.452261306532664	0.03027258644781012
10.85427135678392	0.046980689786215134
11.256281407035177	0.05919502004667859
11.658291457286433	0.06524220183134019
12.06030150753769	0.0640790206106717
12.462311557788945	0.05632945165223892
12.864321608040202	0.04388135771806699
13.266331658291458	0.029435208299180275
13.668341708542714	0.01626910370171425
14.07035175879397	0.00767885159501192
14.472361809045227	0.005046786221023454
14.874371859296483	0.00546789236510209
15.27638190954774	0.011736617388080888
15.678391959798995	0.023389947010976048
16.080402010050253	0.03709823650255758
16.48241206030151	0.05020004019575908
16.884422110552766	0.06039284874401886
17.286432160804022	0.06607093661500216
17.68844221105528	0.06722931822930268
18.090452261306535	0.06431874526869819
18.49246231155779	0.05814553017348104
18.894472361809047	0.05023066472608956
19.296482412060303	0.04223577773807681
19.69849246231156	0.03578383880804708
20.100502512562816	0.03182821053804666
20.502512562814072	0.031138862336151884
20.90452261306533	0.034136683468062715
21.306532663316585	0.04017895097366779
21.70854271356784	0.048618772099455525
22.110552763819097	0.058270662110960526
22.512562814070353	0.06733831978163726
22.91457286432161	0.0745821524261436
23.316582914572866	0.0785263904206734
23.718592964824122	0.07899409003477849
24.12060301507538	0.0757961369973125
24.522613065326635	0.06968808928968104
24.92462311557789	0.06186469056031742
25.326633165829147	0.054140282516827495
25.728643216080403	0.04796632231313848
26.13065326633166	0.04455598344104423
26.532663316582916	0.04365019924705967
26.934673366834172	0.04460478833724827
27.33668341708543	0.04688775666734441
27.738693467336685	0.05042591570480624
28.14070351758794	0.055129105274861465
28.542713567839197	0.060886032908026445
28.944723618090453	0.06630479773691059
29.34673366834171	0.07054892081592974
29.748743718592966	0.07303945002997507
30.150753768844222	0.07252771117529508
30.55276381909548	0.06921445876183997
30.954773869346734	0.06362248309246218
31.35678391959799	0.05705741425754365
31.758793969849247	0.05121311825159656
32.16080402010051	0.047642140748761365
32.56281407035176	0.04580716319279915
32.96482412060302	0.045146978540095285
33.366834170854275	0.044995559014420455
33.76884422110553	0.04601885923814747
34.17085427135679	0.04905935058699421
34.572864321608044	0.054210503189208246
34.9748743718593	0.06024630464799123
35.37688442211056	0.06526930714499615
35.77889447236181	0.06751690632513958
36.18090452261307	0.06658506936138138
36.582914572864325	0.06229445226353021
36.98492462311558	0.056318080175768184
37.38693467336684	0.050551527616074565
37.788944723618094	0.0465921186896676
38.19095477386935	0.04518765159709008
38.59296482412061	0.04543003128397719
38.99497487437186	0.04576896566603532
39.39698492462312	0.04615687840399217
39.798994974874375	0.04747396555115354
40.20100502512563	0.04993837033107666
40.60301507537689	0.054005714659326146
41.005025125628144	0.05880300500646614
41.4070351758794	0.06310449262399928
41.80904522613066	0.06557871487838966
42.21105527638191	0.06560523989491882
42.61306532663317	0.06340943031869418
43.015075376884425	0.05993041825226993
43.41708542713568	0.056897324974318195
43.81909547738694	0.055133314224843244
44.221105527638194	0.0545322552374217
44.62311557788945	0.054178372736816006
45.02512562814071	0.053482874564828864
45.42713567839196	0.05219261495616969
45.82914572864322	0.0517327989074973
46.231155778894475	0.053368515476825217
46.63316582914573	0.05755391042840054
47.03517587939699	0.06327988782470981
47.437185929648244	0.06835660590308248
47.8391959798995	0.07118741645013812
48.24120603015076	0.07106566105763953
48.64321608040201	0.06827952363609005
49.04522613065327	0.06386354545536424
49.447236180904525	0.058785611589502684
49.84924623115578	0.05462847055750497
50.25125628140704	0.05187535455859752
50.653266331658294	0.05079399449531542
51.05527638190955	0.05076864264983607
51.45728643216081	0.05202545325959133
51.85929648241206	0.05449777232199384
52.26130653266332	0.057871571618986616
52.663316582914575	0.06172509976948404
53.06532663316583	0.06498435924442572
53.46733668341709	0.06685725264364413
53.869346733668344	0.06728722913241847
54.2713567839196	0.06579685332791943
54.67336683417086	0.06291913969897153
55.07537688442211	0.05933552477963864
55.47738693467337	0.0555403160474901
55.879396984924625	0.05324058505178162
56.28140703517588	0.05222739553541663
56.68341708542714	0.052398940212574505
57.085427135678394	0.053067332784894436
57.48743718592965	0.053764669186721535
57.88944723618091	0.05421455691082859
58.29145728643216	0.05509243839463559
58.69346733668342	0.05666256671125989
59.095477386934675	0.05862664859088653
59.49748743718593	0.06058514825906998
59.89949748743719	0.061638880616396566
60.301507537688444	0.0613632982743061
60.7035175879397	0.05929451844031982
61.10552763819096	0.0561244307695423
61.50753768844221	0.052872759054159134
61.90954773869347	0.05033114530239272
62.311557788944725	0.049166604826888435
62.71356783919598	0.04954458982801193
63.11557788944724	0.05078334096656584
63.517587939698494	0.052085173949995754
63.91959798994975	0.053884225874231674
64.32160804020101	0.056358927073934154
64.72361809045226	0.059318472645811846
65.12562814070353	0.06192940968104862
65.52763819095478	0.06345585039082526
65.92964824120604	0.06353843944102831
66.33165829145729	0.061665565697401135
66.73366834170855	0.05823838167136493
67.1356783919598	0.05446452465484465
67.53768844221106	0.05097654714643548
67.93969849246231	0.04885397598680032
68.34170854271358	0.048904461297370264
68.74371859296483	0.05043246369328859
69.14572864321609	0.052527199856998795
69.54773869346734	0.05467522492575385
69.9497487437186	0.0565153973572887
70.35175879396985	0.05814423203638167
70.75376884422111	0.05981999446733446
71.15577889447236	0.06140297073751068
71.55778894472363	0.06239240872616272
71.95979899497488	0.06201409900668573
72.36180904522614	0.06002411687627882
72.76381909547739	0.056855520422094005
73.16582914572865	0.053073353114663116
73.5678391959799	0.05000051691162155
73.96984924623116	0.048687486240835826
74.37185929648241	0.0492369192590913
74.77386934673368	0.050859363434320994
75.17587939698493	0.052595698362899033
75.57788944723619	0.05455183495181507
75.97989949748744	0.05640584398129622
76.3819095477387	0.05865202601091117
76.78391959798995	0.06103401815786972
77.18592964824121	0.06290592083532409
77.58793969849246	0.06343939952944512
77.98994974874373	0.062133763102598175
78.39195979899498	0.05879515014081514
78.79396984924624	0.05433166045033191
79.19597989949749	0.050500924045242535
79.59798994974875	0.048195898191373265
80.0	0.04830077016821108
