0.0	0.020784798014894128
0.4020100502512563	0.018231443260577213
0.8040201005025126	0.013075575537394826
1.206030150753769	0.005783318167570785
1.6080402010050252	0.0033469313449881266
2.0100502512562817	0.009732426777892812
2.412060301507538	0.014457217243839682
2.814070351758794	0.016238799423456858
3.2160804020100504	0.014551646482984168
3.6180904522613067	0.009681502618947015
4.020100502512563	0.002744706418635337
4.42211055276382	0.005176673782244186
4.824120603015076	0.012603422533851322
5.226130653266332	0.017916464395863446
5.628140703517588	0.02041719291183617
6.030150753768845	0.019726027996132874
6.432160804020101	0.015626276385033208
6.834170854271357	0.00960319156884173
7.236180904522613	0.004515075442768737
7.63819095477387	0.007717854795654201
8.040201005025127	0.012825840030297648
8.442211055276383	0.015319954751209428
8.84422110552764	0.014620780214060172
9.246231155778895	0.010733167599945723
9.648241206030152	0.005172770779146773
10.050251256281408	0.006488881204606295
10.452261306532664	0.014065212995763302
10.85427135678392	0.020693935882106447
11.256281407035177	0.024946453097003864
11.658291457286433	0.02603319433433443
12.06030150753769	0.024059046131693084
12.462311557788945	0.019863146491228265
12.864321608040202	0.015195042995511257
13.266331658291458	0.012928780898128624
13.668341708542714	0.013670511554155185
14.07035175879397	0.015430586668790458
14.472361809045227	0.015915962016145754
14.874371859296483	0.015186519739522952
15.27638190954774	0.015250009711385348
15.678391959798995	0.01811478918542538
16.080402010050253	0.022913818678929047
16.48241206030151	0.02762019917267174
16.884422110552766	0.030482987691309832
17.286432160804022	0.0310549948403543
17.68844221105528	0.02890949863263594
18.090452261306535	0.02494505675877805
18.49246231155779	0.021202554612936915
18.894472361809047	0.019740164207658912
19.296482412060303	0.020780959060163133
19.69849246231156	0.023119140576553312
20.100502512562816	0.025147458020755735
20.502512562814072	0.026741619313068378
20.90452261306533	0.02881262981933641
21.306532663316585	0.03146996089598775
21.70854271356784	0.03488889548017084
22.110552763819097	0.038693571330320704
22.512562814070353	0.041578801221576145
22.91457286432161	0.04299927517359599
23.316582914572866	0.042608097440254525
23.718592964824122	0.040841398156390006
24.12060301507538	0.03873873105914118
24.522613065326635	0.03748280250453719
24.92462311557789	0.037616337049730345
25.326633165829147	0.038815823528058305
25.728643216080403	0.04058212191986711
26.13065326633166	0.04257293533021901
26.532663316582916	0.04432966848245423
26.934673366834172	0.04673705185591946
27.33668341708543	0.049390224971513026
27.738693467336685	0.052373429404428226
28.14070351758794	0.05550092794743037
28.542713567839197	0.05798127340316778
28.944723618090453	0.0597120385381954
29.34673366834171	0.060597752464974695
29.748743718592966	0.06138920007402164
30.150753768844222	0.06193774744849058
30.55276381909548	0.062147879152506205
30.954773869346734	0.06207528428071174
31.35678391959799	0.06140141499741649
31.758793969849247	0.06033893470217137
32.16080402010051	0.05876687108777823
32.56281407035176	0.056845465779911564
32.96482412060302	0.055062679945797555
33.366834170854275	0.053838467652404874
33.76884422110553	0.05341549850037033
34.17085427135679	0.054236514444231596
34.572864321608044	0.05565444401541773
34.9748743718593	0.05762052123314704
35.37688442211056	0.05937051676228901
35.77889447236181	0.05999224190669733
36.18090452261307	0.05995257600227135
36.582914572864325	0.058942193748887525
36.98492462311558	0.05719990587381587
37.38693467336684	0.054963376660595996
37.788944723618094	0.052686748931926666
38.19095477386935	0.0501613463226796
38.59296482412061	0.04768060908179597
38.99497487437186	0.04514699905325101
39.39698492462312	0.04318760979842419
39.798994974874375	0.042222812409146764
40.20100502512563	0.04270953103552066
40.60301507537689	0.04436871320900753
41.005025125628144	0.04636067763277166
41.4070351758794	0.04856761702797002
41.80904522613066	0.0507658851790737
42.21105527638191	0.05271137346833264
42.61306532663317	0.05442296463338936
43.015075376884425	0.055921927275314975
43.41708542713568	0.05644463773709988
43.81909547738694	0.05570312822745897
44.221105527638194	0.053285719756477765
44.62311557788945	0.049658996239280453
45.02512562814071	0.0456765052292037
45.42713567839196	0.042112361347195384
45.82914572864322	0.04046939864165991
46.231155778894475	0.041169600695109825
46.63316582914573	0.044019227132705556
47.03517587939699	0.04832574143747735
47.437185929648244	0.052604534544841965
47.8391959798995	0.05632514825459447
48.24120603015076	0.05949884219249527
48.64321608040201	0.061509294361278465
49.04522613065327	0.06216532142317066
49.447236180904525	0.061658292705295215
49.84924623115578	0.059860555769525294
50.25125628140704	0.05678909535592933
50.653266331658294	0.05276169517795985
51.05527638190955	0.04872007466053317
51.45728643216081	0.04576841985741637
51.85929648241206	0.04521687465603971
52.26130653266332	0.04713276958274455
52.663316582914575	0.05089074948891177
53.06532663316583	0.05558934885426009
53.46733668341709	0.05985183069556591
53.869346733668344	0.06326770100443743
54.2713567839196	0.0655115286229328
54.67336683417086	0.06626957589285391
55.07537688442211	0.06544013163073197
55.47738693467337	0.06303536370258968
55.879396984924625	0.05923345441658068
56.28140703517588	0.0544663805562717
56.68341708542714	0.049501419572893876
57.085427135678394	0.04527830484078823
57.48743718592965	0.043175967490707685
57.88944723618091	0.04387290332937881
58.29145728643216	0.047161618830487514
58.69346733668342	0.051903528772164045
59.095477386934675	0.05659475682742502
59.49748743718593	0.06055684855416412
59.89949748743719	0.06301547526893383
60.301507537688444	0.06408547374697375
60.7035175879397	0.06366550617531579
61.10552763819096	0.06225033187818839
61.50753768844221	0.05971975256853738
61.90954773869347	0.05626008542444063
62.311557788944725	0.052289894281939996
62.71356783919598	0.04835186371292431
63.11557788944724	0.045161953221547826
63.517587939698494	0.04385744288875569
63.91959798994975	0.04491211733268015
64.32160804020101	0.0481226624642898
64.72361809045226	0.05251880406113354
65.12562814070353	0.05690264010202852
65.52763819095478	0.06013362806666535
65.92964824120604	0.06211351481415293
66.33165829145729	0.06238923002549936
66.73366834170855	0.061393671444163786
67.1356783919598	0.05936720401037708
67.53768844221106	0.0567412659625741
67.93969849246231	0.05368329818607972
68.34170854271358	0.05065283953990818
68.74371859296483	0.04796186917036455
69.14572864321609	0.046065364704407724
69.54773869346734	0.04548454479723148
69.9497487437186	0.046801696850121366
70.35175879396985	0.0495627143355173
70.75376884422111	0.05307081047157893
71.15577889447236	0.05630640104292014
71.55778894472363	0.05892452352237308
71.95979899497488	0.060731020072562425
72.36180904522614	0.061619463291580426
72.76381909547739	0.06171284136528513
73.16582914572865	0.061194446456070216
73.5678391959799	0.05991574492631677
73.96984924623116	0.05809972923481756
74.37185929648241	0.05584614090375125
74.77386934673368	0.05310210007818492
75.17587939698493	0.050756233499825554
75.57788944723619	0.0490291068167716
75.97989949748744	0.04883036864942734
76.3819095477387	0.04982005264074154
76.78391959798995	0.052015629821318965
77.18592964824121	0.054759481969283166
77.58793969849246	0.057214983315519816
77.98994974874373	0.05924409527783068
78.39195979899498	0.05980826011639937
78.79396984924624	0.05956520054457719
79.19597989949749	0.05848840122826615
79.59798994974875	0.056843891233520384
80.0	0.054392832107324166
