0.0	0.010056490258506382
0.4020100502512563	0.008517321647209204
0.8040201005025126	0.007025393984615496
1.206030150753769	0.006893669110379423
1.6080402010050252	0.008178514465048246
2.0100502512562817	0.009698933183492187
2.412060301507538	0.010338016616674868
2.814070351758794	0.009542720168504139
3.2160804020100504	0.007422602457083928
3.6180904522613067	0.004316897991761831
4.020100502512563	0.0015327187428786067
4.42211055276382	0.0037549902446738564
4.824120603015076	0.006739976202444502
5.226130653266332	0.008738321979960651
5.628140703517588	0.009604499001715545
6.030150753768845	0.009828893601368242
6.432160804020101	0.010180639442352273
6.834170854271357	0.011180622571357757
7.236180904522613	0.012793901787868805
7.63819095477387	0.014306831720557227
8.040201005025127	0.01525701363104982
8.442211055276383	0.014962130813787434
8.84422110552764	0.013226515854809797
9.246231155778895	0.010405641354657531
9.648241206030152	0.007192466352572685
10.050251256281408	0.004759163373956137
10.452261306532664	0.005558607652886999
10.85427135678392	0.008016496812070433
11.256281407035177	0.010578132321894303
11.658291457286433	0.012942540956956062
12.06030150753769	0.014969991149431233
12.462311557788945	0.016868707342449267
12.864321608040202	0.019081808231376833
13.266331658291458	0.020859349547015873
13.668341708542714	0.021837449313993503
14.07035175879397	0.02155006498089295
14.472361809045227	0.019615125319599504
14.874371859296483	0.016542448308960303
15.27638190954774	0.012492926383718649
15.678391959798995	0.008360461150979746
16.080402010050253	0.004791736846557157
16.48241206030151	0.003098128529863015
16.884422110552766	0.005567471599743355
17.286432160804022	0.010724016709964427
17.68844221105528	0.016926961659405368
18.090452261306535	0.023341543794189314
18.49246231155779	0.02865399619756139
18.894472361809047	0.03220410398165186
19.296482412060303	0.03372756873406417
19.69849246231156	0.033074902205676465
20.100502512562816	0.03087702744298566
20.502512562814072	0.028191894507848436
20.90452261306533	0.025922259001937203
21.306532663316585	0.024008058126894088
21.70854271356784	0.02223892661395834
22.110552763819097	0.020485704838046077
22.512562814070353	0.019068303296483853
22.91457286432161	0.018634772163804096
23.316582914572866	0.020327474666562588
23.718592964824122	0.023678347738842965
24.12060301507538	0.02738620366635796
24.522613065326635	0.030492658740700916
24.92462311557789	0.03235436494923542
25.326633165829147	0.03326575658916614
25.728643216080403	0.033476543740888993
26.13065326633166	0.03364118486772784
26.532663316582916	0.03427278717411464
26.934673366834172	0.03492082735146622
27.33668341708543	0.03541406963458155
27.738693467336685	0.03525011177600422
28.14070351758794	0.03412936703163633
28.542713567839197	0.03269546678314167
28.944723618090453	0.03160860491126043
29.34673366834171	0.031487732291401165
29.748743718592966	0.03292862830125903
30.150753768844222	0.0350311202179193
30.55276381909548	0.03706615050656137
30.954773869346734	0.03901213062748497
31.35678391959799	0.040901294087846186
31.758793969849247	0.04304946704099763
32.16080402010051	0.045438266423953634
32.56281407035176	0.04802932201976244
32.96482412060302	0.050032766910535854
33.366834170854275	0.050908549529395754
33.76884422110553	0.05058320628911469
34.17085427135679	0.04927117491135023
34.572864321608044	0.04733955359044922
34.9748743718593	0.04586565875865832
35.37688442211056	0.04571680949177623
35.77889447236181	0.04688055695272935
36.18090452261307	0.04914131738349943
36.582914572864325	0.05244099285174111
36.98492462311558	0.056491049641790345
37.38693467336684	0.061001388012150035
37.788944723618094	0.06547961197645087
38.19095477386935	0.06949254174436953
38.59296482412061	0.07194158273040657
38.99497487437186	0.07247123512367493
39.39698492462312	0.07090102875969644
39.798994974874375	0.0673157216911354
40.20100502512563	0.06216092752764513
40.60301507537689	0.05659539786010015
41.005025125628144	0.05156932530928342
41.4070351758794	0.04824112509334925
41.80904522613066	0.047580969946219215
42.21105527638191	0.04939875574543787
42.61306532663317	0.05310111745271009
43.015075376884425	0.05793663347718801
43.41708542713568	0.0625281931891729
43.81909547738694	0.06582957430937957
44.221105527638194	0.06719376021448534
44.62311557788945	0.06591571007822314
45.02512562814071	0.06254011203169303
45.42713567839196	0.05751379770886387
45.82914572864322	0.051643077828317584
46.231155778894475	0.04591914226814019
46.63316582914573	0.0406892933990232
47.03517587939699	0.03717534523578997
47.437185929648244	0.03507401113515725
47.8391959798995	0.03507288149370592
48.24120603015076	0.036844117744641296
48.64321608040201	0.04001006920769289
49.04522613065327	0.043830696656864905
49.447236180904525	0.04739806539339818
49.84924623115578	0.05033432293181833
50.25125628140704	0.0517440011778119
50.653266331658294	0.05200124202015224
51.05527638190955	0.05140810386920123
51.45728643216081	0.04962655216040414
51.85929648241206	0.047451538290349746
52.26130653266332	0.04455949928985203
52.663316582914575	0.04148420618376852
53.06532663316583	0.03883735988545218
53.46733668341709	0.036913583583246964
53.869346733668344	0.03660540232829179
54.2713567839196	0.038092577429475555
54.67336683417086	0.04073880355789056
55.07537688442211	0.043957011423985726
55.47738693467337	0.047239613501478775
55.879396984924625	0.05053475355101679
56.28140703517588	0.0530136726340116
56.68341708542714	0.05469245699355437
57.085427135678394	0.05562501811203212
57.48743718592965	0.05533993002607096
57.88944723618091	0.053713605334831396
58.29145728643216	0.05099427021176641
58.69346733668342	0.04759555057087043
59.095477386934675	0.04417396588063578
59.49748743718593	0.04178539356223056
59.89949748743719	0.04099632460898429
60.301507537688444	0.042416229094583084
60.7035175879397	0.04530460332164857
61.10552763819096	0.04889579462978545
61.50753768844221	0.05279285535569249
61.90954773869347	0.056401711427201094
62.311557788944725	0.05913642621327022
62.71356783919598	0.06053047614910147
63.11557788944724	0.06036661153540206
63.517587939698494	0.05831039313879253
63.91959798994975	0.05421280188296248
64.32160804020101	0.04899046512303469
64.72361809045226	0.0436822945149234
65.12562814070353	0.03958111438895033
65.52763819095478	0.03780685306455387
65.92964824120604	0.03886242304086729
66.33165829145729	0.04215252446809352
66.73366834170855	0.04712736678150377
67.1356783919598	0.052758130355902086
67.53768844221106	0.058006650428309395
67.93969849246231	0.06225195300514721
68.34170854271358	0.06465628874222451
68.74371859296483	0.06446399657553312
69.14572864321609	0.06184905069227638
69.54773869346734	0.057284988439643206
69.9497487437186	0.05149994270298515
70.35175879396985	0.04590539713341331
70.75376884422111	0.0413831542590844
71.15577889447236	0.03945212901984814
71.55778894472363	0.040197044687722776
71.95979899497488	0.043583002040664426
72.36180904522614	0.0488445155862248
72.76381909547739	0.0550581900376965
73.16582914572865	0.06080604443753966
73.5678391959799	0.06507009975947757
73.96984924623116	0.06731746770426335
74.37185929648241	0.06676933460966963
74.77386934673368	0.06379091803570017
75.17587939698493	0.05914826727680211
75.57788944723619	0.053294924193305525
75.97989949748744	0.0475553787775222
76.3819095477387	0.04275241650388563
76.78391959798995	0.04016347372466068
77.18592964824121	0.039986361834249515
77.58793969849246	0.04228310618095191
77.98994974874373	0.04642549713648875
78.39195979899498	0.05138700318459917
78.79396984924624	0.05662911600153171
79.19597989949749	0.060710897398399834
79.59798994974875	0.06332289678227196
80.0	0.06382898353202413
