0.0	0.0168111151792854
0.4020100502512563	0.01473471291444664
0.8040201005025126	0.010563102418996736
1.206030150753769	0.005311655665470874
1.6080402010050252	0.004207226222849589
2.0100502512562817	0.008882713347949689
2.412060301507538	0.012301181800005927
2.814070351758794	0.013676362180341791
3.2160804020100504	0.012068065738436114
3.6180904522613067	0.008230823533695909
4.020100502512563	0.0033933278151324097
4.42211055276382	0.005678717000138617
4.824120603015076	0.011317910856438799
5.226130653266332	0.015792693210286916
5.628140703517588	0.01783777250136069
6.030150753768845	0.01732079864290074
6.432160804020101	0.014388653906931125
6.834170854271357	0.009834125243463191
7.236180904522613	0.006155168694238285
7.63819095477387	0.00713060381486415
8.040201005025127	0.010126153914559784
8.442211055276383	0.011768861474660495
8.84422110552764	0.010865898972497755
9.246231155778895	0.00726992409393031
9.648241206030152	0.0014840136065533218
10.050251256281408	0.005436152812651977
10.452261306532664	0.012365063773837764
10.85427135678392	0.018108167593650176
11.256281407035177	0.021977402628208673
11.658291457286433	0.02318687528547702
12.06030150753769	0.02181441956377585
12.462311557788945	0.018843453230199942
12.864321608040202	0.015320032919503401
13.266331658291458	0.01302236251101276
13.668341708542714	0.012595920419029355
14.07035175879397	0.012995539747327247
14.472361809045227	0.012574008267842437
14.874371859296483	0.011688580839388795
15.27638190954774	0.012022451512959812
15.678391959798995	0.015720210698823203
16.080402010050253	0.02142375752815028
16.48241206030151	0.027047437494566638
16.884422110552766	0.030770963872744844
17.286432160804022	0.03191017109888402
17.68844221105528	0.03029359245966016
18.090452261306535	0.026662056114785348
18.49246231155779	0.022667602607917472
18.894472361809047	0.020657744634193457
19.296482412060303	0.021299301647412873
19.69849246231156	0.023223507399364615
20.100502512562816	0.025019646354652196
20.502512562814072	0.02603796230221552
20.90452261306533	0.02753110495433849
21.306532663316585	0.03024338640657287
21.70854271356784	0.0345886511328133
22.110552763819097	0.03890239418205471
22.512562814070353	0.04196702320042647
22.91457286432161	0.042960040332756654
23.316582914572866	0.04233270784317588
23.718592964824122	0.04066627645344542
24.12060301507538	0.03943360122695587
24.522613065326635	0.03950252247868605
24.92462311557789	0.041028286090432194
25.326633165829147	0.04277753006624478
25.728643216080403	0.044285486547272386
26.13065326633166	0.04541206827633599
26.532663316582916	0.04636130129504375
26.934673366834172	0.04779390176350846
27.33668341708543	0.04973142637973599
27.738693467336685	0.05201977121468802
28.14070351758794	0.05467734245711503
28.542713567839197	0.057219754852073576
28.944723618090453	0.0596457041875447
29.34673366834171	0.06174464482908084
29.748743718592966	0.0636296706875209
30.150753768844222	0.06495237193219036
30.55276381909548	0.06553138104696965
30.954773869346734	0.06468036557700299
31.35678391959799	0.062257276756729506
31.758793969849247	0.05829120154683789
32.16080402010051	0.053607555050914336
32.56281407035176	0.04919134314985675
32.96482412060302	0.04620786874568214
33.366834170854275	0.04545183214981013
33.76884422110553	0.04709617075322341
34.17085427135679	0.05070944459815372
34.572864321608044	0.05538026262327822
34.9748743718593	0.059800354507387556
35.37688442211056	0.0630737595646916
35.77889447236181	0.06439973308629199
36.18090452261307	0.06331591010195166
36.582914572864325	0.06021655296066183
36.98492462311558	0.05553093486678171
37.38693467336684	0.05023927183646999
37.788944723618094	0.045167289900990705
38.19095477386935	0.041004958272941296
38.59296482412061	0.03827281454185944
38.99497487437186	0.036922343400730355
39.39698492462312	0.03724263990122177
39.798994974874375	0.03930561800097524
40.20100502512563	0.04284150450130299
40.60301507537689	0.046975029993133875
41.005025125628144	0.05090438891540065
41.4070351758794	0.053624243651545445
41.80904522613066	0.05521963915018689
42.21105527638191	0.05558248923737531
42.61306532663317	0.05559674267734682
43.015075376884425	0.05520612513178598
43.41708542713568	0.054998086067503074
43.81909547738694	0.05485885919027792
44.221105527638194	0.0543134765135924
44.62311557788945	0.05315900905548623
45.02512562814071	0.0514138972213143
45.42713567839196	0.04955126498608311
45.82914572864322	0.04776736358206896
46.231155778894475	0.04672948152177149
46.63316582914573	0.04669553633650344
47.03517587939699	0.047471556425465425
47.437185929648244	0.049442472261837664
47.8391959798995	0.05253442217613876
48.24120603015076	0.05637867076915489
48.64321608040201	0.06098449568953744
49.04522613065327	0.06550893533878409
49.447236180904525	0.06914683820546799
49.84924623115578	0.07058553838771267
50.25125628140704	0.06958087216585337
50.653266331658294	0.06595022069300838
51.05527638190955	0.06068954257309693
51.45728643216081	0.05477956669515641
51.85929648241206	0.04950057310824217
52.26130653266332	0.04633006599846533
52.663316582914575	0.045726336503547724
53.06532663316583	0.04806903377777351
53.46733668341709	0.052610569951653405
53.869346733668344	0.05865355383570844
54.2713567839196	0.06464228455864746
54.67336683417086	0.06958147966931306
55.07537688442211	0.07207743757544985
55.47738693467337	0.07176656539877706
55.879396984924625	0.0685132373744777
56.28140703517588	0.06272784598544202
56.68341708542714	0.05548439772749196
57.085427135678394	0.0478038160046083
57.48743718592965	0.0408979927163325
57.88944723618091	0.03595232466423469
58.29145728643216	0.034330237925228275
58.69346733668342	0.036560951683983586
59.095477386934675	0.04224521783365693
59.49748743718593	0.050185546893657285
59.89949748743719	0.0586724555004541
60.301507537688444	0.06569698267269505
60.7035175879397	0.07070637736375902
61.10552763819096	0.07199765140060299
61.50753768844221	0.07005340682797319
61.90954773869347	0.06474172593390459
62.311557788944725	0.05756610281585674
62.71356783919598	0.04930469708860864
63.11557788944724	0.04160826618407453
63.517587939698494	0.03559522107588714
63.91959798994975	0.03236488398229612
64.32160804020101	0.03285617997475403
64.72361809045226	0.03769695382886877
65.12562814070353	0.045161407933157934
65.52763819095478	0.0537281674866947
65.92964824120604	0.06160693926405344
66.33165829145729	0.06745958856164576
66.73366834170855	0.0701801804311582
67.1356783919598	0.0699397213885667
67.53768844221106	0.06729526366158223
67.93969849246231	0.06238194449877367
68.34170854271358	0.05627198705389778
68.74371859296483	0.04980167108255925
69.14572864321609	0.04390842159760845
69.54773869346734	0.039631033463997094
69.9497487437186	0.037756657784342104
70.35175879396985	0.03921528702891812
70.75376884422111	0.043876146329515565
71.15577889447236	0.05095038583337016
71.55778894472363	0.05828838964102617
71.95979899497488	0.0649997878614427
72.36180904522614	0.07008965988335993
72.76381909547739	0.07307131832855875
73.16582914572865	0.07349790856667102
73.5678391959799	0.0711912877578724
73.96984924623116	0.0667598515371763
74.37185929648241	0.060834895488562815
74.77386934673368	0.053776778563694894
75.17587939698493	0.04723092066631823
75.57788944723619	0.04235108237585467
75.97989949748744	0.039781955715039556
76.3819095477387	0.04068505275421823
76.78391959798995	0.044468231781022806
77.18592964824121	0.050361794762376934
77.58793969849246	0.056978648106795204
77.98994974874373	0.0628039675175985
78.39195979899498	0.06678616977041467
78.79396984924624	0.06839468657232771
79.19597989949749	0.06734998186702099
79.59798994974875	0.06397022847786835
80.0	0.05899647485486779
