0.0	0.01496718228419357
0.4020100502512563	0.012872196709043288
0.8040201005025126	0.008526267960418298
1.206030150753769	0.003132086238935396
1.6080402010050252	0.0031160117883194927
2.0100502512562817	0.008133616551185831
2.412060301507538	0.011326476559146651
2.814070351758794	0.012265781946238435
3.2160804020100504	0.010778413678474649
3.6180904522613067	0.0066722493140491555
4.020100502512563	0.001921913223835902
4.42211055276382	0.004722077229730969
4.824120603015076	0.010020482825568276
5.226130653266332	0.013752308790275641
5.628140703517588	0.01522671826780794
6.030150753768845	0.014069262903387577
6.432160804020101	0.010976132658262968
6.834170854271357	0.006074357082095235
7.236180904522613	0.002328238758589317
7.63819095477387	0.006082719483176267
8.040201005025127	0.009853308860918805
8.442211055276383	0.01162327011368269
8.84422110552764	0.011058402328626062
9.246231155778895	0.008027520861628992
9.648241206030152	0.0033049045763926914
10.050251256281408	0.002971796796810083
10.452261306532664	0.008417707558665635
10.85427135678392	0.013068478300439234
11.256281407035177	0.015853870463950193
11.658291457286433	0.016144375270549235
12.06030150753769	0.014363145253002692
12.462311557788945	0.011458643141326086
12.864321608040202	0.010174860750532063
13.266331658291458	0.01234190755621156
13.668341708542714	0.01639331818522688
14.07035175879397	0.019864621000804515
14.472361809045227	0.021623694171263207
14.874371859296483	0.021251104871729033
15.27638190954774	0.019339387019335002
15.678391959798995	0.017257065304374992
16.080402010050253	0.01634343734363588
16.48241206030151	0.01731870771532048
16.884422110552766	0.019130542728851743
17.286432160804022	0.020656651752913244
17.68844221105528	0.021148481108266885
18.090452261306535	0.021260765751393407
18.49246231155779	0.02150963748064754
18.894472361809047	0.02199807581260705
19.296482412060303	0.022269950061072148
19.69849246231156	0.022103791786123452
20.100502512562816	0.020740260521259556
20.502512562814072	0.018256623399793167
20.90452261306533	0.01569657814170145
21.306532663316585	0.013693784195666078
21.70854271356784	0.013929329649152337
22.110552763819097	0.016479192670674037
22.512562814070353	0.020591289611816384
22.91457286432161	0.024742590062484957
23.316582914572866	0.02806146831012879
23.718592964824122	0.03012941860884639
24.12060301507538	0.03102479825447669
24.522613065326635	0.0303399569299057
24.92462311557789	0.02804726392624743
25.326633165829147	0.02447672689012253
25.728643216080403	0.02004876783334424
26.13065326633166	0.015595783592454376
26.532663316582916	0.011507779754751911
26.934673366834172	0.009822039681100823
27.33668341708543	0.011740251648273647
27.738693467336685	0.01543681217004563
28.14070351758794	0.01975351836141334
28.542713567839197	0.02406929642847047
28.944723618090453	0.0274325013466087
29.34673366834171	0.030015612591380157
29.748743718592966	0.03192363404307268
30.150753768844222	0.03259468611051539
30.55276381909548	0.03247051749352005
30.954773869346734	0.03109908069981685
31.35678391959799	0.02855196838814305
31.758793969849247	0.025485328446045237
32.16080402010051	0.022104748740785322
32.56281407035176	0.019720270223984628
32.96482412060302	0.01940148068983762
33.366834170854275	0.021014976949809278
33.76884422110553	0.02425215531010986
34.17085427135679	0.028329320677368947
34.572864321608044	0.032483890042453195
34.9748743718593	0.035871652521023714
35.37688442211056	0.038039514518457725
35.77889447236181	0.03903586588797585
36.18090452261307	0.03890474810782048
36.582914572864325	0.037857963808278695
36.98492462311558	0.03624255266664154
37.38693467336684	0.03450417414620862
37.788944723618094	0.0330176739232132
38.19095477386935	0.0320030203292539
38.59296482412061	0.031894965951056835
38.99497487437186	0.033608610560428014
39.39698492462312	0.037305386033771204
39.798994974874375	0.04245970404288664
40.20100502512563	0.048235082953779214
40.60301507537689	0.053251241182917
41.005025125628144	0.0565970951589163
41.4070351758794	0.05803950904055526
41.80904522613066	0.057702850863212696
42.21105527638191	0.05610086467319414
42.61306532663317	0.05405159711644909
43.015075376884425	0.051987120602127304
43.41708542713568	0.05035150578707124
43.81909547738694	0.04907821084219273
44.221105527638194	0.04897051459470001
44.62311557788945	0.05028455416881723
45.02512562814071	0.053345810383988126
45.42713567839196	0.05744471119991231
45.82914572864322	0.06147513962261499
46.231155778894475	0.06448653642704508
46.63316582914573	0.06564209427752277
47.03517587939699	0.06454735521690472
47.437185929648244	0.06160050708828653
47.8391959798995	0.05785660243444801
48.24120603015076	0.05407968246796911
48.64321608040201	0.05106408852634946
49.04522613065327	0.04969592199071636
49.447236180904525	0.05001718838384882
49.84924623115578	0.05158035805054918
50.25125628140704	0.05383546805778087
50.653266331658294	0.0563068017922251
51.05527638190955	0.05894496440903162
51.45728643216081	0.06120681868419618
51.85929648241206	0.06264078144740999
52.26130653266332	0.06285141884937827
52.663316582914575	0.06107328155205353
53.06532663316583	0.057491525803734525
53.46733668341709	0.05288614223541062
53.869346733668344	0.04811930537115688
54.2713567839196	0.04454370841323228
54.67336683417086	0.04281732125283444
55.07537688442211	0.043205188884188984
55.47738693467337	0.044667417556134084
55.879396984924625	0.04678875323564866
56.28140703517588	0.049182983477333145
56.68341708542714	0.051532423906835004
57.085427135678394	0.05407554907468225
57.48743718592965	0.05661839255015798
57.88944723618091	0.05825885627108555
58.29145728643216	0.0585645105021688
58.69346733668342	0.05756325373543162
59.095477386934675	0.05523926910627112
59.49748743718593	0.0520342928294842
59.89949748743719	0.048938366953628215
60.301507537688444	0.046383871765319294
60.7035175879397	0.045005148854370534
61.10552763819096	0.04461731372632454
61.50753768844221	0.04500769288316186
61.90954773869347	0.04601065098195197
62.311557788944725	0.047551307168145596
62.71356783919598	0.0498021419958636
63.11557788944724	0.05253381127792854
63.517587939698494	0.055468453760160255
63.91959798994975	0.058009745352801366
64.32160804020101	0.059553191579528986
64.72361809045226	0.05987007429824639
65.12562814070353	0.05858690937043211
65.52763819095478	0.05577853690496781
65.92964824120604	0.0524413223514522
66.33165829145729	0.048641307502450735
66.73366834170855	0.045383853200741994
67.1356783919598	0.04301202559277219
67.53768844221106	0.04175988504287874
67.93969849246231	0.042229142062680775
68.34170854271358	0.04392092978914028
68.74371859296483	0.04687334353864359
69.14572864321609	0.051187490594405825
69.54773869346734	0.055482682338045285
69.9497487437186	0.0592009765705183
70.35175879396985	0.06101646116570121
70.75376884422111	0.060688365034389534
71.15577889447236	0.05788013530588948
71.55778894472363	0.05337932794392185
71.95979899497488	0.047888133754445165
72.36180904522614	0.04303698286459354
72.76381909547739	0.03946883087600643
73.16582914572865	0.037596586138344434
73.5678391959799	0.03774415247963405
73.96984924623116	0.03979028277394901
74.37185929648241	0.043654114509319907
74.77386934673368	0.04892521551630698
75.17587939698493	0.05468323383799954
75.57788944723619	0.05982869799312276
75.97989949748744	0.06309249930564881
76.3819095477387	0.06391095637862454
76.78391959798995	0.0615548972105885
77.18592964824121	0.05727257951205943
77.58793969849246	0.051401796069123505
77.98994974874373	0.045448403375443765
78.39195979899498	0.040633346569365035
78.79396984924624	0.03806271222622815
79.19597989949749	0.03789240169288989
79.59798994974875	0.0405193201610971
80.0	0.044733245740674873
