0.0	0.009365649708302294
0.4020100502512563	0.006339309580396159
0.8040201005025126	0.002334102956498351
1.206030150753769	0.0024371730887957368
1.6080402010050252	0.006253360269016869
2.0100502512562817	0.008980317712164933
2.412060301507538	0.0100687707506447
2.814070351758794	0.009458581958435599
3.2160804020100504	0.007165845480825208
3.6180904522613067	0.0035945342440659818
4.020100502512563	0.0008073010525176446
4.42211055276382	0.004218233930978246
4.824120603015076	0.0070894504817448235
5.226130653266332	0.008310630453490956
5.628140703517588	0.007512398979939652
6.030150753768845	0.005138424769374378
6.432160804020101	0.001334005626370059
6.834170854271357	0.0035259530761727596
7.236180904522613	0.007939432083563768
7.63819095477387	0.011431782691909368
8.040201005025127	0.013946541243905892
8.442211055276383	0.01382328973946228
8.84422110552764	0.01207255490675216
9.246231155778895	0.0095202093130878
9.648241206030152	0.0062828168620488135
10.050251256281408	0.00499681046828225
10.452261306532664	0.006855880063787385
10.85427135678392	0.008909080834717961
11.256281407035177	0.01008348358127924
11.658291457286433	0.011134152166208515
12.06030150753769	0.01224751664369674
12.462311557788945	0.01460099115802115
12.864321608040202	0.017458760951655272
13.266331658291458	0.019675302735816587
13.668341708542714	0.021240189627099483
14.07035175879397	0.022253172705570017
14.472361809045227	0.02365012846179399
14.874371859296483	0.025521105072626716
15.27638190954774	0.02660729888057009
15.678391959798995	0.02529112317035228
16.080402010050253	0.01956218176299436
16.48241206030151	0.01397222727524646
16.884422110552766	0.02077016342244336
17.286432160804022	0.03264015904889555
17.68844221105528	0.04126345320111847
18.090452261306535	0.045938065304779924
18.49246231155779	0.047569612059518145
18.894472361809047	0.049403092894833946
19.296482412060303	0.05674924234944991
19.69849246231156	0.06710731511161179
20.100502512562816	0.07525983164381819
20.502512562814072	0.07762930799891739
20.90452261306533	0.07217153127031854
21.306532663316585	0.06021491968912536
21.70854271356784	0.04532448491954143
22.110552763819097	0.037046740370491715
22.512562814070353	0.04176155557373121
22.91457286432161	0.05441389243222074
23.316582914572866	0.06617304541982974
23.718592964824122	0.07294865179356487
24.12060301507538	0.07566188762655868
24.522613065326635	0.07325733667847725
24.92462311557789	0.06806954002055497
25.326633165829147	0.06210220020205849
25.728643216080403	0.05664958442868432
26.13065326633166	0.05147848911139241
26.532663316582916	0.04434361463793801
26.934673366834172	0.03216700040385125
27.33668341708543	0.018241677588160067
27.738693467336685	0.019774569650900842
28.14070351758794	0.0389762750025766
28.542713567839197	0.05812432549887063
28.944723618090453	0.07134790267139622
29.34673366834171	0.0764573972886524
29.748743718592966	0.07208528230183207
30.150753768844222	0.059167117397531645
30.55276381909548	0.040139386221260995
30.954773869346734	0.021412503049266614
31.35678391959799	0.018359116730933777
31.758793969849247	0.029666731382456575
32.16080402010051	0.0376224417647326
32.56281407035176	0.038134268494638045
32.96482412060302	0.03337598010091074
33.366834170854275	0.029749580461345203
33.76884422110553	0.03616865347863683
34.17085427135679	0.05023035349177433
34.572864321608044	0.0637953479637555
34.9748743718593	0.0710673558523013
35.37688442211056	0.06966780736262533
35.77889447236181	0.05920115760910953
36.18090452261307	0.04182848162916575
36.582914572864325	0.023572066688840387
36.98492462311558	0.023710019528755854
37.38693467336684	0.04116443629257126
37.788944723618094	0.0560475473195313
38.19095477386935	0.06401161605892947
38.59296482412061	0.06442836893761651
38.99497487437186	0.06070787066172249
39.39698492462312	0.05865593876292267
39.798994974874375	0.06204375464058896
40.20100502512563	0.06871950552938469
40.60301507537689	0.07342539808906104
41.005025125628144	0.07233640737902197
41.4070351758794	0.06371339331635696
41.80904522613066	0.047669766581654935
42.21105527638191	0.02739300532090331
42.61306532663317	0.018096993429351393
43.015075376884425	0.03420338455718121
43.41708542713568	0.052499026259486846
43.81909547738694	0.06452848101944261
44.221105527638194	0.0683139447579669
44.62311557788945	0.06433307475166539
45.02512562814071	0.055169648749651155
45.42713567839196	0.04455402569379162
45.82914572864322	0.03934131127321055
46.231155778894475	0.041348883765659664
46.63316582914573	0.04402233524867748
47.03517587939699	0.042279423522625294
47.437185929648244	0.03324600198351771
47.8391959798995	0.019261127865230453
48.24120603015076	0.014478716244916959
48.64321608040201	0.031112772429580375
49.04522613065327	0.049112406685338464
49.447236180904525	0.060744681747238606
49.84924623115578	0.06420311909324579
50.25125628140704	0.05869546817954443
50.653266331658294	0.0450163819210666
51.05527638190955	0.026472562746383894
51.45728643216081	0.011719593470198271
51.85929648241206	0.021602270986566103
52.26130653266332	0.03544608287622382
52.663316582914575	0.042794320396759664
53.06532663316583	0.04295757915632693
53.46733668341709	0.03685012792997703
53.869346733668344	0.030634993506563866
54.2713567839196	0.032597681229827716
54.67336683417086	0.04218847364784605
55.07537688442211	0.05173912992600723
55.47738693467337	0.05552270175733433
55.879396984924625	0.052000060997159814
56.28140703517588	0.04077190322120371
56.68341708542714	0.02461468143539967
57.085427135678394	0.01485157271214001
57.48743718592965	0.028674460991033518
57.88944723618091	0.045405552707284996
58.29145728643216	0.05646542020583194
58.69346733668342	0.05847362996380011
59.095477386934675	0.050781347061975325
59.49748743718593	0.03527782205250988
59.89949748743719	0.015185094441184922
60.301507537688444	0.011929387912988724
60.7035175879397	0.03111226117091313
61.10552763819096	0.045600393525972796
61.50753768844221	0.0518715234023273
61.90954773869347	0.04953866446721976
62.311557788944725	0.04046087573684013
62.71356783919598	0.031550223577553986
63.11557788944724	0.03487725806267419
63.517587939698494	0.04774316634825389
63.91959798994975	0.0590688869358459
64.32160804020101	0.06299136812776529
64.72361809045226	0.05764092552815281
65.12562814070353	0.04289879384330908
65.52763819095478	0.021457938030720262
65.92964824120604	0.0040525546220586935
66.33165829145729	0.02660363028599334
66.73366834170855	0.04429482212999521
67.1356783919598	0.05395541624458032
67.53768844221106	0.054881492220442286
67.93969849246231	0.04781176704391123
68.34170854271358	0.03771464193346011
68.74371859296483	0.03248348500135052
69.14572864321609	0.038086457362856804
69.54773869346734	0.04654041251010478
69.9497487437186	0.050261468595103255
70.35175879396985	0.04608125911267399
70.75376884422111	0.03277429328564631
71.15577889447236	0.012304180642227288
71.55778894472363	0.012359537555908628
71.95979899497488	0.036808026718196316
72.36180904522614	0.05775054558200541
72.76381909547739	0.07145189940578908
73.16582914572865	0.07576788144349085
73.5678391959799	0.07054740984604799
73.96984924623116	0.05701702275305333
74.37185929648241	0.03840081116116785
74.77386934673368	0.01875719034785764
75.17587939698493	0.010698602933019677
75.57788944723619	0.019247773271763958
75.97989949748744	0.02366371039234009
76.3819095477387	0.02179709611863751
76.78391959798995	0.02044245608251995
77.18592964824121	0.03180149649669107
77.58793969849246	0.05076647290424161
77.98994974874373	0.06925774926584152
78.39195979899498	0.08170799443811541
78.79396984924624	0.0852590866640471
79.19597989949749	0.07897684112216347
79.59798994974875	0.063778761739208
80.0	0.0423558581668795
