0.0	0.021723070891510116
0.4020100502512563	0.021761195703271917
0.8040201005025126	0.01825047061683935
1.206030150753769	0.011715431291924696
1.6080402010050252	0.003662329008539047
2.0100502512562817	0.004789308186105133
2.412060301507538	0.011609806225543627
2.814070351758794	0.015615936786332028
3.2160804020100504	0.0158469859115889
3.6180904522613067	0.0126688242183701
4.020100502512563	0.006221148601291448
4.42211055276382	0.0026167242708579046
4.824120603015076	0.01159505653536828
5.226130653266332	0.01967397363015836
5.628140703517588	0.02550816862226521
6.030150753768845	0.027613795558913433
6.432160804020101	0.026143770002588645
6.834170854271357	0.021359371845069128
7.236180904522613	0.014140263488029953
7.63819095477387	0.0064453457731450375
8.040201005025127	0.0029218476768259564
8.442211055276383	0.006570279417927473
8.84422110552764	0.007926430862592437
9.246231155778895	0.005387158358325563
9.648241206030152	0.0014475670044664882
10.050251256281408	0.009216720472807976
10.452261306532664	0.01852469102454894
10.85427135678392	0.027240884863467728
11.256281407035177	0.03318412191345277
11.658291457286433	0.035416423541022604
12.06030150753769	0.03347261778687238
12.462311557788945	0.027191184067702167
12.864321608040202	0.01803305716310321
13.266331658291458	0.0072818699084231985
13.668341708542714	0.007043973061147143
14.07035175879397	0.017479237229302287
14.472361809045227	0.025568834931997707
14.874371859296483	0.027814346326116995
15.27638190954774	0.02231750557156361
15.678391959798995	0.00876659167949129
16.080402010050253	0.011648031799741842
16.48241206030151	0.03535339667159188
16.884422110552766	0.056927324315913755
17.286432160804022	0.0720400092230976
17.68844221105528	0.07626714700027191
18.090452261306535	0.06821291599275085
18.49246231155779	0.04880692341191573
18.894472361809047	0.022113235423074678
19.296482412060303	0.006644780049237131
19.69849246231156	0.03131440980479973
20.100502512562816	0.04889776654781271
20.502512562814072	0.05594760070579161
20.90452261306533	0.0506766338642468
21.306532663316585	0.03477291519342644
21.70854271356784	0.01191293691478007
22.110552763819097	0.01772612518658328
22.512562814070353	0.043810566572680384
22.91457286432161	0.06346704471288377
23.316582914572866	0.0736201910330824
23.718592964824122	0.07140554373197934
24.12060301507538	0.05823159203316004
24.522613065326635	0.03627327501658535
24.92462311557789	0.012609141194762374
25.326633165829147	0.020340766740952657
25.728643216080403	0.04012505939705035
26.13065326633166	0.052095560870819624
26.532663316582916	0.05316786530708528
26.934673366834172	0.04411640868841661
27.33668341708543	0.029606033194047848
27.738693467336685	0.02584832095312837
28.14070351758794	0.0433125474951649
28.542713567839197	0.06390535899910565
28.944723618090453	0.07794538086994396
29.34673366834171	0.08181108527976724
29.748743718592966	0.07467703892344743
30.150753768844222	0.05780215754833333
30.55276381909548	0.035845110075849174
30.954773869346734	0.022647719779780147
31.35678391959799	0.03322449129155771
31.758793969849247	0.04858747279701227
32.16080402010051	0.05777232454198854
32.56281407035176	0.058935104145053596
32.96482412060302	0.05443401516783344
33.366834170854275	0.049000607797461335
33.76884422110553	0.05081629469551742
34.17085427135679	0.06206276681963453
34.572864321608044	0.07608483369434069
34.9748743718593	0.08574133750041109
35.37688442211056	0.08852708022690184
35.77889447236181	0.08293479269355615
36.18090452261307	0.06993738687865234
36.582914572864325	0.0529223018992883
36.98492462311558	0.0425156561980115
37.38693467336684	0.0463617269605685
37.788944723618094	0.05985709387148658
38.19095477386935	0.07179626186059726
38.59296482412061	0.077073477805955
38.99497487437186	0.07516447743943823
39.39698492462312	0.06826082028658635
39.798994974874375	0.06194962051692806
40.20100502512563	0.06134161135827345
40.60301507537689	0.06753694983665615
41.005025125628144	0.07525465852255683
41.4070351758794	0.07866694894540414
41.80904522613066	0.07495982416954458
42.21105527638191	0.06363180435982077
42.61306532663317	0.0492573649595487
43.015075376884425	0.042162629852247925
43.41708542713568	0.051231120338242286
43.81909547738694	0.0671705310988931
44.221105527638194	0.07898204328037464
44.62311557788945	0.08304460470694296
45.02512562814071	0.07824620936614304
45.42713567839196	0.06750707056336173
45.82914572864322	0.056671394534651795
46.231155778894475	0.053736574701438854
46.63316582914573	0.05949225439136061
47.03517587939699	0.06683957866948514
47.437185929648244	0.06943802691996291
47.8391959798995	0.06434430079506454
48.24120603015076	0.05290718778601956
48.64321608040201	0.041578770062021646
49.04522613065327	0.041081161297941725
49.447236180904525	0.05319751011359517
49.84924623115578	0.06788574319081779
50.25125628140704	0.07730806840924245
50.653266331658294	0.07888190453143537
51.05527638190955	0.07309945754299368
51.45728643216081	0.06286824227153893
51.85929648241206	0.05587534068695958
52.26130653266332	0.0575153789892904
52.663316582914575	0.06544522536002141
53.06532663316583	0.07235393364952858
53.46733668341709	0.07282665608213859
53.869346733668344	0.06566493486622317
54.2713567839196	0.05240035125729846
54.67336683417086	0.03987823021968651
55.07537688442211	0.03990433497624627
55.47738693467337	0.053910991317424196
55.879396984924625	0.0697202940796989
56.28140703517588	0.08025168205992766
56.68341708542714	0.08286429903035895
57.085427135678394	0.07898103354449801
57.48743718592965	0.07141222963838076
57.88944723618091	0.06486870806770163
58.29145728643216	0.06440018050389935
58.69346733668342	0.06795154209908569
59.095477386934675	0.07110255282365643
59.49748743718593	0.06962036710182684
59.89949748743719	0.06209671417107866
60.301507537688444	0.05032729622290255
60.7035175879397	0.04194269134155533
61.10552763819096	0.04661087672401598
61.50753768844221	0.061097920197811295
61.90954773869347	0.07584096960582355
62.311557788944725	0.0850991106492886
62.71356783919598	0.08686787033558369
63.11557788944724	0.08134206058801166
63.517587939698494	0.0715844829625641
63.91959798994975	0.06250836119252898
64.32160804020101	0.05796009281691154
64.72361809045226	0.05887709005289009
65.12562814070353	0.06037387416988534
65.52763819095478	0.05801571738998943
65.92964824120604	0.049781968574525604
66.33165829145729	0.038519191713727516
66.73366834170855	0.03428607220631673
67.1356783919598	0.04559107569954615
67.53768844221106	0.06372726132550531
67.93969849246231	0.07974224610781697
68.34170854271358	0.08889017221771649
68.74371859296483	0.08968357203676058
69.14572864321609	0.08275259693164058
69.54773869346734	0.0707954893345141
69.9497487437186	0.05867963843939113
70.35175879396985	0.05181618879039385
70.75376884422111	0.05149036866217279
71.15577889447236	0.052695863103334496
71.55778894472363	0.05021839405289763
71.95979899497488	0.042696582684666015
72.36180904522614	0.03420335297757696
72.76381909547739	0.03629446113708355
73.16582914572865	0.05220893521866048
73.5678391959799	0.0713070130856006
73.96984924623116	0.08643570055985136
74.37185929648241	0.09391178872300052
74.77386934673368	0.09182156796135534
75.17587939698493	0.08189193301018302
75.57788944723619	0.06670922624334673
75.97989949748744	0.05212064008869442
76.3819095477387	0.04496540799791483
76.78391959798995	0.04604168089787906
77.18592964824121	0.04845926908865334
77.58793969849246	0.04693994090214988
77.98994974874373	0.04116772737248502
78.39195979899498	0.03687813650791512
78.79396984924624	0.04349314874512163
79.19597989949749	0.058950477940039527
79.59798994974875	0.07534988622720647
80.0	0.08686827016599014
