0.0	0.009454754725930456
0.4020100502512563	0.007841401600906767
0.8040201005025126	0.004904757392235378
1.206030150753769	0.0026558744218091713
1.6080402010050252	0.004323843894405975
2.0100502512562817	0.007002300682653301
2.412060301507538	0.00891469749699446
2.814070351758794	0.00915025335983038
3.2160804020100504	0.008034298645055704
3.6180904522613067	0.005451933080469029
4.020100502512563	0.002030275454307351
4.42211055276382	0.002119210409588554
4.824120603015076	0.005104160514797613
5.226130653266332	0.007257341844249065
5.628140703517588	0.00775118859612383
6.030150753768845	0.007035052176415464
6.432160804020101	0.005242127746782075
6.834170854271357	0.00416246652098601
7.236180904522613	0.006173820117912131
7.63819095477387	0.008970039420088904
8.040201005025127	0.011450001530701906
8.442211055276383	0.012530066755033178
8.84422110552764	0.011990208227519852
9.246231155778895	0.01021084767559757
9.648241206030152	0.00713200535876862
10.050251256281408	0.004097248365566185
10.452261306532664	0.003052782007878052
10.85427135678392	0.00462076791467815
11.256281407035177	0.006387793428391114
11.658291457286433	0.007722853195892119
12.06030150753769	0.008949441763823392
12.462311557788945	0.011169448728629908
12.864321608040202	0.014214350449016977
13.266331658291458	0.017909964058992
13.668341708542714	0.02128543493700322
14.07035175879397	0.02350205126776184
14.472361809045227	0.024820432496544406
14.874371859296483	0.024909799668248283
15.27638190954774	0.024223819581313012
15.678391959798995	0.023702129231913265
16.080402010050253	0.023594440672327778
16.48241206030151	0.024584632819555925
16.884422110552766	0.026018462250199832
17.286432160804022	0.027322955487890238
17.68844221105528	0.027902444528343888
18.090452261306535	0.027762780520075924
18.49246231155779	0.0264276855752771
18.894472361809047	0.024554741168399688
19.296482412060303	0.0232279757364299
19.69849246231156	0.022757752536358474
20.100502512562816	0.023163263522222827
20.502512562814072	0.0239668776103304
20.90452261306533	0.02442223843718798
21.306532663316585	0.025261259909917545
21.70854271356784	0.02827886865290739
22.110552763819097	0.03290663225074865
22.512562814070353	0.03783728267828842
22.91457286432161	0.04127523337145264
23.316582914572866	0.042193837456105346
23.718592964824122	0.0402678757081312
24.12060301507538	0.03644537387297399
24.522613065326635	0.032595313597922504
24.92462311557789	0.030812605863248604
25.326633165829147	0.03185207484561459
25.728643216080403	0.03398997852817994
26.13065326633166	0.03514985194839696
26.532663316582916	0.03481993610637714
26.934673366834172	0.03388040457619431
27.33668341708543	0.03339046345378234
27.738693467336685	0.034906494172939846
28.14070351758794	0.038053340715913014
28.542713567839197	0.04136253731671674
28.944723618090453	0.04357594098539781
29.34673366834171	0.04441873872001015
29.748743718592966	0.044530290078314154
30.150753768844222	0.044209972555873785
30.55276381909548	0.04474298618277388
30.954773869346734	0.04573793850120703
31.35678391959799	0.04708351664342754
31.758793969849247	0.04874488990320734
32.16080402010051	0.05034522353432569
32.56281407035176	0.05186306422081395
32.96482412060302	0.05391727692501926
33.366834170854275	0.05591496072731896
33.76884422110553	0.057627245654215654
34.17085427135679	0.05847837353821341
34.572864321608044	0.05770866182280968
34.9748743718593	0.0550216672300899
35.37688442211056	0.051157820644364214
35.77889447236181	0.04643183394050308
36.18090452261307	0.042111997018595984
36.582914572864325	0.03974416546270704
36.98492462311558	0.04029626320418697
37.38693467336684	0.043010201691108994
37.788944723618094	0.04760155898676437
38.19095477386935	0.05215156034000958
38.59296482412061	0.055725789536381354
38.99497487437186	0.057454854771765596
39.39698492462312	0.05726611185734036
39.798994974874375	0.05503792639516486
40.20100502512563	0.050961444569601846
40.60301507537689	0.045700506464287784
41.005025125628144	0.04034815611750908
41.4070351758794	0.03529364996857955
41.80904522613066	0.03087183245353465
42.21105527638191	0.027669399865149224
42.61306532663317	0.026579098302318714
43.015075376884425	0.028559775160794793
43.41708542713568	0.03309019397522815
43.81909547738694	0.038837579442957675
44.221105527638194	0.04425894184503841
44.62311557788945	0.04826608057067625
45.02512562814071	0.05019533313732423
45.42713567839196	0.05028236218372517
45.82914572864322	0.049014141949682496
46.231155778894475	0.04729495702569798
46.63316582914573	0.045402007750957304
47.03517587939699	0.04322383127909755
47.437185929648244	0.04093736713471685
47.8391959798995	0.0383217121515404
48.24120603015076	0.03570026739780005
48.64321608040201	0.035049600454135306
49.04522613065327	0.03711560166380647
49.447236180904525	0.04091038247519505
49.84924623115578	0.04491178311464687
50.25125628140704	0.047857141889412015
50.653266331658294	0.04926489358141712
51.05527638190955	0.04877638140337559
51.45728643216081	0.04818154500075744
51.85929648241206	0.04789783633500589
52.26130653266332	0.048166302967985936
52.663316582914575	0.04866217015712787
53.06532663316583	0.04821749228777708
53.46733668341709	0.04637383690265262
53.869346733668344	0.04401862004436784
54.2713567839196	0.04194396918326798
54.67336683417086	0.04159182412766857
55.07537688442211	0.04357036800256979
55.47738693467337	0.046948073360811596
55.879396984924625	0.05064324723362856
56.28140703517588	0.052840753756377666
56.68341708542714	0.05363763570256459
57.085427135678394	0.05289342533136655
57.48743718592965	0.05133159785768114
57.88944723618091	0.049266136809837595
58.29145728643216	0.046807235349320464
58.69346733668342	0.0441991829460669
59.095477386934675	0.04100960560801645
59.49748743718593	0.03733335819067662
59.89949748743719	0.034166445910420055
60.301507537688444	0.03279105593071446
60.7035175879397	0.03424503194861679
61.10552763819096	0.03814603241428989
61.50753768844221	0.04308297075180753
61.90954773869347	0.04746649403592642
62.311557788944725	0.05040035755642599
62.71356783919598	0.05131502483119368
63.11557788944724	0.05057524208965697
63.517587939698494	0.04845144901955345
63.91959798994975	0.04586810205307076
64.32160804020101	0.043131552050132915
64.72361809045226	0.0403273482160815
65.12562814070353	0.03744222821718009
65.52763819095478	0.035174664151142954
65.92964824120604	0.03423030770782007
66.33165829145729	0.03553027151742301
66.73366834170855	0.03953878087016202
67.1356783919598	0.04496589726111093
67.53768844221106	0.05030097268624571
67.93969849246231	0.05408973955183294
68.34170854271358	0.05587119784716806
68.74371859296483	0.05515449814715288
69.14572864321609	0.05228911334765888
69.54773869346734	0.048227813580784644
69.9497487437186	0.043341872480394214
70.35175879396985	0.03860782783027247
70.75376884422111	0.03475646398067389
71.15577889447236	0.0322526491827588
71.55778894472363	0.031837631519292656
71.95979899497488	0.03387996203905713
72.36180904522614	0.03836630414093041
72.76381909547739	0.04434271999125444
73.16582914572865	0.050228636247711324
73.5678391959799	0.05534847353045541
73.96984924623116	0.05863845581250304
74.37185929648241	0.05981360572306986
74.77386934673368	0.05878598047751408
75.17587939698493	0.05554905433555131
75.57788944723619	0.05094899040385235
75.97989949748744	0.0455297312011575
76.3819095477387	0.0404344055356584
76.78391959798995	0.03637703711467234
77.18592964824121	0.034038370108007886
77.58793969849246	0.03435566436426177
77.98994974874373	0.03697502619682122
78.39195979899498	0.041624089574451247
78.79396984924624	0.04723089020246478
79.19597989949749	0.05284773381226304
79.59798994974875	0.05769272238039406
80.0	0.06046637448006027
