0.0	0.02696522856773493
0.4020100502512563	0.0220329097422722
0.8040201005025126	0.013473572030587338
1.206030150753769	0.0034309131738439807
1.6080402010050252	0.008179537769890366
2.0100502512562817	0.0170094420728178
2.412060301507538	0.0224052494546269
2.814070351758794	0.023427921170119628
3.2160804020100504	0.020008034804020726
3.6180904522613067	0.012568365065598117
4.020100502512563	0.002826165654602822
4.42211055276382	0.00805648993741506
4.824120603015076	0.017375846012687175
5.226130653266332	0.02371568093841277
5.628140703517588	0.025784604555832286
6.030150753768845	0.023446880717731107
6.432160804020101	0.017140212613317902
6.834170854271357	0.008581600691897211
7.236180904522613	0.005834541481921628
7.63819095477387	0.01396648891569125
8.040201005025127	0.020707619569980677
8.442211055276383	0.02370300598639236
8.84422110552764	0.022081340694273248
9.246231155778895	0.0161408151771025
9.648241206030152	0.006902300903124228
10.050251256281408	0.005786855841173073
10.452261306532664	0.01718744412992338
10.85427135678392	0.027061891422161543
11.256281407035177	0.03341879789587653
11.658291457286433	0.036194327230544616
12.06030150753769	0.0347949445897003
12.462311557788945	0.030608488379825903
12.864321608040202	0.025554444455043634
13.266331658291458	0.020544720062897284
13.668341708542714	0.016766181116465106
14.07035175879397	0.014295874575315809
14.472361809045227	0.012439559445894272
14.874371859296483	0.01127626352729244
15.27638190954774	0.0112212983372379
15.678391959798995	0.013055909234731872
16.080402010050253	0.017853773654818668
16.48241206030151	0.02417182117432434
16.884422110552766	0.031880123414915654
17.286432160804022	0.041155783519910324
17.68844221105528	0.050945811275823226
18.090452261306535	0.06110529880612051
18.49246231155779	0.0699050244038409
18.894472361809047	0.07658691110205561
19.296482412060303	0.07965480897005316
19.69849246231156	0.07753459118089104
20.100502512562816	0.07132776822600143
20.502512562814072	0.0623089305353976
20.90452261306533	0.0526391192517604
21.306532663316585	0.044746163952258576
21.70854271356784	0.04055773943951636
22.110552763819097	0.040884721377532136
22.512562814070353	0.04527856346252865
22.91457286432161	0.05214713564843698
23.316582914572866	0.061596146981251855
23.718592964824122	0.07136933099881537
24.12060301507538	0.07973523579124006
24.522613065326635	0.08630644413069706
24.92462311557789	0.0896398967365149
25.326633165829147	0.08858645599440965
25.728643216080403	0.08292749461325807
26.13065326633166	0.07369936713166311
26.532663316582916	0.061069609822941205
26.934673366834172	0.04761242951097177
27.33668341708543	0.03592244941472075
27.738693467336685	0.02880959014849548
28.14070351758794	0.027623413919903396
28.542713567839197	0.03016572781797982
28.944723618090453	0.0346360558337163
29.34673366834171	0.04147226693042324
29.748743718592966	0.051809127672059564
30.150753768844222	0.06361925502318805
30.55276381909548	0.07484131182371992
30.954773869346734	0.08170400529608275
31.35678391959799	0.08280420893980309
31.758793969849247	0.07615325649226411
32.16080402010051	0.06290883983200263
32.56281407035176	0.04498957392345166
32.96482412060302	0.02774462660647265
33.366834170854275	0.01986261517155707
33.76884422110553	0.02512625876790407
34.17085427135679	0.03090910444533279
34.572864321608044	0.03296839988948597
34.9748743718593	0.03320543339791522
35.37688442211056	0.03718491699719982
35.77889447236181	0.04749183078246676
36.18090452261307	0.06132018869975305
36.582914572864325	0.07280173099940083
36.98492462311558	0.07881471980433677
37.38693467336684	0.07746715861354979
37.788944723618094	0.06886560825445082
38.19095477386935	0.05572119863245378
38.59296482412061	0.04319800243867199
38.99497487437186	0.03902012335083045
39.39698492462312	0.04430403057948341
39.798994974874375	0.05194392944261104
40.20100502512563	0.05604382051793544
40.60301507537689	0.055335691956939416
41.005025125628144	0.05195128755328946
41.4070351758794	0.05081077606130131
41.80904522613066	0.056532239515650395
42.21105527638191	0.067500662982854
42.61306532663317	0.07856074099970262
43.015075376884425	0.0847093156370121
43.41708542713568	0.08432779110250277
43.81909547738694	0.07729820092341086
44.221105527638194	0.06592015392758814
44.62311557788945	0.05505191137715798
45.02512562814071	0.050228396171171176
45.42713567839196	0.052646587771828436
45.82914572864322	0.05719563878828142
46.231155778894475	0.05860688738368656
46.63316582914573	0.05525493960649989
47.03517587939699	0.049433099353590096
47.437185929648244	0.046630415475272594
47.8391959798995	0.05125191018485829
48.24120603015076	0.06149811824027648
48.64321608040201	0.07019091764604889
49.04522613065327	0.07309709773515236
49.447236180904525	0.06869974249393068
49.84924623115578	0.05803324908106676
50.25125628140704	0.04518544962985953
50.653266331658294	0.03822871792853799
51.05527638190955	0.043422367614194324
51.45728643216081	0.05424056395163843
51.85929648241206	0.062491315848105286
52.26130653266332	0.064591028341595
52.663316582914575	0.05976666598142923
53.06532663316583	0.05050331239956403
53.46733668341709	0.0409732989129516
53.869346733668344	0.037230806369288064
54.2713567839196	0.04085805508376384
54.67336683417086	0.045948218573535
55.07537688442211	0.04776286573075885
55.47738693467337	0.044351309998892634
55.879396984924625	0.0379815384907841
56.28140703517588	0.03579689421206226
56.68341708542714	0.044344257406204166
57.085427135678394	0.05971350103312685
57.48743718592965	0.0737974197162708
57.88944723618091	0.08224961063531816
58.29145728643216	0.08282591880184333
58.69346733668342	0.07562450993093672
59.095477386934675	0.06261383174733408
59.49748743718593	0.04794283189961415
59.89949748743719	0.03758627470668214
60.301507537688444	0.03579282589781456
60.7035175879397	0.038158699487732706
61.10552763819096	0.038471112049469576
61.50753768844221	0.034870625365364796
61.90954773869347	0.03213037417844925
62.311557788944725	0.03778587355934354
62.71356783919598	0.05175592009095068
63.11557788944724	0.06689377445296003
63.517587939698494	0.07768305493825509
63.91959798994975	0.08182343836960503
64.32160804020101	0.0779162365145902
64.72361809045226	0.06695585688670305
65.12562814070353	0.051501373131243186
65.52763819095478	0.03502939455285795
65.92964824120604	0.023464486260811924
66.33165829145729	0.0207832417245068
66.73366834170855	0.021759059522591693
67.1356783919598	0.019895886221727388
67.53768844221106	0.016557332899995416
67.93969849246231	0.02150127769123161
68.34170854271358	0.03598445813302359
68.74371859296483	0.05307418973101343
69.14572864321609	0.06796428591333023
69.54773869346734	0.0777305118417935
69.9497487437186	0.08075396565263748
70.35175879396985	0.07656753424593048
70.75376884422111	0.06611922524241118
71.15577889447236	0.051413071528990203
71.55778894472363	0.03527365525612581
71.95979899497488	0.02024982810859807
72.36180904522614	0.010532907371986974
72.76381909547739	0.008688660133225489
73.16582914572865	0.010947687804118646
73.5678391959799	0.018400097489301083
73.96984924623116	0.03160246914376076
74.37185929648241	0.047931651448998476
74.77386934673368	0.06398962945281514
75.17587939698493	0.0761510339213902
75.57788944723619	0.08241459281994087
75.97989949748744	0.08207075808931098
76.3819095477387	0.07476673036953944
76.78391959798995	0.062436882389395945
77.18592964824121	0.04762081411941915
77.58793969849246	0.03335127396551721
77.98994974874373	0.023739896844225904
78.39195979899498	0.02131476020498168
78.79396984924624	0.02302843153945391
79.19597989949749	0.02563351832776939
79.59798994974875	0.02990217452154705
80.0	0.03691206322376753
