0.0	0.005645906911199724
0.4020100502512563	0.007449850011375053
0.8040201005025126	0.007826085472249592
1.206030150753769	0.007208769602133895
1.6080402010050252	0.0055237865646539505
2.0100502512562817	0.0028979749304398443
2.412060301507538	0.0006287901589684736
2.814070351758794	0.0021973218463963323
3.2160804020100504	0.003813599295091489
3.6180904522613067	0.004103369332173501
4.020100502512563	0.00309827024402863
4.42211055276382	0.001020915733856611
4.824120603015076	0.002102849609172115
5.226130653266332	0.005473464787974042
5.628140703517588	0.008644390752362457
6.030150753768845	0.011307009800316447
6.432160804020101	0.01274008604901843
6.834170854271357	0.01284629197593507
7.236180904522613	0.011883214424332445
7.63819095477387	0.010028122369399815
8.040201005025127	0.007561868879808793
8.442211055276383	0.005197050044921227
8.84422110552764	0.003555951205330722
9.246231155778895	0.002926898274779956
9.648241206030152	0.003411333292003737
10.050251256281408	0.005395326323685313
10.452261306532664	0.008181403565172924
10.85427135678392	0.01147477730161119
11.256281407035177	0.014607922276909175
11.658291457286433	0.017025381818131475
12.06030150753769	0.018245244080762547
12.462311557788945	0.01789818744991843
12.864321608040202	0.016012669173755902
13.266331658291458	0.013084375231691907
13.668341708542714	0.010342932726641793
14.07035175879397	0.008831929987293164
14.472361809045227	0.00824756415123735
14.874371859296483	0.007740793830755145
15.27638190954774	0.007313629826939371
15.678391959798995	0.005714860550674638
16.080402010050253	0.004409324784582911
16.48241206030151	0.009790793109585728
16.884422110552766	0.018435929449559824
17.286432160804022	0.02805230134674107
17.68844221105528	0.03653852576895256
18.090452261306535	0.04238661511083091
18.49246231155779	0.04465318958350813
18.894472361809047	0.04323141303279908
19.296482412060303	0.038720977900142534
19.69849246231156	0.032414766995303525
20.100502512562816	0.02680182336381154
20.502512562814072	0.023266076702015012
20.90452261306533	0.0222652839679009
21.306532663316585	0.022347832901455412
21.70854271356784	0.021522842262956567
22.110552763819097	0.022153139714097967
22.512562814070353	0.025712403433878928
22.91457286432161	0.031661034924299766
23.316582914572866	0.03823427052913903
23.718592964824122	0.04325845086120157
24.12060301507538	0.04618748813003313
24.522613065326635	0.04678723857165717
24.92462311557789	0.045503077591714916
25.326633165829147	0.04316620919003978
25.728643216080403	0.040643203562802065
26.13065326633166	0.037819611525197964
26.532663316582916	0.03500631495211381
26.934673366834172	0.032965827924148705
27.33668341708543	0.0329553322720559
27.738693467336685	0.035813484066633754
28.14070351758794	0.041094596595350426
28.542713567839197	0.04824310099817957
28.944723618090453	0.05660272466321886
29.34673366834171	0.0640896588006663
29.748743718592966	0.06898018661863001
30.150753768844222	0.07040066251751864
30.55276381909548	0.06757969203674598
30.954773869346734	0.0603676886249907
31.35678391959799	0.04960771561109731
31.758793969849247	0.03682911232001856
32.16080402010051	0.025110392211255977
32.56281407035176	0.01764591463322767
32.96482412060302	0.016554254858553788
33.366834170854275	0.020572241898790335
33.76884422110553	0.02779975923899867
34.17085427135679	0.037835900689203686
34.572864321608044	0.0503153226323134
34.9748743718593	0.06236827472316546
35.37688442211056	0.07227144347514544
35.77889447236181	0.07732636996697471
36.18090452261307	0.07682112028869377
36.582914572864325	0.06940607086716942
36.98492462311558	0.05693885473081913
37.38693467336684	0.04122469112063767
37.788944723618094	0.025586661843598018
38.19095477386935	0.0135441647915267
38.59296482412061	0.008425635960471401
38.99497487437186	0.008695605198776131
39.39698492462312	0.011222960063283674
39.798994974874375	0.01950706764915284
40.20100502512563	0.03174051323090293
40.60301507537689	0.04460381842764694
41.005025125628144	0.0550716645408648
41.4070351758794	0.0600502906213972
41.80904522613066	0.05875427093285161
42.21105527638191	0.05139422459799949
42.61306532663317	0.039548835212806686
43.015075376884425	0.02707413407976581
43.41708542713568	0.02107913568703421
43.81909547738694	0.024943306596955563
44.221105527638194	0.030781083773451116
44.62311557788945	0.03313800180613312
45.02512562814071	0.03126392910621639
45.42713567839196	0.02646715977585997
45.82914572864322	0.02441280391918727
46.231155778894475	0.02852899249930622
46.63316582914573	0.03612480721145442
47.03517587939699	0.04188601613346082
47.437185929648244	0.04328208797670656
47.8391959798995	0.03937442525325345
48.24120603015076	0.031059579924209872
48.64321608040201	0.022967227160847918
49.04522613065327	0.024045633664018514
49.447236180904525	0.03487097361325515
49.84924623115578	0.04709398254666906
50.25125628140704	0.05524960134918705
50.653266331658294	0.05763304358042999
51.05527638190955	0.053744239935246366
51.45728643216081	0.04506074878225246
51.85929648241206	0.035103301011711
52.26130653266332	0.029216011991427298
52.663316582914575	0.0302721191608089
53.06532663316583	0.0327508433293089
53.46733668341709	0.031840333719883755
53.869346733668344	0.02634548411081203
54.2713567839196	0.019925116090361635
54.67336683417086	0.024703957965364683
55.07537688442211	0.04004793998874648
55.47738693467337	0.05601883897947154
55.879396984924625	0.06826791273779181
56.28140703517588	0.07372741044886955
56.68341708542714	0.07146221777084515
57.085427135678394	0.062414300671589165
57.48743718592965	0.049434845626972604
57.88944723618091	0.03573913197713882
58.29145728643216	0.02561032580862006
58.69346733668342	0.021185140898679934
59.095477386934675	0.01954834469206743
59.49748743718593	0.017709497215321612
59.89949748743719	0.019469494723839874
60.301507537688444	0.03012088334900394
60.7035175879397	0.04643160660383836
61.10552763819096	0.06266773373257106
61.50753768844221	0.07520353160221978
61.90954773869347	0.08132282235083385
62.311557788944725	0.07951058412533628
62.71356783919598	0.0704814857705894
63.11557788944724	0.05638062773050242
63.517587939698494	0.04024619590130672
63.91959798994975	0.025301616116940522
64.32160804020101	0.015520647830169123
64.72361809045226	0.012029163369274603
65.12562814070353	0.010612918199855813
65.52763819095478	0.013249135597369333
65.92964824120604	0.024081140369284014
66.33165829145729	0.0397022101735781
66.73366834170855	0.054911467321081917
67.1356783919598	0.06730694002763093
67.53768844221106	0.07402996794108815
67.93969849246231	0.07379395429929536
68.34170854271358	0.06696822727957627
68.74371859296483	0.05436249435827767
69.14572864321609	0.0387036206255019
69.54773869346734	0.02240572123219344
69.9497487437186	0.008416346429114225
70.35175879396985	0.0010227597102310687
70.75376884422111	0.003763506417251916
71.15577889447236	0.0010578377970987577
71.55778894472363	0.011218931223303079
71.95979899497488	0.025823866218854817
72.36180904522614	0.04199606883699036
72.76381909547739	0.056521397327972345
73.16582914572865	0.06705112561312294
73.5678391959799	0.07176917852883362
73.96984924623116	0.06978575186747361
74.37185929648241	0.06173942443441638
74.77386934673368	0.04921457743339257
75.17587939698493	0.0342916018493613
75.57788944723619	0.019915564453781183
75.97989949748744	0.009011308655234439
76.3819095477387	0.004081802468756149
76.78391959798995	0.005389312303291443
77.18592964824121	0.012822587645044192
77.58793969849246	0.025659052934219946
77.98994974874373	0.0417207195056481
78.39195979899498	0.0579025029223766
78.79396984924624	0.07131813398598628
79.19597989949749	0.07914751747333275
79.59798994974875	0.08034318011947648
80.0	0.07460177196495216
