0.0	0.004747757507947441
0.4020100502512563	0.005221143228567314
0.8040201005025126	0.0047570375014726
1.206030150753769	0.0038215976580037287
1.6080402010050252	0.002326996717143488
2.0100502512562817	0.0011548804191087898
2.412060301507538	0.0019753169205221693
2.814070351758794	0.0028943741639181836
3.2160804020100504	0.003341893545815165
3.6180904522613067	0.0029341242837911995
4.020100502512563	0.0016192903255064725
4.42211055276382	0.0005320365597645922
4.824120603015076	0.002350844830467303
5.226130653266332	0.0042787231909115295
5.628140703517588	0.005829933490025264
6.030150753768845	0.006666067599671159
6.432160804020101	0.0065070987056932705
6.834170854271357	0.005698984300533116
7.236180904522613	0.004512192464085101
7.63819095477387	0.0031272921716563986
8.040201005025127	0.002039495718619579
8.442211055276383	0.0018566280343632236
8.84422110552764	0.0020374643818216547
9.246231155778895	0.0019280391043783398
9.648241206030152	0.0015836199408490136
10.050251256281408	0.0008241627409952318
10.452261306532664	0.000655041891099659
10.85427135678392	0.0013802136315562243
11.256281407035177	0.001875282688453554
11.658291457286433	0.0020372931726378224
12.06030150753769	0.0027522678473344284
12.462311557788945	0.004178180170341746
12.864321608040202	0.005862952961311654
13.266331658291458	0.007563585774788328
13.668341708542714	0.00900813185539929
14.07035175879397	0.009739967625288943
14.472361809045227	0.009410332767406734
14.874371859296483	0.009432671749098075
15.27638190954774	0.010583879075945279
15.678391959798995	0.011127124714568235
16.080402010050253	0.011157023350472917
16.48241206030151	0.009347603770381229
16.884422110552766	0.005852490487865991
17.286432160804022	0.0015147165225793088
17.68844221105528	0.005093612490078618
18.090452261306535	0.01060269678704507
18.49246231155779	0.016398546529685344
18.894472361809047	0.021375155141533694
19.296482412060303	0.02569888393679292
19.69849246231156	0.03036158685627508
20.100502512562816	0.033684423155635405
20.502512562814072	0.035511726461256124
20.90452261306533	0.03605804828382536
21.306532663316585	0.03535519811378278
21.70854271356784	0.032329381117790136
22.110552763819097	0.027424779400638772
22.512562814070353	0.022060311179738737
22.91457286432161	0.020129093897747356
23.316582914572866	0.02494171596097937
23.718592964824122	0.03258177029790214
24.12060301507538	0.03837472444899202
24.522613065326635	0.040961461754078006
24.92462311557789	0.0403249114786254
25.326633165829147	0.03826077430991616
25.728643216080403	0.03753642902550165
26.13065326633166	0.03976461404414678
26.532663316582916	0.04443559590867586
26.934673366834172	0.049006529127791465
27.33668341708543	0.04999351054760252
27.738693467336685	0.047996074558309856
28.14070351758794	0.0430009034699728
28.542713567839197	0.037918038448972166
28.944723618090453	0.03686399161547234
29.34673366834171	0.04051751792084545
29.748743718592966	0.04432414284543247
30.150753768844222	0.04568478150051603
30.55276381909548	0.04321326443659009
30.954773869346734	0.03692169584343934
31.35678391959799	0.03161615216632441
31.758793969849247	0.03233455143785642
32.16080402010051	0.0404521403898017
32.56281407035176	0.04944281973082211
32.96482412060302	0.05449259566014085
33.366834170854275	0.05542440935219671
33.76884422110553	0.053069103722642605
34.17085427135679	0.04970567311744566
34.572864321608044	0.047889193082348
34.9748743718593	0.048616645423549855
35.37688442211056	0.04935482430216641
35.77889447236181	0.048352937604997634
36.18090452261307	0.04373268050264431
36.582914572864325	0.036585190339039925
36.98492462311558	0.03005678599252586
37.38693467336684	0.02976873896076692
37.788944723618094	0.03716508518082084
38.19095477386935	0.0475631256088631
38.59296482412061	0.05661843216187916
38.99497487437186	0.06299933327249449
39.39698492462312	0.06559422212169613
39.798994974874375	0.06480987711669538
40.20100502512563	0.0612758044590061
40.60301507537689	0.057014639795931965
41.005025125628144	0.052906984075102324
41.4070351758794	0.049675592223626795
41.80904522613066	0.04737768714557024
42.21105527638191	0.04392727907995247
42.61306532663317	0.03902394935299079
43.015075376884425	0.03441444060334981
43.41708542713568	0.03431895576807539
43.81909547738694	0.04076930790650661
44.221105527638194	0.05094899680262742
44.62311557788945	0.05989327192521489
45.02512562814071	0.06495274154381149
45.42713567839196	0.06507319414627512
45.82914572864322	0.06087744483310177
46.231155778894475	0.05466879488790002
46.63316582914573	0.049336714062525246
47.03517587939699	0.04716826898095232
47.437185929648244	0.04737101223668213
47.8391959798995	0.04626571171211398
48.24120603015076	0.042632968427041854
48.64321608040201	0.03626730449658244
49.04522613065327	0.030198876388062484
49.447236180904525	0.029636938518776062
49.84924623115578	0.03620373337082232
50.25125628140704	0.04535212055540104
50.653266331658294	0.05273219148110444
51.05527638190955	0.05636665695347008
51.45728643216081	0.05631697649255781
51.85929648241206	0.05402272864783475
52.26130653266332	0.05171275322221798
52.663316582914575	0.051323802091863956
53.06532663316583	0.052471928255677334
53.46733668341709	0.05373812389881051
53.869346733668344	0.05319045431203763
54.2713567839196	0.05046877149984854
54.67336683417086	0.04742639307316386
55.07537688442211	0.046623238136603136
55.47738693467337	0.0495437935956699
55.879396984924625	0.05516193547455038
56.28140703517588	0.061173979948343796
56.68341708542714	0.06576520554948265
57.085427135678394	0.06794622210022978
57.48743718592965	0.06724141372971029
57.88944723618091	0.06436957874646798
58.29145728643216	0.06047838987681159
58.69346733668342	0.05669905431402816
59.095477386934675	0.05386582226581225
59.49748743718593	0.05169635703877864
59.89949748743719	0.04992572435556962
60.301507537688444	0.0484814912403496
60.7035175879397	0.04706383080332961
61.10552763819096	0.047266952561580616
61.50753768844221	0.04998662986419193
61.90954773869347	0.055136540152263845
62.311557788944725	0.0604475357403666
62.71356783919598	0.06458807615705539
63.11557788944724	0.06586014881026725
63.517587939698494	0.06384120645487644
63.91959798994975	0.058535624025293456
64.32160804020101	0.05149477729324958
64.72361809045226	0.044420845807520044
65.12562814070353	0.03946895417644669
65.52763819095478	0.03708591184086048
65.92964824120604	0.0357370250357104
66.33165829145729	0.033974435324368
66.73366834170855	0.03284155767178623
67.1356783919598	0.03412779893657565
67.53768844221106	0.03943155080101659
67.93969849246231	0.0473830895830966
68.34170854271358	0.0552667173957196
68.74371859296483	0.06036319273065642
69.14572864321609	0.061230648375386595
69.54773869346734	0.057239612525025366
69.9497487437186	0.04964061826176252
70.35175879396985	0.04036784026848253
70.75376884422111	0.031681149171640055
71.15577889447236	0.0266173227703481
71.55778894472363	0.024912390340188773
71.95979899497488	0.02400793680646724
72.36180904522614	0.023386736052462612
72.76381909547739	0.02484542965095337
73.16582914572865	0.03058516515353657
73.5678391959799	0.04002458022079987
73.96984924623116	0.05027806985617941
74.37185929648241	0.05846831068453676
74.77386934673368	0.06270793045629984
75.17587939698493	0.06258780034419269
75.57788944723619	0.05786143097568849
75.97989949748744	0.04973060063122588
76.3819095477387	0.04004164976839484
76.78391959798995	0.03131298245710763
77.18592964824121	0.02583350646079796
77.58793969849246	0.02394782651912914
77.98994974874373	0.024121490334756013
78.39195979899498	0.025291833378579775
78.79396984924624	0.029044422185358198
79.19597989949749	0.03629794887666319
79.59798994974875	0.04629392818819556
80.0	0.05601027412900733
