0.0	0.007773940931408418
0.4020100502512563	0.007706073639878221
0.8040201005025126	0.006466005470641983
1.206030150753769	0.004558784710787289
1.6080402010050252	0.002785005301359555
2.0100502512562817	0.0030867717068240397
2.412060301507538	0.004524876675616984
2.814070351758794	0.005529450742951211
3.2160804020100504	0.005595373297747571
3.6180904522613067	0.004318586186287778
4.020100502512563	0.002083923734813536
4.42211055276382	0.0013720517462465277
4.824120603015076	0.004206961657323242
5.226130653266332	0.006885744477513431
5.628140703517588	0.008776766001588028
6.030150753768845	0.009709466857177902
6.432160804020101	0.009501432303027326
6.834170854271357	0.008333270276921387
7.236180904522613	0.006570470508614518
7.63819095477387	0.004842868488479762
8.040201005025127	0.0037423039081627236
8.442211055276383	0.003512173114633419
8.84422110552764	0.003108438114546359
9.246231155778895	0.0020504552638804163
9.648241206030152	0.00015969952056714916
10.050251256281408	0.0031501967620424557
10.452261306532664	0.006562230480912352
10.85427135678392	0.009739167543887274
11.256281407035177	0.012452032451904477
11.658291457286433	0.014367535636320214
12.06030150753769	0.015295551874036842
12.462311557788945	0.015588406624194116
12.864321608040202	0.01589332962428921
13.266331658291458	0.017213925832084493
13.668341708542714	0.020138180488215713
14.07035175879397	0.02387886745103691
14.472361809045227	0.026589144372346423
14.874371859296483	0.027269367238199692
15.27638190954774	0.02480876757752634
15.678391959798995	0.017235302562857636
16.080402010050253	0.0051886605589741425
16.48241206030151	0.010450357473596506
16.884422110552766	0.02682689108151522
17.286432160804022	0.04015075817844633
17.68844221105528	0.045407396394631795
18.090452261306535	0.042121595953104614
18.49246231155779	0.031623442973165425
18.894472361809047	0.02334230579764841
19.296482412060303	0.031890273252362544
19.69849246231156	0.04763036369397004
20.100502512562816	0.05923797735707028
20.502512562814072	0.061678678643709205
20.90452261306533	0.05467581592719785
21.306532663316585	0.03952690751214394
21.70854271356784	0.021558528823858936
22.110552763819097	0.016275153206063216
22.512562814070353	0.029611340408932957
22.91457286432161	0.0426156667487263
23.316582914572866	0.04811117955493356
23.718592964824122	0.04485870316774531
24.12060301507538	0.03394536260688918
24.522613065326635	0.019598576783467027
24.92462311557789	0.013447325355011924
25.326633165829147	0.025875815607319014
25.728643216080403	0.0384339101184931
26.13065326633166	0.04560184994657767
26.532663316582916	0.045005014675741487
26.934673366834172	0.03636375406007805
27.33668341708543	0.023178482763051768
27.738693467336685	0.014841146169058034
28.14070351758794	0.030124591173931403
28.542713567839197	0.05002044641481098
28.944723618090453	0.06630546639190198
29.34673366834171	0.07470819725839985
29.748743718592966	0.07315343439954751
30.150753768844222	0.06174077081656556
30.55276381909548	0.04247709361596301
30.954773869346734	0.019530535279943743
31.35678391959799	0.005770079793976392
31.758793969849247	0.02382637670924064
32.16080402010051	0.03552603207016033
32.56281407035176	0.03782241975378963
32.96482412060302	0.0302381522343597
33.366834170854275	0.015834727780752317
33.76884422110553	0.01820146607761736
34.17085427135679	0.04302296384587882
34.572864321608044	0.06782428090118492
34.9748743718593	0.08651198096303526
35.37688442211056	0.09602527415661982
35.77889447236181	0.09411598354604007
36.18090452261307	0.08168210222187734
36.582914572864325	0.06139693298825151
36.98492462311558	0.03800697953336628
37.38693467336684	0.021858380800517132
37.788944723618094	0.02462374106767374
38.19095477386935	0.032123631586461684
38.59296482412061	0.03136513304562971
38.99497487437186	0.022166991490172067
39.39698492462312	0.022037102489613884
39.798994974874375	0.045134145589775874
40.20100502512563	0.07293993022136053
40.60301507537689	0.09682832441206196
41.005025125628144	0.11166594529852673
41.4070351758794	0.11513366734627262
41.80904522613066	0.1065594389555518
42.21105527638191	0.0885576914519645
42.61306532663317	0.06577327605151442
43.015075376884425	0.04631470904112894
43.41708542713568	0.04115060513833982
43.81909547738694	0.04823602546606205
44.221105527638194	0.05297605576152362
44.62311557788945	0.05011608940775618
45.02512562814071	0.04117251592537054
45.42713567839196	0.037087229928992146
45.82914572864322	0.04869362620194261
46.231155778894475	0.06706043499244704
46.63316582914573	0.08172713157817928
47.03517587939699	0.08738582096990874
47.437185929648244	0.08182916713304032
47.8391959798995	0.0667214050741686
48.24120603015076	0.046214069026550494
48.64321608040201	0.031762088174304384
49.04522613065327	0.038505947622068167
49.447236180904525	0.05376583736310595
49.84924623115578	0.06358602011626854
50.25125628140704	0.06366048806811946
50.653266331658294	0.053946684068778894
51.05527638190955	0.038619588366736894
51.45728643216081	0.029505982577129154
51.85929648241206	0.03915918628071161
52.26130653266332	0.05571475433888821
52.663316582914575	0.06768736098465308
53.06532663316583	0.07073396432042037
53.46733668341709	0.06345183228164972
53.869346733668344	0.04737787481388702
54.2713567839196	0.027537051244593585
54.67336683417086	0.020071125247499207
55.07537688442211	0.03552923648638516
55.47738693467337	0.051110395550720486
55.879396984924625	0.05864609803146905
56.28140703517588	0.05714846750215654
56.68341708542714	0.04794842806880558
57.085427135678394	0.03632718694356194
57.48743718592965	0.03376648865918698
57.88944723618091	0.04498193149531747
58.29145728643216	0.05901314090450331
58.69346733668342	0.0678759769572615
59.095477386934675	0.06851041207262838
59.49748743718593	0.0604241266835834
59.89949748743719	0.046123503572591824
60.301507537688444	0.03240308920454741
60.7035175879397	0.032688100107499965
61.10552763819096	0.04572913551310304
61.50753768844221	0.05803834718815395
61.90954773869347	0.06375314082509233
62.311557788944725	0.06133449648462926
62.71356783919598	0.05298265725582807
63.11557788944724	0.0440585325908702
63.517587939698494	0.042064617592625045
63.91959798994975	0.04891483319789712
64.32160804020101	0.05740062127388586
64.72361809045226	0.061076292431647174
65.12562814070353	0.05752400155663952
65.52763819095478	0.04773015366141338
65.92964824120604	0.03844551975204854
66.33165829145729	0.041129024702596044
66.73366834170855	0.05636802430345975
67.1356783919598	0.07289783638000151
67.53768844221106	0.08393565560167485
67.93969849246231	0.08618129099900486
68.34170854271358	0.079064528336231
68.74371859296483	0.06426298380124454
69.14572864321609	0.044798360193093544
69.54773869346734	0.028797742097446573
69.9497487437186	0.02698708836956657
70.35175879396985	0.03397681015398038
70.75376884422111	0.03677562872619402
71.15577889447236	0.03190524682612426
71.55778894472363	0.024403871697407493
71.95979899497488	0.029401822433315628
72.36180904522614	0.04895917069774676
72.76381909547739	0.06994012456024215
73.16582914572865	0.08551852319198491
73.5678391959799	0.09204924416317985
73.96984924623116	0.0872171661900021
74.37185929648241	0.07188043328147634
74.77386934673368	0.048460184553352145
75.17587939698493	0.021363410235293583
75.57788944723619	0.008031255603062592
75.97989949748744	0.027012120917981858
76.3819095477387	0.037876633287034014
76.78391959798995	0.03756494142434621
77.18592964824121	0.026081723461834284
77.58793969849246	0.005884620570084182
77.98994974874373	0.019714650612099833
78.39195979899498	0.04483266415371549
78.79396984924624	0.06495025212807637
79.19597989949749	0.07652251023855047
79.59798994974875	0.07689308470990577
80.0	0.0662821746636964
