0.0	0.00366799686102491
0.4020100502512563	0.0047237478858710245
0.8040201005025126	0.005253884202401232
1.206030150753769	0.005083092219149632
1.6080402010050252	0.0043858061566605135
2.0100502512562817	0.0034607243708941965
2.412060301507538	0.002690864111873497
2.814070351758794	0.00246861917026638
3.2160804020100504	0.0027313419043274046
3.6180904522613067	0.002909633814241846
4.020100502512563	0.002273355488147082
4.42211055276382	0.0011891019409653273
4.824120603015076	0.0015730868358515946
5.226130653266332	0.0035439177171271855
5.628140703517588	0.005722013854325426
6.030150753768845	0.007475887220702172
6.432160804020101	0.008790670116850446
6.834170854271357	0.009580465365886108
7.236180904522613	0.009431723619068858
7.63819095477387	0.008694931269572537
8.040201005025127	0.00786537545296776
8.442211055276383	0.006686029104715971
8.84422110552764	0.005646613961994796
9.246231155778895	0.005151519106002189
9.648241206030152	0.005483732832738198
10.050251256281408	0.007025455435738498
10.452261306532664	0.009545983367677594
10.85427135678392	0.012773337653331848
11.256281407035177	0.016383965623476018
11.658291457286433	0.01979532378454523
12.06030150753769	0.022788142696295453
12.462311557788945	0.024978592319116293
12.864321608040202	0.02620772729828476
13.266331658291458	0.026961918246946333
13.668341708542714	0.027695333033663515
14.07035175879397	0.028139210137293487
14.472361809045227	0.02746537370168962
14.874371859296483	0.025777284648952202
15.27638190954774	0.02341053957155037
15.678391959798995	0.02079556787379434
16.080402010050253	0.018090745186178186
16.48241206030151	0.01527658599416785
16.884422110552766	0.012320384857680259
17.286432160804022	0.010857215823366743
17.68844221105528	0.012398907222194562
18.090452261306535	0.016637518068866625
18.49246231155779	0.022073952906210743
18.894472361809047	0.030540674082967158
19.296482412060303	0.04082691644330812
19.69849246231156	0.05166546776998735
20.100502512562816	0.06209406616742611
20.502512562814072	0.0691968124107584
20.90452261306533	0.0721334080248021
21.306532663316585	0.0706281235383261
21.70854271356784	0.06436893294945775
22.110552763819097	0.05363496542453181
22.512562814070353	0.04057730131070523
22.91457286432161	0.027793575393457764
23.316582914572866	0.01844898835235641
23.718592964824122	0.01452884521309535
24.12060301507538	0.01868948464207133
24.522613065326635	0.030020812793842527
24.92462311557789	0.04579716442661646
25.326633165829147	0.06308184882992997
25.728643216080403	0.0793600896032968
26.13065326633166	0.09173836885510409
26.532663316582916	0.09736919997264949
26.934673366834172	0.09538468950818609
27.33668341708543	0.0851653793192897
27.738693467336685	0.07015030247091394
28.14070351758794	0.05316482758270478
28.542713567839197	0.03753505656300905
28.944723618090453	0.02667271414728132
29.34673366834171	0.024544091492744134
29.748743718592966	0.028750399210169884
30.150753768844222	0.03792952835498027
30.55276381909548	0.04959205218549257
30.954773869346734	0.06286444289536594
31.35678391959799	0.07546461176622798
31.758793969849247	0.08461074522987347
32.16080402010051	0.08972754863224983
32.56281407035176	0.08878048886247414
32.96482412060302	0.08202794031818558
33.366834170854275	0.07020761925652812
33.76884422110553	0.05495288549223315
34.17085427135679	0.038955199333669054
34.572864321608044	0.024279900347821355
34.9748743718593	0.015060363282783484
35.37688442211056	0.013941286014434784
35.77889447236181	0.0171465266635508
36.18090452261307	0.02221768556781894
36.582914572864325	0.0290631269605962
36.98492462311558	0.03819268904710647
37.38693467336684	0.04702398335672937
37.788944723618094	0.05403900417774793
38.19095477386935	0.05727195784817535
38.59296482412061	0.055856433121286575
38.99497487437186	0.04981448381365429
39.39698492462312	0.03905664711590272
39.798994974874375	0.02542884713461561
40.20100502512563	0.010751033216518435
40.60301507537689	0.0057732556835275815
41.005025125628144	0.014140855763809582
41.4070351758794	0.018977093715067943
41.80904522613066	0.018568358498627074
42.21105527638191	0.015466621797150162
42.61306532663317	0.016021600140766337
43.015075376884425	0.023680156045376217
43.41708542713568	0.03357359840755399
43.81909547738694	0.0420685715142829
44.221105527638194	0.046114228681257675
44.62311557788945	0.044976015374493875
45.02512562814071	0.03856894330286208
45.42713567839196	0.028357970362755263
45.82914572864322	0.017863873307361958
46.231155778894475	0.015171029764085043
46.63316582914573	0.020830551779539394
47.03517587939699	0.0257620268599733
47.437185929648244	0.02541117661908373
47.8391959798995	0.02021035070384127
48.24120603015076	0.010380140990461103
48.64321608040201	0.0035521961290094113
49.04522613065327	0.01686501693476305
49.447236180904525	0.029632825236381215
49.84924623115578	0.03880275470168358
50.25125628140704	0.04386380269968065
50.653266331658294	0.04430595385328707
51.05527638190955	0.041194649864950444
51.45728643216081	0.03646066983100891
51.85929648241206	0.03321921125537353
52.26130653266332	0.03249281671368624
52.663316582914575	0.03364481974288884
53.06532663316583	0.033783302735419705
53.46733668341709	0.03119437284582654
53.869346733668344	0.025195419519109124
54.2713567839196	0.016290303463907897
54.67336683417086	0.008311813646517868
55.07537688442211	0.014724954018590744
55.47738693467337	0.026813056180714473
55.879396984924625	0.03649048964288246
56.28140703517588	0.04251317918634322
56.68341708542714	0.04380360785570193
57.085427135678394	0.04153539361987378
57.48743718592965	0.03813849358020155
57.88944723618091	0.03595597251788897
58.29145728643216	0.036795817025791724
58.69346733668342	0.03914078218535263
59.095477386934675	0.040023391502695405
59.49748743718593	0.03736989709751963
59.89949748743719	0.029698351102285254
60.301507537688444	0.01865979361676897
60.7035175879397	0.009029390682020497
61.10552763819096	0.015438623261235554
61.50753768844221	0.026599845377093805
61.90954773869347	0.03483459168765447
62.311557788944725	0.038342352598251174
62.71356783919598	0.03750555810639036
63.11557788944724	0.03353041121878852
63.517587939698494	0.030994260813614977
63.91959798994975	0.03300059012525231
64.32160804020101	0.038589664858538174
64.72361809045226	0.0431443202923347
65.12562814070353	0.043637284405396506
65.52763819095478	0.038558458468295795
65.92964824120604	0.028883446306903336
66.33165829145729	0.017035869978554115
66.73366834170855	0.01353777182425358
67.1356783919598	0.023924418882248343
67.53768844221106	0.03474716985104148
67.93969849246231	0.04184066233344631
68.34170854271358	0.04428504810630468
68.74371859296483	0.04377859030297614
69.14572864321609	0.04342724286738285
69.54773869346734	0.045464309270870064
69.9497487437186	0.04974941064878729
70.35175879396985	0.05382014792452755
70.75376884422111	0.05474114055622832
71.15577889447236	0.050877458497661995
71.55778894472363	0.04295766736196659
71.95979899497488	0.0332955353929065
72.36180904522614	0.027380051780973542
72.76381909547739	0.03067341582402023
73.16582914572865	0.03947027662193145
73.5678391959799	0.047759949008269846
73.96984924623116	0.05305885469003192
74.37185929648241	0.05412629466976347
74.77386934673368	0.05255475952574375
75.17587939698493	0.0498815238364754
75.57788944723619	0.04892920457752082
75.97989949748744	0.05007043745199178
76.3819095477387	0.05156473644396085
76.78391959798995	0.05100040730495995
77.18592964824121	0.04682459058956454
77.58793969849246	0.03945468311941418
77.98994974874373	0.03180282110263454
78.39195979899498	0.03033028990162649
78.79396984924624	0.0366417274789152
79.19597989949749	0.04575344270166302
79.59798994974875	0.052777665772181584
80.0	0.055287073395621
