0.0	0.033308614430039046
0.4020100502512563	0.031251975357622565
0.8040201005025126	0.02398285643420321
1.206030150753769	0.013027066099877036
1.6080402010050252	0.0004502844596902503
2.0100502512562817	0.011582388820404143
2.412060301507538	0.0206704237753192
2.814070351758794	0.024967180733008982
3.2160804020100504	0.02393835317495912
3.6180904522613067	0.017547675991337348
4.020100502512563	0.006928129402833348
4.42211055276382	0.006061533626097236
4.824120603015076	0.01864573631375844
5.226130653266332	0.028799196206186144
5.628140703517588	0.034723829573425395
6.030150753768845	0.03509434877555952
6.432160804020101	0.030070805127555063
6.834170854271357	0.020704313776387085
7.236180904522613	0.008747395227404153
7.63819095477387	0.003670484902516375
8.040201005025127	0.01366785934145429
8.442211055276383	0.019543069943543906
8.84422110552764	0.0202119137515085
9.246231155778895	0.015478006553256238
9.648241206030152	0.005807804814692241
10.050251256281408	0.006974238073659695
10.452261306532664	0.020112754784987585
10.85427135678392	0.03177908437287824
11.256281407035177	0.03953913105406735
11.658291457286433	0.042082511027035266
12.06030150753769	0.03904010242166925
12.462311557788945	0.03105191814673592
12.864321608040202	0.019511523763061804
13.266331658291458	0.0066485919005333845
13.668341708542714	0.006480879846051585
14.07035175879397	0.01501085114188147
14.472361809045227	0.01900001136583121
14.874371859296483	0.017472006605683394
15.27638190954774	0.01031039689660493
15.678391959798995	0.0009723888426969669
16.080402010050253	0.0143808651461157
16.48241206030151	0.02749520836220682
16.884422110552766	0.03804039088961554
17.286432160804022	0.044312885003317995
17.68844221105528	0.04539360766255053
18.090452261306535	0.04092456796929177
18.49246231155779	0.03202576004229024
18.894472361809047	0.02010696553225984
19.296482412060303	0.007572033952208153
19.69849246231156	0.004304312053497036
20.100502512562816	0.011901906065290449
20.502512562814072	0.015222814487928745
20.90452261306533	0.013763167098777215
21.306532663316585	0.009086738371741997
21.70854271356784	0.009524480185574285
22.110552763819097	0.019060766245576965
22.512562814070353	0.029548592283536686
22.91457286432161	0.037790832460322894
23.316582914572866	0.042211000336326965
23.718592964824122	0.04180407825523287
24.12060301507538	0.03728304167448755
24.522613065326635	0.029189462956239205
24.92462311557789	0.019566970218917297
25.326633165829147	0.012372540448057964
25.728643216080403	0.013307769037929263
26.13065326633166	0.018181459606328273
26.532663316582916	0.02144192709482904
26.934673366834172	0.02246603104969195
27.33668341708543	0.02272371768840007
27.738693467336685	0.02399524638613789
28.14070351758794	0.027400403826048865
28.542713567839197	0.031577424769020375
28.944723618090453	0.03464303304905218
29.34673366834171	0.035256202470876144
29.748743718592966	0.03274600657045538
30.150753768844222	0.02744940022189657
30.55276381909548	0.020578854819038983
30.954773869346734	0.014756045821394592
31.35678391959799	0.015457947288376636
31.758793969849247	0.02135324951457855
32.16080402010051	0.027415201943185537
32.56281407035176	0.03150839281153844
32.96482412060302	0.03319834587297182
33.366834170854275	0.03301090244177647
33.76884422110553	0.032290582115984484
34.17085427135679	0.03182108970861552
34.572864321608044	0.03200217734565162
34.9748743718593	0.03201798906165744
35.37688442211056	0.030693398940250298
35.77889447236181	0.02707119738990561
36.18090452261307	0.02141547066031173
36.582914572864325	0.015864957034475845
36.98492462311558	0.015936778943886693
37.38693467336684	0.022520535605151486
37.788944723618094	0.030867598117504003
38.19095477386935	0.037776082562748045
38.59296482412061	0.04168101109649356
38.99497487437186	0.04242285873450359
39.39698492462312	0.04034936595859483
39.798994974874375	0.0363224706051843
40.20100502512563	0.031689969825128374
40.60301507537689	0.027426700332379993
41.005025125628144	0.02334068457125895
41.4070351758794	0.019581359352983007
41.80904522613066	0.015423759417329732
42.21105527638191	0.012103978351654658
42.61306532663317	0.014001703829601758
43.015075376884425	0.021435365803312893
43.41708542713568	0.031110575016544573
43.81909547738694	0.040659508932267656
44.221105527638194	0.048537795798669583
44.62311557788945	0.05321555511208481
45.02512562814071	0.05430643750120151
45.42713567839196	0.051811371771742595
45.82914572864322	0.04638253716706962
46.231155778894475	0.0389097062047937
46.63316582914573	0.03098508966911122
47.03517587939699	0.02356104889035733
47.437185929648244	0.01826307718190356
47.8391959798995	0.01609252718768337
48.24120603015076	0.018755771212963287
48.64321608040201	0.0259858408656001
49.04522613065327	0.0361247230288879
49.447236180904525	0.0470023116049284
49.84924623115578	0.0566630931887537
50.25125628140704	0.06376236116363662
50.653266331658294	0.06717429881303058
51.05527638190955	0.0667408047721631
51.45728643216081	0.06285236349670553
51.85929648241206	0.05637651413992435
52.26130653266332	0.04907549167076037
52.663316582914575	0.04259650272250287
53.06532663316583	0.03825351003005035
53.46733668341709	0.03721246762520832
53.869346733668344	0.04005742914143981
54.2713567839196	0.046257147670344737
54.67336683417086	0.0550065116151379
55.07537688442211	0.06417502891698854
55.47738693467337	0.07254419221802447
55.879396984924625	0.07832355844525188
56.28140703517588	0.08087377880317612
56.68341708542714	0.0797297659301241
57.085427135678394	0.07511894506296939
57.48743718592965	0.0683796276340647
57.88944723618091	0.060294823408564346
58.29145728643216	0.05240702936658866
58.69346733668342	0.046260139744509016
59.095477386934675	0.042876045783707815
59.49748743718593	0.04240548176966245
59.89949748743719	0.045282265087324816
60.301507537688444	0.050337545716524636
60.7035175879397	0.05678700305098773
61.10552763819096	0.06324883207907225
61.50753768844221	0.06844787946441673
61.90954773869347	0.07177999897122327
62.311557788944725	0.07214391723636217
62.71356783919598	0.06964150618529856
63.11557788944724	0.06463186860679611
63.517587939698494	0.058054629935395244
63.91959798994975	0.05074242455110613
64.32160804020101	0.04393270293081491
64.72361809045226	0.03887931382736939
65.12562814070353	0.036101896779076804
65.52763819095478	0.036108315074929426
65.92964824120604	0.03890660144655356
66.33165829145729	0.04386560927609963
66.73366834170855	0.050332352523427014
67.1356783919598	0.05705197191428792
67.53768844221106	0.06283095011521642
67.93969849246231	0.06674271378955539
68.34170854271358	0.06810676097787247
68.74371859296483	0.06681329041289158
69.14572864321609	0.06277629122446876
69.54773869346734	0.0568161033299729
69.9497487437186	0.04978516326068852
70.35175879396985	0.042980712836528864
70.75376884422111	0.037274693787413375
71.15577889447236	0.03420904375342689
71.55778894472363	0.03422938215061362
71.95979899497488	0.037436543288056616
72.36180904522614	0.043387854713589344
72.76381909547739	0.05124600961139543
73.16582914572865	0.05928016644824249
73.5678391959799	0.06625695304251533
73.96984924623116	0.07088007130433834
74.37185929648241	0.07196787018400372
74.77386934673368	0.06933218206163735
75.17587939698493	0.06336513525995391
75.57788944723619	0.05528480757240263
75.97989949748744	0.046512682270927794
76.3819095477387	0.03908758995890824
76.78391959798995	0.03404042176497343
77.18592964824121	0.0326887268764581
77.58793969849246	0.035334828148945625
77.98994974874373	0.041208833674687376
78.39195979899498	0.049067891796779305
78.79396984924624	0.057365980324708674
79.19597989949749	0.06469197640071611
79.59798994974875	0.06992200845942315
80.0	0.07165220647348183
