0.0	0.01959272113768549
0.4020100502512563	0.017773804063820474
0.8040201005025126	0.013233124269168454
1.206030150753769	0.006660847632537948
1.6080402010050252	0.0013047721625158459
2.0100502512562817	0.00802675865984305
2.412060301507538	0.013049648810057424
2.814070351758794	0.015490401526913406
3.2160804020100504	0.014525742023524696
3.6180904522613067	0.010362701109734073
4.020100502512563	0.004065462833375182
4.42211055276382	0.0036275024135239203
4.824120603015076	0.011232379512354325
5.226130653266332	0.017157249892321015
5.628140703517588	0.020695267249949044
6.030150753768845	0.021133263344981553
6.432160804020101	0.018297292008518432
6.834170854271357	0.012974052635466133
7.236180904522613	0.006195786050922554
7.63819095477387	0.0017192222156418133
8.040201005025127	0.0070636905523167775
8.442211055276383	0.0104569121883199
8.84422110552764	0.01089513026900785
9.246231155778895	0.007997358701708514
9.648241206030152	0.0020418991311855358
10.050251256281408	0.0061235063714030705
10.452261306532664	0.014756149950134514
10.85427135678392	0.02283645611404815
11.256281407035177	0.02908809195652144
11.658291457286433	0.03245488858729363
12.06030150753769	0.03286093267401779
12.462311557788945	0.030071721273714262
12.864321608040202	0.025553713267726864
13.266331658291458	0.020163601514227192
13.668341708542714	0.014991257428944901
14.07035175879397	0.012205894938742884
14.472361809045227	0.012189761616102072
14.874371859296483	0.01529293216985042
15.27638190954774	0.021569894832417353
15.678391959798995	0.030431450591521452
16.080402010050253	0.04002662112352057
16.48241206030151	0.04890548655528853
16.884422110552766	0.05569580414066609
17.286432160804022	0.059009431238637514
17.68844221105528	0.05877338159879555
18.090452261306535	0.05298775917299885
18.49246231155779	0.041549525254233464
18.894472361809047	0.02598113435748773
19.296482412060303	0.018733685757452528
19.69849246231156	0.030650615142863807
20.100502512562816	0.040994962112431685
20.502512562814072	0.04139494229146979
20.90452261306533	0.032042148016093994
21.306532663316585	0.02510736410685892
21.70854271356784	0.040990108134161665
22.110552763819097	0.0672854248675851
22.512562814070353	0.09034203560635072
22.91457286432161	0.10360823637550243
23.316582914572866	0.10425498576726207
23.718592964824122	0.09195681956658727
24.12060301507538	0.07046235122845809
24.522613065326635	0.04856070677848525
24.92462311557789	0.04391563087064274
25.326633165829147	0.057284546012400205
25.728643216080403	0.06950967027119177
26.13065326633166	0.07056009482089075
26.532663316582916	0.057278111622682315
26.934673366834172	0.03125203864517439
27.33668341708543	0.004000333950364851
27.738693467336685	0.03964952516587971
28.14070351758794	0.07106189237319356
28.542713567839197	0.09140282554253687
28.944723618090453	0.09640268154928452
29.34673366834171	0.08550113437306088
29.748743718592966	0.06138400042283374
30.150753768844222	0.030478134056598105
30.55276381909548	0.019898593131433114
30.954773869346734	0.04514794769522148
31.35678391959799	0.06540671920338112
31.758793969849247	0.07233049896011148
32.16080402010051	0.06412377222134848
32.56281407035176	0.04324047578239628
32.96482412060302	0.019173415017978746
33.366834170854275	0.031183476702874902
33.76884422110553	0.05938477386995959
34.17085427135679	0.08084506703343676
34.572864321608044	0.08986297716328273
34.9748743718593	0.08546742142130676
35.37688442211056	0.06937332729347138
35.77889447236181	0.04703970215050776
36.18090452261307	0.0305198061250898
36.582914572864325	0.03483913988468855
36.98492462311558	0.04709061958643317
37.38693467336684	0.05272907379456526
37.788944723618094	0.048088740282770374
38.19095477386935	0.03395110687146107
38.59296482412061	0.0186260982767723
38.99497487437186	0.026856512214630583
39.39698492462312	0.048065314285214635
39.798994974874375	0.06463869705215927
40.20100502512563	0.07191857079158266
40.60301507537689	0.0693940114939556
41.005025125628144	0.05901251713612229
41.4070351758794	0.047894019739523994
41.80904522613066	0.04598638619789418
42.21105527638191	0.05369873280680828
42.61306532663317	0.06167376560717856
43.015075376884425	0.06211529753625357
43.41708542713568	0.053009063154649504
43.81909547738694	0.03521151812558372
44.221105527638194	0.012836520794675215
44.62311557788945	0.01632562123935782
45.02512562814071	0.03660443027118065
45.42713567839196	0.0495411915978692
45.82914572864322	0.05208199366113349
46.231155778894475	0.04199340285736063
46.63316582914573	0.021249265694717686
47.03517587939699	0.007015182195835171
47.437185929648244	0.03864426203897434
47.8391959798995	0.06777124843566981
48.24120603015076	0.08959714222507292
48.64321608040201	0.09968610634480667
49.04522613065327	0.09682697423384831
49.447236180904525	0.08144752950663534
49.84924623115578	0.05712778511301568
50.25125628140704	0.028550895960332074
50.653266331658294	0.0040656254273515
51.05527638190955	0.022657532183147387
51.45728643216081	0.035469255824066216
51.85929648241206	0.0369353716323072
52.26130653266332	0.02801814199868105
52.663316582914575	0.01141719358303786
53.06532663316583	0.01317635919365033
53.46733668341709	0.03405983778310245
53.869346733668344	0.05098002186523089
54.2713567839196	0.060611472652473554
54.67336683417086	0.060055146873279466
55.07537688442211	0.049960411762438595
55.47738693467337	0.032541056961770884
55.879396984924625	0.01416188806441306
56.28140703517588	0.021848014839650022
56.68341708542714	0.041315919278515446
57.085427135678394	0.05557228211536909
57.48743718592965	0.06074992378748789
57.88944723618091	0.055795985635717714
58.29145728643216	0.041907769536683306
58.69346733668342	0.02224835940824308
59.095477386934675	0.0011594451722151985
59.49748743718593	0.018908343018685075
59.89949748743719	0.033135194348244586
60.301507537688444	0.0406244046362594
60.7035175879397	0.0406190854185929
61.10552763819096	0.03502091623091758
61.50753768844221	0.02819005796425774
61.90954773869347	0.027482179984305688
62.311557788944725	0.033788520652513844
62.71356783919598	0.0407663880913787
63.11557788944724	0.043064611675587214
63.517587939698494	0.03861252709857332
63.91959798994975	0.02935774110145955
64.32160804020101	0.022830753252063022
64.72361809045226	0.02899564536888486
65.12562814070353	0.041464166091238666
65.52763819095478	0.0511473031631741
65.92964824120604	0.054266084905605014
66.33165829145729	0.04952762800340916
66.73366834170855	0.03753025646971391
67.1356783919598	0.020511243278460614
67.53768844221106	0.004683013373834888
67.93969849246231	0.019874322851205745
68.34170854271358	0.036427495465981494
68.74371859296483	0.048444205956545715
69.14572864321609	0.05508130915838747
69.54773869346734	0.05611343991407902
69.9497487437186	0.05255613591102505
70.35175879396985	0.04604727021406897
70.75376884422111	0.0392631702898012
71.15577889447236	0.03609576946777
71.55778894472363	0.036519516486659145
71.95979899497488	0.03776332707891381
72.36180904522614	0.03621994223544443
72.76381909547739	0.03084273389861733
73.16582914572865	0.022465602948809484
73.5678391959799	0.01389307058548705
73.96984924623116	0.010894296622886232
74.37185929648241	0.015469941882869395
74.77386934673368	0.01982505406702059
75.17587939698493	0.02114678714796552
75.57788944723619	0.020671341148199823
75.97989949748744	0.023673248822451632
76.3819095477387	0.03373302723873459
76.78391959798995	0.0480192528293306
77.18592964824121	0.062078134779966876
77.58793969849246	0.07243103774853585
77.98994974874373	0.07629206748548502
78.39195979899498	0.07234414081269716
78.79396984924624	0.06107978472418255
79.19597989949749	0.04359523491530705
79.59798994974875	0.023247166018040645
80.0	0.006607426774490987
