0.0	0.025331579197909692
0.4020100502512563	0.023332606500303606
0.8040201005025126	0.017344007198081435
1.206030150753769	0.008691758037674234
1.6080402010050252	0.0017078427703802138
2.0100502512562817	0.010222567354337981
2.412060301507538	0.016671304322830073
2.814070351758794	0.019694463934784478
3.2160804020100504	0.01845055151864091
3.6180904522613067	0.013053927978088714
4.020100502512563	0.004950608502274706
4.42211055276382	0.004820792774567718
4.824120603015076	0.0144931811417801
5.226130653266332	0.02169110357793199
5.628140703517588	0.02552735432506163
6.030150753768845	0.025591072078846765
6.432160804020101	0.021155234718258337
6.834170854271357	0.013838873666708194
7.236180904522613	0.005108532711475765
7.63819095477387	0.0052054264568695595
8.040201005025127	0.012275462503261721
8.442211055276383	0.016555403382749332
8.84422110552764	0.01679553345264399
9.246231155778895	0.012663308496359429
9.648241206030152	0.00540829986131955
10.050251256281408	0.004813114316662096
10.452261306532664	0.014856485821982143
10.85427135678392	0.023781242466801758
11.256281407035177	0.02964863123807404
11.658291457286433	0.031877995337916486
12.06030150753769	0.02988212469690808
12.462311557788945	0.024538708502610803
12.864321608040202	0.016923105940572197
13.266331658291458	0.009233014484226969
13.668341708542714	0.0061599442036443216
14.07035175879397	0.008837658972675747
14.472361809045227	0.010196742040563606
14.874371859296483	0.008883987242711652
15.27638190954774	0.007996580911883903
15.678391959798995	0.013016051757415464
16.080402010050253	0.021923888796776626
16.48241206030151	0.030991538182071794
16.884422110552766	0.038220412640331394
17.286432160804022	0.04217760853101964
17.68844221105528	0.0425847235370333
18.090452261306535	0.03909570761187452
18.49246231155779	0.0328609546898576
18.894472361809047	0.025955094945549356
19.296482412060303	0.020555883299325693
19.69849246231156	0.018856266347386064
20.100502512562816	0.019594175372003707
20.502512562814072	0.021600634170744596
20.90452261306533	0.024633879014210235
21.306532663316585	0.030070068540325606
21.70854271356784	0.03813476244604024
22.110552763819097	0.047165617616076044
22.512562814070353	0.05458457893098342
22.91457286432161	0.058913588367760526
23.316582914572866	0.058785681571078253
23.718592964824122	0.05409312433760588
24.12060301507538	0.045734711726646685
24.522613065326635	0.035913308736452446
24.92462311557789	0.027574089953238862
25.326633165829147	0.024465616915444816
25.728643216080403	0.026695214689507897
26.13065326633166	0.03103807297372958
26.532663316582916	0.0349510569029733
26.934673366834172	0.03807676763822707
27.33668341708543	0.041676999950194714
27.738693467336685	0.04615799996568613
28.14070351758794	0.0506557715971178
28.542713567839197	0.05370748677869337
28.944723618090453	0.05413447660402212
29.34673366834171	0.05097078920308258
29.748743718592966	0.0446970314822936
30.150753768844222	0.03677726938862486
30.55276381909548	0.03052590822992033
30.954773869346734	0.029756159432368267
31.35678391959799	0.03433614120235832
31.758793969849247	0.04052038652565222
32.16080402010051	0.04575029197282203
32.56281407035176	0.048659806614053724
32.96482412060302	0.04998576088398871
33.366834170854275	0.050303942841282354
33.76884422110553	0.05046657664193188
34.17085427135679	0.0503676768879444
34.572864321608044	0.04938812308855304
34.9748743718593	0.04739615367112031
35.37688442211056	0.04427683772524328
35.77889447236181	0.0410477042524275
36.18090452261307	0.04034075228649292
36.582914572864325	0.04384198606176222
36.98492462311558	0.05117142766093689
37.38693467336684	0.059638103048445926
37.788944723618094	0.06704497792334294
38.19095477386935	0.07189570479981566
38.59296482412061	0.07367673829553503
38.99497487437186	0.07214495427873473
39.39698492462312	0.06844934996923005
39.798994974874375	0.06351946273988021
40.20100502512563	0.058071567288838166
40.60301507537689	0.05274685911937481
41.005025125628144	0.047518507907715314
41.4070351758794	0.04266176009870367
41.80904522613066	0.03943478210366946
42.21105527638191	0.040156229059105604
42.61306532663317	0.04603285507594644
43.015075376884425	0.05514209187285803
43.41708542713568	0.0648629456215026
43.81909547738694	0.07247139171830293
44.221105527638194	0.07713638693627575
44.62311557788945	0.07751395235119629
45.02512562814071	0.07388353927158983
45.42713567839196	0.06733608302546178
45.82914572864322	0.059177617503417525
46.231155778894475	0.051338341395702244
46.63316582914573	0.044644467460812666
47.03517587939699	0.03922434847324144
47.437185929648244	0.03473544065382503
47.8391959798995	0.03231410183060972
48.24120603015076	0.034280828498132326
48.64321608040201	0.04149320289190918
49.04522613065327	0.0517145558320045
49.447236180904525	0.062078933422910466
49.84924623115578	0.06994524900455114
50.25125628140704	0.07392641900405002
50.653266331658294	0.07351492161006415
51.05527638190955	0.06916337153080626
51.45728643216081	0.06220847895781837
51.85929648241206	0.05467715877422954
52.26130653266332	0.04783587731521576
52.663316582914575	0.04256022307096663
53.06532663316583	0.038274897597546056
53.46733668341709	0.03486943080603298
53.869346733668344	0.03355006719028782
54.2713567839196	0.03669117587038078
54.67336683417086	0.04439755588254918
55.07537688442211	0.05425200085714797
55.47738693467337	0.06375927780136402
55.879396984924625	0.07046395025733035
56.28140703517588	0.07354743824456157
56.68341708542714	0.07292653883392988
57.085427135678394	0.0689899736369661
57.48743718592965	0.06269443323963099
57.88944723618091	0.05547487794456076
58.29145728643216	0.04859987304196011
58.69346733668342	0.042501594661097805
59.095477386934675	0.037400684364170975
59.49748743718593	0.03390726197790267
59.89949748743719	0.03392522781318831
60.301507537688444	0.03902867128145897
60.7035175879397	0.04788392302063228
61.10552763819096	0.057751440684531516
61.50753768844221	0.06615428803760307
61.90954773869347	0.07162580956346484
62.311557788944725	0.07287295072814046
62.71356783919598	0.07013823589139066
63.11557788944724	0.0639908459806656
63.517587939698494	0.055642150689163075
63.91959798994975	0.04691831704597974
64.32160804020101	0.03924205772894767
64.72361809045226	0.033290690407532436
65.12562814070353	0.028854213038681593
65.52763819095478	0.02596995513270765
65.92964824120604	0.027384909892894584
66.33165829145729	0.034571432877852755
66.73366834170855	0.045711588492123235
67.1356783919598	0.05752077267598086
67.53768844221106	0.06712095186508117
67.93969849246231	0.07288659944528345
68.34170854271358	0.07367328482031676
68.74371859296483	0.06966730897797713
69.14572864321609	0.061929272295092305
69.54773869346734	0.05213653895904776
69.9497487437186	0.04229461431186782
70.35175879396985	0.03418237914452911
70.75376884422111	0.028076527612592383
71.15577889447236	0.02437986578916375
71.55778894472363	0.02459284264365311
71.95979899497488	0.03073479193487244
72.36180904522614	0.041275079591012245
72.76381909547739	0.0535201187415806
73.16582914572865	0.06443408161616579
73.5678391959799	0.07221225759056724
73.96984924623116	0.07517636842897668
74.37185929648241	0.07313556228224208
74.77386934673368	0.0664702515202533
75.17587939698493	0.05641715108883951
75.57788944723619	0.044957760694097584
75.97989949748744	0.03417798247539814
76.3819095477387	0.02568672433823948
76.78391959798995	0.0206860814949972
77.18592964824121	0.019666267910712163
77.58793969849246	0.02404658539073466
77.98994974874373	0.033895357173203765
78.39195979899498	0.04708014249474373
78.79396984924624	0.06043404491877136
79.19597989949749	0.07170542109220185
79.59798994974875	0.0787019037053174
80.0	0.08033774357255276
