0.0	0.0163594101952702
0.4020100502512563	0.014183658613199557
0.8040201005025126	0.009618549639803907
1.206030150753769	0.004041821594963559
1.6080402010050252	0.00441520706399434
2.0100502512562817	0.009436877988967505
2.412060301507538	0.012989702965201539
2.814070351758794	0.013833235908377692
3.2160804020100504	0.011869661842956136
3.6180904522613067	0.007512846721879349
4.020100502512563	0.0016564416490276782
4.42211055276382	0.005032375711356155
4.824120603015076	0.010860321054621223
5.226130653266332	0.014940741578872018
5.628140703517588	0.016706271070057805
6.030150753768845	0.015660036985859487
6.432160804020101	0.012205939076116487
6.834170854271357	0.007477081239070633
7.236180904522613	0.004605994775881963
7.63819095477387	0.007722468712290612
8.040201005025127	0.01141514842742563
8.442211055276383	0.013133021198870113
8.84422110552764	0.012122534943040076
9.246231155778895	0.008841533214096258
9.648241206030152	0.003995634172396221
10.050251256281408	0.004602608388236183
10.452261306532664	0.01027801514993211
10.85427135678392	0.015302803186302078
11.256281407035177	0.01831951848885347
11.658291457286433	0.0185861708231736
12.06030150753769	0.01639635889046005
12.462311557788945	0.012177836124347882
12.864321608040202	0.007542619448480631
13.266331658291458	0.0056235304676018555
13.668341708542714	0.00822490642012659
14.07035175879397	0.010683416825364838
14.472361809045227	0.011052870691993608
14.874371859296483	0.009110410999470759
15.27638190954774	0.004810615990941491
15.678391959798995	0.0011371062707651927
16.080402010050253	0.007764249983508
16.48241206030151	0.013853779200958052
16.884422110552766	0.01855369840747447
17.286432160804022	0.02113032351755559
17.68844221105528	0.021183236655834325
18.090452261306535	0.018667452596609516
18.49246231155779	0.014387774161050073
18.894472361809047	0.009687910463051055
19.296482412060303	0.005246344176292513
19.69849246231156	0.0038772886505128714
20.100502512562816	0.004189035089040772
20.502512562814072	0.003335181873853596
20.90452261306533	0.0009797179254554698
21.306532663316585	0.005619739022384233
21.70854271356784	0.012168072956296164
22.110552763819097	0.01951460478674297
22.512562814070353	0.025939219869465367
22.91457286432161	0.03049325771948347
23.316582914572866	0.032860783805275434
23.718592964824122	0.032821734366212295
24.12060301507538	0.03082125593457688
24.522613065326635	0.02707843701032529
24.92462311557789	0.023178166765186206
25.326633165829147	0.01977499722143186
25.728643216080403	0.017920836509551955
26.13065326633166	0.018049333444474517
26.532663316582916	0.019889728315959757
26.934673366834172	0.023219949480301188
27.33668341708543	0.027830452941474043
27.738693467336685	0.032787443558738166
28.14070351758794	0.03711852660153026
28.542713567839197	0.040302543311496714
28.944723618090453	0.04136792745602223
29.34673366834171	0.040541819885381455
29.748743718592966	0.03841453017244001
30.150753768844222	0.03564778317339936
30.55276381909548	0.03302395723801237
30.954773869346734	0.03104525432432686
31.35678391959799	0.030655895154339186
31.758793969849247	0.03189682215118504
32.16080402010051	0.0347891765877332
32.56281407035176	0.03895132549009706
32.96482412060302	0.043804183864545064
33.366834170854275	0.04866806374645684
33.76884422110553	0.052552640309405096
34.17085427135679	0.05569157200679239
34.572864321608044	0.05753099106599387
34.9748743718593	0.05795837028690056
35.37688442211056	0.05687903322238443
35.77889447236181	0.05509121964662751
36.18090452261307	0.05279471308321974
36.582914572864325	0.05117848369840716
36.98492462311558	0.05040713755804056
37.38693467336684	0.05108802130660749
37.788944723618094	0.05334924902948279
38.19095477386935	0.056867639197887954
38.59296482412061	0.06090145380329518
38.99497487437186	0.06490155171846981
39.39698492462312	0.0679840481216483
39.798994974874375	0.0693555837627723
40.20100502512563	0.06914889059544015
40.60301507537689	0.06738848419455312
41.005025125628144	0.0643074066806856
41.4070351758794	0.06061735305963654
41.80904522613066	0.05704095797210168
42.21105527638191	0.054435143691351016
42.61306532663317	0.05280199063229109
43.015075376884425	0.05251976690476873
43.41708542713568	0.05370390835299347
43.81909547738694	0.05563130780608083
44.221105527638194	0.05816312417732318
44.62311557788945	0.0605303917478458
45.02512562814071	0.06210155555032508
45.42713567839196	0.0625891245739924
45.82914572864322	0.06193443469395469
46.231155778894475	0.06017696904979769
46.63316582914573	0.05740841510869578
47.03517587939699	0.05436083477037094
47.437185929648244	0.05135555478844167
47.8391959798995	0.04856429812138786
48.24120603015076	0.04633930191431805
48.64321608040201	0.04516577281162537
49.04522613065327	0.04513747349822744
49.447236180904525	0.04597417115904691
49.84924623115578	0.0473895724649832
50.25125628140704	0.04957824324903891
50.653266331658294	0.05199108063986715
51.05527638190955	0.053988277738681034
51.45728643216081	0.05585107468316328
51.85929648241206	0.056906240718398074
52.26130653266332	0.05724303899093412
52.663316582914575	0.05672083419560484
53.06532663316583	0.055608846164592274
53.46733668341709	0.053884083205558854
53.869346733668344	0.051745072327883834
54.2713567839196	0.049962999006312125
54.67336683417086	0.04879192929217148
55.07537688442211	0.048125991018003564
55.47738693467337	0.04849269214770403
55.879396984924625	0.049625495031843714
56.28140703517588	0.051031639555222164
56.68341708542714	0.05261160890378088
57.085427135678394	0.05410248292507869
57.48743718592965	0.05521915105217864
57.88944723618091	0.055797146635510705
58.29145728643216	0.05625376444368133
58.69346733668342	0.056536961777361935
59.095477386934675	0.05660892494027706
59.49748743718593	0.056082831955535505
59.89949748743719	0.05505261787571945
60.301507537688444	0.05385559246521088
60.7035175879397	0.05224778462723221
61.10552763819096	0.050945645916438256
61.50753768844221	0.04988959138084191
61.90954773869347	0.04965309994636145
62.311557788944725	0.049882519952231544
62.71356783919598	0.05102676289682571
63.11557788944724	0.053206151057322945
63.517587939698494	0.05556253470572958
63.91959798994975	0.058089978602278894
64.32160804020101	0.0598361420249908
64.72361809045226	0.06067067242133563
65.12562814070353	0.06012639819455869
65.52763819095478	0.05830689873151368
65.92964824120604	0.055861027351455775
66.33165829145729	0.05301613269683745
66.73366834170855	0.05060023131029763
67.1356783919598	0.04918238848269828
67.53768844221106	0.048949460600160956
67.93969849246231	0.05049155495449954
68.34170854271358	0.053042649786339435
68.74371859296483	0.05636383979775343
69.14572864321609	0.059690971864944695
69.54773869346734	0.06234491070262438
69.9497487437186	0.06374911153035213
70.35175879396985	0.06377671526076542
70.75376884422111	0.06244714618037667
71.15577889447236	0.059828867967966694
71.55778894472363	0.056606396202124445
71.95979899497488	0.053227010756361146
72.36180904522614	0.05037006056073525
72.76381909547739	0.048419852612484215
73.16582914572865	0.04800860518426123
73.5678391959799	0.049247992931758314
73.96984924623116	0.05187673561727749
74.37185929648241	0.05549435952380531
74.77386934673368	0.059195466919796234
75.17587939698493	0.062069049922986105
75.57788944723619	0.06351750099354225
75.97989949748744	0.06319489853206373
76.3819095477387	0.06122037473781178
76.78391959798995	0.057889238045846836
77.18592964824121	0.05374984489908321
77.58793969849246	0.04990647699632478
77.98994974874373	0.0469452496269551
78.39195979899498	0.04551881538858638
78.79396984924624	0.045741181450804795
79.19597989949749	0.04772351818022465
79.59798994974875	0.050671224625778735
80.0	0.05464157867889289
