0.0	0.019958264404793667
0.4020100502512563	0.020573972538694568
0.8040201005025126	0.018016858089480284
1.206030150753769	0.012624934635514253
1.6080402010050252	0.005102832632074722
2.0100502512562817	0.0026241763504742037
2.412060301507538	0.00903628530133711
2.814070351758794	0.013375410967101117
3.2160804020100504	0.014391519380533879
3.6180904522613067	0.011756600021994445
4.020100502512563	0.006310148967864559
4.42211055276382	0.0013814587066607559
4.824120603015076	0.009918224863545676
5.226130653266332	0.017541212774385192
5.628140703517588	0.02307177740071961
6.030150753768845	0.025582531794688945
6.432160804020101	0.024720466037963067
6.834170854271357	0.020636786437304912
7.236180904522613	0.01432783594141824
7.63819095477387	0.007234699524779012
8.040201005025127	0.0009495573287583232
8.442211055276383	0.005119086500581341
8.84422110552764	0.0076038270247773985
9.246231155778895	0.00723445271604275
9.648241206030152	0.004421198864038038
10.050251256281408	0.004194244329862013
10.452261306532664	0.009391764894384093
10.85427135678392	0.014858440235410216
11.256281407035177	0.018567129592504738
11.658291457286433	0.01932550539281191
12.06030150753769	0.017222749186995692
12.462311557788945	0.013363973926591754
12.864321608040202	0.01027614325765049
13.266331658291458	0.014715922336839776
13.668341708542714	0.022421589839618693
14.07035175879397	0.028306635876064135
14.472361809045227	0.028190085811815646
14.874371859296483	0.021825529404787804
15.27638190954774	0.01480523896882149
15.678391959798995	0.02360601102964502
16.080402010050253	0.04077186669424286
16.48241206030151	0.054703557146898264
16.884422110552766	0.06133487350058322
17.286432160804022	0.058761189194983764
17.68844221105528	0.04861121238168938
18.090452261306535	0.03849462408620303
18.49246231155779	0.04035590016200594
18.894472361809047	0.053037674554830064
19.296482412060303	0.06607159505961051
19.69849246231156	0.07272719387507878
20.100502512562816	0.07025273177498367
20.502512562814072	0.05832887761020413
20.90452261306533	0.04070383351781634
21.306532663316585	0.02839247953987555
21.70854271356784	0.037106423826324314
22.110552763819097	0.05467094872072631
22.512562814070353	0.06805546819626378
22.91457286432161	0.07343105167680823
23.316582914572866	0.07100244512681209
23.718592964824122	0.06515427907567771
24.12060301507538	0.06097282547934755
24.522613065326635	0.06161258809480182
24.92462311557789	0.06484211542963744
25.326633165829147	0.06569716635475985
25.728643216080403	0.061923853756051264
26.13065326633166	0.05225097481238174
26.532663316582916	0.036934174803918245
26.934673366834172	0.016076932899447498
27.33668341708543	0.006856848717515203
27.738693467336685	0.029302862180585282
28.14070351758794	0.04747898282464159
28.542713567839197	0.058885788558655984
28.944723618090453	0.06310673099328179
29.34673366834171	0.060094565933164514
29.748743718592966	0.05295329537538246
30.150753768844222	0.0467257990909384
30.55276381909548	0.04590661720899676
30.954773869346734	0.05154040674168083
31.35678391959799	0.057469163600185745
31.758793969849247	0.058540324462370376
32.16080402010051	0.05365455954139544
32.56281407035176	0.04413461362251956
32.96482412060302	0.03483343996047202
33.366834170854275	0.03141887636557915
33.76884422110553	0.034921549494687155
34.17085427135679	0.03860735302399064
34.572864321608044	0.0372156022149339
34.9748743718593	0.030233132938141734
35.37688442211056	0.020216286755715473
35.77889447236181	0.02073212721502373
36.18090452261307	0.03708092967804862
36.582914572864325	0.05679526670818619
36.98492462311558	0.07338554505993256
37.38693467336684	0.08373285662453168
37.788944723618094	0.08708986680812106
38.19095477386935	0.08414214385039902
38.59296482412061	0.07538269782583698
38.99497487437186	0.0630692783113628
39.39698492462312	0.049162202827248105
39.798994974874375	0.035751609189017014
40.20100502512563	0.024259833460215163
40.60301507537689	0.014921840663581154
41.005025125628144	0.009934837112550537
41.4070351758794	0.018418136905350813
41.80904522613066	0.03374167996502141
42.21105527638191	0.05128433956248261
42.61306532663317	0.0679471925214553
43.015075376884425	0.08152372200471944
43.41708542713568	0.08910393262023163
43.81909547738694	0.0900642580514017
44.221105527638194	0.08459430779822333
44.62311557788945	0.0734363756234398
45.02512562814071	0.058426877529137757
45.42713567839196	0.041949610449055916
45.82914572864322	0.026331239093409585
46.231155778894475	0.01612782667681961
46.63316582914573	0.016706942718609532
47.03517587939699	0.022509701615142756
47.437185929648244	0.028296976913752207
47.8391959798995	0.03462863905535856
48.24120603015076	0.041901147794156116
48.64321608040201	0.04991969392133286
49.04522613065327	0.0569186665114523
49.447236180904525	0.061888364587056356
49.84924623115578	0.06413745139068491
50.25125628140704	0.06298135874810976
50.653266331658294	0.05849621223549663
51.05527638190955	0.05297101929706695
51.45728643216081	0.04963176980930899
51.85929648241206	0.051709410302237004
52.26130653266332	0.05653025840681737
52.663316582914575	0.059390588825399805
53.06532663316583	0.05704506180126888
53.46733668341709	0.047712993314343775
53.869346733668344	0.03216788948016605
54.2713567839196	0.012580593039568868
54.67336683417086	0.00809756627900018
55.07537688442211	0.02668099661440181
55.47738693467337	0.04130834224690156
55.879396984924625	0.050910064856900306
56.28140703517588	0.05709517265969659
56.68341708542714	0.06317069891664914
57.085427135678394	0.07097963641825539
57.48743718592965	0.0795508660770979
57.88944723618091	0.08594299361551908
58.29145728643216	0.08698892862158533
58.69346733668342	0.08165498619077574
59.095477386934675	0.07028631401313712
59.49748743718593	0.054078636938870585
59.89949748743719	0.03606487595281645
60.301507537688444	0.019343525101778832
60.7035175879397	0.013814900374313105
61.10552763819096	0.02337939192036996
61.50753768844221	0.03430211338802366
61.90954773869347	0.04325164671163019
62.311557788944725	0.050386190309445245
62.71356783919598	0.05657494447069504
63.11557788944724	0.06093046510046886
63.517587939698494	0.0633547369855483
63.91959798994975	0.06266690632340409
64.32160804020101	0.058557271983755356
64.72361809045226	0.05210730637426839
65.12562814070353	0.04410347033511286
65.52763819095478	0.03603736072176658
65.92964824120604	0.02990272023998496
66.33165829145729	0.02739851596292308
66.73366834170855	0.02822083066632296
67.1356783919598	0.02974616143272856
67.53768844221106	0.029231028904154528
67.93969849246231	0.025108880278832596
68.34170854271358	0.01877212763562038
68.74371859296483	0.01421667015259043
69.14572864321609	0.018138053676063075
69.54773869346734	0.026982856014076895
69.9497487437186	0.03588360330173651
70.35175879396985	0.042792079656969996
70.75376884422111	0.04748982725779721
71.15577889447236	0.051216230144574805
71.55778894472363	0.055230104531017066
71.95979899497488	0.059787742710979065
72.36180904522614	0.06338701229935864
72.76381909547739	0.06353753158367097
73.16582914572865	0.05948867487740792
73.5678391959799	0.050813037465734366
73.96984924623116	0.038980634118366435
74.37185929648241	0.025914212845677454
74.77386934673368	0.015939683441877878
75.17587939698493	0.016637530177260024
75.57788944723619	0.024698467500992492
75.97989949748744	0.03353250427846618
76.3819095477387	0.04094772046446865
76.78391959798995	0.04728905947710709
77.18592964824121	0.05320076499126607
77.58793969849246	0.05835161260145738
77.98994974874373	0.06184320263371627
78.39195979899498	0.06258649715668327
78.79396984924624	0.05990720627257453
79.19597989949749	0.05349538485329249
79.59798994974875	0.04418677875668255
80.0	0.03270442155435865
