0.0	0.020821511638774187
0.4020100502512563	0.021057848283000943
0.8040201005025126	0.01774896236852807
1.206030150753769	0.011646815509822338
1.6080402010050252	0.004153015832767183
2.0100502512562817	0.004178810198001526
2.412060301507538	0.010656636860482585
2.814070351758794	0.014506312674957219
3.2160804020100504	0.015035855556525526
3.6180904522613067	0.012031144335182585
4.020100502512563	0.005795218396922697
4.42211055276382	0.002534280164168903
4.824120603015076	0.011218638327127087
5.226130653266332	0.019205573982555336
5.628140703517588	0.02475028003414491
6.030150753768845	0.02701962593759801
6.432160804020101	0.025779184220115225
6.834170854271357	0.021420842177564507
7.236180904522613	0.015179646884364767
7.63819095477387	0.00801859976061165
8.040201005025127	0.0027670733916056933
8.442211055276383	0.004376732271761619
8.84422110552764	0.005552950156259076
9.246231155778895	0.00344685629516188
9.648241206030152	0.0015943455137097454
10.050251256281408	0.008715892922433303
10.452261306532664	0.0163710750485444
10.85427135678392	0.023263850541703154
11.256281407035177	0.02840824883815129
11.658291457286433	0.03117641875661974
12.06030150753769	0.031031326762383304
12.462311557788945	0.027983434577154086
12.864321608040202	0.021920644714668973
13.266331658291458	0.013373259660377317
13.668341708542714	0.004451548963016004
14.07035175879397	0.005262813036631441
14.472361809045227	0.010834666661636315
14.874371859296483	0.0124307189586507
15.27638190954774	0.012465700787000166
15.678391959798995	0.01684978237444854
16.080402010050253	0.02630099063534013
16.48241206030151	0.03676807991648386
16.884422110552766	0.044584636202758
17.286432160804022	0.04729904246690124
17.68844221105528	0.04521730512962026
18.090452261306535	0.040580666300688614
18.49246231155779	0.033374494359183784
18.894472361809047	0.02485328204356817
19.296482412060303	0.01608988723859843
19.69849246231156	0.007196641777995877
20.100502512562816	0.0048613476353323425
20.502512562814072	0.010739876092848086
20.90452261306533	0.016133877964679744
21.306532663316585	0.020248414591009685
21.70854271356784	0.02331679131896116
22.110552763819097	0.026243734660113475
22.512562814070353	0.02915348946933491
22.91457286432161	0.03125696152556615
23.316582914572866	0.03379975955056365
23.718592964824122	0.037061918046698755
24.12060301507538	0.039367056086889465
24.522613065326635	0.039811347642507385
24.92462311557789	0.03724534979421633
25.326633165829147	0.030674934913112177
25.728643216080403	0.02134976036280917
26.13065326633166	0.012276859815459628
26.532663316582916	0.01423010979348833
26.934673366834172	0.02470737797409203
27.33668341708543	0.0342525627932702
27.738693467336685	0.04072749129068624
28.14070351758794	0.044354807937159756
28.542713567839197	0.04507389402945818
28.944723618090453	0.042931942828294746
29.34673366834171	0.038657618313255204
29.748743718592966	0.032848877326945455
30.150753768844222	0.025997325677210237
30.55276381909548	0.01898392932247767
30.954773869346734	0.01236776062655832
31.35678391959799	0.0061004468295984115
31.758793969849247	0.005289071919834075
32.16080402010051	0.01136405945235833
32.56281407035176	0.019177908392031394
32.96482412060302	0.026868992895528875
33.366834170854275	0.034544225720974736
33.76884422110553	0.04140588665159508
34.17085427135679	0.04658321448365933
34.572864321608044	0.050143917663173054
34.9748743718593	0.05167552851205596
35.37688442211056	0.05035842509697103
35.77889447236181	0.046075089028348885
36.18090452261307	0.03914030325328863
36.582914572864325	0.031477518612063105
36.98492462311558	0.026771678300694386
37.38693467336684	0.027897626330709822
37.788944723618094	0.032983894278386564
38.19095477386935	0.037991804588001374
38.59296482412061	0.04061937387549651
38.99497487437186	0.040698203872277045
39.39698492462312	0.03992928941952898
39.798994974874375	0.03993093274155495
40.20100502512563	0.04241505133709218
40.60301507537689	0.046465746952348314
41.005025125628144	0.049978749334948176
41.4070351758794	0.051233391083012156
41.80904522613066	0.049199807234967946
42.21105527638191	0.0447973248343224
42.61306532663317	0.03979880019155789
43.015075376884425	0.03692851441311599
43.41708542713568	0.039208677978839375
43.81909547738694	0.04499946330876077
44.221105527638194	0.051554658609553564
44.62311557788945	0.056778038711806825
45.02512562814071	0.06038188260809233
45.42713567839196	0.062365499396872005
45.82914572864322	0.06327646131887478
46.231155778894475	0.0637164499797532
46.63316582914573	0.0629361047019568
47.03517587939699	0.060025340469721154
47.437185929648244	0.054616590536902834
47.8391959798995	0.04654075243414524
48.24120603015076	0.03753435732076132
48.64321608040201	0.03027128621947157
49.04522613065327	0.027008482707996818
49.447236180904525	0.028171763191913262
49.84924623115578	0.03125787551750392
50.25125628140704	0.0352293121139944
50.653266331658294	0.041098950952239664
51.05527638190955	0.048449717610734105
51.45728643216081	0.056935872512008004
51.85929648241206	0.0649956773404444
52.26130653266332	0.07052237357641675
52.663316582914575	0.07135718073873677
53.06532663316583	0.06713556604854326
53.46733668341709	0.05798836640597068
53.869346733668344	0.04614919672526421
54.2713567839196	0.03499186782470639
54.67336683417086	0.029143907133529802
55.07537688442211	0.029558713585726808
55.47738693467337	0.0309294530341614
55.879396984924625	0.029240620358703912
56.28140703517588	0.02449102020897676
56.68341708542714	0.02038449455307763
57.085427135678394	0.025088650008504826
57.48743718592965	0.036688552663475
57.88944723618091	0.04745059610803541
58.29145728643216	0.05387583722354692
58.69346733668342	0.05418191249616121
59.095477386934675	0.04868134383932041
59.49748743718593	0.03830595171859497
59.89949748743719	0.026489344836527512
60.301507537688444	0.015729531736210844
60.7035175879397	0.012997815278413098
61.10552763819096	0.016261032315846753
61.50753768844221	0.018420682540344183
61.90954773869347	0.01846418258254468
62.311557788944725	0.01947541181132056
62.71356783919598	0.024166103589924513
63.11557788944724	0.03131045041431453
63.517587939698494	0.037976844500737995
63.91959798994975	0.04174213611647113
64.32160804020101	0.041679300240468856
64.72361809045226	0.03773814615301501
65.12562814070353	0.03105015395185413
65.52763819095478	0.02279217355832578
65.92964824120604	0.01473905889885905
66.33165829145729	0.00820048029641253
66.73366834170855	0.004377689433160515
67.1356783919598	0.0027471126774844495
67.53768844221106	0.006532211915324063
67.93969849246231	0.014356695654089573
68.34170854271358	0.024309792347786078
68.74371859296483	0.03459475149543704
69.14572864321609	0.0433432160862833
69.54773869346734	0.049304271298287614
69.9497487437186	0.0514869784559959
70.35175879396985	0.04938818502171395
70.75376884422111	0.04369830211452884
71.15577889447236	0.035346010823086464
71.55778894472363	0.026035509466110756
71.95979899497488	0.018936722499917368
72.36180904522614	0.01638122995208765
72.76381909547739	0.01678700120084562
73.16582914572865	0.017559716721516412
73.5678391959799	0.019107602171087555
73.96984924623116	0.023592813902578245
74.37185929648241	0.03215946063087384
74.77386934673368	0.04211742431213809
75.17587939698493	0.05095341116263489
75.57788944723619	0.05657211577614948
75.97989949748744	0.057469215178311404
76.3819095477387	0.053422198767917005
76.78391959798995	0.04491433313608091
77.18592964824121	0.033231032181255574
77.58793969849246	0.02128125667739308
77.98994974874373	0.014173635681450036
78.39195979899498	0.01591889768465789
78.79396984924624	0.020166615026690253
79.19597989949749	0.021974872354336136
79.59798994974875	0.02224067528814397
80.0	0.023855437564496478
