0.0	0.015445334626004729
0.4020100502512563	0.014060007085347251
0.8040201005025126	0.011470015050320078
1.206030150753769	0.009479892082798261
1.6080402010050252	0.009715259552738918
2.0100502512562817	0.011683886275742498
2.412060301507538	0.013092950398968758
2.814070351758794	0.013117822100690952
3.2160804020100504	0.011100876615985763
3.6180904522613067	0.007522079128116052
4.020100502512563	0.003427706140348194
4.42211055276382	0.004641277452161829
4.824120603015076	0.00926265707157391
5.226130653266332	0.01307217032196056
5.628140703517588	0.01556715021868495
6.030150753768845	0.016444477739011577
6.432160804020101	0.016471571328396332
6.834170854271357	0.016500679133908073
7.236180904522613	0.016832679027808623
7.63819095477387	0.01803970099301684
8.040201005025127	0.018881070979532656
8.442211055276383	0.01833629682447845
8.84422110552764	0.016188504383890173
9.246231155778895	0.012551295334822804
9.648241206030152	0.008570545940723663
10.050251256281408	0.007580698434667297
10.452261306532664	0.011757143841248905
10.85427135678392	0.01726535420852412
11.256281407035177	0.02232874041073518
11.658291457286433	0.02630221577355294
12.06030150753769	0.02918369025829094
12.462311557788945	0.03113927126946357
12.864321608040202	0.032421336357677084
13.266331658291458	0.03329740041597819
13.668341708542714	0.03319798435732841
14.07035175879397	0.03221132261563596
14.472361809045227	0.030110878177316773
14.874371859296483	0.027278514312839636
15.27638190954774	0.024577066887179897
15.678391959798995	0.02367220161060414
16.080402010050253	0.024976581365533036
16.48241206030151	0.027961647585155062
16.884422110552766	0.03132033176044924
17.286432160804022	0.03402185214714736
17.68844221105528	0.035249959122652524
18.090452261306535	0.035173775132731504
18.49246231155779	0.03414438225627921
18.894472361809047	0.03271715107612478
19.296482412060303	0.03149123777236168
19.69849246231156	0.03060353709459681
20.100502512562816	0.030297554222074384
20.502512562814072	0.030272013392527775
20.90452261306533	0.03018869979811299
21.306532663316585	0.030806428144181903
21.70854271356784	0.03191536910750835
22.110552763819097	0.03368310379456894
22.512562814070353	0.03593110197971882
22.91457286432161	0.03791727160812426
23.316582914572866	0.03936370601725107
23.718592964824122	0.03962328310789783
24.12060301507538	0.03828488094594031
24.522613065326635	0.035796272643773
24.92462311557789	0.03286388273776095
25.326633165829147	0.03013877185278787
25.728643216080403	0.027980547026060742
26.13065326633166	0.02697116702962783
26.532663316582916	0.027116813270031643
26.934673366834172	0.028317110666700108
27.33668341708543	0.031104618984729132
27.738693467336685	0.03480700760194239
28.14070351758794	0.03909644601146011
28.542713567839197	0.04277887604032718
28.944723618090453	0.04549257813685504
29.34673366834171	0.046467396516179184
29.748743718592966	0.04538833355050333
30.150753768844222	0.042482924424143406
30.55276381909548	0.038047620412849974
30.954773869346734	0.03363309264810321
31.35678391959799	0.030069061364294224
31.758793969849247	0.02851474716701182
32.16080402010051	0.02973048527455871
32.56281407035176	0.03330451072952935
32.96482412060302	0.0392844693139278
33.366834170854275	0.04640761610650303
33.76884422110553	0.05357056695656002
34.17085427135679	0.060080475657396604
34.572864321608044	0.06470430083466895
34.9748743718593	0.06675633972758364
35.37688442211056	0.0661516768925301
35.77889447236181	0.06339408066805573
36.18090452261307	0.05905681572756212
36.582914572864325	0.054179202136441604
36.98492462311558	0.04987967817826407
37.38693467336684	0.047027044445693514
37.788944723618094	0.04619614177119222
38.19095477386935	0.0474227404014448
38.59296482412061	0.05064899420289698
38.99497487437186	0.05532325320118168
39.39698492462312	0.06015061918533956
39.798994974874375	0.06419834207422227
40.20100502512563	0.06685957128331715
40.60301507537689	0.06789389538860086
41.005025125628144	0.06695820001630677
41.4070351758794	0.06434083340031814
41.80904522613066	0.060770694246264564
42.21105527638191	0.05685294197492348
42.61306532663317	0.052837428117029864
43.015075376884425	0.049916642593656954
43.41708542713568	0.04855664438137729
43.81909547738694	0.04911838805046987
44.221105527638194	0.05124801145053336
44.62311557788945	0.05447943875843331
45.02512562814071	0.05773460636412905
45.42713567839196	0.06051301914876113
45.82914572864322	0.06201724488782836
46.231155778894475	0.06202934300090788
46.63316582914573	0.06057479752076458
47.03517587939699	0.05798312369911773
47.437185929648244	0.05472874217846004
47.8391959798995	0.051286760011736134
48.24120603015076	0.048391756529715044
48.64321608040201	0.0463470549744173
49.04522613065327	0.04546557517918987
49.447236180904525	0.04557720269803584
49.84924623115578	0.04665519285693975
50.25125628140704	0.04826857889466675
50.653266331658294	0.050050112988187435
51.05527638190955	0.05182672534514997
51.45728643216081	0.05351330158569876
51.85929648241206	0.054912145623233474
52.26130653266332	0.05585122949440108
52.663316582914575	0.05652595737269735
53.06532663316583	0.05651803864095638
53.46733668341709	0.05622014530934767
53.869346733668344	0.05474687844458851
54.2713567839196	0.05293472122551897
54.67336683417086	0.050476664216721034
55.07537688442211	0.04817079496471631
55.47738693467337	0.04622754112830236
55.879396984924625	0.04522346603260642
56.28140703517588	0.04528857220051375
56.68341708542714	0.046691307171370405
57.085427135678394	0.04906400070252324
57.48743718592965	0.052142133131049484
57.88944723618091	0.05522463918561793
58.29145728643216	0.05786507706628615
58.69346733668342	0.05924404179358802
59.095477386934675	0.05923907699204343
59.49748743718593	0.058016950888704434
59.89949748743719	0.05595226965280087
60.301507537688444	0.053343616290896866
60.7035175879397	0.05046154077206848
61.10552763819096	0.04795603406621719
61.50753768844221	0.04620335327602755
61.90954773869347	0.04520681558502744
62.311557788944725	0.045272478330838896
62.71356783919598	0.046038903537593524
63.11557788944724	0.047988764914035205
63.517587939698494	0.050288299981625074
63.91959798994975	0.05298175671610894
64.32160804020101	0.05563975525216456
64.72361809045226	0.05764638552688556
65.12562814070353	0.05858826688831002
65.52763819095478	0.058348386444938186
65.92964824120604	0.05693797743605165
66.33165829145729	0.054533855112200214
66.73366834170855	0.0512934884387485
67.1356783919598	0.0481245666215133
67.53768844221106	0.0451889738878707
67.93969849246231	0.043155509016355155
68.34170854271358	0.042554671645966
68.74371859296483	0.043667887613018985
69.14572864321609	0.046470123083845516
69.54773869346734	0.05041408855695676
69.9497487437186	0.05479485914343992
70.35175879396985	0.05861262978675023
70.75376884422111	0.06123141988793498
71.15577889447236	0.06223265372090092
71.55778894472363	0.06145873214187336
71.95979899497488	0.05930803456373411
72.36180904522614	0.05600698455809729
72.76381909547739	0.05215255337439062
73.16582914572865	0.0483717237956625
73.5678391959799	0.045162048469018
73.96984924623116	0.04369556696825903
74.37185929648241	0.04391566768690589
74.77386934673368	0.04627581250939779
75.17587939698493	0.04983905761400524
75.57788944723619	0.054243326996194406
75.97989949748744	0.05839434188324048
76.3819095477387	0.06164005842612651
76.78391959798995	0.06358126096391711
77.18592964824121	0.06386324615219023
77.58793969849246	0.06260037771855113
77.98994974874373	0.060179943803487845
78.39195979899498	0.05693449123042286
78.79396984924624	0.05342501795319833
79.19597989949749	0.05051973628803467
79.59798994974875	0.04864001010881189
80.0	0.04841543775524369
