0.0	0.013102846316650953
0.4020100502512563	0.009949129125756993
0.8040201005025126	0.0057164594938745655
1.206030150753769	0.003879918438182272
1.6080402010050252	0.007573494060648803
2.0100502512562817	0.011357774221967458
2.412060301507538	0.013461604523732037
2.814070351758794	0.013236638696277328
3.2160804020100504	0.010763720265765395
3.6180904522613067	0.0065721533434789535
4.020100502512563	0.002059565538383821
4.42211055276382	0.004723550207616788
4.824120603015076	0.008788261818774566
5.226130653266332	0.011258891934629204
5.628140703517588	0.011563734601088775
6.030150753768845	0.00965429816898243
6.432160804020101	0.006415957422945541
6.834170854271357	0.0053219383928644216
7.236180904522613	0.008887278449139903
7.63819095477387	0.013144514652866462
8.040201005025127	0.016208262582167277
8.442211055276383	0.01684478980796792
8.84422110552764	0.015461054743150108
9.246231155778895	0.011838900629252183
9.648241206030152	0.0066835379524126035
10.050251256281408	0.0012566484557774017
10.452261306532664	0.0037099876117627135
10.85427135678392	0.007015616905483741
11.256281407035177	0.00836049085423054
11.658291457286433	0.007669759268879871
12.06030150753769	0.006249021327156879
12.462311557788945	0.007248737637899424
12.864321608040202	0.011548474560537543
13.266331658291458	0.01652385679129622
13.668341708542714	0.02068075605422893
14.07035175879397	0.023118690972650437
14.472361809045227	0.023237776933546166
14.874371859296483	0.021366395660144623
15.27638190954774	0.017868684342513947
15.678391959798995	0.01331336126195799
16.080402010050253	0.009448558316723369
16.48241206030151	0.00760381111531129
16.884422110552766	0.00842945907999437
17.286432160804022	0.010793167791906727
17.68844221105528	0.01430877860884779
18.090452261306535	0.01906101833417264
18.49246231155779	0.02517582970408992
18.894472361809047	0.0312989803352407
19.296482412060303	0.03621832593926189
19.69849246231156	0.03897604465669315
20.100502512562816	0.03917634582197955
20.502512562814072	0.03641190507645599
20.90452261306533	0.0314769368482214
21.306532663316585	0.02476930351011733
21.70854271356784	0.017709424461136214
22.110552763819097	0.011614325444386148
22.512562814070353	0.008128075786943991
22.91457286432161	0.008414140467022529
23.316582914572866	0.011945152351834456
23.718592964824122	0.017180094381650482
24.12060301507538	0.023788671981088035
24.522613065326635	0.030618174397064706
24.92462311557789	0.036504672905895506
25.326633165829147	0.040479457325961594
25.728643216080403	0.041916027408267775
26.13065326633166	0.040514587892913324
26.532663316582916	0.036871519417451405
26.934673366834172	0.031309974899900915
27.33668341708543	0.025149591905481532
27.738693467336685	0.01899677967487847
28.14070351758794	0.013823402078525907
28.542713567839197	0.01036194575712789
28.944723618090453	0.00946564754338711
29.34673366834171	0.012072795754275214
29.748743718592966	0.016925025438884106
30.150753768844222	0.022752930526523964
30.55276381909548	0.028490420510521787
30.954773869346734	0.03334700400544992
31.35678391959799	0.03626232043380003
31.758793969849247	0.037131635027649025
32.16080402010051	0.036011786154956205
32.56281407035176	0.033013281002353595
32.96482412060302	0.028880688498093453
33.366834170854275	0.02438015812357277
33.76884422110553	0.01979505695002412
34.17085427135679	0.015708905831444617
34.572864321608044	0.012883588235961812
34.9748743718593	0.012405365717019197
35.37688442211056	0.014661928843024774
35.77889447236181	0.018546839398434243
36.18090452261307	0.023158294698371572
36.582914572864325	0.02741368984789925
36.98492462311558	0.031032677295911876
37.38693467336684	0.033789887509049515
37.788944723618094	0.035366980756538144
38.19095477386935	0.03557516928035019
38.59296482412061	0.034505157071210865
38.99497487437186	0.032155405844929305
39.39698492462312	0.02859236388542154
39.798994974874375	0.024608113543145745
40.20100502512563	0.02072211104703463
40.60301507537689	0.01761695501449609
41.005025125628144	0.01649720342813529
41.4070351758794	0.01732293580431177
41.80904522613066	0.02001670917413146
42.21105527638191	0.023982754049762262
42.61306532663317	0.02810705214500008
43.015075376884425	0.032095260532394684
43.41708542713568	0.03526327028584035
43.81909547738694	0.037268173936289964
44.221105527638194	0.03798543918732071
44.62311557788945	0.03714573681762127
45.02512562814071	0.03499639482473986
45.42713567839196	0.03167525524553785
45.82914572864322	0.02789258690875763
46.231155778894475	0.02377249984234236
46.63316582914573	0.020233862479293922
47.03517587939699	0.018138353031222444
47.437185929648244	0.018694939486602283
47.8391959798995	0.021375155637649655
48.24120603015076	0.025914273537636513
48.64321608040201	0.03141976762930844
49.04522613065327	0.03678765487990215
49.447236180904525	0.04118212513106391
49.84924623115578	0.044431656033229384
50.25125628140704	0.04567316181277163
50.653266331658294	0.045295317059253465
51.05527638190955	0.043203865878713346
51.45728643216081	0.03987531949660724
51.85929648241206	0.03597790058923537
52.26130653266332	0.03207040390691243
52.663316582914575	0.028524485228693303
53.06532663316583	0.026683537300866127
53.46733668341709	0.027357085451541325
53.869346733668344	0.030482520173254774
54.2713567839196	0.035894258616242646
54.67336683417086	0.042054712140975316
55.07537688442211	0.047827004502703926
55.47738693467337	0.052602810915772666
55.879396984924625	0.05586955125901714
56.28140703517588	0.05756225221675486
56.68341708542714	0.057766649220452125
57.085427135678394	0.05645767439033885
57.48743718592965	0.05398709835690426
57.88944723618091	0.050700821206166244
58.29145728643216	0.04756513876453002
58.69346733668342	0.04516182792011079
59.095477386934675	0.04475099954816625
59.49748743718593	0.04700649786374951
59.89949748743719	0.05187656598061151
60.301507537688444	0.05847703298451169
60.7035175879397	0.06539685625380406
61.10552763819096	0.07123596128484225
61.50753768844221	0.07518037364875572
61.90954773869347	0.07624144840753742
62.311557788944725	0.074163809764032
62.71356783919598	0.06964819058677543
63.11557788944724	0.06341279498606675
63.517587939698494	0.056643237236336116
63.91959798994975	0.0508784847880796
64.32160804020101	0.046865610149036466
64.72361809045226	0.04519141434337588
65.12562814070353	0.046285802063634834
65.52763819095478	0.050250069411121444
65.92964824120604	0.0563383199061104
66.33165829145729	0.06331822677891846
66.73366834170855	0.0695383779005566
67.1356783919598	0.07335337691759887
67.53768844221106	0.07409569235317727
67.93969849246231	0.07131506831908307
68.34170854271358	0.06554805750513813
68.74371859296483	0.05810392974010513
69.14572864321609	0.05040415582980825
69.54773869346734	0.04367682982954251
69.9497487437186	0.039070765218991714
70.35175879396985	0.036584732080618916
70.75376884422111	0.036389408498800416
71.15577889447236	0.03874669674434277
71.55778894472363	0.04384255181732866
71.95979899497488	0.05074484338513392
72.36180904522614	0.05791402055162588
72.76381909547739	0.06381185131069292
73.16582914572865	0.06711118926216426
73.5678391959799	0.06749120497865216
73.96984924623116	0.06498863061989192
74.37185929648241	0.060489236678919624
74.77386934673368	0.05490613575866828
75.17587939698493	0.049546245531123634
75.57788944723619	0.045283294278114866
75.97989949748744	0.042785709661734506
76.3819095477387	0.041945649953259
76.78391959798995	0.04308117005169731
77.18592964824121	0.046522906593471816
77.58793969849246	0.05146558821144888
77.98994974874373	0.057065370277724334
78.39195979899498	0.06236110770753801
78.79396984924624	0.06614826308141983
79.19597989949749	0.06793010552937953
79.59798994974875	0.06740866210302351
80.0	0.0649693432286336
