0.0	0.00500575927539156
0.4020100502512563	0.004626201375703354
0.8040201005025126	0.0037286461098759035
1.206030150753769	0.0026881907702768276
1.6080402010050252	0.002358155274451206
2.0100502512562817	0.002971072979497168
2.412060301507538	0.0036984095527512126
2.814070351758794	0.004011379233095559
3.2160804020100504	0.003699833643073288
3.6180904522613067	0.0029374521707046354
4.020100502512563	0.002103046366512947
4.42211055276382	0.002400667359545381
4.824120603015076	0.0033825459105194778
5.226130653266332	0.0044412937561846555
5.628140703517588	0.0049478964539097295
6.030150753768845	0.005057181311037722
6.432160804020101	0.004373962875636442
6.834170854271357	0.0035206557576686797
7.236180904522613	0.002956771666646429
7.63819095477387	0.0030807222551422165
8.040201005025127	0.003481292875223168
8.442211055276383	0.003902853730261023
8.84422110552764	0.003696041540604876
9.246231155778895	0.002842659890432593
9.648241206030152	0.001560528895832102
10.050251256281408	0.0008715196661546387
10.452261306532664	0.0021622608444548616
10.85427135678392	0.0036789286970131682
11.256281407035177	0.004760587557174092
11.658291457286433	0.005587913911084074
12.06030150753769	0.005959911427217808
12.462311557788945	0.006371677273173969
12.864321608040202	0.007131482700150288
13.266331658291458	0.008434713261645691
13.668341708542714	0.00970934414582278
14.07035175879397	0.01083688267053575
14.472361809045227	0.011502203053372318
14.874371859296483	0.01179319562319379
15.27638190954774	0.011788412679352333
15.678391959798995	0.011806148204733734
16.080402010050253	0.01215981430091613
16.48241206030151	0.013206787367880186
16.884422110552766	0.014619987465811977
17.286432160804022	0.016488602011944787
17.68844221105528	0.018284317126052184
18.090452261306535	0.019847337503020722
18.49246231155779	0.02103788691036009
18.894472361809047	0.021233401033818492
19.296482412060303	0.020029277935628566
19.69849246231156	0.0174141274655959
20.100502512562816	0.013867624625104102
20.502512562814072	0.00958193651734097
20.90452261306533	0.005761227570224124
21.306532663316585	0.0032506987615375216
21.70854271356784	0.0024869531508368583
22.110552763819097	0.004041589522997349
22.512562814070353	0.008075001074972561
22.91457286432161	0.013515776458492387
23.316582914572866	0.01974156542728355
23.718592964824122	0.025035879338650875
24.12060301507538	0.02866652194371717
24.522613065326635	0.02965589298851363
24.92462311557789	0.02773469725759035
25.326633165829147	0.023447794038438836
25.728643216080403	0.017178033030904066
26.13065326633166	0.01027102542196302
26.532663316582916	0.0037893486259808844
26.934673366834172	0.0028354680395394913
27.33668341708543	0.005945932345351597
27.738693467336685	0.006755300637958944
28.14070351758794	0.005739507942363806
28.542713567839197	0.004730183637037348
28.944723618090453	0.0077004486461117825
29.34673366834171	0.012455751977478677
29.748743718592966	0.01674333142531788
30.150753768844222	0.01973837941012926
30.55276381909548	0.02032133109607646
30.954773869346734	0.01859533428880713
31.35678391959799	0.014687188861980319
31.758793969849247	0.009794125345539742
32.16080402010051	0.004876552352162724
32.56281407035176	0.003591786773232925
32.96482412060302	0.005816846793554329
33.366834170854275	0.006895804250494422
33.76884422110553	0.006081197542694088
34.17085427135679	0.004725036979496228
34.572864321608044	0.005691525737375129
34.9748743718593	0.00901918993053064
35.37688442211056	0.012695226964551911
35.77889447236181	0.015227773711983602
36.18090452261307	0.016462833620870317
36.582914572864325	0.016213382682933954
36.98492462311558	0.014581489880239055
37.38693467336684	0.011736306265049363
37.788944723618094	0.008307739234931288
38.19095477386935	0.004721762083055075
38.59296482412061	0.0019634610790685986
38.99497487437186	0.0012371861157727015
39.39698492462312	0.001550012836991563
39.798994974874375	0.0017198827698061696
40.20100502512563	0.0036532266854555745
40.60301507537689	0.006858415333141132
41.005025125628144	0.01018549298704684
41.4070351758794	0.013218844671058489
41.80904522613066	0.015179790541043589
42.21105527638191	0.015712569528676144
42.61306532663317	0.014836073949165762
43.015075376884425	0.012484218609651184
43.41708542713568	0.009125342451537262
43.81909547738694	0.004877947682022031
44.221105527638194	0.0012003494883786599
44.62311557788945	0.003151600878706954
45.02512562814071	0.005274720176507989
45.42713567839196	0.005779486392259843
45.82914572864322	0.004350283967963371
46.231155778894475	0.0014454430214749037
46.63316582914573	0.0023610698311715356
47.03517587939699	0.0066488459107707995
47.437185929648244	0.010332114430068193
47.8391959798995	0.013104336527482986
48.24120603015076	0.0144618680844455
48.64321608040201	0.014192318663693124
49.04522613065327	0.01240765981581259
49.447236180904525	0.00947644214911578
49.84924623115578	0.006315029634977602
50.25125628140704	0.0038213600445330667
50.653266331658294	0.004126011689007446
51.05527638190955	0.005193677943634846
51.45728643216081	0.005383591004190566
51.85929648241206	0.004433833066755471
52.26130653266332	0.0027104191703510557
52.663316582914575	0.004100393863903529
53.06532663316583	0.007674506557099793
53.46733668341709	0.011051346773274674
53.869346733668344	0.013598673008454501
54.2713567839196	0.01434202337680244
54.67336683417086	0.013381867534779593
55.07537688442211	0.011146074893137223
55.47738693467337	0.007942354020249802
55.879396984924625	0.005375707888194239
56.28140703517588	0.005651323390881455
56.68341708542714	0.007527295735792456
57.085427135678394	0.00856196682957361
57.48743718592965	0.0077273943455059115
57.88944723618091	0.005098866316295531
58.29145728643216	0.003500266565491076
58.69346733668342	0.007533451769069004
59.095477386934675	0.012638004408478686
59.49748743718593	0.01694101142178789
59.89949748743719	0.018757969935719827
60.301507537688444	0.018539422646303934
60.7035175879397	0.01591795305330043
61.10552763819096	0.011861946655449039
61.50753768844221	0.007504352290818051
61.90954773869347	0.005486111570803904
62.311557788944725	0.006562364603316229
62.71356783919598	0.008189335354882227
63.11557788944724	0.008416395031687673
63.517587939698494	0.007448903185717852
63.91959798994975	0.007284875324531833
64.32160804020101	0.009252110290118834
64.72361809045226	0.012835604643249876
65.12562814070353	0.016224939386112806
65.52763819095478	0.018231489416754496
65.92964824120604	0.018454930986527108
66.33165829145729	0.016735316787674977
66.73366834170855	0.013069855139890358
67.1356783919598	0.008291676936535848
67.53768844221106	0.004231881420593283
67.93969849246231	0.0052846282310168346
68.34170854271358	0.008638089595387392
68.74371859296483	0.010640928691690832
69.14572864321609	0.010914911584736942
69.54773869346734	0.009892134019687205
69.9497487437186	0.009180381973589101
70.35175879396985	0.010456061747778345
70.75376884422111	0.013459211078412478
71.15577889447236	0.016532080730107156
71.55778894472363	0.01811301136491959
71.95979899497488	0.017796286167019126
72.36180904522614	0.015178924707697581
72.76381909547739	0.011238167114133306
73.16582914572865	0.007885162515702551
73.5678391959799	0.008209684841631556
73.96984924623116	0.011435999741804249
74.37185929648241	0.014323082352061775
74.77386934673368	0.015573815295023335
75.17587939698493	0.015154395101783773
75.57788944723619	0.014151519818639912
75.97989949748744	0.013941548400537657
76.3819095477387	0.01564754551318955
76.78391959798995	0.01791637513345594
77.18592964824121	0.01903162033072043
77.58793969849246	0.01849631507207502
77.98994974874373	0.015998434231172233
78.39195979899498	0.011726660683883366
78.79396984924624	0.007727800943757271
79.19597989949749	0.007427472926461363
79.59798994974875	0.011267959666342453
80.0	0.015281429348333157
