0.0	0.0022048473186579683
0.4020100502512563	0.0007356233483001766
0.8040201005025126	0.0012908705517664534
1.206030150753769	0.002380394178059236
1.6080402010050252	0.003356474950522409
2.0100502512562817	0.0038054468084835263
2.412060301507538	0.0034561733377187556
2.814070351758794	0.003193381837790439
3.2160804020100504	0.0026655990214698748
3.6180904522613067	0.00250099941391665
4.020100502512563	0.002672942635657068
4.42211055276382	0.0028918775017798804
4.824120603015076	0.002744015082084177
5.226130653266332	0.002064089170117877
5.628140703517588	0.0008855892640634473
6.030150753768845	0.0007691586342780202
6.432160804020101	0.0024102413233170507
6.834170854271357	0.004060851537839747
7.236180904522613	0.005161283142553985
7.63819095477387	0.0060556584906102644
8.040201005025127	0.0064632651004326944
8.442211055276383	0.006222557260485901
8.84422110552764	0.005775873748073295
9.246231155778895	0.005080564530983887
9.648241206030152	0.00443981954399804
10.050251256281408	0.003842687607901559
10.452261306532664	0.003218310932378511
10.85427135678392	0.002815112417930621
11.256281407035177	0.0028378830276618175
11.658291457286433	0.0036944516846615103
12.06030150753769	0.005492555922108058
12.462311557788945	0.0074573710871772975
12.864321608040202	0.009429431286575933
13.266331658291458	0.01086482318120355
13.668341708542714	0.011881704081633766
14.07035175879397	0.011999938927718454
14.472361809045227	0.011437778766454004
14.874371859296483	0.0099263947069928
15.27638190954774	0.008218312310663346
15.678391959798995	0.006549517534276858
16.080402010050253	0.005320854007758548
16.48241206030151	0.004849597770533044
16.884422110552766	0.005146199231346828
17.286432160804022	0.006106350333769561
17.68844221105528	0.007467122040483512
18.090452261306535	0.009398557531573214
18.49246231155779	0.011426637989112153
18.894472361809047	0.013301669554393537
19.296482412060303	0.014536289789175
19.69849246231156	0.014739698431163989
20.100502512562816	0.014055455629270927
20.502512562814072	0.01294325314060166
20.90452261306533	0.01121891987723488
21.306532663316585	0.010197555334242629
21.70854271356784	0.010021141251690752
22.110552763819097	0.010631397711863192
22.512562814070353	0.011557002366730035
22.91457286432161	0.012373384152319483
23.316582914572866	0.013174401515819962
23.718592964824122	0.013557930650598946
24.12060301507538	0.01398396451342993
24.522613065326635	0.014091559465891643
24.92462311557789	0.014196135047632927
25.326633165829147	0.013863254574927226
25.728643216080403	0.013223944286154676
26.13065326633166	0.012636289174564785
26.532663316582916	0.012165733822875672
26.934673366834172	0.012115930508483346
27.33668341708543	0.012601796604861234
27.738693467336685	0.013411308521913079
28.14070351758794	0.014533436025469863
28.542713567839197	0.015494414485026286
28.944723618090453	0.01604801230261119
29.34673366834171	0.016533511553852517
29.748743718592966	0.016820104854052706
30.150753768844222	0.0168025205580615
30.55276381909548	0.01678343466857769
30.954773869346734	0.01673228794038908
31.35678391959799	0.016486979308656318
31.758793969849247	0.0161686062264906
32.16080402010051	0.01552752077667623
32.56281407035176	0.015376272019125689
32.96482412060302	0.01602667199773145
33.366834170854275	0.017454467068232834
33.76884422110553	0.01906626602053989
34.17085427135679	0.020876874684924267
34.572864321608044	0.022067126490992725
34.9748743718593	0.022736855688420335
35.37688442211056	0.022820691681463064
35.77889447236181	0.022195736330311105
36.18090452261307	0.021311800368286882
36.582914572864325	0.020453845227541824
36.98492462311558	0.01959941400534836
37.38693467336684	0.018705230955983306
37.788944723618094	0.01822391872559999
38.19095477386935	0.01840300680971329
38.59296482412061	0.019534506464502478
38.99497487437186	0.021635296642267772
39.39698492462312	0.024325710619138796
39.798994974874375	0.027038694776431477
40.20100502512563	0.029223489961660076
40.60301507537689	0.03086510082438527
41.005025125628144	0.031832816683966925
41.4070351758794	0.03204094691525679
41.80904522613066	0.03167771371125784
42.21105527638191	0.03074995716649408
42.61306532663317	0.0292999372688195
43.015075376884425	0.027917216472383193
43.41708542713568	0.026900671078283256
43.81909547738694	0.026984540183282668
44.221105527638194	0.02857452064778541
44.62311557788945	0.031173227362273064
45.02512562814071	0.034277896710269797
45.42713567839196	0.03687673734712111
45.82914572864322	0.03864576895863013
46.231155778894475	0.039517005057240005
46.63316582914573	0.03978831441282597
47.03517587939699	0.03972050775067686
47.437185929648244	0.03939820488782155
47.8391959798995	0.03905295635203583
48.24120603015076	0.03819380593507536
48.64321608040201	0.03741562338845086
49.04522613065327	0.037485113931086264
49.447236180904525	0.038966163848449926
49.84924623115578	0.04228770261268764
50.25125628140704	0.04667148345638878
50.653266331658294	0.05130744445178879
51.05527638190955	0.055185007161002705
51.45728643216081	0.05833553943721772
51.85929648241206	0.0601618311424027
52.26130653266332	0.061318500529115014
52.663316582914575	0.06180436311016332
53.06532663316583	0.06176124700355712
53.46733668341709	0.061140664979291895
53.869346733668344	0.06004525868663686
54.2713567839196	0.05887703475347332
54.67336683417086	0.057953394730972864
55.07537688442211	0.058022574708039086
55.47738693467337	0.05857495079543307
55.879396984924625	0.059660826128469555
56.28140703517588	0.06072144531641316
56.68341708542714	0.06116543391932574
57.085427135678394	0.061133127694933634
57.48743718592965	0.06058701722009809
57.88944723618091	0.05986271221736004
58.29145728643216	0.05933387559024006
58.69346733668342	0.059489960210902394
59.095477386934675	0.06010359814299415
59.49748743718593	0.06064497228007446
59.89949748743719	0.061578637242908074
60.301507537688444	0.06196704399456758
60.7035175879397	0.06210921437080559
61.10552763819096	0.06146997667997979
61.50753768844221	0.06018459844820393
61.90954773869347	0.057966024687509464
62.311557788944725	0.05567847751696135
62.71356783919598	0.052875461707774664
63.11557788944724	0.050884185527472627
63.517587939698494	0.049650355008676685
63.91959798994975	0.0494938355466044
64.32160804020101	0.05048880146358266
64.72361809045226	0.052258895167266464
65.12562814070353	0.054135054980054574
65.52763819095478	0.05565109944842961
65.92964824120604	0.0563176640050264
66.33165829145729	0.05598218353843284
66.73366834170855	0.05516342233554426
67.1356783919598	0.05360309493006449
67.53768844221106	0.05200473788222791
67.93969849246231	0.05092171382754418
68.34170854271358	0.05031382433047595
68.74371859296483	0.05050588197851099
69.14572864321609	0.05145367082574833
69.54773869346734	0.05286461059477441
69.9497487437186	0.05434426461455362
70.35175879396985	0.055506565756677576
70.75376884422111	0.05590638295682204
71.15577889447236	0.05536294473287311
71.55778894472363	0.05422615538375669
71.95979899497488	0.05266707804539785
72.36180904522614	0.05106514465769883
72.76381909547739	0.050076168384629895
73.16582914572865	0.049857032573711824
73.5678391959799	0.05045007284000157
73.96984924623116	0.0519794907406636
74.37185929648241	0.05409778661370683
74.77386934673368	0.056393101901439924
75.17587939698493	0.058082548316036854
75.57788944723619	0.059494353750882044
75.97989949748744	0.0597675390999553
76.3819095477387	0.05885343903455246
76.78391959798995	0.056866266109139606
77.18592964824121	0.054434401461898485
77.58793969849246	0.05171954731999
77.98994974874373	0.0494081551539858
78.39195979899498	0.04802785214021489
78.79396984924624	0.048168555891535667
79.19597989949749	0.04987953215594775
79.59798994974875	0.052952334595043005
80.0	0.056551525461802366
