0.0	0.017400306598937893
0.4020100502512563	0.018566500757112896
0.8040201005025126	0.016870416561733572
1.206030150753769	0.012593832907076219
1.6080402010050252	0.006528330242053464
2.0100502512562817	0.0011860669196238128
2.412060301507538	0.006339199087771528
2.814070351758794	0.010364825979477016
3.2160804020100504	0.011605638535144057
3.6180904522613067	0.009956677561646036
4.020100502512563	0.006034046468549097
4.42211055276382	0.0027285635500998665
4.824120603015076	0.008783820508801594
5.226130653266332	0.015468012941105298
5.628140703517588	0.020450580970057343
6.030150753768845	0.023258757060636258
6.432160804020101	0.02295257207450916
6.834170854271357	0.01994440749476606
7.236180904522613	0.015088397743782175
7.63819095477387	0.00909807464744274
8.040201005025127	0.0031733723724552596
8.442211055276383	0.0020404308560719037
8.84422110552764	0.004067463688519669
9.246231155778895	0.004034636114775987
9.648241206030152	0.004111831171720289
10.050251256281408	0.008523305758711047
10.452261306532664	0.015452399796405508
10.85427135678392	0.02262298381396186
11.256281407035177	0.028748061238319456
11.658291457286433	0.03298187809085982
12.06030150753769	0.03425197231895301
12.462311557788945	0.032519531023213144
12.864321608040202	0.028298652124609226
13.266331658291458	0.022404596302802525
13.668341708542714	0.016344101617523497
14.07035175879397	0.011767818877555958
14.472361809045227	0.010110191167655387
14.874371859296483	0.010280200663975027
15.27638190954774	0.011278316325246113
15.678391959798995	0.01313749953198906
16.080402010050253	0.017231105923922095
16.48241206030151	0.02339429549125654
16.884422110552766	0.03027187741702416
17.286432160804022	0.036687737976345496
17.68844221105528	0.04120231899816382
18.090452261306535	0.043346058556334034
18.49246231155779	0.04271054155017616
18.894472361809047	0.03953092519377317
19.296482412060303	0.034834098486242214
19.69849246231156	0.03007528186676723
20.100502512562816	0.02656721875695971
20.502512562814072	0.025112444707274945
20.90452261306533	0.0254296187293651
21.306532663316585	0.026906479884021412
21.70854271356784	0.029677363539685992
22.110552763819097	0.034083107818112066
22.512562814070353	0.03963211976149185
22.91457286432161	0.04555873965906117
23.316582914572866	0.05050034497492787
23.718592964824122	0.053376254996803166
24.12060301507538	0.053671663954739414
24.522613065326635	0.05195424954079618
24.92462311557789	0.04878419567995775
25.326633165829147	0.04553442289736069
25.728643216080403	0.04349023779759196
26.13065326633166	0.043418875566621634
26.532663316582916	0.045177734048711955
26.934673366834172	0.04833751027347634
27.33668341708543	0.05244189240950085
27.738693467336685	0.05763354027131088
28.14070351758794	0.063061544416714
28.542713567839197	0.06812144486801869
28.944723618090453	0.07151136222309876
29.34673366834171	0.07263416102523076
29.748743718592966	0.07078499539169428
30.150753768844222	0.0663881577185351
30.55276381909548	0.06047204449926159
30.954773869346734	0.054354882046527386
31.35678391959799	0.04987065980565091
31.758793969849247	0.048503084641494124
32.16080402010051	0.050369788436829196
32.56281407035176	0.05488955893717803
32.96482412060302	0.0601779944740997
33.366834170854275	0.06527901611526853
33.76884422110553	0.06965172702239983
34.17085427135679	0.07224985888872829
34.572864321608044	0.07306101635956799
34.9748743718593	0.07190745212013247
35.37688442211056	0.0688096641179319
35.77889447236181	0.06392329438539433
36.18090452261307	0.057796576437247935
36.582914572864325	0.05132951897555814
36.98492462311558	0.04567129401482435
37.38693467336684	0.043032990791474886
37.788944723618094	0.04371121767368569
38.19095477386935	0.04747226035617969
38.59296482412061	0.05203447976733413
38.99497487437186	0.05649346125538551
39.39698492462312	0.05983739953831326
39.798994974874375	0.06188013544651708
40.20100502512563	0.06263471370067322
40.60301507537689	0.062201943480306165
41.005025125628144	0.06076383560746303
41.4070351758794	0.05829349115842436
41.80904522613066	0.05475714708894501
42.21105527638191	0.05069354819316833
42.61306532663317	0.04675114015457167
43.015075376884425	0.04410496451027999
43.41708542713568	0.04340720330292669
43.81909547738694	0.045094028574943136
44.221105527638194	0.04802908473716637
44.62311557788945	0.051107423419952155
45.02512562814071	0.053463853799280134
45.42713567839196	0.055186140519477345
45.82914572864322	0.05593289108935108
46.231155778894475	0.05666241286590725
46.63316582914573	0.057243244962876694
47.03517587939699	0.05725783151096949
47.437185929648244	0.05623328672919549
47.8391959798995	0.05415278148568135
48.24120603015076	0.05120900769574469
48.64321608040201	0.0481849658191217
49.04522613065327	0.04597765269883432
49.447236180904525	0.04528125886611347
49.84924623115578	0.04593066858245467
50.25125628140704	0.047800173386583406
50.653266331658294	0.04990377356867999
51.05527638190955	0.05200840292023208
51.45728643216081	0.05328374600962747
51.85929648241206	0.054414353160499675
52.26130653266332	0.055335211965108586
52.663316582914575	0.05583670655136545
53.06532663316583	0.05569211678905608
53.46733668341709	0.054459597047821405
53.869346733668344	0.0518970354750364
54.2713567839196	0.04829527489806059
54.67336683417086	0.044372131435862536
55.07537688442211	0.041401676859342595
55.47738693467337	0.04117313222198355
55.879396984924625	0.04342319877706792
56.28140703517588	0.04753519014191241
56.68341708542714	0.051845127112127264
57.085427135678394	0.05596115917409987
57.48743718592965	0.05955729932777289
57.88944723618091	0.06238202861758615
58.29145728643216	0.06420111504038982
58.69346733668342	0.06430737583018736
59.095477386934675	0.062245688129573484
59.49748743718593	0.05831085396787281
59.89949748743719	0.05290916800422986
60.301507537688444	0.0474816055511355
60.7035175879397	0.04387748042988756
61.10552763819096	0.04422705871996235
61.50753768844221	0.04858631645893794
61.90954773869347	0.0553860307296599
62.311557788944725	0.06251371048352625
62.71356783919598	0.06865420397179098
63.11557788944724	0.07273365941473911
63.517587939698494	0.07443965107625085
63.91959798994975	0.07356113193018421
64.32160804020101	0.07047449253119077
64.72361809045226	0.06547489314836188
65.12562814070353	0.05941176197354152
65.52763819095478	0.05244054002915764
65.92964824120604	0.04605014060654572
66.33165829145729	0.041593407460176555
66.73366834170855	0.04092239918105972
67.1356783919598	0.04476458672486757
67.53768844221106	0.05159420491417658
67.93969849246231	0.05917024803691916
68.34170854271358	0.06562256093577604
68.74371859296483	0.06975981613966459
69.14572864321609	0.07097131839658424
69.54773869346734	0.06921086869416818
69.9497487437186	0.06517243955343026
70.35175879396985	0.059480674389688605
70.75376884422111	0.05325523798812828
71.15577889447236	0.047011648224517776
71.55778894472363	0.0413939216468497
71.95979899497488	0.03686866464171623
72.36180904522614	0.03559581692508204
72.76381909547739	0.03850693283456176
73.16582914572865	0.045184690661811404
73.5678391959799	0.05308453369380271
73.96984924623116	0.06049995020554553
74.37185929648241	0.0652522835461332
74.77386934673368	0.06733188351626725
75.17587939698493	0.06610189904255691
75.57788944723619	0.062295136721348676
75.97989949748744	0.05701045255829055
76.3819095477387	0.05104325875808659
76.78391959798995	0.045464276282588784
77.18592964824121	0.04068428596984869
77.58793969849246	0.03688435014661075
77.98994974874373	0.034937628018711794
78.39195979899498	0.035982676670805715
78.79396984924624	0.04012833288144205
79.19597989949749	0.0462303484405617
79.59798994974875	0.05285678858583885
80.0	0.058222827109075816
