0.0	0.023479215857989236
0.4020100502512563	0.024475762017576883
0.8040201005025126	0.021785807027509062
1.206030150753769	0.015547746795712785
1.6080402010050252	0.007469695440263153
2.0100502512562817	0.0031009714609437308
2.412060301507538	0.009972908120363826
2.814070351758794	0.01486453034847427
3.2160804020100504	0.016137118274251353
3.6180904522613067	0.013578809517345001
4.020100502512563	0.007199047728288346
4.42211055276382	0.0024672405833528577
4.824120603015076	0.011806837438133289
5.226130653266332	0.020880813176032426
5.628140703517588	0.027581114278791626
6.030150753768845	0.03097634328260212
6.432160804020101	0.030301132811528575
6.834170854271357	0.02606076754472119
7.236180904522613	0.019129329144892175
7.63819095477387	0.01100288226605413
8.040201005025127	0.004092078519340153
8.442211055276383	0.004116474960734086
8.84422110552764	0.005824838491644851
9.246231155778895	0.0038933913710947564
9.648241206030152	0.0019607579484487185
10.050251256281408	0.010808242996950244
10.452261306532664	0.021475653047141986
10.85427135678392	0.03215259103026295
11.256281407035177	0.041319720828353085
11.658291457286433	0.047293673867501856
12.06030150753769	0.04938792135403076
12.462311557788945	0.047413074842498695
12.864321608040202	0.04190791286193408
13.266331658291458	0.03416613459053474
13.668341708542714	0.025803406057840688
14.07035175879397	0.018487296462345006
14.472361809045227	0.013619242982345639
14.874371859296483	0.0124861411647228
15.27638190954774	0.015073797958590531
15.678391959798995	0.021915817753381094
16.080402010050253	0.03209862147449146
16.48241206030151	0.04401797017750575
16.884422110552766	0.05640144201174159
17.286432160804022	0.06705371462131102
17.68844221105528	0.07414002966544367
18.090452261306535	0.0768328449720365
18.49246231155779	0.07452219134116489
18.894472361809047	0.06759690902437496
19.296482412060303	0.05789893670741344
19.69849246231156	0.047014791531091275
20.100502512562816	0.03684444129578504
20.502512562814072	0.029421038925682198
20.90452261306533	0.025996030959811085
21.306532663316585	0.027215531172480222
21.70854271356784	0.03288381314885868
22.110552763819097	0.04161326970595779
22.512562814070353	0.05156289698824547
22.91457286432161	0.06137298909438168
23.316582914572866	0.06912750352458465
23.718592964824122	0.07310773353324657
24.12060301507538	0.07253932452536863
24.522613065326635	0.0678055405048088
24.92462311557789	0.05940055260291972
25.326633165829147	0.048859141434222486
25.728643216080403	0.03784373594711735
26.13065326633166	0.028130213399454568
26.532663316582916	0.021345070427491335
26.934673366834172	0.018977221255490218
27.33668341708543	0.021045801536654966
27.738693467336685	0.027256575679877704
28.14070351758794	0.03589852674700139
28.542713567839197	0.04580110463594825
28.944723618090453	0.05478741400693672
29.34673366834171	0.06135202339775949
29.748743718592966	0.06424075522903402
30.150753768844222	0.06298105835005617
30.55276381909548	0.057812187046080835
30.954773869346734	0.04989231588820253
31.35678391959799	0.040632366345062274
31.758793969849247	0.03193749106690758
32.16080402010051	0.02560870724505629
32.56281407035176	0.02193317656427038
32.96482412060302	0.02229315279851873
33.366834170854275	0.02668897748097678
33.76884422110553	0.033717566969711274
34.17085427135679	0.04211387483420254
34.572864321608044	0.049926490364384304
34.9748743718593	0.05579470573798959
35.37688442211056	0.05869412568694489
35.77889447236181	0.05805988937655261
36.18090452261307	0.05480473223812449
36.582914572864325	0.04914251338453325
36.98492462311558	0.04274527059329886
37.38693467336684	0.03682294220395021
37.788944723618094	0.03194090253480278
38.19095477386935	0.028893262503277124
38.59296482412061	0.02812663863436729
38.99497487437186	0.02975235868473247
39.39698492462312	0.03390286362289642
39.798994974874375	0.039317022476409225
40.20100502512563	0.04519897634894461
40.60301507537689	0.05045017428840186
41.005025125628144	0.05435357852412885
41.4070351758794	0.05614184607693886
41.80904522613066	0.0556415818808275
42.21105527638191	0.053147996437731014
42.61306532663317	0.0490135174728052
43.015075376884425	0.044109514127406164
43.41708542713568	0.03912991340753061
43.81909547738694	0.03511089871708925
44.221105527638194	0.032420918448463995
44.62311557788945	0.031643882277071184
45.02512562814071	0.03311580634664547
45.42713567839196	0.037003813164830236
45.82914572864322	0.04278221162805075
46.231155778894475	0.04921037840628233
46.63316582914573	0.055303316881974526
47.03517587939699	0.060029838659937454
47.437185929648244	0.06258601514561372
47.8391959798995	0.06255491625284833
48.24120603015076	0.06019193207547511
48.64321608040201	0.055584690831579776
49.04522613065327	0.04996548055081119
49.447236180904525	0.04418902480549074
49.84924623115578	0.039619971729357065
50.25125628140704	0.036635729851355076
50.653266331658294	0.03590974092400366
51.05527638190955	0.038317816928637734
51.45728643216081	0.04367440014247716
51.85929648241206	0.05146730697359943
52.26130653266332	0.05996844809194842
52.663316582914575	0.06786810609848808
53.06532663316583	0.07331766305666561
53.46733668341709	0.07560110169493077
53.869346733668344	0.07420636897607577
54.2713567839196	0.06994477728671193
54.67336683417086	0.06355938465218529
55.07537688442211	0.056766693097415374
55.47738693467337	0.05071216919108841
55.879396984924625	0.04633158993304877
56.28140703517588	0.043950715656636316
56.68341708542714	0.0435965405877376
57.085427135678394	0.04589473609799388
57.48743718592965	0.05073403325972612
57.88944723618091	0.05753816498111334
58.29145728643216	0.06476238405603663
58.69346733668342	0.07099140714933164
59.095477386934675	0.07471203344418967
59.49748743718593	0.07550723206949068
59.89949748743719	0.0731155232161435
60.301507537688444	0.06794799021668606
60.7035175879397	0.06115409988735295
61.10552763819096	0.05394474303962822
61.50753768844221	0.04796274460665843
61.90954773869347	0.043751784561942515
62.311557788944725	0.0419341390524584
62.71356783919598	0.04255411866364036
63.11557788944724	0.046147727510009826
63.517587939698494	0.051864084780721555
63.91959798994975	0.058807099231651075
64.32160804020101	0.06540487031530748
64.72361809045226	0.07016434772402355
65.12562814070353	0.07176604980541736
65.52763819095478	0.07012323433365177
65.92964824120604	0.06537488898728466
66.33165829145729	0.05870099349748333
66.73366834170855	0.05153484996476008
67.1356783919598	0.0456087771724244
67.53768844221106	0.041590545762520345
67.93969849246231	0.03969848771370636
68.34170854271358	0.03949990341536778
68.74371859296483	0.04108615711574094
69.14572864321609	0.044841667861009606
69.54773869346734	0.05035300817884123
69.9497487437186	0.05680055613294906
70.35175879396985	0.06291926817354876
70.75376884422111	0.06687388172613143
71.15577889447236	0.06819892297253263
71.55778894472363	0.06656262832231848
71.95979899497488	0.062417870151891555
72.36180904522614	0.0571284247401926
72.76381909547739	0.05172242507727348
73.16582914572865	0.047267936670223755
73.5678391959799	0.044505103296505845
73.96984924623116	0.042965847401742085
74.37185929648241	0.04280271428576519
74.77386934673368	0.04429386290517812
75.17587939698493	0.047716270831669086
75.57788944723619	0.053038129571562044
75.97989949748744	0.05919278026086081
76.3819095477387	0.06477552551050572
76.78391959798995	0.068265311795787
77.18592964824121	0.06880714077205823
77.58793969849246	0.06636604877815419
77.98994974874373	0.0615669097725875
78.39195979899498	0.05584021534849282
78.79396984924624	0.05086092150874165
79.19597989949749	0.04735820319881541
79.59798994974875	0.04577093201747469
80.0	0.045539036574718715
