0.0	0.02964422301446455
0.4020100502512563	0.027087337450234283
0.8040201005025126	0.02001296011304676
1.206030150753769	0.009765219083454433
1.6080402010050252	0.002641191482233354
2.0100502512562817	0.01245829359086264
2.412060301507538	0.02014987251866335
2.814070351758794	0.023611540416594926
3.2160804020100504	0.022050793412586672
3.6180904522613067	0.015775681006661456
4.020100502512563	0.005922860475433658
4.42211055276382	0.005829232541992502
4.824120603015076	0.01693935533375761
5.226130653266332	0.025891609806465283
5.628140703517588	0.030625786405969063
6.030150753768845	0.03060315745962443
6.432160804020101	0.025987990240771214
6.834170854271357	0.017510177849658422
7.236180904522613	0.007466285653464601
7.63819095477387	0.005467063172127002
8.040201005025127	0.013297154682650617
8.442211055276383	0.018024997257318834
8.84422110552764	0.01818106932245586
9.246231155778895	0.013444646307099035
9.648241206030152	0.00457635263205374
10.050251256281408	0.007425019303790971
10.452261306532664	0.01963915087237863
10.85427135678392	0.03076886236003305
11.256281407035177	0.03884935318741498
11.658291457286433	0.04252783989476884
12.06030150753769	0.04189922305312342
12.462311557788945	0.03731767009636924
12.864321608040202	0.029648046812911978
13.266331658291458	0.021128028866007852
13.668341708542714	0.013851333692553671
14.07035175879397	0.009779258776227826
14.472361809045227	0.008355955920705748
14.874371859296483	0.007219178166945682
15.27638190954774	0.007743573050880646
15.678391959798995	0.013890223594587895
16.080402010050253	0.02354406165743336
16.48241206030151	0.034195321980388514
16.884422110552766	0.044171159836691565
17.286432160804022	0.05222082687060333
17.68844221105528	0.05708083315331934
18.090452261306535	0.05818979948163644
18.49246231155779	0.05593714833731471
18.894472361809047	0.05103606579925909
19.296482412060303	0.044928082514545345
19.69849246231156	0.03909942735215298
20.100502512562816	0.03501183825436031
20.502512562814072	0.03368443584290529
20.90452261306533	0.035707815118255465
21.306532663316585	0.04106673696727971
21.70854271356784	0.04940577746390055
22.110552763819097	0.059040987385952884
22.512562814070353	0.06909447267373865
22.91457286432161	0.0776416873945214
23.316582914572866	0.08365035982808607
23.718592964824122	0.08614977219654499
24.12060301507538	0.08451991236518028
24.522613065326635	0.07920601137766897
24.92462311557789	0.07080888865250226
25.326633165829147	0.060521491441405596
25.728643216080403	0.04987162672925709
26.13065326633166	0.04091720320058292
26.532663316582916	0.035335517907723275
26.934673366834172	0.03452777729462651
27.33668341708543	0.03859777350558676
27.738693467336685	0.04694347548243048
28.14070351758794	0.057895209666587476
28.542713567839197	0.0693482736130816
28.944723618090453	0.07906103740494187
29.34673366834171	0.08548237751174476
29.748743718592966	0.08732613793050423
30.150753768844222	0.08405667062734891
30.55276381909548	0.07603353676599511
30.954773869346734	0.06473527096820494
31.35678391959799	0.051859850112125384
31.758793969849247	0.03959875194066156
32.16080402010051	0.029890372312152236
32.56281407035176	0.02432852652957337
32.96482412060302	0.02388850400002393
33.366834170854275	0.02840742071421637
33.76884422110553	0.03706243117925245
34.17085427135679	0.04819615096722201
34.572864321608044	0.05968710034714625
34.9748743718593	0.06970292293639237
35.37688442211056	0.07635342612734143
35.77889447236181	0.07839178372548185
36.18090452261307	0.07534427942921644
36.582914572864325	0.0680727553475253
36.98492462311558	0.0578584638913486
37.38693467336684	0.046395701631521576
37.788944723618094	0.035844376313343966
38.19095477386935	0.02842743557340518
38.59296482412061	0.02532497051397198
38.99497487437186	0.026924416703444087
39.39698492462312	0.03308587192804316
39.798994974874375	0.04234123277233278
40.20100502512563	0.05298292935230688
40.60301507537689	0.06286899188900806
41.005025125628144	0.07022564656808386
41.4070351758794	0.07431826434734415
41.80904522613066	0.0743798381131832
42.21105527638191	0.07084090426854704
42.61306532663317	0.06411935198166926
43.015075376884425	0.055596210870520725
43.41708542713568	0.04678720165780657
43.81909547738694	0.03911152935852397
44.221105527638194	0.03391786189610779
44.62311557788945	0.032242248176326885
45.02512562814071	0.034372178966827316
45.42713567839196	0.04003889256740413
45.82914572864322	0.04833462280318544
46.231155778894475	0.057589596769626605
46.63316582914573	0.06640341551581927
47.03517587939699	0.07288933798079392
47.437185929648244	0.07626864818099846
47.8391959798995	0.07569713826172889
48.24120603015076	0.07109487204029019
48.64321608040201	0.06351824802113246
49.04522613065327	0.05426175488579084
49.447236180904525	0.044998942128922234
49.84924623115578	0.037297569523250834
50.25125628140704	0.03262504850712267
50.653266331658294	0.03164581691163267
51.05527638190955	0.03437409439324889
51.45728643216081	0.0405879330558409
51.85929648241206	0.04906059039226352
52.26130653266332	0.058339581278331186
52.663316582914575	0.06676714174307528
53.06532663316583	0.07256402190735803
53.46733668341709	0.0747254105108889
53.869346733668344	0.07293979632131946
54.2713567839196	0.06735833063226525
54.67336683417086	0.05871821594806177
55.07537688442211	0.04892681934385947
55.47738693467337	0.040036038508019255
55.879396984924625	0.03359894367821832
56.28140703517588	0.030683946368136934
56.68341708542714	0.03170994875324239
57.085427135678394	0.03673499642751673
57.48743718592965	0.04495542404397521
57.88944723618091	0.054737601920024956
58.29145728643216	0.06441584821229666
58.69346733668342	0.07181267381699051
59.095477386934675	0.07549471032000496
59.49748743718593	0.0748636905371416
59.89949748743719	0.0699448438711826
60.301507537688444	0.0618834018478274
60.7035175879397	0.05199379946671312
61.10552763819096	0.04244911425287864
61.50753768844221	0.034913296108642015
61.90954773869347	0.031192614802695112
62.311557788944725	0.0318421624855564
62.71356783919598	0.03659683105827709
63.11557788944724	0.044697952801707956
63.517587939698494	0.054526579043972435
63.91959798994975	0.0640775375874787
64.32160804020101	0.07182451862678657
64.72361809045226	0.07600863447165809
65.12562814070353	0.07612722461113476
65.52763819095478	0.07210851916128991
65.92964824120604	0.06499614561388825
66.33165829145729	0.055880185946323935
66.73366834170855	0.04683507477545274
67.1356783919598	0.03943427439631838
67.53768844221106	0.03519993655111381
67.93969849246231	0.03485600226434565
68.34170854271358	0.03844506965908058
68.74371859296483	0.0450499185412936
69.14572864321609	0.05369043202174326
69.54773869346734	0.06248392981700672
69.9497487437186	0.06995522468605411
70.35175879396985	0.07471391952092596
70.75376884422111	0.07588994879219307
71.15577889447236	0.0734708391369231
71.55778894472363	0.06765718042824342
71.95979899497488	0.05962510035274008
72.36180904522614	0.050847425566076895
72.76381909547739	0.04293568759626767
73.16582914572865	0.037147039295784855
73.5678391959799	0.034944053215947256
73.96984924623116	0.03661236924190493
74.37185929648241	0.04187404757515763
74.77386934673368	0.04972249217250006
75.17587939698493	0.059064993140786906
75.57788944723619	0.06774832778737751
75.97989949748744	0.07442668041444309
76.3819095477387	0.07780985625712236
76.78391959798995	0.0773453458433088
77.18592964824121	0.07315773823043006
77.58793969849246	0.065793547050682
77.98994974874373	0.05667711444374958
78.39195979899498	0.047656928325995565
78.79396984924624	0.040174048713953386
79.19597989949749	0.035525307360847205
79.59798994974875	0.03462927071017623
80.0	0.03766191986640661
