0.0	0.012889126819360473
0.4020100502512563	0.00920497639888329
0.8040201005025126	0.005291776922136434
1.206030150753769	0.00521698793421144
1.6080402010050252	0.00875467564458743
2.0100502512562817	0.01177498570941403
2.412060301507538	0.013042498348592058
2.814070351758794	0.012056945032910786
3.2160804020100504	0.009016438133831859
3.6180904522613067	0.004969053061619621
4.020100502512563	0.0022706905627795045
4.42211055276382	0.005986164729030772
4.824120603015076	0.009222995273077269
5.226130653266332	0.010712687805122304
5.628140703517588	0.010622265632143272
6.030150753768845	0.008848474658443259
6.432160804020101	0.007797000832226347
6.834170854271357	0.00928745029653909
7.236180904522613	0.012900679233701015
7.63819095477387	0.01611843239378258
8.040201005025127	0.017854882156973235
8.442211055276383	0.017605109023799102
8.84422110552764	0.015129655397731904
9.246231155778895	0.011207808625044259
9.648241206030152	0.006906160177149687
10.050251256281408	0.005427396227137735
10.452261306532664	0.00793651665386135
10.85427135678392	0.010958826147171802
11.256281407035177	0.01344208976885497
11.658291457286433	0.015440634111202903
12.06030150753769	0.017621332233054354
12.462311557788945	0.020744785257204447
12.864321608040202	0.024363145138193973
13.266331658291458	0.02795346794009248
13.668341708542714	0.030607940981859854
14.07035175879397	0.03194648773277881
14.472361809045227	0.03185807140891332
14.874371859296483	0.030658329480221645
15.27638190954774	0.02889874614076529
15.678391959798995	0.027175489286474192
16.080402010050253	0.025620135153385258
16.48241206030151	0.024516637892686155
16.884422110552766	0.023072754908188994
17.286432160804022	0.021485853004359998
17.68844221105528	0.01928792766611035
18.090452261306535	0.017333103124735957
18.49246231155779	0.016376169963837832
18.894472361809047	0.01767496573235563
19.296482412060303	0.020927114971098157
19.69849246231156	0.025296373340741824
20.100502512562816	0.029819206773958756
20.502512562814072	0.033546509134421934
20.90452261306533	0.035841965545913415
21.306532663316585	0.03640340750918297
21.70854271356784	0.03492912284515908
22.110552763819097	0.03142994913841535
22.512562814070353	0.026919387843628385
22.91457286432161	0.0216727797623966
23.316582914572866	0.01662011903166095
23.718592964824122	0.012043184191269696
24.12060301507538	0.009190303306654603
24.522613065326635	0.009504999692602573
24.92462311557789	0.012956797677903786
25.326633165829147	0.01786245689943813
25.728643216080403	0.022775631380367152
26.13065326633166	0.027195007982067726
26.532663316582916	0.03050877340060661
26.934673366834172	0.03205318837888023
27.33668341708543	0.03214548546081587
27.738693467336685	0.030452774715744625
28.14070351758794	0.027349316100411025
28.542713567839197	0.023231351863279258
28.944723618090453	0.018924478778409796
29.34673366834171	0.014404414647364406
29.748743718592966	0.0109753587503468
30.150753768844222	0.010232588572887169
30.55276381909548	0.012614614247705158
30.954773869346734	0.01648281530496897
31.35678391959799	0.02066853647042558
31.758793969849247	0.024778788280465265
32.16080402010051	0.028042888413058693
32.56281407035176	0.03069883208722205
32.96482412060302	0.03244874536028514
33.366834170854275	0.033125597478322236
33.76884422110553	0.033007179786887296
34.17085427135679	0.03182439513391196
34.572864321608044	0.029919122306364992
34.9748743718593	0.027522700551355677
35.37688442211056	0.024952145610801217
35.77889447236181	0.022773744501990538
36.18090452261307	0.022068399549826232
36.582914572864325	0.023704777190682876
36.98492462311558	0.02718576105425819
37.38693467336684	0.03175067048418049
37.788944723618094	0.036598233457860965
38.19095477386935	0.04058240509288339
38.59296482412061	0.04328049801083437
38.99497487437186	0.04467344161346944
39.39698492462312	0.04485115514744546
39.798994974874375	0.043950349036235674
40.20100502512563	0.042257422857682594
40.60301507537689	0.0404661627202707
41.005025125628144	0.03879194754295757
41.4070351758794	0.03770384186452131
41.80904522613066	0.03815734914789973
42.21105527638191	0.04070847480002369
42.61306532663317	0.045242167661936825
43.015075376884425	0.05089170237797105
43.41708542713568	0.05678854745790216
43.81909547738694	0.06176883485351302
44.221105527638194	0.06510447023648926
44.62311557788945	0.06674000761614715
45.02512562814071	0.06632540596183362
45.42713567839196	0.06417854812182863
45.82914572864322	0.06055557217300793
46.231155778894475	0.055703038824509055
46.63316582914573	0.05029045689821417
47.03517587939699	0.04473563838895932
47.437185929648244	0.040484578144604336
47.8391959798995	0.03898395946171511
48.24120603015076	0.041406405793912734
48.64321608040201	0.047378741762233875
49.04522613065327	0.05502040233926973
49.447236180904525	0.0625068697582883
49.84924623115578	0.06806449860162817
50.25125628140704	0.07056765663971716
50.653266331658294	0.06957611777919202
51.05527638190955	0.06523994153097507
51.45728643216081	0.058658354995549444
51.85929648241206	0.05047496602295487
52.26130653266332	0.04242341048047204
52.663316582914575	0.03490297573729893
53.06532663316583	0.029772952039305793
53.46733668341709	0.0281596731520846
53.869346733668344	0.031219455600302055
54.2713567839196	0.03793827228207401
54.67336683417086	0.04633606833717664
55.07537688442211	0.05426084995489905
55.47738693467337	0.06027152398642867
55.879396984924625	0.06332846919126159
56.28140703517588	0.06312145495063529
56.68341708542714	0.0600654439032942
57.085427135678394	0.05442174453668643
57.48743718592965	0.047568681409566625
57.88944723618091	0.04041880625841418
58.29145728643216	0.033680754492870175
58.69346733668342	0.028854898088870224
59.095477386934675	0.02716562126338108
59.49748743718593	0.029234384398010117
59.89949748743719	0.03431185353327871
60.301507537688444	0.04094116993475294
60.7035175879397	0.04767914833470528
61.10552763819096	0.05362457898092606
61.50753768844221	0.05816001887051283
61.90954773869347	0.06087776025740651
62.311557788944725	0.06136664759100846
62.71356783919598	0.059590289192763976
63.11557788944724	0.05573048928670036
63.517587939698494	0.050040998648196514
63.91959798994975	0.04353557153651622
64.32160804020101	0.03757638268494427
64.72361809045226	0.033520327371201794
65.12562814070353	0.03265293541108769
65.52763819095478	0.034823396993541825
65.92964824120604	0.03995747330777817
66.33165829145729	0.046736689908517925
66.73366834170855	0.05416055694464823
67.1356783919598	0.0611595694407772
67.53768844221106	0.06653042963080848
67.93969849246231	0.06930490585856215
68.34170854271358	0.069065788066376
68.74371859296483	0.06546176103919457
69.14572864321609	0.058940380221031444
69.54773869346734	0.050636848727527176
69.9497487437186	0.04202737546417397
70.35175879396985	0.03472962783787588
70.75376884422111	0.031144294540609407
71.15577889447236	0.03203614602272137
71.55778894472363	0.036825881824841755
71.95979899497488	0.044175389879400735
72.36180904522614	0.0530031615145488
72.76381909547739	0.06203906149066506
73.16582914572865	0.06969108623441353
73.5678391959799	0.07505714103971854
73.96984924623116	0.0767351046821413
74.37185929648241	0.07466230090200714
74.77386934673368	0.06895093877771243
75.17587939698493	0.060350712966080924
75.57788944723619	0.05071588225631925
75.97989949748744	0.041796617163291375
76.3819095477387	0.035712340735153406
76.78391959798995	0.03459218064204762
77.18592964824121	0.03790145667757574
77.58793969849246	0.04415388508870747
77.98994974874373	0.05188705634776465
78.39195979899498	0.05967635535904908
78.79396984924624	0.0664778961267263
79.19597989949749	0.07111793638759219
79.59798994974875	0.07269596341122947
80.0	0.07078514711761233
