0.0	0.005053068882251965
0.4020100502512563	0.006163680830789211
0.8040201005025126	0.0063027397835803325
1.206030150753769	0.005549423716810794
1.6080402010050252	0.0037876715820592414
2.0100502512562817	0.0018049212246153603
2.412060301507538	0.00029682949941990476
2.814070351758794	0.001903798079846137
3.2160804020100504	0.0028319111082590323
3.6180904522613067	0.002626317320948295
4.020100502512563	0.0016914999732227016
4.42211055276382	0.0004285973405830183
4.824120603015076	0.00279037030654418
5.226130653266332	0.005345276294549203
5.628140703517588	0.007460606507652678
6.030150753768845	0.009145100489256501
6.432160804020101	0.009735579833469649
6.834170854271357	0.009484836962232571
7.236180904522613	0.00845433445747732
7.63819095477387	0.006655355764735371
8.040201005025127	0.004797846926346461
8.442211055276383	0.003253671332963475
8.84422110552764	0.0023615404927646725
9.246231155778895	0.0024504249455406207
9.648241206030152	0.0034878970388738904
10.050251256281408	0.005395419540725735
10.452261306532664	0.008346173599332164
10.85427135678392	0.011373376493284843
11.256281407035177	0.014438182885851946
11.658291457286433	0.01688169966023703
12.06030150753769	0.018693190664120368
12.462311557788945	0.019257587108123676
12.864321608040202	0.019193025374391597
13.266331658291458	0.01848842267482054
13.668341708542714	0.01741217317558453
14.07035175879397	0.016614747333789658
14.472361809045227	0.016403917597247897
14.874371859296483	0.01687520766576291
15.27638190954774	0.01866858124864124
15.678391959798995	0.021147357195830857
16.080402010050253	0.024383745614584958
16.48241206030151	0.027966660354468643
16.884422110552766	0.03158897280734318
17.286432160804022	0.034467868762452065
17.68844221105528	0.03630507006051644
18.090452261306535	0.03717378350154829
18.49246231155779	0.036328983350380525
18.894472361809047	0.03413874054483024
19.296482412060303	0.030630060065117974
19.69849246231156	0.026680859193088862
20.100502512562816	0.022645716858833403
20.502512562814072	0.01921300524540215
20.90452261306533	0.017772161062636734
21.306532663316585	0.018726315389946173
21.70854271356784	0.021944685489552182
22.110552763819097	0.027024073023534174
22.512562814070353	0.032936429004320096
22.91457286432161	0.038570926649777446
23.316582914572866	0.042988174516047986
23.718592964824122	0.045038385744349214
24.12060301507538	0.044747867506965563
24.522613065326635	0.04175145356826947
24.92462311557789	0.036884279359767604
25.326633165829147	0.031183300379485558
25.728643216080403	0.026074809192299903
26.13065326633166	0.02279323014928456
26.532663316582916	0.021558408213464362
26.934673366834172	0.022236403750463263
27.33668341708543	0.02403335247202276
27.738693467336685	0.02698616391187656
28.14070351758794	0.03119580049523456
28.542713567839197	0.03566776542539564
28.944723618090453	0.039608155241724056
29.34673366834171	0.042113919375318165
29.748743718592966	0.04244231042756205
30.150753768844222	0.04063559408446248
30.55276381909548	0.03704793821427489
30.954773869346734	0.032860289289495956
31.35678391959799	0.028980612318473653
31.758793969849247	0.026670593091467566
32.16080402010051	0.025997380714687136
32.56281407035176	0.026994470135834482
32.96482412060302	0.028922289537899333
33.366834170854275	0.0319943281712678
33.76884422110553	0.036173258872881274
34.17085427135679	0.04149848265447245
34.572864321608044	0.04717050984512937
34.9748743718593	0.052027019529227156
35.37688442211056	0.05539149491112744
35.77889447236181	0.056660831049813495
36.18090452261307	0.0559748267967783
36.582914572864325	0.053608905928579476
36.98492462311558	0.05095064663786334
37.38693467336684	0.04872361461483425
37.788944723618094	0.04781177517285319
38.19095477386935	0.0481435926664576
38.59296482412061	0.04946565300536572
38.99497487437186	0.051908721775734024
39.39698492462312	0.055538823963215286
39.798994974874375	0.05990162678600264
40.20100502512563	0.06469420427708025
40.60301507537689	0.0686647709310582
41.005025125628144	0.07087359539422158
41.4070351758794	0.07071636193351985
41.80904522613066	0.06786226251124838
42.21105527638191	0.06285953978012818
42.61306532663317	0.0570199857658793
43.015075376884425	0.052281853357481055
43.41708542713568	0.04955997520616819
43.81909547738694	0.049358427779185594
44.221105527638194	0.05109477196180466
44.62311557788945	0.05432889581497169
45.02512562814071	0.05912589373242264
45.42713567839196	0.06501077121353245
45.82914572864322	0.07086944262007688
46.231155778894475	0.07470096447031438
46.63316582914573	0.07560467202615369
47.03517587939699	0.07306425904024953
47.437185929648244	0.06730819890512542
47.8391959798995	0.05942818397878591
48.24120603015076	0.05157385335884925
48.64321608040201	0.04524060587392986
49.04522613065327	0.041677739950467814
49.447236180904525	0.041294858065952685
49.84924623115578	0.04352875704845778
50.25125628140704	0.04740593679258117
50.653266331658294	0.05250268252816479
51.05527638190955	0.0576516450245908
51.45728643216081	0.062199699692397234
51.85929648241206	0.06484975301365667
52.26130653266332	0.06510915927208225
52.663316582914575	0.06263625016638649
53.06532663316583	0.05767049812668503
53.46733668341709	0.05136949028061646
53.869346733668344	0.044708035019075644
54.2713567839196	0.039764738085910085
54.67336683417086	0.037847171403239
55.07537688442211	0.039466361876158026
55.47738693467337	0.04314197266238262
55.879396984924625	0.047764537782192494
56.28140703517588	0.052170255182497606
56.68341708542714	0.056003289787556976
57.085427135678394	0.058701968432717355
57.48743718592965	0.05974870897259656
57.88944723618091	0.059445842210148744
58.29145728643216	0.05731226886130123
58.69346733668342	0.05379848317745391
59.095477386934675	0.04936989789678667
59.49748743718593	0.04498955431593563
59.89949748743719	0.04219337049390567
60.301507537688444	0.04207315916822276
60.7035175879397	0.04438812441612219
61.10552763819096	0.0487289828461253
61.50753768844221	0.053251192051130145
61.90954773869347	0.05752321084961511
62.311557788944725	0.06057558624221134
62.71356783919598	0.0624505196300808
63.11557788944724	0.06279776180124222
63.517587939698494	0.06169284496001676
63.91959798994975	0.05928331106439881
64.32160804020101	0.05582411387734656
64.72361809045226	0.05166264885777029
65.12562814070353	0.04744471211252915
65.52763819095478	0.044230555699258996
65.92964824120604	0.04290837470274378
66.33165829145729	0.04482536765208248
66.73366834170855	0.04975765226678341
67.1356783919598	0.05644218779191518
67.53768844221106	0.06330465495191971
67.93969849246231	0.06882501380856601
68.34170854271358	0.07205911464021696
68.74371859296483	0.072144170235278
69.14572864321609	0.06936588599058456
69.54773869346734	0.06404369610581975
69.9497487437186	0.05726366709000724
70.35175879396985	0.050186598978545924
70.75376884422111	0.04389570910617135
71.15577889447236	0.039739862084754336
71.55778894472363	0.03837478671102183
71.95979899497488	0.04084974549621635
72.36180904522614	0.047019250190845095
72.76381909547739	0.05590161462800612
73.16582914572865	0.06524140780905466
73.5678391959799	0.07278271872156333
73.96984924623116	0.07706670414542063
74.37185929648241	0.07708944981054552
74.77386934673368	0.07306054461837555
75.17587939698493	0.06575816936838232
75.57788944723619	0.056536950062014736
75.97989949748744	0.04758777557918463
76.3819095477387	0.040257074599989603
76.78391959798995	0.035720729537583026
77.18592964824121	0.0341718354346164
77.58793969849246	0.03667382783600947
77.98994974874373	0.042695430215170006
78.39195979899498	0.051414794069359795
78.79396984924624	0.060770068779713485
79.19597989949749	0.06887668883226794
79.59798994974875	0.07369545232401789
80.0	0.07455649888614002
