0.0	0.03598657164348838
0.4020100502512563	0.030867263435468962
0.8040201005025126	0.020853706810893928
1.206030150753769	0.008230796593814753
1.6080402010050252	0.007164593500065384
2.0100502512562817	0.01868098397920074
2.412060301507538	0.026415766901543108
2.814070351758794	0.028885557424863838
3.2160804020100504	0.025342268703299708
3.6180904522613067	0.016616113588081065
4.020100502512563	0.004382926624231689
4.42211055276382	0.010284172078960492
4.824120603015076	0.022599537728934194
5.226130653266332	0.03134437839194274
5.628140703517588	0.03515396461287355
6.030150753768845	0.0330603085600709
6.432160804020101	0.025680991865602115
6.834170854271357	0.014360340662341922
7.236180904522613	0.004027163016862705
7.63819095477387	0.012739389883202104
8.040201005025127	0.022071663065647083
8.442211055276383	0.026528410373610884
8.84422110552764	0.025396695659420033
9.246231155778895	0.018565931765431733
9.648241206030152	0.007410057791761485
10.050251256281408	0.0070003966404385805
10.452261306532664	0.020407646727746014
10.85427135678392	0.03192436676677588
11.256281407035177	0.03900591922339588
11.658291457286433	0.04069518181558069
12.06030150753769	0.03714896469206914
12.462311557788945	0.028657679861163066
12.864321608040202	0.017100222332313744
13.266331658291458	0.0056049355676776515
13.668341708542714	0.008218228199755831
14.07035175879397	0.016082862561356423
14.472361809045227	0.019822509573074527
14.874371859296483	0.01895088693230943
15.27638190954774	0.014716968309219234
15.678391959798995	0.012688203761933378
16.080402010050253	0.01926839747148666
16.48241206030151	0.029710961218791264
16.884422110552766	0.0393940604950381
17.286432160804022	0.045782506316601516
17.68844221105528	0.04753919021941289
18.090452261306535	0.04434590640196725
18.49246231155779	0.03667168253925999
18.894472361809047	0.026215560842149356
19.296482412060303	0.01515005082469203
19.69849246231156	0.008144421821102175
20.100502512562816	0.011189384378576833
20.502512562814072	0.015688341440838582
20.90452261306533	0.017822276503507525
21.306532663316585	0.01895814296181418
21.70854271356784	0.02308779182849572
22.110552763819097	0.031631960084443356
22.512562814070353	0.042437289996324054
22.91457286432161	0.052295997670778395
23.316582914572866	0.05881099168207789
23.718592964824122	0.060423844328248114
24.12060301507538	0.056328297241923134
24.522613065326635	0.04744080692422774
24.92462311557789	0.03541466970859018
25.326633165829147	0.02301161032571457
25.728643216080403	0.014456020172463849
26.13065326633166	0.012856529323230826
26.532663316582916	0.014121428850396866
26.934673366834172	0.014440104397994421
27.33668341708543	0.01619686547552781
27.738693467336685	0.02360161450128341
28.14070351758794	0.034829488774985866
28.542713567839197	0.04720703516084693
28.944723618090453	0.05770460888189467
29.34673366834171	0.06415416040502178
29.748743718592966	0.06586209797850379
30.150753768844222	0.062443528380423274
30.55276381909548	0.05530037780388645
30.954773869346734	0.046132947770100685
31.35678391959799	0.037197975628916975
31.758793969849247	0.03101797784044602
32.16080402010051	0.02827455819442058
32.56281407035176	0.028514147286502867
32.96482412060302	0.031478554059239126
33.366834170854275	0.03787247418456001
33.76884422110553	0.04747658036840318
34.17085427135679	0.058773185436963096
34.572864321608044	0.06980994994318238
34.9748743718593	0.07804129060405138
35.37688442211056	0.08281546367897225
35.77889447236181	0.08289170967607666
36.18090452261307	0.07863932145923888
36.582914572864325	0.07097667739951431
36.98492462311558	0.06114688938357506
37.38693467336684	0.05124858558697805
37.788944723618094	0.04307468040523447
38.19095477386935	0.037893186916589244
38.59296482412061	0.036139319006524596
38.99497487437186	0.03767928997185686
39.39698492462312	0.0423095338590438
39.798994974874375	0.04993932608571029
40.20100502512563	0.05957111855944175
40.60301507537689	0.0693056638387728
41.005025125628144	0.07784293330329364
41.4070351758794	0.08298197473274237
41.80904522613066	0.08402252097398363
42.21105527638191	0.08096110584288346
42.61306532663317	0.07380097482511339
43.015075376884425	0.0641447499121834
43.41708542713568	0.053630089926184496
43.81909547738694	0.044677838222156104
44.221105527638194	0.03922683423509681
44.62311557788945	0.0375500683885528
45.02512562814071	0.03898269720340028
45.42713567839196	0.042610465524548974
45.82914572864322	0.048423435850077565
46.231155778894475	0.05587364672550985
46.63316582914573	0.0642972593495047
47.03517587939699	0.07154893335576624
47.437185929648244	0.0758565622980259
47.8391959798995	0.0763230110071104
48.24120603015076	0.07235969665213716
48.64321608040201	0.06518223910755463
49.04522613065327	0.05614896312760607
49.447236180904525	0.04810739521373693
49.84924623115578	0.04355676993504946
50.25125628140704	0.04303187503901083
50.653266331658294	0.04496086030464115
51.05527638190955	0.047659463011113644
51.45728643216081	0.051065597159835954
51.85929648241206	0.05542675057810653
52.26130653266332	0.0605065690790352
52.663316582914575	0.06536608306239082
53.06532663316583	0.0687502881990564
53.46733668341709	0.06953905337038747
53.869346733668344	0.06727002055406534
54.2713567839196	0.062175791247426414
54.67336683417086	0.0554432421733171
55.07537688442211	0.049334756459082446
55.47738693467337	0.04591822586213731
55.879396984924625	0.045816677524412236
56.28140703517588	0.047891955963051784
56.68341708542714	0.050438663952761156
57.085427135678394	0.05224870715269758
57.48743718592965	0.05332841072005372
57.88944723618091	0.05434004164160847
58.29145728643216	0.05607438756384451
58.69346733668342	0.05831123393944613
59.095477386934675	0.05992096017873673
59.49748743718593	0.06004463176169805
59.89949748743719	0.057777249541610155
60.301507537688444	0.05352557886507523
60.7035175879397	0.04881579303661249
61.10552763819096	0.04553734385838019
61.50753768844221	0.04554109539037533
61.90954773869347	0.048448901414443496
62.311557788944725	0.05201363091960372
62.71356783919598	0.054855053208315296
63.11557788944724	0.05594157630156393
63.517587939698494	0.056106082910315755
63.91959798994975	0.056246775776690495
64.32160804020101	0.05758321617978884
64.72361809045226	0.059775052769848715
65.12562814070353	0.06161258549575852
65.52763819095478	0.06206138478832514
65.92964824120604	0.06020523572745233
66.33165829145729	0.05621081553398832
66.73366834170855	0.05109999056384301
67.1356783919598	0.047091828167136016
67.53768844221106	0.04571395295392165
67.93969849246231	0.04735459673335773
68.34170854271358	0.05078710166631565
68.74371859296483	0.0542606281367455
69.14572864321609	0.05710552437943047
69.54773869346734	0.05922524592678219
69.9497487437186	0.061350984862741244
70.35175879396985	0.06327984736763267
70.75376884422111	0.06494223195966328
71.15577889447236	0.0652336743887067
71.55778894472363	0.06361629576331322
71.95979899497488	0.05928568560228126
72.36180904522614	0.05295329962363846
72.76381909547739	0.04632382159967415
73.16582914572865	0.04176186781818782
73.5678391959799	0.041890347517801865
73.96984924623116	0.045919947880284834
74.37185929648241	0.051411102935040164
74.77386934673368	0.056125056394848515
75.17587939698493	0.05935470431419637
75.57788944723619	0.061374240734575244
75.97989949748744	0.06304141792148851
76.3819095477387	0.06415667824898437
76.78391959798995	0.06445801435084356
77.18592964824121	0.06296507874718264
77.58793969849246	0.05916363262746427
77.98994974874373	0.053060417124728435
78.39195979899498	0.045494804947579015
78.79396984924624	0.03918874864954424
79.19597989949749	0.03676216953398103
79.59798994974875	0.03967809970055112
80.0	0.04602427067542823
