0.0	0.00634924337693492
0.4020100502512563	0.005749125376642156
0.8040201005025126	0.004318758533232393
1.206030150753769	0.002726711186903258
1.6080402010050252	0.0024540764978139727
2.0100502512562817	0.003626366313248549
2.412060301507538	0.005014730443659593
2.814070351758794	0.005727409362448575
3.2160804020100504	0.005544203130877252
3.6180904522613067	0.004527717086052678
4.020100502512563	0.003038932080369049
4.42211055276382	0.0024402934730831673
4.824120603015076	0.0036253390689067293
5.226130653266332	0.005250008501492388
5.628140703517588	0.0064750482612790745
6.030150753768845	0.006961973495726949
6.432160804020101	0.006385485015086655
6.834170854271357	0.005078147580817891
7.236180904522613	0.0036372361954930452
7.63819095477387	0.002839297175416667
8.040201005025127	0.003481508006219605
8.442211055276383	0.004545988717089242
8.84422110552764	0.005058760170336445
9.246231155778895	0.00463057209794896
9.648241206030152	0.0033525918323273366
10.050251256281408	0.0016642107737010626
10.452261306532664	0.0020222057281461562
10.85427135678392	0.004501613294767318
11.256281407035177	0.006749804953120777
11.658291457286433	0.008180076650664754
12.06030150753769	0.008766304568253475
12.462311557788945	0.008416251510426655
12.864321608040202	0.007178017066063693
13.266331658291458	0.005542880662841913
13.668341708542714	0.003924750321581842
14.07035175879397	0.0033451644354293235
14.472361809045227	0.003652937071116381
14.874371859296483	0.0036483955667254335
15.27638190954774	0.002944161182182946
15.678391959798995	0.001444507940071609
16.080402010050253	0.0008826394652895444
16.48241206030151	0.0032789828717062564
16.884422110552766	0.005698438301470303
17.286432160804022	0.007823907254353092
17.68844221105528	0.009214840239480953
18.090452261306535	0.009849466953675182
18.49246231155779	0.009811779887444545
18.894472361809047	0.009048748603315391
19.296482412060303	0.007778596977833697
19.69849246231156	0.006403957904527023
20.100502512562816	0.005288217157305388
20.502512562814072	0.004682462850207436
20.90452261306533	0.0038759993995121623
21.306532663316585	0.0029081220035718906
21.70854271356784	0.0027386383518265773
22.110552763819097	0.004353043239995644
22.512562814070353	0.006904727955421641
22.91457286432161	0.009477744500838244
23.316582914572866	0.011688510052155949
23.718592964824122	0.013359854447730796
24.12060301507538	0.014141376492400326
24.522613065326635	0.01386656312221383
24.92462311557789	0.012894715543623435
25.326633165829147	0.011355727315979846
25.728643216080403	0.009260685668547635
26.13065326633166	0.007378566274521177
26.532663316582916	0.005763225781073474
26.934673366834172	0.004691328728329376
27.33668341708543	0.004606780258311144
27.738693467336685	0.005622848174127005
28.14070351758794	0.007675769388164821
28.542713567839197	0.010195844683393148
28.944723618090453	0.012919475476355174
29.34673366834171	0.015195274891898985
29.748743718592966	0.0168969887767704
30.150753768844222	0.017562798368372552
30.55276381909548	0.017146642182238443
30.954773869346734	0.015872255732217535
31.35678391959799	0.0136911133517437
31.758793969849247	0.011173555486312098
32.16080402010051	0.008799971897720778
32.56281407035176	0.007145619906248989
32.96482412060302	0.0064015420438218494
33.366834170854275	0.0068118658567756325
33.76884422110553	0.008225108734001538
34.17085427135679	0.010549969984238954
34.572864321608044	0.013634058546154019
34.9748743718593	0.016680150807994044
35.37688442211056	0.01918166882196232
35.77889447236181	0.020870535432121817
36.18090452261307	0.021480250164290497
36.582914572864325	0.020981000099620267
36.98492462311558	0.019429217938364787
37.38693467336684	0.01715049275677926
37.788944723618094	0.014558493538337528
38.19095477386935	0.012156384544258025
38.59296482412061	0.010257305765781068
38.99497487437186	0.009244089498522607
39.39698492462312	0.009320130694139155
39.798994974874375	0.010345538153577319
40.20100502512563	0.012328229904494233
40.60301507537689	0.01489017041672345
41.005025125628144	0.017633593436326447
41.4070351758794	0.020331333350138165
41.80904522613066	0.022168746746330098
42.21105527638191	0.02295385925628005
42.61306532663317	0.022701480242312735
43.015075376884425	0.021423581547887652
43.41708542713568	0.019406696146793006
43.81909547738694	0.017081414998005282
44.221105527638194	0.015159916923461646
44.62311557788945	0.013737985843816922
45.02512562814071	0.01301142771922296
45.42713567839196	0.013219520831832962
45.82914572864322	0.014035074530286736
46.231155778894475	0.015629049586547462
46.63316582914573	0.017699759771385486
47.03517587939699	0.02017395013478426
47.437185929648244	0.022477796998152774
47.8391959798995	0.024299165023861882
48.24120603015076	0.025497321191169514
48.64321608040201	0.02578377124256518
49.04522613065327	0.02516621968998502
49.447236180904525	0.0239048944761348
49.84924623115578	0.022281373304863118
50.25125628140704	0.020588229604042246
50.653266331658294	0.019235393918001754
51.05527638190955	0.018285283530762902
51.45728643216081	0.018160872643495446
51.85929648241206	0.018764450056169134
52.26130653266332	0.020301863409922107
52.663316582914575	0.02262883248575019
53.06532663316583	0.025276429829861245
53.46733668341709	0.027860966427234134
53.869346733668344	0.030122337265194858
54.2713567839196	0.031554520600326055
54.67336683417086	0.032335599806100776
55.07537688442211	0.03255583722275842
55.47738693467337	0.03209143553883172
55.879396984924625	0.03120568300495179
56.28140703517588	0.03025770044425648
56.68341708542714	0.02916482000389356
57.085427135678394	0.028026431007716603
57.48743718592965	0.027244158562008663
57.88944723618091	0.027194943036349627
58.29145728643216	0.02758544915479951
58.69346733668342	0.028432761689679113
59.095477386934675	0.02969444962836786
59.49748743718593	0.031024391870642647
59.89949748743719	0.03218634201663258
60.301507537688444	0.0328891863186581
60.7035175879397	0.03315818622165704
61.10552763819096	0.03283545444659484
61.50753768844221	0.032369006314473245
61.90954773869347	0.03155878017092716
62.311557788944725	0.03044899181717744
62.71356783919598	0.02934711629983876
63.11557788944724	0.028372077360189214
63.517587939698494	0.027724778679598945
63.91959798994975	0.027406751490735987
64.32160804020101	0.027531640385558304
64.72361809045226	0.028130023187097924
65.12562814070353	0.028973222744527093
65.52763819095478	0.030101879617720963
65.92964824120604	0.031060864571438217
66.33165829145729	0.03180118998917373
66.73366834170855	0.03203312373015657
67.1356783919598	0.031787979245275724
67.53768844221106	0.030941017811408733
67.93969849246231	0.02966683661541288
68.34170854271358	0.028004283130666312
68.74371859296483	0.026443898183337887
69.14572864321609	0.025030715808167913
69.54773869346734	0.02395009035583123
69.9497487437186	0.023516979920927123
70.35175879396985	0.023815762555564203
70.75376884422111	0.0250275287863543
71.15577889447236	0.02685854946403877
71.55778894472363	0.028748899604267325
71.95979899497488	0.030762191679005485
72.36180904522614	0.03211480332330053
72.76381909547739	0.03293478028156184
73.16582914572865	0.033000815639379386
73.5678391959799	0.03200037260525649
73.96984924623116	0.030223623254276792
74.37185929648241	0.027879328188957643
74.77386934673368	0.025346173350215766
75.17587939698493	0.022909815215606727
75.57788944723619	0.021026786160626344
75.97989949748744	0.020433353549319667
76.3819095477387	0.021032600660450575
76.78391959798995	0.022598349921552734
77.18592964824121	0.025238693158843917
77.58793969849246	0.028448832721668225
77.98994974874373	0.03159039968224196
78.39195979899498	0.0342080385118025
78.79396984924624	0.03554488473082183
79.19597989949749	0.035704925921316265
79.59798994974875	0.03432075422044588
80.0	0.0318843892908056
