0.0	0.022230179120722927
0.4020100502512563	0.0227875320569535
0.8040201005025126	0.019423471221200132
1.206030150753769	0.012923594411768815
1.6080402010050252	0.004719680375795313
2.0100502512562817	0.004074755530707517
2.412060301507538	0.011118324282797026
2.814070351758794	0.015472427118067806
3.2160804020100504	0.016136623029516385
3.6180904522613067	0.012922865085666826
4.020100502512563	0.006446982519460656
4.42211055276382	0.00238857343795631
4.824120603015076	0.011591441419463354
5.226130653266332	0.0197200367521166
5.628140703517588	0.025405149784360665
6.030150753768845	0.027342055303516643
6.432160804020101	0.025577560035536163
6.834170854271357	0.020427890107745143
7.236180904522613	0.013096470142254818
7.63819095477387	0.004845318697252852
8.040201005025127	0.0033777346546547855
8.442211055276383	0.008251289815706473
8.84422110552764	0.010021222850917942
9.246231155778895	0.00822521142231811
9.648241206030152	0.003112930394864186
10.050251256281408	0.0047812669042573116
10.452261306532664	0.013531382230085917
10.85427135678392	0.021866796441762766
11.256281407035177	0.02817694134155651
11.658291457286433	0.031163950231355413
12.06030150753769	0.03028691055086351
12.462311557788945	0.025928721662427063
12.864321608040202	0.01879949522079461
13.266331658291458	0.010361682428406046
13.668341708542714	0.002182870041331715
14.07035175879397	0.003969032764267144
14.472361809045227	0.007196587811686206
14.874371859296483	0.00655245501191815
15.27638190954774	0.0022398594801593848
15.678391959798995	0.005597287152698045
16.080402010050253	0.014469203166337642
16.48241206030151	0.0235687403754492
16.884422110552766	0.031076081852193106
17.286432160804022	0.03604808185720975
17.68844221105528	0.03747260639346311
18.090452261306535	0.035238671081649776
18.49246231155779	0.030165686547554804
18.894472361809047	0.022946946142528648
19.296482412060303	0.01489405798372559
19.69849246231156	0.00795479156486957
20.100502512562816	0.005244327188862935
20.502512562814072	0.006868064018782827
20.90452261306533	0.008672090434137865
21.306532663316585	0.011680439430866236
21.70854271356784	0.017354827350967408
22.110552763819097	0.025339166363879267
22.512562814070353	0.03405702215828836
22.91457286432161	0.04167837969741166
23.316582914572866	0.046995208874597724
23.718592964824122	0.048946964214989536
24.12060301507538	0.0473550430544031
24.522613065326635	0.04252464613503039
24.92462311557789	0.03529533833588341
25.326633165829147	0.027422674957793998
25.728643216080403	0.02076355179189736
26.13065326633166	0.017337137125922702
26.532663316582916	0.017350607989059984
26.934673366834172	0.018934994524287686
27.33668341708543	0.02103925704990764
27.738693467336685	0.024084214091669873
28.14070351758794	0.02878783643326845
28.542713567839197	0.0344243931399517
28.944723618090453	0.04041206076673523
29.34673366834171	0.045024821995794516
29.748743718592966	0.04722446405558815
30.150753768844222	0.04665537267050782
30.55276381909548	0.04290785817984192
30.954773869346734	0.036590837395749004
31.35678391959799	0.02895016228583394
31.758793969849247	0.022188100477816327
32.16080402010051	0.018384398848456704
32.56281407035176	0.01845398289476053
32.96482412060302	0.020548653989311324
33.366834170854275	0.023135456350940997
33.76884422110553	0.026098988866198873
34.17085427135679	0.0297567437969641
34.572864321608044	0.03443166651510361
34.9748743718593	0.03918034829560344
35.37688442211056	0.04242888759612185
35.77889447236181	0.04308129553390527
36.18090452261307	0.04074060548143639
36.582914572864325	0.035308036374242555
36.98492462311558	0.027890641921804887
37.38693467336684	0.020581918922127244
37.788944723618094	0.016043804768680423
38.19095477386935	0.016587025936975634
38.59296482412061	0.019911944290864507
38.99497487437186	0.023085234520944384
39.39698492462312	0.025159665084439987
39.798994974874375	0.026952093765811563
40.20100502512563	0.02911056403255219
40.60301507537689	0.03168295185160171
41.005025125628144	0.034284555231380395
41.4070351758794	0.0356713658684859
41.80904522613066	0.03538411011014843
42.21105527638191	0.033229677582576986
42.61306532663317	0.02890684248342068
43.015075376884425	0.023587911946604305
43.41708542713568	0.018540039829143404
43.81909547738694	0.016573751601884776
44.221105527638194	0.018499432096582783
44.62311557788945	0.02257914181838095
45.02512562814071	0.02640581381643157
45.42713567839196	0.02941752301255755
45.82914572864322	0.03130567554740616
46.231155778894475	0.032701090091979065
46.63316582914573	0.034042972474189845
47.03517587939699	0.0354263631325692
47.437185929648244	0.03604684582404088
47.8391959798995	0.035186672167940275
48.24120603015076	0.03242827451634801
48.64321608040201	0.027533054567800606
49.04522613065327	0.02175359172113864
49.447236180904525	0.01648680992661471
49.84924623115578	0.015542606624308317
50.25125628140704	0.018965256865549177
50.653266331658294	0.023726038124609945
51.05527638190955	0.028131931137974447
51.45728643216081	0.03147318869968165
51.85929648241206	0.03368605154763286
52.26130653266332	0.03543153346159518
52.663316582914575	0.03671202952212352
53.06532663316583	0.03726904597980229
53.46733668341709	0.036791688467321525
53.869346733668344	0.03474711187481143
54.2713567839196	0.031187526100538633
54.67336683417086	0.026517621428425155
55.07537688442211	0.02174020495908958
55.47738693467337	0.018807745282044017
55.879396984924625	0.019392475928601553
56.28140703517588	0.02285206713538231
56.68341708542714	0.027707283868683662
57.085427135678394	0.03242080006534901
57.48743718592965	0.03623655471142885
57.88944723618091	0.03898959619630444
58.29145728643216	0.040487527223305654
58.69346733668342	0.04116594235333587
59.095477386934675	0.04022216816109604
59.49748743718593	0.03822191690400921
59.89949748743719	0.034324226978035444
60.301507537688444	0.029478886733527065
60.7035175879397	0.023807516096205864
61.10552763819096	0.019069177863701017
61.50753768844221	0.017564108304429456
61.90954773869347	0.020394030835270964
62.311557788944725	0.02564081299144496
62.71356783919598	0.03163178065158701
63.11557788944724	0.03692517928342811
63.517587939698494	0.041263263484215607
63.91959798994975	0.04428109059036471
64.32160804020101	0.04570230554737243
64.72361809045226	0.04508682925413794
65.12562814070353	0.042819236424502624
65.52763819095478	0.03880784782386774
65.92964824120604	0.033306466477686744
66.33165829145729	0.02694964776208708
66.73366834170855	0.02116665304967005
67.1356783919598	0.017947079720084757
67.53768844221106	0.019148446078655443
67.93969849246231	0.02389257354731088
68.34170854271358	0.030127294758246697
68.74371859296483	0.03652852625036152
69.14572864321609	0.042121482747295005
69.54773869346734	0.046239879104793574
69.9497487437186	0.048449248492118874
70.35175879396985	0.04850556615309951
70.75376884422111	0.04634119661358049
71.15577889447236	0.04212545423309186
71.55778894472363	0.03662418096342075
71.95979899497488	0.030555776487126957
72.36180904522614	0.025050769919276395
72.76381909547739	0.022355165122418436
73.16582914572865	0.023464598994720386
73.5678391959799	0.028398900207199106
73.96984924623116	0.03498908589345969
74.37185929648241	0.041861867859634645
74.77386934673368	0.047974222084718424
75.17587939698493	0.052768088672047256
75.57788944723619	0.05566405290151129
75.97989949748744	0.05605676661427737
76.3819095477387	0.054027181201186894
76.78391959798995	0.05021335408339324
77.18592964824121	0.044980636685676964
77.58793969849246	0.03954491462671684
77.98994974874373	0.03495169913915094
78.39195979899498	0.032576245444173854
78.79396984924624	0.033609757497526704
79.19597989949749	0.03776773184136677
79.59798994974875	0.04387169771617184
80.0	0.051002533766308776
