0.0	0.011081062017420866
0.4020100502512563	0.011969234854643589
0.8040201005025126	0.01096134359380784
1.206030150753769	0.008363487532262707
1.6080402010050252	0.004987671925789835
2.0100502512562817	0.002885938403505863
2.412060301507538	0.004864458098988163
2.814070351758794	0.007189502922327886
3.2160804020100504	0.007988590590087476
3.6180904522613067	0.006779132943171566
4.020100502512563	0.00398252896854101
4.42211055276382	0.0014120875366126413
4.824120603015076	0.005541211313922259
5.226130653266332	0.010271516803576006
5.628140703517588	0.013986770257271153
6.030150753768845	0.0162770698380459
6.432160804020101	0.016961302745540464
6.834170854271357	0.015700447888939206
7.236180904522613	0.013165185981829272
7.63819095477387	0.01011711784026675
8.040201005025127	0.007344685681220051
8.442211055276383	0.005451755875762047
8.84422110552764	0.004527113991005471
9.246231155778895	0.004247843209633997
9.648241206030152	0.005443809859500591
10.050251256281408	0.00918653163735344
10.452261306532664	0.014864465496435914
10.85427135678392	0.021167802262114593
11.256281407035177	0.027026872998755874
11.658291457286433	0.031672083377204334
12.06030150753769	0.03471793291513324
12.462311557788945	0.03621010586620157
12.864321608040202	0.03629754703316128
13.266331658291458	0.035603756824305985
13.668341708542714	0.03441605435364142
14.07035175879397	0.03324498497456755
14.472361809045227	0.03234911766583802
14.874371859296483	0.031839229733898536
15.27638190954774	0.0320428016470697
15.678391959798995	0.03307222378399065
16.080402010050253	0.034124365211031765
16.48241206030151	0.034712808765313845
16.884422110552766	0.03378565225131226
17.286432160804022	0.03055233364706448
17.68844221105528	0.025955749585167144
18.090452261306535	0.02404399730689056
18.49246231155779	0.02782047140135734
18.894472361809047	0.035418585150259786
19.296482412060303	0.045779768818183755
19.69849246231156	0.05617325682416213
20.100502512562816	0.06820035952287465
20.502512562814072	0.08037157765623956
20.90452261306533	0.09135642985742728
21.306532663316585	0.09806755310745954
21.70854271356784	0.09853772088797125
22.110552763819097	0.09214771837677467
22.512562814070353	0.08022188612102601
22.91457286432161	0.06453018815517135
23.316582914572866	0.04821098584745277
23.718592964824122	0.03431494677432759
24.12060301507538	0.026114504031374504
24.522613065326635	0.024995866161026208
24.92462311557789	0.030104428844418395
25.326633165829147	0.04115342999128508
25.728643216080403	0.055984912730758604
26.13065326633166	0.0720878047308794
26.532663316582916	0.08734069149343135
26.934673366834172	0.09702659746735312
27.33668341708543	0.09998655602787548
27.738693467336685	0.09577507396977794
28.14070351758794	0.08490104734453002
28.542713567839197	0.06998105658464272
28.944723618090453	0.05331346595226825
29.34673366834171	0.0378526780882728
29.748743718592966	0.026114172817465094
30.150753768844222	0.020428570341484372
30.55276381909548	0.021352502194619812
30.954773869346734	0.02902707910200855
31.35678391959799	0.04095684244111793
31.758793969849247	0.05557963646327926
32.16080402010051	0.07025269665678778
32.56281407035176	0.08186672897335702
32.96482412060302	0.08809097212396814
33.366834170854275	0.08837768876467503
33.76884422110553	0.08291718404480865
34.17085427135679	0.07324999099491286
34.572864321608044	0.06171187894515112
34.9748743718593	0.05084127649418616
35.37688442211056	0.04166846865491575
35.77889447236181	0.03599385847270695
36.18090452261307	0.03333754599335349
36.582914572864325	0.0355429637497891
36.98492462311558	0.042332224618303944
37.38693467336684	0.0530025919489497
37.788944723618094	0.0648878640930055
38.19095477386935	0.0751228340501525
38.59296482412061	0.08230296630795678
38.99497487437186	0.08496566311621676
39.39698492462312	0.08272581809490948
39.798994974874375	0.07664152643235503
40.20100502512563	0.06819406675206567
40.60301507537689	0.05929462646901622
41.005025125628144	0.05146330844807202
41.4070351758794	0.046030046273002306
41.80904522613066	0.0430567195409609
42.21105527638191	0.042153893198972565
42.61306532663317	0.04422624106854403
43.015075376884425	0.049288052899438696
43.41708542713568	0.05645989010918586
43.81909547738694	0.06404828226204237
44.221105527638194	0.07021856880260033
44.62311557788945	0.07304252976668775
45.02512562814071	0.07266685984211256
45.42713567839196	0.06867944978440352
45.82914572864322	0.062262592163782784
46.231155778894475	0.05501050040697934
46.63316582914573	0.04915914431272345
47.03517587939699	0.045883490084306464
47.437185929648244	0.04544231858666593
47.8391959798995	0.04620924804985325
48.24120603015076	0.04758107090252524
48.64321608040201	0.05011223468217416
49.04522613065327	0.053886565932648664
49.447236180904525	0.05846012703353224
49.84924623115578	0.06329282811718004
50.25125628140704	0.06732181463061819
50.653266331658294	0.06903141818809184
51.05527638190955	0.06810896896079925
51.45728643216081	0.06459460516872381
51.85929648241206	0.059012032101295055
52.26130653266332	0.05264034385354599
52.663316582914575	0.04752527896216345
53.06532663316583	0.044775250463554225
53.46733668341709	0.04412135773086554
53.869346733668344	0.04488144382186527
54.2713567839196	0.04628212795586674
54.67336683417086	0.0488338487670049
55.07537688442211	0.05316183993150431
55.47738693467337	0.05938837785343705
55.879396984924625	0.06618974580051382
56.28140703517588	0.0714298146230521
56.68341708542714	0.07347077033920385
57.085427135678394	0.07112509375316123
57.48743718592965	0.06488557768154744
57.88944723618091	0.05618418424051706
58.29145728643216	0.04707655317093264
58.69346733668342	0.0405748592074185
59.095477386934675	0.03841917951216788
59.49748743718593	0.03963033376205778
59.89949748743719	0.04170403445300176
60.301507537688444	0.04437031337961035
60.7035175879397	0.04721462470439414
61.10552763819096	0.05171546443074073
61.50753768844221	0.05671255902625699
61.90954773869347	0.061639721024953575
62.311557788944725	0.0648303716625165
62.71356783919598	0.06451723464042242
63.11557788944724	0.06065451301022986
63.517587939698494	0.053634940348915264
63.91959798994975	0.04544096669949481
64.32160804020101	0.03894297349134684
64.72361809045226	0.03676382783166609
65.12562814070353	0.03880336858904163
65.52763819095478	0.042953139866881596
65.92964824120604	0.047593433752689956
66.33165829145729	0.05191175181748433
66.73366834170855	0.05626131500302285
67.1356783919598	0.060465784438718286
67.53768844221106	0.06473333537550818
67.93969849246231	0.06778777234952063
68.34170854271358	0.06872350949717937
68.74371859296483	0.06683827432281039
69.14572864321609	0.062242465601109576
69.54773869346734	0.05562602594698026
69.9497487437186	0.048958840260772914
70.35175879396985	0.04435667700365691
70.75376884422111	0.04275965252604739
71.15577889447236	0.044095762234697966
71.55778894472363	0.046618104854583745
71.95979899497488	0.049732005752655434
72.36180904522614	0.05290069213490341
72.76381909547739	0.05633214429882697
73.16582914572865	0.06049705831275091
73.5678391959799	0.06502369574553715
73.96984924623116	0.06858459318005589
74.37185929648241	0.07021405566277182
74.77386934673368	0.06920604262694274
75.17587939698493	0.0654244449181305
75.57788944723619	0.05935444270230504
75.97989949748744	0.05200141142524169
76.3819095477387	0.045742994749793285
76.78391959798995	0.041580736204403494
77.18592964824121	0.04009200585728613
77.58793969849246	0.04009826501001192
77.98994974874373	0.041321575332673444
78.39195979899498	0.04373828733666809
78.79396984924624	0.048227305225575154
79.19597989949749	0.055006040590166685
79.59798994974875	0.06236669316849972
80.0	0.06845206755345448
