0.0	0.014237220066703476
0.4020100502512563	0.014247277959077506
0.8040201005025126	0.01234390532128174
1.206030150753769	0.009041010616527305
1.6080402010050252	0.005881250865722633
2.0100502512562817	0.006078169127573613
2.412060301507538	0.00850409271231691
2.814070351758794	0.010427425914845585
3.2160804020100504	0.010474177249200838
3.6180904522613067	0.008342052226483735
4.020100502512563	0.004457739781368877
4.42211055276382	0.002259624904215628
4.824120603015076	0.007221006918087021
5.226130653266332	0.012400199716010658
5.628140703517588	0.016047210167797882
6.030150753768845	0.01797885206576428
6.432160804020101	0.017922608327609883
6.834170854271357	0.015761558710179195
7.236180904522613	0.012469898886326264
7.63819095477387	0.008965220233231909
8.040201005025127	0.0067663089044942
8.442211055276383	0.006500284921706717
8.84422110552764	0.006302108520619851
9.246231155778895	0.0047225390822510085
9.648241206030152	0.002408870551782322
10.050251256281408	0.005040487021043901
10.452261306532664	0.010957618495738562
10.85427135678392	0.017240940206628492
11.256281407035177	0.022860744409873318
11.658291457286433	0.026359608172401416
12.06030150753769	0.02772341139812711
12.462311557788945	0.027711444534516388
12.864321608040202	0.02666252977555783
13.266331658291458	0.02684845147791153
13.668341708542714	0.027914280285835723
14.07035175879397	0.02633764869724593
14.472361809045227	0.02145609029407798
14.874371859296483	0.014036332901119983
15.27638190954774	0.011245966173968286
15.678391959798995	0.019920860601994474
16.080402010050253	0.03052560225289474
16.48241206030151	0.03820213911200623
16.884422110552766	0.041383773458694914
17.286432160804022	0.04092444433232327
17.68844221105528	0.03987163236707392
18.090452261306535	0.04177565219160286
18.49246231155779	0.046838639714526786
18.894472361809047	0.05245928643680473
19.296482412060303	0.05577159678172502
19.69849246231156	0.054890097734764734
20.100502512562816	0.049764803599060825
20.502512562814072	0.04185336180158265
20.90452261306533	0.03368173555770261
21.306532663316585	0.029423530059656162
21.70854271356784	0.033667269426718716
22.110552763819097	0.042763563144953366
22.512562814070353	0.05329337405066298
22.91457286432161	0.06114730535862448
23.316582914572866	0.06424875897092269
23.718592964824122	0.06297608872353977
24.12060301507538	0.05804386836730827
24.522613065326635	0.05115840454346541
24.92462311557789	0.0436979738054776
25.326633165829147	0.03733893034304835
25.728643216080403	0.03253925296499311
26.13065326633166	0.029455075278896063
26.532663316582916	0.02926012875060941
26.934673366834172	0.033202311949429957
27.33668341708543	0.040453100154498274
27.738693467336685	0.04934546226168058
28.14070351758794	0.05861289470579702
28.542713567839197	0.0650853367265064
28.944723618090453	0.06838463169889457
29.34673366834171	0.06708434241091202
29.748743718592966	0.061979997932508225
30.150753768844222	0.05316960493582338
30.55276381909548	0.0435293971449558
30.954773869346734	0.03412502287771049
31.35678391959799	0.026927368210504492
31.758793969849247	0.022403695445609877
32.16080402010051	0.01944239369319909
32.56281407035176	0.01827729252534503
32.96482412060302	0.021601427185616605
33.366834170854275	0.028634067997214387
33.76884422110553	0.03686636881559839
34.17085427135679	0.04318667016066444
34.572864321608044	0.04498568127753217
34.9748743718593	0.04228598355902894
35.37688442211056	0.034824834960922646
35.77889447236181	0.024673504834566047
36.18090452261307	0.015751163241622426
36.582914572864325	0.01619698342116594
36.98492462311558	0.024289272816733296
37.38693467336684	0.0322667963008262
37.788944723618094	0.036795141094844996
38.19095477386935	0.038937621107071343
38.59296482412061	0.038272735223918136
38.99497487437186	0.03758756320692981
39.39698492462312	0.03705291692780557
39.798994974874375	0.036687893891466136
40.20100502512563	0.0349684730063173
40.60301507537689	0.03106277534030284
41.005025125628144	0.02482767158703282
41.4070351758794	0.01817867726990304
41.80904522613066	0.016903012370740062
42.21105527638191	0.023180119320981192
42.61306532663317	0.03167711182069225
43.015075376884425	0.03914579240096973
43.41708542713568	0.044217504158663726
43.81909547738694	0.04736814512560984
44.221105527638194	0.04989642046142244
44.62311557788945	0.05295701590184394
45.02512562814071	0.055696714934884796
45.42713567839196	0.05832810872813367
45.82914572864322	0.05924554568182975
46.231155778894475	0.05756276728355216
46.63316582914573	0.0533181593610471
47.03517587939699	0.047350815623382864
47.437185929648244	0.040891465929565766
47.8391959798995	0.03507348437714401
48.24120603015076	0.032315015130307836
48.64321608040201	0.032599000792809266
49.04522613065327	0.03553245888722765
49.447236180904525	0.039092211166912055
49.84924623115578	0.04277464849103823
50.25125628140704	0.04709526994304653
50.653266331658294	0.05250232848983348
51.05527638190955	0.05884825133568401
51.45728643216081	0.06401753220241621
51.85929648241206	0.06603592560893357
52.26130653266332	0.06359885693721425
52.663316582914575	0.05621273991097855
53.06532663316583	0.045189096303950516
53.46733668341709	0.03235044812868819
53.869346733668344	0.02043252384966353
54.2713567839196	0.013957035813983007
54.67336683417086	0.014702932820896367
55.07537688442211	0.017446354309060476
55.47738693467337	0.018714727962704965
55.879396984924625	0.020391523626764253
56.28140703517588	0.02453240991622673
56.68341708542714	0.03125633162181032
57.085427135678394	0.03791227207265464
57.48743718592965	0.042598854893265196
57.88944723618091	0.04387753075710023
58.29145728643216	0.04090846731711521
58.69346733668342	0.03374598052218473
59.095477386934675	0.024075700666623866
59.49748743718593	0.014375614543202946
59.89949748743719	0.011136705179606663
60.301507537688444	0.016568439877453822
60.7035175879397	0.022204076840813967
61.10552763819096	0.024357322239672262
61.50753768844221	0.023195657233043572
61.90954773869347	0.021000035534645318
62.311557788944725	0.02210274617873898
62.71356783919598	0.028067422582852747
63.11557788944724	0.03534659586240628
63.517587939698494	0.0408171699554386
63.91959798994975	0.04270531826415347
64.32160804020101	0.04061637652232951
64.72361809045226	0.03474890822781553
65.12562814070353	0.026771716490094476
65.52763819095478	0.018581685683035334
65.92964824120604	0.013416590927292032
66.33165829145729	0.013107964507808656
66.73366834170855	0.015250962406138439
67.1356783919598	0.018491276486609025
67.53768844221106	0.02376921075030903
67.93969849246231	0.03220593763349904
68.34170854271358	0.042547040079776825
68.74371859296483	0.05254354384717823
69.14572864321609	0.06075746200468833
69.54773869346734	0.06554946731390267
69.9497487437186	0.06595035535290389
70.35175879396985	0.06209840562847737
70.75376884422111	0.05433955895412943
71.15577889447236	0.044170905928404405
71.55778894472363	0.03357013060777903
71.95979899497488	0.02435511303055638
72.36180904522614	0.018827439359684343
72.76381909547739	0.018250353582915525
73.16582914572865	0.022359019708923056
73.5678391959799	0.03022849433044611
73.96984924623116	0.04054075470740903
74.37185929648241	0.05171143995966315
74.77386934673368	0.06154813716508686
75.17587939698493	0.06759986438247809
75.57788944723619	0.0688553510038066
75.97989949748744	0.06450724863514859
76.3819095477387	0.05555515459920385
76.78391959798995	0.04351150926190986
77.18592964824121	0.031035730556121084
77.58793969849246	0.021278926554200474
77.98994974874373	0.015793852138496205
78.39195979899498	0.012945690646817443
78.79396984924624	0.01067176159155167
79.19597989949749	0.012193123658284066
79.59798994974875	0.02069051350623789
80.0	0.03225462435412366
