0.0	0.011632287358501584
0.4020100502512563	0.011293326174355632
0.8040201005025126	0.009565114071678787
1.206030150753769	0.0070202926635834105
1.6080402010050252	0.005154163086616071
2.0100502512562817	0.005911209714357298
2.412060301507538	0.007803936087928416
2.814070351758794	0.009002356245191063
3.2160804020100504	0.008591759155990758
3.6180904522613067	0.006507566217461158
4.020100502512563	0.0033046429966033276
4.42211055276382	0.0026603314621713907
4.824120603015076	0.006749061306334509
5.226130653266332	0.010694413921679977
5.628140703517588	0.013584046649397632
6.030150753768845	0.014956535141171646
6.432160804020101	0.014709834998928958
6.834170854271357	0.013183623739558064
7.236180904522613	0.011330559317558926
7.63819095477387	0.009995584047423543
8.040201005025127	0.009345463736441812
8.442211055276383	0.009101338295556776
8.84422110552764	0.008068833059701835
9.246231155778895	0.006478953662115075
9.648241206030152	0.006426091291022297
10.050251256281408	0.01022125213345126
10.452261306532664	0.016150667650345573
10.85427135678392	0.022425605373407216
11.256281407035177	0.028019496622224867
11.658291457286433	0.03190547460455827
12.06030150753769	0.034081438559527624
12.462311557788945	0.03433548529853289
12.864321608040202	0.03330205021309145
13.266331658291458	0.031615616017546325
13.668341708542714	0.029472616882969836
14.07035175879397	0.026420335333221752
14.472361809045227	0.022254907504480885
14.874371859296483	0.016531599676344787
15.27638190954774	0.008012082872875574
15.678391959798995	0.002365277236825928
16.080402010050253	0.010084703225892857
16.48241206030151	0.014493145264656468
16.884422110552766	0.012557435452905477
17.286432160804022	0.009046417644361817
17.68844221105528	0.016580138867275083
18.090452261306535	0.03125728094212808
18.49246231155779	0.04587413733515146
18.894472361809047	0.0550529557345271
19.296482412060303	0.05770345430834932
19.69849246231156	0.05376746837951692
20.100502512562816	0.04347141753311828
20.502512562814072	0.031306313037430714
20.90452261306533	0.020657095005796777
21.306532663316585	0.0179464548075737
21.70854271356784	0.02072304745861705
22.110552763819097	0.02129887220835881
22.512562814070353	0.016154955163087462
22.91457286432161	0.006127925519232415
23.316582914572866	0.0083102500037328
23.718592964824122	0.022550143819792402
24.12060301507538	0.03539340370572564
24.522613065326635	0.04478584028038958
24.92462311557789	0.049860746477673384
25.326633165829147	0.05069111600440631
25.728643216080403	0.046787806342065454
26.13065326633166	0.03939871861292384
26.532663316582916	0.030288352138133672
26.934673366834172	0.023515324089566168
27.33668341708543	0.022938793779823486
27.738693467336685	0.025873929506763205
28.14070351758794	0.02702374165003759
28.542713567839197	0.024015684215948692
28.944723618090453	0.016996839076055936
29.34673366834171	0.009396328842774967
29.748743718592966	0.014573655707486727
30.150753768844222	0.026853227573984194
30.55276381909548	0.03829246562835283
30.954773869346734	0.04625738317123068
31.35678391959799	0.04911052019281735
31.758793969849247	0.04751251518239093
32.16080402010051	0.04275075109118976
32.56281407035176	0.03852624032004366
32.96482412060302	0.03864507538117164
33.366834170854275	0.043135300297156544
33.76884422110553	0.04916438799191149
34.17085427135679	0.052810978956613706
34.572864321608044	0.05269996936405643
34.9748743718593	0.04851375018175908
35.37688442211056	0.04163980895898362
35.77889447236181	0.03440516788616116
36.18090452261307	0.02927714821448695
36.582914572864325	0.026533946529223383
36.98492462311558	0.02497446702751408
37.38693467336684	0.02343329943773457
37.788944723618094	0.023833803377794532
38.19095477386935	0.02919023922679565
38.59296482412061	0.03966805846340831
38.99497487437186	0.0519881291589455
39.39698492462312	0.0629498620313682
39.798994974874375	0.07067515957462298
40.20100502512563	0.07426940206201131
40.60301507537689	0.07312238442746746
41.005025125628144	0.06849536549478562
41.4070351758794	0.06141183093125513
41.80904522613066	0.054444515269204394
42.21105527638191	0.048070384924186395
42.61306532663317	0.04354863458967381
43.015075376884425	0.04133424388351152
43.41708542713568	0.0413013360818603
43.81909547738694	0.04334323423982791
44.221105527638194	0.04687942002306488
44.62311557788945	0.051113271523931705
45.02512562814071	0.05498407243201455
45.42713567839196	0.057692418067115815
45.82914572864322	0.05807160597587515
46.231155778894475	0.0561674735047515
46.63316582914573	0.05341552037490878
47.03517587939699	0.049611291802334034
47.437185929648244	0.04574032032402401
47.8391959798995	0.042139467861521514
48.24120603015076	0.03869024720931448
48.64321608040201	0.036351471974736885
49.04522613065327	0.03480647236663688
49.447236180904525	0.03487284882350314
49.84924623115578	0.03561777547860677
50.25125628140704	0.03726682825477897
50.653266331658294	0.038644946499400715
51.05527638190955	0.03990143759407001
51.45728643216081	0.04044481102082206
51.85929648241206	0.039818240853867946
52.26130653266332	0.0382191466027241
52.663316582914575	0.0356135118418479
53.06532663316583	0.032308935165433136
53.46733668341709	0.02794362672822241
53.869346733668344	0.02338030013916131
54.2713567839196	0.021039573670523226
54.67336683417086	0.02143834347784735
55.07537688442211	0.024694018684338008
55.47738693467337	0.028927352565024416
55.879396984924625	0.0324865755519416
56.28140703517588	0.03493594357624223
56.68341708542714	0.03625241042509562
57.085427135678394	0.036710262755211207
57.48743718592965	0.03746863263298564
57.88944723618091	0.03789574454044274
58.29145728643216	0.038131026089080124
58.69346733668342	0.03730166215309893
59.095477386934675	0.034939024046695424
59.49748743718593	0.03189006842146311
59.89949748743719	0.029182812636547158
60.301507537688444	0.028715904645776287
60.7035175879397	0.03103766400367311
61.10552763819096	0.03501613625213535
61.50753768844221	0.039095486157431455
61.90954773869347	0.04191210573800156
62.311557788944725	0.043266341443466735
62.71356783919598	0.04318102203902925
63.11557788944724	0.04266853815918765
63.517587939698494	0.042643785250705904
63.91959798994975	0.04320291349461725
64.32160804020101	0.04458744257719545
64.72361809045226	0.045933153834940454
65.12562814070353	0.046891029103152716
65.52763819095478	0.04763343403084781
65.92964824120604	0.04779449900760235
66.33165829145729	0.04752515687085778
66.73366834170855	0.046693116532898774
67.1356783919598	0.04558577858478431
67.53768844221106	0.04371619164508729
67.93969849246231	0.042157914763885425
68.34170854271358	0.04075043424387935
68.74371859296483	0.04021138451505149
69.14572864321609	0.040453644510356455
69.54773869346734	0.041731028739169805
69.9497487437186	0.043438539159029156
70.35175879396985	0.04515799135367386
70.75376884422111	0.046361757899951436
71.15577889447236	0.04655196145233495
71.55778894472363	0.04556641754634061
71.95979899497488	0.04376165608374125
72.36180904522614	0.04146154709968216
72.76381909547739	0.039128009112231736
73.16582914572865	0.0374034159433428
73.5678391959799	0.036427692529478396
73.96984924623116	0.03647953857129327
74.37185929648241	0.03717201381889572
74.77386934673368	0.03842162942016892
75.17587939698493	0.040083102229684746
75.57788944723619	0.041341752411766956
75.97989949748744	0.04164395467337796
76.3819095477387	0.040472170368407404
76.78391959798995	0.037943337617251834
77.18592964824121	0.033947595909944416
77.58793969849246	0.02950546764078495
77.98994974874373	0.025620112730670896
78.39195979899498	0.023314567179928723
78.79396984924624	0.02339658127622398
79.19597989949749	0.0250713264044884
79.59798994974875	0.027518620148491452
80.0	0.030352267600550736
