0.0	0.022842256048670302
0.4020100502512563	0.01884290799283459
0.8040201005025126	0.011892070507066687
1.206030150753769	0.0037267762877747474
1.6080402010050252	0.006636357467443249
2.0100502512562817	0.014143874203819146
2.412060301507538	0.018778620756903792
2.814070351758794	0.02001777727328331
3.2160804020100504	0.017231929115834415
3.6180904522613067	0.010993524705785528
4.020100502512563	0.003028984564169567
4.42211055276382	0.005869500011195688
4.824120603015076	0.013723488859586564
5.226130653266332	0.018825546130272784
5.628140703517588	0.020318985693820835
6.030150753768845	0.01812133297244446
6.432160804020101	0.012604025350313675
6.834170854271357	0.0052064941884231485
7.236180904522613	0.006271880803241971
7.63819095477387	0.014093134985344386
8.040201005025127	0.020181852077852423
8.442211055276383	0.0231213085106065
8.84422110552764	0.02246435646275665
9.246231155778895	0.018309614534214577
9.648241206030152	0.011711340535434414
10.050251256281408	0.004256540091914283
10.452261306532664	0.005712929824806145
10.85427135678392	0.011382568890400412
11.256281407035177	0.01439658818973293
11.658291457286433	0.013846724267550407
12.06030150753769	0.009959654331421115
12.462311557788945	0.004846842916951332
12.864321608040202	0.00936007901547441
13.266331658291458	0.01832373815630433
13.668341708542714	0.02662339533032667
14.07035175879397	0.032500558514403005
14.472361809045227	0.03505659680830067
14.874371859296483	0.033935004795369796
15.27638190954774	0.029331129903982307
15.678391959798995	0.022502811138733664
16.080402010050253	0.014696181922160354
16.48241206030151	0.008763546144544436
16.884422110552766	0.007695319566781896
17.286432160804022	0.0089370483727242
17.68844221105528	0.009333337238776222
18.090452261306535	0.011175531851641418
18.49246231155779	0.017937808841213928
18.894472361809047	0.027870487079206124
19.296482412060303	0.038764809599070124
19.69849246231156	0.04856465870417672
20.100502512562816	0.05587225549793162
20.502512562814072	0.05950632349377947
20.90452261306533	0.0590832660476646
21.306532663316585	0.05522276792003252
21.70854271356784	0.04890759220044909
22.110552763819097	0.041811294224263204
22.512562814070353	0.035523435002448964
22.91457286432161	0.031541834741813
23.316582914572866	0.030670095704041257
23.718592964824122	0.033522605941126736
24.12060301507538	0.04073844638788034
24.522613065326635	0.05108512741292011
24.92462311557789	0.06330195106776537
25.326633165829147	0.07537330316624256
25.728643216080403	0.08493778500359003
26.13065326633166	0.09006513802607963
26.532663316582916	0.0899640325240593
26.934673366834172	0.084416734141077
27.33668341708543	0.07444707663045375
27.738693467336685	0.06191416950524091
28.14070351758794	0.04917299567915713
28.542713567839197	0.03880838140945632
28.944723618090453	0.032631676880240476
29.34673366834171	0.0318599187436471
29.748743718592966	0.03676430071001792
30.150753768844222	0.046592145404385846
30.55276381909548	0.05930909095413127
30.954773869346734	0.07243309299513248
31.35678391959799	0.08302114037644602
31.758793969849247	0.08926607769205963
32.16080402010051	0.08977094741316446
32.56281407035176	0.08459917670160094
32.96482412060302	0.07454802947324339
33.366834170854275	0.061286884397664346
33.76884422110553	0.04702991252822325
34.17085427135679	0.03406396756390088
34.572864321608044	0.02453569663807129
34.9748743718593	0.020038888603075893
35.37688442211056	0.02086384057771195
35.77889447236181	0.026993334803108244
36.18090452261307	0.03688701081745402
36.582914572864325	0.04866479276053701
36.98492462311558	0.06032189305341747
37.38693467336684	0.06942740678527667
37.788944723618094	0.07467648453997394
38.19095477386935	0.07520098364031326
38.59296482412061	0.07115236535335216
38.99497487437186	0.06331872312952405
39.39698492462312	0.053125210360672824
39.798994974874375	0.04197809360250944
40.20100502512563	0.03226042742329839
40.60301507537689	0.02549427924232457
41.005025125628144	0.022685387660884813
41.4070351758794	0.024426049822909027
41.80904522613066	0.030486700090434814
42.21105527638191	0.03948444723665656
42.61306532663317	0.05012223165396318
43.015075376884425	0.06031168756605408
43.41708542713568	0.06856703503118637
43.81909547738694	0.0733914578850756
44.221105527638194	0.0744356447575609
44.62311557788945	0.07162041832603307
45.02512562814071	0.0653975039500021
45.42713567839196	0.05672549515683497
45.82914572864322	0.047426264557573115
46.231155778894475	0.03874227621115439
46.63316582914573	0.03240346983193212
47.03517587939699	0.02951970413798749
47.437185929648244	0.030522001293713956
47.8391959798995	0.035701177941441176
48.24120603015076	0.04354013907851913
48.64321608040201	0.053197717188131
49.04522613065327	0.06259586205026278
49.447236180904525	0.07022933953699718
49.84924623115578	0.07474223202152343
50.25125628140704	0.07541449305105491
50.653266331658294	0.0718451617959574
51.05527638190955	0.06468559841362743
51.45728643216081	0.054988752108433916
51.85929648241206	0.044205167297037135
52.26130653266332	0.034349450948077495
52.663316582914575	0.027162051178309488
53.06532663316583	0.024148376652008897
53.46733668341709	0.02566830818405555
53.869346733668344	0.031730513032711787
54.2713567839196	0.041162259306331515
54.67336683417086	0.052304835074507394
55.07537688442211	0.06361471353535117
55.47738693467337	0.0723987719611677
55.879396984924625	0.07713038612389465
56.28140703517588	0.07693713867135796
56.68341708542714	0.07163261123689815
57.085427135678394	0.06200833815435125
57.48743718592965	0.04976765547121084
57.88944723618091	0.037232373364614824
58.29145728643216	0.02711330328757604
58.69346733668342	0.02119397139723178
59.095477386934675	0.020960838480243296
59.49748743718593	0.02623020472749423
59.89949748743719	0.03594568625586577
60.301507537688444	0.04845632370467731
60.7035175879397	0.06121653640378868
61.10552763819096	0.07200678080686491
61.50753768844221	0.0786536129757276
61.90954773869347	0.08013485948138226
62.311557788944725	0.07642741591977983
62.71356783919598	0.06790474691727438
63.11557788944724	0.05657594506505946
63.517587939698494	0.04449080403078064
63.91959798994975	0.03394400274748315
64.32160804020101	0.026914074457158488
64.72361809045226	0.024516992658561297
65.12562814070353	0.02731234222072034
65.52763819095478	0.034821538740037385
65.92964824120604	0.045756295256386664
66.33165829145729	0.058162539708332975
66.73366834170855	0.06963829029444542
67.1356783919598	0.07831850481278639
67.53768844221106	0.08235053469341626
67.93969849246231	0.08128746969974995
68.34170854271358	0.07522024299182442
68.74371859296483	0.06513767466211677
69.14572864321609	0.053170553003521616
69.54773869346734	0.041859685089944455
69.9497487437186	0.03294530209194
70.35175879396985	0.028056654518719453
70.75376884422111	0.02802942721869381
71.15577889447236	0.03258241014188319
71.55778894472363	0.0414649839967521
71.95979899497488	0.05268813417752834
72.36180904522614	0.06431673486533553
72.76381909547739	0.07417452943935468
73.16582914572865	0.08017268891642847
73.5678391959799	0.08166737735515031
73.96984924623116	0.07810402295079916
74.37185929648241	0.0704582963749234
74.77386934673368	0.06045742359019039
75.17587939698493	0.04950797739353612
75.57788944723619	0.03992438142573497
75.97989949748744	0.033528161441091456
76.3819095477387	0.03131672643677637
76.78391959798995	0.033451105729457975
77.18592964824121	0.03946155432731175
77.58793969849246	0.048550155759529014
77.98994974874373	0.05864241392660542
78.39195979899498	0.0679796149120545
78.79396984924624	0.07483489316954067
79.19597989949749	0.07812093557880243
79.59798994974875	0.07740208696758626
80.0	0.07283844231996756
