0.0	0.010347634743268958
0.4020100502512563	0.011124074302947689
0.8040201005025126	0.010181325242148865
1.206030150753769	0.007902721178435431
1.6080402010050252	0.005036453889178167
2.0100502512562817	0.0038152565513218614
2.412060301507538	0.0055571244871493045
2.814070351758794	0.007189167467750644
3.2160804020100504	0.007870271949698327
3.6180904522613067	0.006909465876654879
4.020100502512563	0.004119130236314417
4.42211055276382	0.0017926598106243028
4.824120603015076	0.00477345455167687
5.226130653266332	0.008929219246042073
5.628140703517588	0.012130692842938953
6.030150753768845	0.013943749530030369
6.432160804020101	0.014230440600191843
6.834170854271357	0.013105332672073802
7.236180904522613	0.010853194780307763
7.63819095477387	0.008908887748750037
8.040201005025127	0.007615920360280579
8.442211055276383	0.007185991471310599
8.84422110552764	0.006852709417715178
9.246231155778895	0.005561227690314801
9.648241206030152	0.004403344265091444
10.050251256281408	0.0060250690699983804
10.452261306532664	0.01030935854238917
10.85427135678392	0.015373972377879627
11.256281407035177	0.020037094243348767
11.658291457286433	0.023647436655868583
12.06030150753769	0.02614068454157894
12.462311557788945	0.027571061056911338
12.864321608040202	0.02800639811750475
13.266331658291458	0.02815796394372332
13.668341708542714	0.02794248245790045
14.07035175879397	0.027428506975117728
14.472361809045227	0.026831144970132465
14.874371859296483	0.02607272435747942
15.27638190954774	0.025482799705379734
15.678391959798995	0.025545147701224662
16.080402010050253	0.026768601790739772
16.48241206030151	0.029436787130099014
16.884422110552766	0.03258898732307044
17.286432160804022	0.03593900092672141
17.68844221105528	0.03891930714165258
18.090452261306535	0.04123238574606894
18.49246231155779	0.042975614737409476
18.894472361809047	0.04446608389629741
19.296482412060303	0.04600730160760136
19.69849246231156	0.048217131656148896
20.100502512562816	0.05093325178471939
20.502512562814072	0.053600160569104695
20.90452261306533	0.05649133709839384
21.306532663316585	0.05907213532916061
21.70854271356784	0.0613141439248265
22.110552763819097	0.0632318999180473
22.512562814070353	0.06490123932827492
22.91457286432161	0.06622141738033152
23.316582914572866	0.06704635798701078
23.718592964824122	0.06726466977336572
24.12060301507538	0.06678085231659311
24.522613065326635	0.06589830789056485
24.92462311557789	0.0645367156511175
25.326633165829147	0.06300051421549027
25.728643216080403	0.06117286736158465
26.13065326633166	0.05958281110275695
26.532663316582916	0.058258725502558985
26.934673366834172	0.05774052693724373
27.33668341708543	0.05807111254199002
27.738693467336685	0.05952097608612202
28.14070351758794	0.06146339387712525
28.542713567839197	0.06370472380237202
28.944723618090453	0.06550456619232245
29.34673366834171	0.06625898347802929
29.748743718592966	0.06597973614397748
30.150753768844222	0.0647080542864575
30.55276381909548	0.06232727948443896
30.954773869346734	0.05941850411681906
31.35678391959799	0.05612226411251895
31.758793969849247	0.053046924624927674
32.16080402010051	0.05039020738614723
32.56281407035176	0.04888313022195475
32.96482412060302	0.04847277695825145
33.366834170854275	0.04950891673554503
33.76884422110553	0.05156190029347176
34.17085427135679	0.0543566503236524
34.572864321608044	0.0570363994908159
34.9748743718593	0.059317619388484136
35.37688442211056	0.06051134042178169
35.77889447236181	0.06061854418266316
36.18090452261307	0.059326389866490234
36.582914572864325	0.05740452053940189
36.98492462311558	0.054778829991814805
37.38693467336684	0.052189349424122886
37.788944723618094	0.050087510146308536
38.19095477386935	0.04894211362200611
38.59296482412061	0.04867592957610744
38.99497487437186	0.04904357011256542
39.39698492462312	0.05023524590599413
39.798994974874375	0.05175615202416427
40.20100502512563	0.05342016936122396
40.60301507537689	0.054933737840374294
41.005025125628144	0.056205570748038745
41.4070351758794	0.057028133648521516
41.80904522613066	0.05765903365860904
42.21105527638191	0.05763999109013941
42.61306532663317	0.05702291498718611
43.015075376884425	0.0559582617344825
43.41708542713568	0.054645572753561
43.81909547738694	0.053440230317089985
44.221105527638194	0.05220291479359036
44.62311557788945	0.051453894912225795
45.02512562814071	0.05106767535449179
45.42713567839196	0.05124023184812434
45.82914572864322	0.05191516443346998
46.231155778894475	0.05317127540053246
46.63316582914573	0.05465608778076107
47.03517587939699	0.05577332068681244
47.437185929648244	0.05669878529037649
47.8391959798995	0.05678935172825981
48.24120603015076	0.05624129155677167
48.64321608040201	0.05542060497514245
49.04522613065327	0.05431677166664859
49.447236180904525	0.05357408158082795
49.84924623115578	0.05307265945605153
50.25125628140704	0.05302451908872311
50.653266331658294	0.053096810941492614
51.05527638190955	0.05308130765207407
51.45728643216081	0.05294312350490429
51.85929648241206	0.05266285466192934
52.26130653266332	0.052499571552031776
52.663316582914575	0.05230715045722607
53.06532663316583	0.05214008766851347
53.46733668341709	0.052904933512067084
53.869346733668344	0.05378291342811311
54.2713567839196	0.05495899632877728
54.67336683417086	0.056358888704787544
55.07537688442211	0.057391416464989506
55.47738693467337	0.058257188592192574
55.879396984924625	0.05841119338291505
56.28140703517588	0.05799399594011641
56.68341708542714	0.05683595637521589
57.085427135678394	0.05518769378382752
57.48743718592965	0.0531868724692899
57.88944723618091	0.05155478307368203
58.29145728643216	0.05067421128944429
58.69346733668342	0.05075588587161889
59.095477386934675	0.051754343363462074
59.49748743718593	0.05347558849184064
59.89949748743719	0.05545848056950616
60.301507537688444	0.057306515914711545
60.7035175879397	0.058823226106732254
61.10552763819096	0.05988706142568716
61.50753768844221	0.060083190657647334
61.90954773869347	0.059787752145931995
62.311557788944725	0.058544097414621965
62.71356783919598	0.05676111700380891
63.11557788944724	0.054463151176208494
63.517587939698494	0.05251800892715156
63.91959798994975	0.05097483398599628
64.32160804020101	0.05013774600189225
64.72361809045226	0.050204873329722545
65.12562814070353	0.051290582428843025
65.52763819095478	0.052811517250520544
65.92964824120604	0.054565876399729
66.33165829145729	0.05616300260002418
66.73366834170855	0.05756718200936595
67.1356783919598	0.05840098538207543
67.53768844221106	0.058706034640484864
67.93969849246231	0.058290265555534994
68.34170854271358	0.05723873338364023
68.74371859296483	0.0557520036922524
69.14572864321609	0.053927606499067714
69.54773869346734	0.052560648618642326
69.9497487437186	0.051253708034864995
70.35175879396985	0.05075036713375718
70.75376884422111	0.05084735881566612
71.15577889447236	0.05149570035083265
71.55778894472363	0.052543221700021445
71.95979899497488	0.053462367830415206
72.36180904522614	0.05434549334440286
72.76381909547739	0.05503743882949243
73.16582914572865	0.05551890443008907
73.5678391959799	0.05593568742023517
73.96984924623116	0.055873958586318814
74.37185929648241	0.05580125556743931
74.77386934673368	0.055471789051223186
75.17587939698493	0.05488691130570032
75.57788944723619	0.05395412525087943
75.97989949748744	0.05316060481956354
76.3819095477387	0.05227917538521913
76.78391959798995	0.05200388608169966
77.18592964824121	0.051929183616835226
77.58793969849246	0.05240736582389706
77.98994974874373	0.05309836033101634
78.39195979899498	0.053879862093295074
78.79396984924624	0.054999349001331355
79.19597989949749	0.055994214756740865
79.59798994974875	0.056931899384801754
80.0	0.057499428372095374
