0.0	0.01407157555217881
0.4020100502512563	0.011818151333706017
0.8040201005025126	0.008578859265008777
1.206030150753769	0.005750159322948264
1.6080402010050252	0.00627561574179428
2.0100502512562817	0.00932395022870703
2.412060301507538	0.011264180443290911
2.814070351758794	0.011510793380894873
3.2160804020100504	0.009986919787144707
3.6180904522613067	0.007117858236048052
4.020100502512563	0.004109053773868313
4.42211055276382	0.005499839544872844
4.824120603015076	0.009099529008803828
5.226130653266332	0.012086105981077136
5.628140703517588	0.013030859328808413
6.030150753768845	0.012331062342399932
6.432160804020101	0.010329621628643848
6.834170854271357	0.008422119516694727
7.236180904522613	0.00839573465095209
7.63819095477387	0.010156436985759378
8.040201005025127	0.011975086832507129
8.442211055276383	0.01235832802028588
8.84422110552764	0.010718997590475541
9.246231155778895	0.007287563162818059
9.648241206030152	0.0023284048252454888
10.050251256281408	0.0036864097934940867
10.452261306532664	0.008971903044680037
10.85427135678392	0.013484679183229329
11.256281407035177	0.016447908739704312
11.658291457286433	0.017829867816198018
12.06030150753769	0.017764541940909567
12.462311557788945	0.016560698764575547
12.864321608040202	0.01458173931804101
13.266331658291458	0.01226785672361597
13.668341708542714	0.009822721112197015
14.07035175879397	0.007181480212376681
14.472361809045227	0.005045424922352547
14.874371859296483	0.0051728744212019015
15.27638190954774	0.008270445823959123
15.678391959798995	0.012950503260367913
16.080402010050253	0.017974025604350758
16.48241206030151	0.023308373776103057
16.884422110552766	0.02833692723449165
17.286432160804022	0.03278756757367474
17.68844221105528	0.03616758732522076
18.090452261306535	0.03845244510966055
18.49246231155779	0.03925994362436327
18.894472361809047	0.038827918438432564
19.296482412060303	0.03793852510212859
19.69849246231156	0.0367600211200448
20.100502512562816	0.03640164532555145
20.502512562814072	0.03743195767009323
20.90452261306533	0.03981369412235012
21.306532663316585	0.04382878865287102
21.70854271356784	0.0493049032553418
22.110552763819097	0.05556877580781239
22.512562814070353	0.06228221307444859
22.91457286432161	0.06889992995067837
23.316582914572866	0.07458933251729306
23.718592964824122	0.0788192503950726
24.12060301507538	0.08090739054669309
24.522613065326635	0.08043391156451346
24.92462311557789	0.07757964370157519
25.326633165829147	0.07258556572514467
25.728643216080403	0.06628582889693364
26.13065326633166	0.05998601968733306
26.532663316582916	0.054893438867223164
26.934673366834172	0.052401544880925924
27.33668341708543	0.05262354329731557
27.738693467336685	0.05570811243024999
28.14070351758794	0.060739137913057316
28.542713567839197	0.06718580894643729
28.944723618090453	0.07387074145756313
29.34673366834171	0.0791816107698232
29.748743718592966	0.08170036654224963
30.150753768844222	0.08077859035302475
30.55276381909548	0.07645231293221956
30.954773869346734	0.06898950438004134
31.35678391959799	0.059966725353627605
31.758793969849247	0.050043046270797774
32.16080402010051	0.041129870563707316
32.56281407035176	0.034266090120050184
32.96482412060302	0.03082150409420431
33.366834170854275	0.031239838605571273
33.76884422110553	0.0347506270790868
34.17085427135679	0.040592044530086344
34.572864321608044	0.04696445707324644
34.9748743718593	0.052798432486074166
35.37688442211056	0.05688271179961678
35.77889447236181	0.05844613420897227
36.18090452261307	0.056872784556034485
36.582914572864325	0.05247201796651294
36.98492462311558	0.04577257777464335
37.38693467336684	0.038200340484803835
37.788944723618094	0.031016374519423497
38.19095477386935	0.025735950002852052
38.59296482412061	0.02365686954524108
38.99497487437186	0.024280893952892246
39.39698492462312	0.02766837214642557
39.798994974874375	0.032953285649888794
40.20100502512563	0.0392965229103282
40.60301507537689	0.04568220881260908
41.005025125628144	0.05086255167940314
41.4070351758794	0.054114621352131353
41.80904522613066	0.0551631974506571
42.21105527638191	0.05375295038983524
42.61306532663317	0.050471257077785714
43.015075376884425	0.04599113929120336
43.41708542713568	0.041094180675498755
43.81909547738694	0.036835154575539084
44.221105527638194	0.03383880061286257
44.62311557788945	0.032855714355413616
45.02512562814071	0.03386705810424899
45.42713567839196	0.03632972092356191
45.82914572864322	0.04028194189248011
46.231155778894475	0.04523213986906042
46.63316582914573	0.05055539874066327
47.03517587939699	0.05552766115058024
47.437185929648244	0.0596148776849333
47.8391959798995	0.06207348536419773
48.24120603015076	0.0621088553322328
48.64321608040201	0.059801334009921325
49.04522613065327	0.05507123021239095
49.447236180904525	0.048740009782951524
49.84924623115578	0.04218062964813072
50.25125628140704	0.036726681083995835
50.653266331658294	0.03377315063927086
51.05527638190955	0.034311354511110795
51.45728643216081	0.037962773659909396
51.85929648241206	0.04398864222376773
52.26130653266332	0.05170195648068586
52.663316582914575	0.05965357184520496
53.06532663316583	0.06659084055524646
53.46733668341709	0.07108041488614517
53.869346733668344	0.07186987035738637
54.2713567839196	0.0691884511790251
54.67336683417086	0.06351734722958352
55.07537688442211	0.05555282796841206
55.47738693467337	0.047296796395155834
55.879396984924625	0.040310919181118635
56.28140703517588	0.03650739211200614
56.68341708542714	0.0370498246225537
57.085427135678394	0.0410553574164238
57.48743718592965	0.047534100303956314
57.88944723618091	0.055421249179379795
58.29145728643216	0.0634942212930886
58.69346733668342	0.07009786149598296
59.095477386934675	0.07395861672255982
59.49748743718593	0.07469365669209663
59.89949748743719	0.07185220920928163
60.301507537688444	0.06591888894001821
60.7035175879397	0.0581099476530081
61.10552763819096	0.049876999086456
61.50753768844221	0.042993892904577835
61.90954773869347	0.039213265138405326
62.311557788944725	0.03939479445385499
62.71356783919598	0.04277155691072189
63.11557788944724	0.04879609028507963
63.517587939698494	0.0558275074800174
63.91959798994975	0.06251539007530293
64.32160804020101	0.06799596062431437
64.72361809045226	0.07134325600806647
65.12562814070353	0.07175941655791856
65.52763819095478	0.06935369656115296
65.92964824120604	0.06436805272432519
66.33165829145729	0.05770081128289619
66.73366834170855	0.05042314694002625
67.1356783919598	0.0437410356405389
67.53768844221106	0.039445345085676625
67.93969849246231	0.03853197295429525
68.34170854271358	0.04091713235372653
68.74371859296483	0.045525040418237066
69.14572864321609	0.05102497493058293
69.54773869346734	0.05636538832189569
69.9497487437186	0.0606768710705841
70.35175879396985	0.0633621956790376
70.75376884422111	0.0639810132286164
71.15577889447236	0.06253530781615453
71.55778894472363	0.0591748098747263
71.95979899497488	0.05430447727679424
72.36180904522614	0.04885700803753862
72.76381909547739	0.04361672096388795
73.16582914572865	0.04009507048313653
73.5678391959799	0.03877350468193868
73.96984924623116	0.039910228469988825
74.37185929648241	0.042689583994189
74.77386934673368	0.04605699438750736
75.17587939698493	0.049877387476025964
75.57788944723619	0.05336766179981985
75.97989949748744	0.05635668338502847
76.3819095477387	0.05826409718010308
76.78391959798995	0.05853719436840642
77.18592964824121	0.057410255909387066
77.58793969849246	0.05460566946172687
77.98994974874373	0.050475726590474765
78.39195979899498	0.04603158566305373
78.79396984924624	0.041941360327170676
79.19597989949749	0.03912922526662551
79.59798994974875	0.0382091508592189
80.0	0.03942463023211175
