0.0	0.007172665252474279
0.4020100502512563	0.009038423810993481
0.8040201005025126	0.009376569502572842
1.206030150753769	0.0082355471314035
1.6080402010050252	0.005960137425861592
2.0100502512562817	0.0029679411048346817
2.412060301507538	0.001058543951266867
2.814070351758794	0.003289882480165511
3.2160804020100504	0.00479662122989072
3.6180904522613067	0.005043612619893631
4.020100502512563	0.0035906317552287835
4.42211055276382	0.0008793593346903356
4.824120603015076	0.0028092915866219535
5.226130653266332	0.00693902471436828
5.628140703517588	0.01071536671398183
6.030150753768845	0.013563477451784012
6.432160804020101	0.015337239125166643
6.834170854271357	0.015666290207953175
7.236180904522613	0.014632295734645515
7.63819095477387	0.012738579191856402
8.040201005025127	0.01046014001921584
8.442211055276383	0.008199077906041102
8.84422110552764	0.006894593005812395
9.246231155778895	0.007123209933578884
9.648241206030152	0.008871159965816095
10.050251256281408	0.012098981288527691
10.452261306532664	0.016628462213451385
10.85427135678392	0.02209675761475789
11.256281407035177	0.0278260281177172
11.658291457286433	0.033332768083983014
12.06030150753769	0.03851942236643816
12.462311557788945	0.042569201043545134
12.864321608040202	0.04556447905880663
13.266331658291458	0.04781054201982331
13.668341708542714	0.0489343736610444
14.07035175879397	0.04939352853372663
14.472361809045227	0.04888319003449239
14.874371859296483	0.047675712885879
15.27638190954774	0.04664427776233754
15.678391959798995	0.04484615814986442
16.080402010050253	0.04318718624158384
16.48241206030151	0.04089650991371919
16.884422110552766	0.037605080164775734
17.286432160804022	0.03423794160542302
17.68844221105528	0.03191985467236137
18.090452261306535	0.032972970766931384
18.49246231155779	0.037963671919266605
18.894472361809047	0.04659377555716381
19.296482412060303	0.059165528738579234
19.69849246231156	0.07419152452393445
20.100502512562816	0.08955840560669062
20.502512562814072	0.10231564450592934
20.90452261306533	0.10933960093289803
21.306532663316585	0.10838209535411873
21.70854271356784	0.09900120795357635
22.110552763819097	0.08209593214027892
22.512562814070353	0.06125129299488312
22.91457286432161	0.040918518456012215
23.316582914572866	0.025537194378592032
23.718592964824122	0.01726255146171212
24.12060301507538	0.012234426852223982
24.522613065326635	0.004209744068029412
24.92462311557789	0.010092889797466316
25.326633165829147	0.025026175585495903
25.728643216080403	0.039874768813508085
26.13065326633166	0.05070287071086752
26.532663316582916	0.05485115118523274
26.934673366834172	0.051290463121402174
27.33668341708543	0.04043581098844555
27.738693467336685	0.025114756440032377
28.14070351758794	0.01966516125808138
28.542713567839197	0.03636353289784646
28.944723618090453	0.056004977420582414
29.34673366834171	0.07042475404066052
29.748743718592966	0.07812620817743077
30.150753768844222	0.0791631116807058
30.55276381909548	0.07502572730362783
30.954773869346734	0.067302070294438
31.35678391959799	0.05707471982594227
31.758793969849247	0.045112578848705606
32.16080402010051	0.03114152079835213
32.56281407035176	0.015173997142986232
32.96482412060302	0.0037205892713135383
33.366834170854275	0.024849595566809064
33.76884422110553	0.04653222713939766
34.17085427135679	0.06656804425719492
34.572864321608044	0.08194368397840923
34.9748743718593	0.09039558988256322
35.37688442211056	0.09069491037687058
35.77889447236181	0.08366178072963955
36.18090452261307	0.07208637582474213
36.582914572864325	0.05893779898447331
36.98492462311558	0.04872028785853379
37.38693467336684	0.04279663582600507
37.788944723618094	0.04186872426782294
38.19095477386935	0.0430842304331117
38.59296482412061	0.043741884388975374
38.99497487437186	0.04281262304868408
39.39698492462312	0.04087342186178374
39.798994974874375	0.03943811645399371
40.20100502512563	0.03846858770746125
40.60301507537689	0.037634413844892786
41.005025125628144	0.03583225916431617
41.4070351758794	0.03178608085240231
41.80904522613066	0.02734616670146785
42.21105527638191	0.0289868292045223
42.61306532663317	0.042192237839030027
43.015075376884425	0.061766488604428293
43.41708542713568	0.0807248291611464
43.81909547738694	0.09399520018363905
44.221105527638194	0.09825748223524941
44.62311557788945	0.09279386157951139
45.02512562814071	0.07868700691644788
45.42713567839196	0.058684695244067255
45.82914572864322	0.03660432293402764
46.231155778894475	0.017122968136561202
46.63316582914573	0.01183012692764895
47.03517587939699	0.02226500888324878
47.437185929648244	0.032119023395145954
47.8391959798995	0.03875769822716714
48.24120603015076	0.042342534890709875
48.64321608040201	0.04292028064511657
49.04522613065327	0.04113931618810581
49.447236180904525	0.03810352443915174
49.84924623115578	0.033934103078894474
50.25125628140704	0.029799132136369217
50.653266331658294	0.029311658646695556
51.05527638190955	0.036141824855267166
51.45728643216081	0.048416447798572244
51.85929648241206	0.06160814209806871
52.26130653266332	0.07206681693967175
52.663316582914575	0.07789929075692323
53.06532663316583	0.07753538741623428
53.46733668341709	0.070446426164171
53.869346733668344	0.05738552886418517
54.2713567839196	0.039665800552685634
54.67336683417086	0.02039426309718653
55.07537688442211	0.0019013220827481681
55.47738693467337	0.01364924348506839
55.879396984924625	0.02589651194570536
56.28140703517588	0.03510802739719409
56.68341708542714	0.04257451548878635
57.085427135678394	0.0486924797204263
57.48743718592965	0.05366243584399353
57.88944723618091	0.056668494061616295
58.29145728643216	0.056645206776715654
58.69346733668342	0.05314647919503577
59.095477386934675	0.046540113234604934
59.49748743718593	0.0389466386161907
59.89949748743719	0.03500426189839001
60.301507537688444	0.03813710256448974
60.7035175879397	0.04596511840098593
61.10552763819096	0.053050111003120924
61.50753768844221	0.055492072604846364
61.90954773869347	0.0515650439779307
62.311557788944725	0.04124884116734469
62.71356783919598	0.026568171094553165
63.11557788944724	0.012056379513145307
63.517587939698494	0.013823350524150615
63.91959798994975	0.027237638554118183
64.32160804020101	0.03906275321582257
64.72361809045226	0.047635786017381596
65.12562814070353	0.053144383532806615
65.52763819095478	0.05671004134620533
65.92964824120604	0.05883765035199069
66.33165829145729	0.05941221240401613
66.73366834170855	0.057707223434945054
67.1356783919598	0.05199881634401966
67.53768844221106	0.042225509268247016
67.93969849246231	0.02912094241390637
68.34170854271358	0.016815581947220003
68.74371859296483	0.016385825738742747
69.14572864321609	0.026183421118892464
69.54773869346734	0.03390596536498197
69.9497487437186	0.03630264781271719
70.35175879396985	0.0321847337161865
70.75376884422111	0.02257033164713916
71.15577889447236	0.011431355684602133
71.55778894472363	0.014427740275984207
71.95979899497488	0.027681697655496062
72.36180904522614	0.039841447762210595
72.76381909547739	0.04832685541559582
73.16582914572865	0.052253625904102444
73.5678391959799	0.05185116712969845
73.96984924623116	0.047627588083173154
74.37185929648241	0.04123736832776037
74.77386934673368	0.03395763260967486
75.17587939698493	0.027128482499878658
75.57788944723619	0.020770965680261846
75.97989949748744	0.01425907844732495
76.3819095477387	0.009800826640067139
76.78391959798995	0.012835295825018453
77.18592964824121	0.01973397049464417
77.58793969849246	0.025359606183623713
77.98994974874373	0.027172999153824214
78.39195979899498	0.023829662848545145
78.79396984924624	0.015437792479939066
79.19597989949749	0.004761249504841926
79.59798994974875	0.01378870239993881
80.0	0.028630741077129172
