0.0	0.022053938477970377
0.4020100502512563	0.02033504269033779
0.8040201005025126	0.015240902605761605
1.206030150753769	0.007909146250830893
1.6080402010050252	0.0007890192880481301
2.0100502512562817	0.008984514672392063
2.412060301507538	0.015207530323704574
2.814070351758794	0.018529039194734694
3.2160804020100504	0.018291156923411506
3.6180904522613067	0.014742004539459327
4.020100502512563	0.008047957741576284
4.42211055276382	0.00047566130483116454
4.824120603015076	0.008931130700572363
5.226130653266332	0.016366098526187405
5.628140703517588	0.021188977623496787
6.030150753768845	0.022768463199601637
6.432160804020101	0.020607905764656112
6.834170854271357	0.01501221852946831
7.236180904522613	0.007418020979944195
7.63819095477387	0.0015150664461865714
8.040201005025127	0.009309823745543979
8.442211055276383	0.015179143144890505
8.84422110552764	0.017925163293107213
9.246231155778895	0.017206241555415343
9.648241206030152	0.012863170807356886
10.050251256281408	0.005912212382372076
10.452261306532664	0.0031401693914322112
10.85427135678392	0.011506106160136967
11.256281407035177	0.01852820978953531
11.658291457286433	0.022819936491974002
12.06030150753769	0.023674510969582202
12.462311557788945	0.020896212322543174
12.864321608040202	0.015024996642982657
13.266331658291458	0.007483838372520213
13.668341708542714	0.005002582568858578
14.07035175879397	0.011680564904544282
14.472361809045227	0.017512745617538912
14.874371859296483	0.020280855885996624
15.27638190954774	0.01944387930869064
15.678391959798995	0.015630014958355497
16.080402010050253	0.009181825182521277
16.48241206030151	0.00451739375587049
16.884422110552766	0.010261246256295696
17.286432160804022	0.017196984653129143
17.68844221105528	0.0217643735390841
18.090452261306535	0.02319407318634899
18.49246231155779	0.02128645045593111
18.894472361809047	0.016618244722478755
19.296482412060303	0.010936059693615371
19.69849246231156	0.008555814928469092
20.100502512562816	0.01238041693126863
20.502512562814072	0.01708226572188577
20.90452261306533	0.019608101974382272
21.306532663316585	0.019209063055113978
21.70854271356784	0.016125523900246245
22.110552763819097	0.01144459962861283
22.512562814070353	0.009314180550078077
22.91457286432161	0.01314270115188405
23.316582914572866	0.01874088713593362
23.718592964824122	0.022880996662265493
24.12060301507538	0.02422495195173105
24.522613065326635	0.022823000837427557
24.92462311557789	0.019637215046807443
25.326633165829147	0.016478999260208026
25.728643216080403	0.016191309135038464
26.13065326633166	0.01885583093295863
26.532663316582916	0.021962525762709198
26.934673366834172	0.02341905092668115
27.33668341708543	0.022287556553832265
27.738693467336685	0.018742325029819238
28.14070351758794	0.01481557823294033
28.542713567839197	0.01405465436421095
28.944723618090453	0.018012143947617305
29.34673366834171	0.02330479042821337
29.748743718592966	0.027215667095764045
30.150753768844222	0.028743202504868948
30.55276381909548	0.027734615723564345
30.954773869346734	0.024768383968751456
31.35678391959799	0.02171936640848341
31.758793969849247	0.020526044326354194
32.16080402010051	0.02133111539710409
32.56281407035176	0.022878742802155953
32.96482412060302	0.02334609292963518
33.366834170854275	0.022171522876296913
33.76884422110553	0.01979721243286099
34.17085427135679	0.01801070417967216
34.572864321608044	0.01944010089686471
34.9748743718593	0.023638640661739214
35.37688442211056	0.028375964850196344
35.77889447236181	0.031887855622437566
36.18090452261307	0.03333004550404685
36.582914572864325	0.03277669640742178
36.98492462311558	0.030585850911689128
37.38693467336684	0.028057349908803996
37.788944723618094	0.026847306925033943
38.19095477386935	0.02678591977122909
38.59296482412061	0.027267321118678946
38.99497487437186	0.0273707393726417
39.39698492462312	0.026853978327805915
39.798994974874375	0.026363874838158097
40.20100502512563	0.02677788540937024
40.60301507537689	0.02914750145653556
41.005025125628144	0.03271945194031543
41.4070351758794	0.036313272055695886
41.80904522613066	0.03844150206546875
42.21105527638191	0.03867033657813616
42.61306532663317	0.03700790706037561
43.015075376884425	0.033778921571672234
43.41708542713568	0.029917513511572187
43.81909547738694	0.026694394227020683
44.221105527638194	0.025097720460137096
44.62311557788945	0.02502846179859487
45.02512562814071	0.025481740149816558
45.42713567839196	0.025849904578878397
45.82914572864322	0.026556466995048517
46.231155778894475	0.02766122301037177
46.63316582914573	0.029946923338762164
47.03517587939699	0.03302374887838211
47.437185929648244	0.03576011106622438
47.8391959798995	0.03745136447413565
48.24120603015076	0.037631436720652896
48.64321608040201	0.03587512078585382
49.04522613065327	0.03252277857855277
49.447236180904525	0.028537542779629388
49.84924623115578	0.025228178734684536
50.25125628140704	0.02348235808381735
50.653266331658294	0.023498114830638454
51.05527638190955	0.024383616234197807
51.45728643216081	0.025461196727630937
51.85929648241206	0.025974402158052957
52.26130653266332	0.026403688355697164
52.663316582914575	0.027178313520489782
53.06532663316583	0.028964449976760405
53.46733668341709	0.0310134905888161
53.869346733668344	0.03265968381803054
54.2713567839196	0.03330907290611533
54.67336683417086	0.03222681127276492
55.07537688442211	0.02994616339707983
55.47738693467337	0.026939715185483798
55.879396984924625	0.024566129524291255
56.28140703517588	0.023947246319583764
56.68341708542714	0.02504270785358508
57.085427135678394	0.02662482929184821
57.48743718592965	0.027821749385852957
57.88944723618091	0.02781197963435489
58.29145728643216	0.027089543252713295
58.69346733668342	0.026315841567390853
59.095477386934675	0.026539128671456393
59.49748743718593	0.027647305216773443
59.89949748743719	0.029358569728084503
60.301507537688444	0.030317458159309734
60.7035175879397	0.030103454427753196
61.10552763819096	0.028651272085283203
61.50753768844221	0.026782340736872013
61.90954773869347	0.025312963189515265
62.311557788944725	0.02520428411061651
62.71356783919598	0.02647185988228447
63.11557788944724	0.02824344540798726
63.517587939698494	0.029281562771794455
63.91959798994975	0.029064384929736918
64.32160804020101	0.02821873072599555
64.72361809045226	0.027102446347287534
65.12562814070353	0.026517173607191868
65.52763819095478	0.027223479561796927
65.92964824120604	0.028804388468218405
66.33165829145729	0.030333108967026907
66.73366834170855	0.03077402719676341
67.1356783919598	0.029783643370833023
67.53768844221106	0.02789446277360571
67.93969849246231	0.02598688560982552
68.34170854271358	0.02566974360991995
68.74371859296483	0.02678304546372966
69.14572864321609	0.028670714623890158
69.54773869346734	0.02985465477982142
69.9497487437186	0.02987102396789701
70.35175879396985	0.028693384047448416
70.75376884422111	0.026968611079028083
71.15577889447236	0.025743078396819323
71.55778894472363	0.026474745613717536
71.95979899497488	0.028589117540224335
72.36180904522614	0.03048255503509072
72.76381909547739	0.031307473567198235
73.16582914572865	0.030748181929189673
73.5678391959799	0.02913152494674784
73.96984924623116	0.027251759748295266
74.37185929648241	0.026366959914301397
74.77386934673368	0.027056646781795896
75.17587939698493	0.028591022985425735
75.57788944723619	0.029655699240603524
75.97989949748744	0.029462368006334404
76.3819095477387	0.027950467709981542
76.78391959798995	0.025931754119589888
77.18592964824121	0.024845742054671015
77.58793969849246	0.025832185362446004
77.98994974874373	0.028258655493315722
78.39195979899498	0.030634878843651923
78.79396984924624	0.03178437224762706
79.19597989949749	0.031334781834515615
79.59798994974875	0.029779061118884433
80.0	0.028000847186737933
