0.0	0.027877277234820818
0.4020100502512563	0.025004375399892125
0.8040201005025126	0.018011328639137313
1.206030150753769	0.00814853237643558
1.6080402010050252	0.0027807230086325688
2.0100502512562817	0.012574600676594239
2.412060301507538	0.01965070343852189
2.814070351758794	0.022596703010025
3.2160804020100504	0.020676913334517932
3.6180904522613067	0.014505461136316969
4.020100502512563	0.005131017706574
4.42211055276382	0.0059791241716950355
4.824120603015076	0.01656330584918574
5.226130653266332	0.024655125640368585
5.628140703517588	0.02909624872543793
6.030150753768845	0.028874600334138294
6.432160804020101	0.023903680178237168
6.834170854271357	0.015535958109960507
7.236180904522613	0.005062554790006071
7.63819095477387	0.005567409099195098
8.040201005025127	0.0138378101961562
8.442211055276383	0.01862688492563307
8.84422110552764	0.018659414461682733
9.246231155778895	0.014362188960727561
9.648241206030152	0.0061882095232425344
10.050251256281408	0.007504551608562796
10.452261306532664	0.018051344455680005
10.85427135678392	0.027217297757227938
11.256281407035177	0.03339403567341863
11.658291457286433	0.03510241706912196
12.06030150753769	0.03208017851446262
12.462311557788945	0.02550012326580637
12.864321608040202	0.019682458258904217
13.266331658291458	0.019811485590812118
13.668341708542714	0.024888005304085577
14.07035175879397	0.031023015575983647
14.472361809045227	0.03472414994269249
14.874371859296483	0.03427840362063037
15.27638190954774	0.029190354700043507
15.678391959798995	0.02024021242317832
16.080402010050253	0.018824599195599798
16.48241206030151	0.0344730206846713
16.884422110552766	0.051684193009033284
17.286432160804022	0.06242398861133859
17.68844221105528	0.06492680949409667
18.090452261306535	0.06098522427198803
18.49246231155779	0.057106330662736404
18.894472361809047	0.060626824735955764
19.296482412060303	0.0723318009623787
19.69849246231156	0.0842399130420392
20.100502512562816	0.08947148987521776
20.502512562814072	0.08512526655637187
20.90452261306533	0.07086430360195582
21.306532663316585	0.04921460544330969
21.70854271356784	0.02823618035110555
22.110552763819097	0.02965646523613379
22.512562814070353	0.049191887070966646
22.91457286432161	0.06546779332449258
23.316582914572866	0.07310306711251238
23.718592964824122	0.07322932890711917
24.12060301507538	0.07135678019597716
24.522613065326635	0.07572560970640085
24.92462311557789	0.08733288640470056
25.326633165829147	0.09888021729847898
25.728643216080403	0.10343549138887294
26.13065326633166	0.09653472586256816
26.532663316582916	0.07796923487159294
26.934673366834172	0.051945691432826305
27.33668341708543	0.02117059748221967
27.738693467336685	0.010035547995643542
28.14070351758794	0.035089212155734566
28.542713567839197	0.05177344394457499
28.944723618090453	0.05928765078977164
29.34673366834171	0.057621778727853665
29.748743718592966	0.05370750424507868
30.150753768844222	0.05762951808095522
30.55276381909548	0.07076972664062653
30.954773869346734	0.08580267733802513
31.35678391959799	0.0947184180689995
31.758793969849247	0.09383650511964575
32.16080402010051	0.08243215216277658
32.56281407035176	0.06195517887368096
32.96482412060302	0.03650124166840621
33.366834170854275	0.013300579674312297
33.76884422110553	0.015059866309879395
34.17085427135679	0.02700691677297886
34.572864321608044	0.030351189182449095
34.9748743718593	0.024545728297832005
35.37688442211056	0.0171391702479987
35.77889447236181	0.02536756104697671
36.18090452261307	0.04423626095264836
36.582914572864325	0.06256945973726438
36.98492462311558	0.07521019698160378
37.38693467336684	0.07967756596139024
37.788944723618094	0.07532192600339213
38.19095477386935	0.06316168082201057
38.59296482412061	0.04512292037727304
38.99497487437186	0.02571708241679998
39.39698492462312	0.015740424696331072
39.798994974874375	0.02425354037343002
40.20100502512563	0.032717121673705205
40.60301507537689	0.034506481754074586
41.005025125628144	0.029070284637626946
41.4070351758794	0.02394476981278315
41.80904522613066	0.03170593084759641
42.21105527638191	0.04897473769817058
42.61306532663317	0.0669716645528231
43.015075376884425	0.07948233555083375
43.41708542713568	0.08374563796283033
43.81909547738694	0.07812593690067823
44.221105527638194	0.06332239803294401
44.62311557788945	0.04249783978120889
45.02512562814071	0.0197637631626013
45.42713567839196	0.01057526799469884
45.82914572864322	0.024536793810683105
46.231155778894475	0.03402784439729864
46.63316582914573	0.03748156064092374
47.03517587939699	0.039976868062396656
47.437185929648244	0.049062341910601645
47.8391959798995	0.06582310964792523
48.24120603015076	0.08379501410784743
48.64321608040201	0.09724303637866383
49.04522613065327	0.10168191147395553
49.447236180904525	0.09558855493871984
49.84924623115578	0.07921834384159335
50.25125628140704	0.054798979700590854
50.653266331658294	0.026610831651329166
51.05527638190955	0.0009398084055998179
51.45728643216081	0.02390259742071848
51.85929648241206	0.039434016740440704
52.26130653266332	0.04721681268372093
52.663316582914575	0.048982453099213376
53.06532663316583	0.050805416218126155
53.46733668341709	0.057745336308734685
53.869346733668344	0.06868818929536571
54.2713567839196	0.07841148367353597
54.67336683417086	0.08253887964914934
55.07537688442211	0.07860587182255961
55.47738693467337	0.0663666728215305
55.879396984924625	0.04735148965080853
56.28140703517588	0.025446309725964806
56.68341708542714	0.014905869796354837
57.085427135678394	0.030334138985902998
57.48743718592965	0.046458228575363233
57.88944723618091	0.057011790491584745
58.29145728643216	0.060810711582858626
58.69346733668342	0.05975376511975172
59.095477386934675	0.05697323252668417
59.49748743718593	0.055479473389978815
59.89949748743719	0.05620358487059762
60.301507537688444	0.05683403520361515
60.7035175879397	0.05451883958082095
61.10552763819096	0.04700052819321439
61.50753768844221	0.034342505382263605
61.90954773869347	0.018378582789254173
62.311557788944725	0.009939385033076419
62.71356783919598	0.02397099306749147
63.11557788944724	0.03833487434916501
63.517587939698494	0.04804505296874438
63.91959798994975	0.05209199892142149
64.32160804020101	0.05094332772157354
64.72361809045226	0.04630808863269334
65.12562814070353	0.041070081589316444
65.52763819095478	0.037891332184014706
65.92964824120604	0.036801773168906676
66.33165829145729	0.03569531652509529
66.73366834170855	0.0318097448502342
67.1356783919598	0.0238280285136584
67.53768844221106	0.011994352498534101
67.93969849246231	0.003288386166564252
68.34170854271358	0.018908861976733866
68.74371859296483	0.033224746531107074
69.14572864321609	0.0442407447360383
69.54773869346734	0.05021093941180038
69.9497487437186	0.05071896864844522
70.35175879396985	0.04639355508251052
70.75376884422111	0.038789209005691085
71.15577889447236	0.03127594396056631
71.55778894472363	0.027072552728444933
71.95979899497488	0.02632968960260596
72.36180904522614	0.025700583359756207
72.76381909547739	0.02233821047392885
73.16582914572865	0.01513694705482709
73.5678391959799	0.010387255693271298
73.96984924623116	0.02056924666945325
74.37185929648241	0.03585613781408644
74.77386934673368	0.0495444341460886
75.17587939698493	0.05934180949695097
75.57788944723619	0.06334601728665924
75.97989949748744	0.060774184506497096
76.3819095477387	0.052511316489253446
76.78391959798995	0.04079952296531299
77.18592964824121	0.028213675441239327
77.58793969849246	0.019028720529387276
77.98994974874373	0.014987087305237753
78.39195979899498	0.01249374368966097
78.79396984924624	0.006901541490083732
79.19597989949749	0.006927799272089493
79.59798994974875	0.021929275157813774
80.0	0.039218412469032383
