0.0	0.015868394351197777
0.4020100502512563	0.017102727673232544
0.8040201005025126	0.015617392056178753
1.206030150753769	0.011494057625750828
1.6080402010050252	0.005534005459864422
2.0100502512562817	0.0016155494816767093
2.412060301507538	0.007321568464943945
2.814070351758794	0.011376118258744702
3.2160804020100504	0.012838288265411196
3.6180904522613067	0.011434436202590954
4.020100502512563	0.007256134160411309
4.42211055276382	0.0011623461310393082
4.824120603015076	0.006037785500359629
5.226130653266332	0.012852134508810911
5.628140703517588	0.018055394320782302
6.030150753768845	0.020816563611885608
6.432160804020101	0.020749596208922326
6.834170854271357	0.018012612134009686
7.236180904522613	0.013129383390171789
7.63819095477387	0.007489170415372924
8.040201005025127	0.0030712149922982853
8.442211055276383	0.004874394804347058
8.84422110552764	0.006912334839800316
9.246231155778895	0.0062734909036946205
9.648241206030152	0.003298753663903473
10.050251256281408	0.004284296993041002
10.452261306532664	0.01140610173843398
10.85427135678392	0.019005296921397692
11.256281407035177	0.025673617814595352
11.658291457286433	0.030600884306012006
12.06030150753769	0.03263569810811377
12.462311557788945	0.032018453523999776
12.864321608040202	0.028867797706887844
13.266331658291458	0.02408553140690681
13.668341708542714	0.0187009168020767
14.07035175879397	0.013824187734174428
14.472361809045227	0.010509161462766346
14.874371859296483	0.009155292571250149
15.27638190954774	0.010652466650616397
15.678391959798995	0.014787358713591357
16.080402010050253	0.0213624054021871
16.48241206030151	0.029385398982542728
16.884422110552766	0.03745558108046496
17.286432160804022	0.044666880100486125
17.68844221105528	0.0502237251339994
18.090452261306535	0.053735259822452384
18.49246231155779	0.05512054227675208
18.894472361809047	0.05466979446272548
19.296482412060303	0.05308880865651279
19.69849246231156	0.050932020730255136
20.100502512562816	0.04889849754536683
20.502512562814072	0.04781407654685952
20.90452261306533	0.04803202907967876
21.306532663316585	0.05026622578364913
21.70854271356784	0.05405527451915489
22.110552763819097	0.05917500956085886
22.512562814070353	0.06520943208785486
22.91457286432161	0.07124826500408837
23.316582914572866	0.07662897714609367
23.718592964824122	0.08066773866217465
24.12060301507538	0.08252638229033746
24.522613065326635	0.08207750861721473
24.92462311557789	0.07959371622876991
25.326633165829147	0.07508346421548154
25.728643216080403	0.06959458540870546
26.13065326633166	0.0638606777717786
26.532663316582916	0.059207988647566615
26.934673366834172	0.05603613931345257
27.33668341708543	0.05529948182995892
27.738693467336685	0.05703570251028785
28.14070351758794	0.06088166366874864
28.542713567839197	0.06581933740139921
28.944723618090453	0.07121790155996363
29.34673366834171	0.07508670155147457
29.748743718592966	0.07705116618198762
30.150753768844222	0.07643420292018563
30.55276381909548	0.07309950710298034
30.954773869346734	0.06741002432965644
31.35678391959799	0.06032155019562456
31.758793969849247	0.05288168602863499
32.16080402010051	0.04594039181561886
32.56281407035176	0.04085898177218096
32.96482412060302	0.038162509153908244
33.366834170854275	0.03804555453572101
33.76884422110553	0.04062000345021735
34.17085427135679	0.0449253253168621
34.572864321608044	0.050116591901708044
34.9748743718593	0.0550414139952049
35.37688442211056	0.05909702627447999
35.77889447236181	0.06162092835015862
36.18090452261307	0.06207180654032325
36.582914572864325	0.06072718951976871
36.98492462311558	0.057641157943390184
37.38693467336684	0.053513639203487964
37.788944723618094	0.04948365334186938
38.19095477386935	0.046123847290332594
38.59296482412061	0.04449241394103179
38.99497487437186	0.04469661404717044
39.39698492462312	0.04648545018314882
39.798994974874375	0.049379616880469164
40.20100502512563	0.0526969219515301
40.60301507537689	0.05611252707191812
41.005025125628144	0.05923163234810017
41.4070351758794	0.06153568464690221
41.80904522613066	0.06281187579904236
42.21105527638191	0.06286872565304175
42.61306532663317	0.061522374897978696
43.015075376884425	0.05892251110865686
43.41708542713568	0.055684260448097475
43.81909547738694	0.05251420917583095
44.221105527638194	0.05022626464996309
44.62311557788945	0.04924966496340936
45.02512562814071	0.04993840738202952
45.42713567839196	0.0517741323885478
45.82914572864322	0.05468759490331735
46.231155778894475	0.05798584033760351
46.63316582914573	0.06099855422269065
47.03517587939699	0.06342762825340843
47.437185929648244	0.06481278048428282
47.8391959798995	0.06479431329798385
48.24120603015076	0.06340185342901392
48.64321608040201	0.06089636328275122
49.04522613065327	0.05740453329550277
49.447236180904525	0.054015877867676546
49.84924623115578	0.051363423136513806
50.25125628140704	0.05046931840862852
50.653266331658294	0.051600925347806234
51.05527638190955	0.05410347026716493
51.45728643216081	0.0572775697045006
51.85929648241206	0.06053677875982948
52.26130653266332	0.06328059797897283
52.663316582914575	0.06518662039910647
53.06532663316583	0.06643663461619997
53.46733668341709	0.0665488429913774
53.869346733668344	0.06543594002934312
54.2713567839196	0.0634683948854891
54.67336683417086	0.0605867513085007
55.07537688442211	0.057026221490819984
55.47738693467337	0.05404639675095109
55.879396984924625	0.05218212802545842
56.28140703517588	0.05201896631841255
56.68341708542714	0.05339025646979136
57.085427135678394	0.05544649297158434
57.48743718592965	0.057834907870327024
57.88944723618091	0.06014292149652136
58.29145728643216	0.06196093329456283
58.69346733668342	0.06303360777217233
59.095477386934675	0.06310546766226297
59.49748743718593	0.0623887661109925
59.89949748743719	0.06036222115554518
60.301507537688444	0.05728377008188591
60.7035175879397	0.05371542685961315
61.10552763819096	0.05026427954889445
61.50753768844221	0.048078449881171936
61.90954773869347	0.04775933215186741
62.311557788944725	0.04902364682566526
62.71356783919598	0.05133841484089844
63.11557788944724	0.05366981179766449
63.517587939698494	0.05543027758523313
63.91959798994975	0.05638819194936649
64.32160804020101	0.056639513467895954
64.72361809045226	0.05633530884746132
65.12562814070353	0.055978425823744536
65.52763819095478	0.055111579799476895
65.92964824120604	0.05438561019875995
66.33165829145729	0.053505173236055414
66.73366834170855	0.05292040390985005
67.1356783919598	0.052616571215747074
67.53768844221106	0.05332471850271533
67.93969849246231	0.055135441838472785
68.34170854271358	0.05738756241052086
68.74371859296483	0.05952802966294415
69.14572864321609	0.061183440074419136
69.54773869346734	0.06237162409800552
69.9497487437186	0.06266416689623207
70.35175879396985	0.062250548817158635
70.75376884422111	0.06189324416248139
71.15577889447236	0.06120906276030541
71.55778894472363	0.06013588597131592
71.95979899497488	0.05861847698855567
72.36180904522614	0.05662309169400861
72.76381909547739	0.0547570036967303
73.16582914572865	0.053312215929595765
73.5678391959799	0.05305709560306625
73.96984924623116	0.05435858575529971
74.37185929648241	0.056517891000143025
74.77386934673368	0.059175831709155434
75.17587939698493	0.06167218201688408
75.57788944723619	0.06349563915607637
75.97989949748744	0.06422453595345433
76.3819095477387	0.0639561386422212
76.78391959798995	0.06251975846148386
77.18592964824121	0.060248680599194596
77.58793969849246	0.05714998284980951
77.98994974874373	0.0537752308979377
78.39195979899498	0.05058505989444845
78.79396984924624	0.04820306486483967
79.19597989949749	0.047303313781351275
79.59798994974875	0.04812496166791105
80.0	0.05086074055335621
