0.0	0.025122621689510426
0.4020100502512563	0.022975542880491317
0.8040201005025126	0.017142511414981524
1.206030150753769	0.008569679312387318
1.6080402010050252	0.0022206837921323872
2.0100502512562817	0.0105552160565476
2.412060301507538	0.01703937687629652
2.814070351758794	0.020055085776307588
3.2160804020100504	0.018811475050438467
3.6180904522613067	0.013454544679807326
4.020100502512563	0.005336293561563001
4.42211055276382	0.004713039554283818
4.824120603015076	0.014440929396292667
5.226130653266332	0.02215176068904067
5.628140703517588	0.026682076977780557
6.030150753768845	0.027319282695748615
6.432160804020101	0.023869161754314788
6.834170854271357	0.017131110860658057
7.236180904522613	0.008616460478559206
7.63819095477387	0.003807647673991161
8.040201005025127	0.009312219025068406
8.442211055276383	0.013588094797289643
8.84422110552764	0.013911391700483966
9.246231155778895	0.009757930093440807
9.648241206030152	0.0017941561339438993
10.050251256281408	0.009150402736099341
10.452261306532664	0.020866417099387295
10.85427135678392	0.03163093476411497
11.256281407035177	0.03986445995694748
11.658291457286433	0.04427696115185822
12.06030150753769	0.04457779403100458
12.462311557788945	0.04125493836591858
12.864321608040202	0.03534982035148303
13.266331658291458	0.02855840375379289
13.668341708542714	0.022358866078582503
14.07035175879397	0.018693601006631214
14.472361809045227	0.0196382032594235
14.874371859296483	0.024073731243874956
15.27638190954774	0.028696349676941697
15.678391959798995	0.030963817316362646
16.080402010050253	0.02766683747942192
16.48241206030151	0.019399492534566704
16.884422110552766	0.012195851733875829
17.286432160804022	0.01991844079640901
17.68844221105528	0.031338448524346356
18.090452261306535	0.035745585185278934
18.49246231155779	0.03509796352040765
18.894472361809047	0.035996565237331385
19.296482412060303	0.045038209292293775
19.69849246231156	0.05981623264676953
20.100502512562816	0.07316671271839739
20.502512562814072	0.08005639823101314
20.90452261306533	0.07755640310334314
21.306532663316585	0.06651676328589617
21.70854271356784	0.048227210914736376
22.110552763819097	0.027022842855521284
22.512562814070353	0.01031404389127986
22.91457286432161	0.019982319102091674
23.316582914572866	0.032539281948750914
23.718592964824122	0.03881852097142574
24.12060301507538	0.03710504084703269
24.522613065326635	0.029116366586989118
24.92462311557789	0.021593405345881847
25.326633165829147	0.02427484653214157
25.728643216080403	0.0338714526571342
26.13065326633166	0.04103403990334535
26.532663316582916	0.041656658924189585
26.934673366834172	0.03550450550565447
27.33668341708543	0.02378428294177003
27.738693467336685	0.008284823350383066
28.14070351758794	0.008082561141839981
28.542713567839197	0.022546728629360642
28.944723618090453	0.03206411719811069
29.34673366834171	0.03533187475374304
29.748743718592966	0.03195621325700138
30.150753768844222	0.02419663532498853
30.55276381909548	0.020378253134777757
30.954773869346734	0.02974713030029762
31.35678391959799	0.04446376462010942
31.758793969849247	0.056824542409668014
32.16080402010051	0.06347562573529583
32.56281407035176	0.0628489786996609
32.96482412060302	0.0543209125425009
33.366834170854275	0.04035667220960433
33.76884422110553	0.02500039441733517
34.17085427135679	0.019387870836453595
34.572864321608044	0.02860327457353571
34.9748743718593	0.038106880105791906
35.37688442211056	0.04085139090378822
35.77889447236181	0.0356606305846602
36.18090452261307	0.02348551797671095
36.582914572864325	0.012457022704598465
36.98492462311558	0.022889012303022264
37.38693467336684	0.040156108997065815
37.788944723618094	0.0537384016524328
38.19095477386935	0.05987589172108369
38.59296482412061	0.057632625532134676
38.99497487437186	0.047537605341156405
39.39698492462312	0.03247461651148588
39.798994974874375	0.021434496528527545
40.20100502512563	0.026742222433287454
40.60301507537689	0.03783587776902385
41.005025125628144	0.04409570901233541
41.4070351758794	0.04272519058865245
41.80904522613066	0.033104796723174894
42.21105527638191	0.01737094583718601
42.61306532663317	0.005975621242775989
43.015075376884425	0.023294186086597255
43.41708542713568	0.03961584940523979
43.81909547738694	0.048876952025120254
44.221105527638194	0.04957631370801108
44.62311557788945	0.04113283336765254
45.02512562814071	0.02590668125317815
45.42713567839196	0.013291981447713864
45.82914572864322	0.024273774766832686
46.231155778894475	0.040789678605795784
46.63316582914573	0.05103885804340659
47.03517587939699	0.05252954744340029
47.437185929648244	0.04464674209508663
47.8391959798995	0.02927270531951644
48.24120603015076	0.013225102823025105
48.64321608040201	0.023141339833317776
49.04522613065327	0.04236801967676156
49.447236180904525	0.0563918305886002
49.84924623115578	0.06132712220838177
50.25125628140704	0.0563315324066711
50.653266331658294	0.042474879317723764
51.05527638190955	0.025019924595258057
51.45728643216081	0.02039766070660142
51.85929648241206	0.035640132317766145
52.26130653266332	0.05066034131855385
52.663316582914575	0.0587005893456277
53.06532663316583	0.05739858194094455
53.46733668341709	0.04685142404736147
53.869346733668344	0.028826524377263747
54.2713567839196	0.0075055782957485755
54.67336683417086	0.0159614248045511
55.07537688442211	0.03291368033146942
55.47738693467337	0.042954986188342495
55.879396984924625	0.04369293899676795
56.28140703517588	0.03553461407719597
56.68341708542714	0.021521145381194186
57.085427135678394	0.015728103497850737
57.48743718592965	0.031140053627654807
57.88944723618091	0.04883119606583831
58.29145728643216	0.06096169228767595
58.69346733668342	0.06404077708863741
59.095477386934675	0.05801425717989008
59.49748743718593	0.04380187602776965
59.89949748743719	0.025093228078923037
60.301507537688444	0.01446078369063786
60.7035175879397	0.026318766672460303
61.10552763819096	0.03800277111166122
61.50753768844221	0.04154411299673426
61.90954773869347	0.0354168704300148
62.311557788944725	0.02128780332182032
62.71356783919598	0.007323129151007529
63.11557788944724	0.024700512864960937
63.517587939698494	0.045461461008278456
63.91959798994975	0.061147734708818915
64.32160804020101	0.06830167861392213
64.72361809045226	0.06586690146755937
65.12562814070353	0.054932958632716286
65.52763819095478	0.03903897703049809
65.92964824120604	0.026957264395595825
66.33165829145729	0.030245922810057495
66.73366834170855	0.04104917177482194
67.1356783919598	0.04768036995158421
67.53768844221106	0.04617494740065914
67.93969849246231	0.03586891552027119
68.34170854271358	0.01912059410845251
68.74371859296483	0.007683414362479564
69.14572864321609	0.02547167980053116
69.54773869346734	0.042234908213644604
69.9497487437186	0.05219669755816879
70.35175879396985	0.0540213565348782
70.75376884422111	0.047991432183780186
71.15577889447236	0.03678671103928923
71.55778894472363	0.02791795400673176
71.95979899497488	0.030816637026649957
72.36180904522614	0.04107413429706752
72.76381909547739	0.048925410894062125
73.16582914572865	0.05007654830725665
73.5678391959799	0.04350800573164412
73.96984924623116	0.030111030291913643
74.37185929648241	0.013858361725642454
74.77386934673368	0.012987688912775627
75.17587939698493	0.027807776880596942
75.57788944723619	0.038859420301241
75.97989949748744	0.043033672178926334
76.3819095477387	0.0397774130721947
76.78391959798995	0.03108166623407635
77.18592964824121	0.023264617935775903
77.58793969849246	0.026707339887515176
77.98994974874373	0.037948499720801825
78.39195979899498	0.047593250328393524
78.79396984924624	0.05104409566537584
79.19597989949749	0.0462015092797453
79.59798994974875	0.03449650616346026
80.0	0.01804963293767067
