0.0	0.007705654762998454
0.4020100502512563	0.006917556572150416
0.8040201005025126	0.005148227401066718
1.206030150753769	0.0029065202239357732
1.6080402010050252	0.0019905745052579953
2.0100502512562817	0.003885437071171393
2.412060301507538	0.005607126354227424
2.814070351758794	0.006389633820500886
3.2160804020100504	0.005682676306746833
3.6180904522613067	0.003796143740550544
4.020100502512563	0.0012354580601832315
4.42211055276382	0.0018819439543969068
4.824120603015076	0.004875269058338666
5.226130653266332	0.00716806963208382
5.628140703517588	0.00834118486149206
6.030150753768845	0.008327241761507159
6.432160804020101	0.007262724048042025
6.834170854271357	0.0053455012437726305
7.236180904522613	0.003709522413985275
7.63819095477387	0.0034722880634434723
8.040201005025127	0.004800970675104569
8.442211055276383	0.005493953073092207
8.84422110552764	0.005159657630911248
9.246231155778895	0.0037843002271747083
9.648241206030152	0.0019396403165899308
10.050251256281408	0.0030084023334579556
10.452261306532664	0.006009601517242557
10.85427135678392	0.008602391064109868
11.256281407035177	0.010522814074217271
11.658291457286433	0.011372193344625116
12.06030150753769	0.01089600204488949
12.462311557788945	0.009365389514376684
12.864321608040202	0.0070759879459420996
13.266331658291458	0.0044921679422408834
13.668341708542714	0.0021331968289286228
14.07035175879397	0.0005784896213263501
14.472361809045227	0.000670607728893165
14.874371859296483	0.0018459271205294974
15.27638190954774	0.003907661030826342
15.678391959798995	0.00680260572212697
16.080402010050253	0.010141579884522746
16.48241206030151	0.013475894914712641
16.884422110552766	0.01603167065388056
17.286432160804022	0.017820378242419
17.68844221105528	0.018479422433593858
18.090452261306535	0.01813378491883322
18.49246231155779	0.016825002758884346
18.894472361809047	0.015027596606290345
19.296482412060303	0.01361532211053181
19.69849246231156	0.013287408556445049
20.100502512562816	0.014364723736630555
20.502512562814072	0.016919049413098818
20.90452261306533	0.02013798970827941
21.306532663316585	0.023348199857975874
21.70854271356784	0.026228715772453188
22.110552763819097	0.02872016143830437
22.512562814070353	0.030017816853512853
22.91457286432161	0.030008381684265062
23.316582914572866	0.028584215350516196
23.718592964824122	0.02564250207893166
24.12060301507538	0.02182021641607678
24.522613065326635	0.018224641449838194
24.92462311557789	0.015603988940976258
25.326633165829147	0.015077731544843756
25.728643216080403	0.016365843279083674
26.13065326633166	0.0191245425542026
26.532663316582916	0.023043634640346453
26.934673366834172	0.027164219969412134
27.33668341708543	0.030966266864437986
27.738693467336685	0.03367546743266694
28.14070351758794	0.03485850204825184
28.542713567839197	0.033985747997859014
28.944723618090453	0.031672836526129435
29.34673366834171	0.02769291389786015
29.748743718592966	0.023533326291071313
30.150753768844222	0.019798204332095053
30.55276381909548	0.017351349615620078
30.954773869346734	0.016699050865917005
31.35678391959799	0.017773137220531508
31.758793969849247	0.019937925576822453
32.16080402010051	0.022875068735096434
32.56281407035176	0.026237150261130222
32.96482412060302	0.029311994209276528
33.366834170854275	0.0316694217085527
33.76884422110553	0.03290391645334366
34.17085427135679	0.032705737519081936
34.572864321608044	0.03114182670334441
34.9748743718593	0.029016504560976673
35.37688442211056	0.026498527437065544
35.77889447236181	0.024332508137104584
36.18090452261307	0.022879502372067824
36.582914572864325	0.022279485163100153
36.98492462311558	0.022628003379804244
37.38693467336684	0.023733170804109364
37.788944723618094	0.02529543855357899
38.19095477386935	0.027086644953409855
38.59296482412061	0.028705007659181707
38.99497487437186	0.030405922138225055
39.39698492462312	0.03196103957333306
39.798994974874375	0.03336669858974804
40.20100502512563	0.03416834960330475
40.60301507537689	0.034697474387762904
41.005025125628144	0.034495952032220355
41.4070351758794	0.03435794358030468
41.80904522613066	0.033822184455429664
42.21105527638191	0.03355644856227246
42.61306532663317	0.033465857476691306
43.015075376884425	0.034067048277181176
43.41708542713568	0.03508937474610947
43.81909547738694	0.036567045764712355
44.221105527638194	0.0384519642728685
44.62311557788945	0.04061174697107632
45.02512562814071	0.04299432070828134
45.42713567839196	0.04548316729264621
45.82914572864322	0.04783385176762317
46.231155778894475	0.049787836284476486
46.63316582914573	0.05146779397685234
47.03517587939699	0.05262753396789097
47.437185929648244	0.05341429314093964
47.8391959798995	0.05389978491068605
48.24120603015076	0.054810998733013705
48.64321608040201	0.055855307140480856
49.04522613065327	0.05725881446554516
49.447236180904525	0.05902444616007657
49.84924623115578	0.06082778667058718
50.25125628140704	0.06229421539951453
50.653266331658294	0.06339822209007456
51.05527638190955	0.06344174110299952
51.45728643216081	0.06230401793076279
51.85929648241206	0.05989190797428606
52.26130653266332	0.05663249819067016
52.663316582914575	0.053550295382485645
53.06532663316583	0.051243137857325496
53.46733668341709	0.05037911769935759
53.869346733668344	0.05159699366246086
54.2713567839196	0.05406157966988554
54.67336683417086	0.05796634594277735
55.07537688442211	0.06153560266485687
55.47738693467337	0.0644979769356313
55.879396984924625	0.06583201274952624
56.28140703517588	0.06524668594644231
56.68341708542714	0.06256943486338548
57.085427135678394	0.05861306893160732
57.48743718592965	0.05354357506223961
57.88944723618091	0.048144441815391195
58.29145728643216	0.0436559210469185
58.69346733668342	0.04031219019697447
59.095477386934675	0.03890825208505313
59.49748743718593	0.03925825234381744
59.89949748743719	0.04125380580756056
60.301507537688444	0.044851960838507565
60.7035175879397	0.04894736141642582
61.10552763819096	0.053122428902189864
61.50753768844221	0.05648815320956575
61.90954773869347	0.05874733271477924
62.311557788944725	0.059569405175936396
62.71356783919598	0.05870520170874668
63.11557788944724	0.05672998135051808
63.517587939698494	0.05354984520765643
63.91959798994975	0.05009889006314129
64.32160804020101	0.04679130796703755
64.72361809045226	0.044106023760530993
65.12562814070353	0.042661322382716874
65.52763819095478	0.04228480815615184
65.92964824120604	0.04350840801419541
66.33165829145729	0.046039294953765734
66.73366834170855	0.0491097705281719
67.1356783919598	0.05247000622627636
67.53768844221106	0.055720645574499926
67.93969849246231	0.05834607081146202
68.34170854271358	0.059998149205522364
68.74371859296483	0.06060722222471202
69.14572864321609	0.05990788410002216
69.54773869346734	0.058000139800299014
69.9497487437186	0.055229026003532834
70.35175879396985	0.051832183622347636
70.75376884422111	0.04848740813647317
71.15577889447236	0.045865879760338374
71.55778894472363	0.04440832880267134
71.95979899497488	0.044982708494900395
72.36180904522614	0.04705926237160329
72.76381909547739	0.05075910486854002
73.16582914572865	0.05502616618347252
73.5678391959799	0.059249796952473885
73.96984924623116	0.06241258765625217
74.37185929648241	0.06421581810506374
74.77386934673368	0.06411383799803465
75.17587939698493	0.06229488695006805
75.57788944723619	0.0590180437258403
75.97989949748744	0.05507909421904659
76.3819095477387	0.05125682146915174
76.78391959798995	0.04842245207536772
77.18592964824121	0.047500869494383605
77.58793969849246	0.04865502339210699
77.98994974874373	0.05163952854858554
78.39195979899498	0.05573698385525616
78.79396984924624	0.05972228144402432
79.19597989949749	0.06267645879259519
79.59798994974875	0.0640627776019885
80.0	0.06374536151980516
