0.0	0.019347789983395286
0.4020100502512563	0.014117749901056811
0.8040201005025126	0.007070574353555671
1.206030150753769	0.0033879906195243732
1.6080402010050252	0.01020935416887053
2.0100502512562817	0.01573996387750856
2.412060301507538	0.018725620871406227
2.814070351758794	0.01796256945925888
3.2160804020100504	0.013874250007178183
3.6180904522613067	0.00736640090461015
4.020100502512563	0.0008044104494813835
4.42211055276382	0.008046401961577961
4.824120603015076	0.014090892262154186
5.226130653266332	0.017071917396351166
5.628140703517588	0.016675620475540415
6.030150753768845	0.01317409913580395
6.432160804020101	0.007332813785127344
6.834170854271357	0.005220991975348033
7.236180904522613	0.01164089736862239
7.63819095477387	0.01804917944243994
8.040201005025127	0.022124699992296656
8.442211055276383	0.022810108049139865
8.84422110552764	0.020129505822439983
9.246231155778895	0.014517453654762017
9.648241206030152	0.007114122983810799
10.050251256281408	0.002553850793683084
10.452261306532664	0.008181582106482769
10.85427135678392	0.012409033494145273
11.256281407035177	0.013749321275580484
11.658291457286433	0.011841361626261261
12.06030150753769	0.008276560997814349
12.462311557788945	0.0082114288121982
12.864321608040202	0.014309761490447655
13.266331658291458	0.02111549287393299
13.668341708542714	0.02607113082026677
14.07035175879397	0.028079886498498546
14.472361809045227	0.02660536674853236
14.874371859296483	0.022076178785019104
15.27638190954774	0.015063801268858331
15.678391959798995	0.007207965592342057
16.080402010050253	9.491695376524618e-05
16.48241206030151	0.005479669367434761
16.884422110552766	0.008298392728395523
17.286432160804022	0.00847846635269035
17.68844221105528	0.008404953630160186
18.090452261306535	0.012116767781336087
18.49246231155779	0.019339087183313883
18.894472361809047	0.027128460389491238
19.296482412060303	0.03378049023966285
19.69849246231156	0.037909038318758276
20.100502512562816	0.03889282276404292
20.502512562814072	0.03675707240724056
20.90452261306533	0.03194825353199688
21.306532663316585	0.025473720587864224
21.70854271356784	0.01867888139959352
22.110552763819097	0.012509308923918142
22.512562814070353	0.008189167839519285
22.91457286432161	0.007935465557289634
23.316582914572866	0.012265300964317305
23.718592964824122	0.019322066046014164
24.12060301507538	0.027568466870514136
24.522613065326635	0.036046167465543934
24.92462311557789	0.043168246364565656
25.326633165829147	0.047556554105159285
25.728643216080403	0.04882892367006385
26.13065326633166	0.04636105525196987
26.532663316582916	0.04079724319052092
26.934673366834172	0.033243071583789294
27.33668341708543	0.024746820496729518
27.738693467336685	0.01713202957784531
28.14070351758794	0.011622223818409865
28.542713567839197	0.009130494559248973
28.944723618090453	0.011060692647426922
29.34673366834171	0.016825068398281618
29.748743718592966	0.0251691884153408
30.150753768844222	0.03420723878810602
30.55276381909548	0.04220924034702707
30.954773869346734	0.04775511501289318
31.35678391959799	0.04971229482478996
31.758793969849247	0.04765641052524445
32.16080402010051	0.04197013957789021
32.56281407035176	0.033833295782796174
32.96482412060302	0.024568311469883326
33.366834170854275	0.015724892084364207
33.76884422110553	0.009140835981133393
34.17085427135679	0.005420864152678752
34.572864321608044	0.005260491874581268
34.9748743718593	0.0095572760960927
35.37688442211056	0.0169098640868982
35.77889447236181	0.025690582364322208
36.18090452261307	0.034304126117876324
36.582914572864325	0.040820832860109645
36.98492462311558	0.04460516446940412
37.38693467336684	0.044459830042137535
37.788944723618094	0.04096023516382323
38.19095477386935	0.034678546344575234
38.59296482412061	0.027064183990619328
38.99497487437186	0.019327627220928338
39.39698492462312	0.013016191039198769
39.798994974874375	0.008886125496861899
40.20100502512563	0.006744502861953297
40.60301507537689	0.006735945412017291
41.005025125628144	0.010149986779493244
41.4070351758794	0.016813412894109227
41.80904522613066	0.024750147460931977
42.21105527638191	0.03248874953748747
42.61306532663317	0.03859659216604646
43.015075376884425	0.04201911893627098
43.41708542713568	0.04204441887525454
43.81909547738694	0.03877629055840438
44.221105527638194	0.0324692601237362
44.62311557788945	0.02480451611218308
45.02512562814071	0.01680850136760894
45.42713567839196	0.011053350854147357
45.82914572864322	0.008266509461168768
46.231155778894475	0.007634169102728623
46.63316582914573	0.009270633507814296
47.03517587939699	0.014159521232544025
47.437185929648244	0.022326035288447663
47.8391959798995	0.031217171200252403
48.24120603015076	0.0390633905816085
48.64321608040201	0.04445393471301222
49.04522613065327	0.046490006867767136
49.447236180904525	0.04439911477037177
49.84924623115578	0.039145818843472326
50.25125628140704	0.031100743132367277
50.653266331658294	0.022136387408769127
51.05527638190955	0.014031536846850734
51.45728643216081	0.0096026798831954
51.85929648241206	0.009037734015811563
52.26130653266332	0.00956694554460599
52.663316582914575	0.010537079819730717
53.06532663316583	0.014826131442652926
53.46733668341709	0.02234280304193049
53.869346733668344	0.031278839011303954
54.2713567839196	0.03951393909618929
54.67336683417086	0.0453346784647959
55.07537688442211	0.04747772716185068
55.47738693467337	0.04563785950910642
55.879396984924625	0.0396925759689986
56.28140703517588	0.031027121059788238
56.68341708542714	0.02109111210724738
57.085427135678394	0.012912731447500622
57.48743718592965	0.009906835546284753
57.88944723618091	0.011390559983340574
58.29145728643216	0.012962603461717386
58.69346733668342	0.014930485234412996
59.095477386934675	0.01945796793155615
59.49748743718593	0.02719249169566405
59.89949748743719	0.03599226574105842
60.301507537688444	0.04336934079777415
60.7035175879397	0.048057422290172555
61.10552763819096	0.04846167198716161
61.50753768844221	0.04431953045766508
61.90954773869347	0.03632770421794658
62.311557788944725	0.02578387738213605
62.71356783919598	0.01474766633500304
63.11557788944724	0.005984156721144233
63.517587939698494	0.006533187355773592
63.91959798994975	0.010692658440196233
64.32160804020101	0.013702803882842684
64.72361809045226	0.016846430973494673
65.12562814070353	0.022172688637579943
65.52763819095478	0.029321365595888438
65.92964824120604	0.03671682649372979
66.33165829145729	0.04280807070961688
66.73366834170855	0.04594359065986361
67.1356783919598	0.04552191142553115
67.53768844221106	0.04119404254702087
67.93969849246231	0.03362248681853271
68.34170854271358	0.02411773420448573
68.74371859296483	0.014445831086777657
69.14572864321609	0.008837116547919103
69.54773869346734	0.011661657545720093
69.9497487437186	0.016763450004947618
70.35175879396985	0.02076318629383825
70.75376884422111	0.024321165834954767
71.15577889447236	0.028560520641079657
71.55778894472363	0.034131435684921115
71.95979899497488	0.040046330751992536
72.36180904522614	0.044428705621263116
72.76381909547739	0.04576119897692397
73.16582914572865	0.043194983488395775
73.5678391959799	0.037152149485769156
73.96984924623116	0.028046960197432257
74.37185929648241	0.017730688572833102
74.77386934673368	0.007736020315168801
75.17587939698493	0.0052874599426836495
75.57788944723619	0.011585206496494799
75.97989949748744	0.01759586327588033
76.3819095477387	0.023056877898340843
76.78391959798995	0.028649546815685926
77.18592964824121	0.034400040174718566
77.58793969849246	0.039932655946990595
77.98994974874373	0.04380280762282373
78.39195979899498	0.04557520815826391
78.79396984924624	0.044397248333550375
79.19597989949749	0.040327779454342225
79.59798994974875	0.03395368336396952
80.0	0.02583004663953123
