0.0	0.011079612871155874
0.4020100502512563	0.008850748414715172
0.8040201005025126	0.00492326439483023
1.206030150753769	0.0006784790204517684
1.6080402010050252	0.004153926198154117
2.0100502512562817	0.007863391922645981
2.412060301507538	0.0100270766708444
2.814070351758794	0.010166040521243072
3.2160804020100504	0.00852177284133703
3.6180904522613067	0.0053007330768251445
4.020100502512563	0.001026666470398231
4.42211055276382	0.0033404687420601426
4.824120603015076	0.007000230421419623
5.226130653266332	0.00936869336552459
5.628140703517588	0.00994983911185722
6.030150753768845	0.008499877108473183
6.432160804020101	0.005465376126009427
6.834170854271357	0.0016851233298918467
7.236180904522613	0.003870412777865491
7.63819095477387	0.007983312258360076
8.040201005025127	0.010875102064920567
8.442211055276383	0.012221499924538165
8.84422110552764	0.011647204145873745
9.246231155778895	0.009171771621740798
9.648241206030152	0.005747590513290737
10.050251256281408	0.0023290481329735916
10.452261306532664	0.0032479366999124946
10.85427135678392	0.005868261637439835
11.256281407035177	0.006949577439297719
11.658291457286433	0.006363669162785394
12.06030150753769	0.004341551220549965
12.462311557788945	0.0033086483474599445
12.864321608040202	0.006714851835264418
13.266331658291458	0.01094728163383979
13.668341708542714	0.014574049021244647
14.07035175879397	0.0174104606094301
14.472361809045227	0.018611006373937145
14.874371859296483	0.01800735267678378
15.27638190954774	0.01596774048976452
15.678391959798995	0.01319779601365027
16.080402010050253	0.009736229120703944
16.48241206030151	0.006159765955245122
16.884422110552766	0.004038020916058939
17.286432160804022	0.0047141394241685475
17.68844221105528	0.0056900616164906204
18.090452261306535	0.005214811389301338
18.49246231155779	0.0030142438227651197
18.894472361809047	0.003969684488310606
19.296482412060303	0.010313498888156093
19.69849246231156	0.017609551296468334
20.100502512562816	0.024035759497439763
20.502512562814072	0.02897025496701359
20.90452261306533	0.03182509364252657
21.306532663316585	0.03147793236998631
21.70854271356784	0.02879740417801934
22.110552763819097	0.024909775984053542
22.512562814070353	0.019390813260105198
22.91457286432161	0.014218706838663622
23.316582914572866	0.00994908167432935
23.718592964824122	0.007678676722238878
24.12060301507538	0.006453743179900025
24.522613065326635	0.004859617430305166
24.92462311557789	0.008380319787468414
25.326633165829147	0.01644586649412145
25.728643216080403	0.026377879575454947
26.13065326633166	0.03540094004131006
26.532663316582916	0.042597086194738405
26.934673366834172	0.047635934659813334
27.33668341708543	0.0487312710886975
27.738693467336685	0.04604672321768487
28.14070351758794	0.03969053788040161
28.542713567839197	0.030011812962261387
28.944723618090453	0.01911571145991419
29.34673366834171	0.009295528589811936
29.748743718592966	0.008124500472375907
30.150753768844222	0.015341009197798775
30.55276381909548	0.021803524928073255
30.954773869346734	0.027583085660470213
31.35678391959799	0.034033505790346905
31.758793969849247	0.04266164778781725
32.16080402010051	0.05323438540725493
32.56281407035176	0.06339288332378872
32.96482412060302	0.07016479307039962
33.366834170854275	0.06992568685450812
33.76884422110553	0.06260259800074551
34.17085427135679	0.050013079302608454
34.572864321608044	0.036329127938400034
34.9748743718593	0.029034253639094305
35.37688442211056	0.031391586121179635
35.77889447236181	0.03653433777066621
36.18090452261307	0.03871295561394039
36.582914572864325	0.0383480935042179
36.98492462311558	0.040183229585931776
37.38693467336684	0.04867628790425209
37.788944723618094	0.06168453315866842
38.19095477386935	0.07384012619585445
38.59296482412061	0.08139900445701907
38.99497487437186	0.0818083312661339
39.39698492462312	0.07494532727702105
39.798994974874375	0.06212828598620925
40.20100502512563	0.045975897950267894
40.60301507537689	0.03056737019621416
41.005025125628144	0.021512952251799142
41.4070351758794	0.02327413364245761
41.80904522613066	0.028330456034510815
42.21105527638191	0.03172687855239692
42.61306532663317	0.035374675706419306
43.015075376884425	0.041483844428775944
43.41708542713568	0.05074070576555796
43.81909547738694	0.06051443867053041
44.221105527638194	0.06764577532017478
44.62311557788945	0.07018559821625672
45.02512562814071	0.06677375463873748
45.42713567839196	0.05779998486314022
45.82914572864322	0.044853847534071456
46.231155778894475	0.03059764720782062
46.63316582914573	0.017694839039689953
47.03517587939699	0.00925133507256071
47.437185929648244	0.008556646276579026
47.8391959798995	0.012301794140168743
48.24120603015076	0.019520547042423127
48.64321608040201	0.030454083378637486
49.04522613065327	0.04339548854651847
49.447236180904525	0.05559251412511508
49.84924623115578	0.06469423394685977
50.25125628140704	0.06886732332264463
50.653266331658294	0.0674636341739936
51.05527638190955	0.060610568230727246
51.45728643216081	0.04946237617181564
51.85929648241206	0.03628888162348408
52.26130653266332	0.023333762440645524
52.663316582914575	0.012988103859307973
53.06532663316583	0.00653156192841927
53.46733668341709	0.004492939345915126
53.869346733668344	0.009413171634764753
54.2713567839196	0.019935815782170914
54.67336683417086	0.03350626560268619
55.07537688442211	0.04817959024509083
55.47738693467337	0.06156436190708213
55.879396984924625	0.07093176317852658
56.28140703517588	0.07570886320618682
56.68341708542714	0.07521812401477183
57.085427135678394	0.06949100708087244
57.48743718592965	0.05970733904081669
57.88944723618091	0.0474376428121288
58.29145728643216	0.03402302981323053
58.69346733668342	0.022653577242195105
59.095477386934675	0.014866552383990553
59.49748743718593	0.012698786968632844
59.89949748743719	0.018009636566077472
60.301507537688444	0.028668043118431415
60.7035175879397	0.042248109737066684
61.10552763819096	0.05603573171944202
61.50753768844221	0.06721830981043656
61.90954773869347	0.073970423185281
62.311557788944725	0.07464976532244602
62.71356783919598	0.0694014919586706
63.11557788944724	0.05941549142541934
63.517587939698494	0.046498341039508666
63.91959798994975	0.033730649350435994
64.32160804020101	0.02382852432738207
64.72361809045226	0.017863736534943976
65.12562814070353	0.014794009362793481
65.52763819095478	0.015152504022441182
65.92964824120604	0.02309171332925949
66.33165829145729	0.03639983443601354
66.73366834170855	0.05092988890697653
67.1356783919598	0.06326723081045532
67.53768844221106	0.07093855160891518
67.93969849246231	0.07211168100369697
68.34170854271358	0.0665952078127743
68.74371859296483	0.05610719013659173
69.14572864321609	0.04248477231735859
69.54773869346734	0.029256419107315294
69.9497487437186	0.019794450252979
70.35175879396985	0.01606718672313403
70.75376884422111	0.014630622392393818
71.15577889447236	0.013800001097761097
71.55778894472363	0.017084411605278634
71.95979899497488	0.026390844274492026
72.36180904522614	0.03782943706751313
72.76381909547739	0.04826683644293194
73.16582914572865	0.05608961291479114
73.5678391959799	0.059151058827463375
73.96984924623116	0.05725893767110417
74.37185929648241	0.05134140303413352
74.77386934673368	0.04220927928424507
75.17587939698493	0.032863229390349843
75.57788944723619	0.02558550186122897
75.97989949748744	0.022117586954042152
76.3819095477387	0.021597168697349435
76.78391959798995	0.021836164957761157
77.18592964824121	0.022775840160443865
77.58793969849246	0.026819681156684993
77.98994974874373	0.03478546893981571
78.39195979899498	0.044317701400582686
78.79396984924624	0.05272851799789393
79.19597989949749	0.057832507177434544
79.59798994974875	0.057942646560521414
80.0	0.05334668344919896
