0.0	0.019608829427549
0.4020100502512563	0.018482177460156
0.8040201005025126	0.014453493680872653
1.206030150753769	0.008823880692042808
1.6080402010050252	0.005033522703571208
2.0100502512562817	0.008650916525585464
2.412060301507538	0.013335589210345444
2.814070351758794	0.015456501412677556
3.2160804020100504	0.014497671403437756
3.6180904522613067	0.01058868968963999
4.020100502512563	0.004298092429315963
4.42211055276382	0.003453313660395874
4.824120603015076	0.0110365313452826
5.226130653266332	0.016938849969898827
5.628140703517588	0.020501800007586685
6.030150753768845	0.021393114234637266
6.432160804020101	0.019011784996168884
6.834170854271357	0.014663377784850823
7.236180904522613	0.00987118406726839
7.63819095477387	0.008423787661820153
8.040201005025127	0.010658999573228783
8.442211055276383	0.013247599039157048
8.84422110552764	0.013368361971263962
9.246231155778895	0.010654998101392924
9.648241206030152	0.005454008397217269
10.050251256281408	0.0015287538912999391
10.452261306532664	0.008985617155032054
10.85427135678392	0.015863593496030413
11.256281407035177	0.020850449525724186
11.658291457286433	0.02290410055415028
12.06030150753769	0.021841329346750045
12.462311557788945	0.017891955641088968
12.864321608040202	0.011881263530770802
13.266331658291458	0.0055995148868768245
13.668341708542714	0.005655382275882066
14.07035175879397	0.010484325551132847
14.472361809045227	0.013608051782390208
14.874371859296483	0.013808932125681217
15.27638190954774	0.011037495070384672
15.678391959798995	0.005832055843240704
16.080402010050253	0.0020844156668487473
16.48241206030151	0.008574107027708885
16.884422110552766	0.01480882010878827
17.286432160804022	0.018812481936941353
17.68844221105528	0.019874247156558774
18.090452261306535	0.01785986908527798
18.49246231155779	0.013148774586527651
18.894472361809047	0.00679066769801928
19.296482412060303	0.004880015613735331
19.69849246231156	0.010808547030796773
20.100502512562816	0.016392683154489933
20.502512562814072	0.019848147995190257
20.90452261306533	0.020444957386953906
21.306532663316585	0.018555269795029906
21.70854271356784	0.014585103630415916
22.110552763819097	0.009815903853961739
22.512562814070353	0.006429418678718189
22.91457286432161	0.007625614039901131
23.316582914572866	0.0101838839798275
23.718592964824122	0.011221416035823783
24.12060301507538	0.009939686866416716
24.522613065326635	0.007136459939352859
24.92462311557789	0.004755730901582299
25.326633165829147	0.008820029938958687
25.728643216080403	0.015189321685366403
26.13065326633166	0.020971654419511272
26.532663316582916	0.025357294697037364
26.934673366834172	0.02725194788581949
27.33668341708543	0.02628470040536964
27.738693467336685	0.022536725682460436
28.14070351758794	0.016649983703777425
28.542713567839197	0.009883280751221264
28.944723618090453	0.0041034105182787784
29.34673366834171	0.004555779504703696
29.748743718592966	0.006280532737880923
30.150753768844222	0.005483121121561687
30.55276381909548	0.0017119434920211886
30.954773869346734	0.004688764530992032
31.35678391959799	0.01239225477693115
31.758793969849247	0.020595294133011442
32.16080402010051	0.0275624044174975
32.56281407035176	0.032367780636376034
32.96482412060302	0.034099515607077094
33.366834170854275	0.032619403711239156
33.76884422110553	0.02845869258360828
34.17085427135679	0.02230095410386269
34.572864321608044	0.015110144712329677
34.9748743718593	0.008866555898754989
35.37688442211056	0.0045939089006223595
35.77889447236181	0.003694087205987056
36.18090452261307	0.004673885671511516
36.582914572864325	0.007632783435923311
36.98492462311558	0.013615207565287422
37.38693467336684	0.021347781223498206
37.788944723618094	0.029092598969728954
38.19095477386935	0.03568082389900394
38.59296482412061	0.040057907272295176
38.99497487437186	0.04146265172887663
39.39698492462312	0.03994082311526551
39.798994974874375	0.03577975198768807
40.20100502512563	0.030127228514524117
40.60301507537689	0.02427876120810716
41.005025125628144	0.019247298622632518
41.4070351758794	0.015818203648873465
41.80904522613066	0.014217184847584602
42.21105527638191	0.015218331669299682
42.61306532663317	0.018885655348334023
43.015075376884425	0.024958795948640936
43.41708542713568	0.031779134260129856
43.81909547738694	0.03851685116032182
44.221105527638194	0.0435483074481156
44.62311557788945	0.04625100051245557
45.02512562814071	0.04637234783899393
45.42713567839196	0.043870066548565546
45.82914572864322	0.03977995947734421
46.231155778894475	0.0354565372246831
46.63316582914573	0.03130018807377174
47.03517587939699	0.02826665093108151
47.437185929648244	0.027039490486847183
47.8391959798995	0.02780809894322616
48.24120603015076	0.030836905837957583
48.64321608040201	0.0361337049731901
49.04522613065327	0.04278184873834921
49.447236180904525	0.04949514357337244
49.84924623115578	0.05514209184772354
50.25125628140704	0.058890418635670426
50.653266331658294	0.06037780428846592
51.05527638190955	0.05994629749620135
51.45728643216081	0.05796817310930265
51.85929648241206	0.05528541753533008
52.26130653266332	0.05267546165203568
52.663316582914575	0.0510488945898516
53.06532663316583	0.050795911417454764
53.46733668341709	0.051946106344212525
53.869346733668344	0.05464516512260209
54.2713567839196	0.05822953912811204
54.67336683417086	0.06264810503207933
55.07537688442211	0.06701305749690636
55.47738693467337	0.0704407381318114
55.879396984924625	0.07218536944261075
56.28140703517588	0.0714654093455259
56.68341708542714	0.06852918858729821
57.085427135678394	0.06406867460686569
57.48743718592965	0.059222710025153426
57.88944723618091	0.05542387028822902
58.29145728643216	0.05335284568787725
58.69346733668342	0.053069943024947684
59.095477386934675	0.05427243646798833
59.49748743718593	0.05657089033679633
59.89949748743719	0.05908813463347771
60.301507537688444	0.06167127895417378
60.7035175879397	0.06360027315355826
61.10552763819096	0.06441048234067182
61.50753768844221	0.06379161678198463
61.90954773869347	0.06176352278402739
62.311557788944725	0.05826225358899286
62.71356783919598	0.054403939071501296
63.11557788944724	0.05064532354830877
63.517587939698494	0.047596341722999376
63.91959798994975	0.04530325132245468
64.32160804020101	0.04412370503058792
64.72361809045226	0.04369596265403496
65.12562814070353	0.04408995055633658
65.52763819095478	0.04524147855473101
65.92964824120604	0.04681272918671123
66.33165829145729	0.04869958076112839
66.73366834170855	0.05064547197500878
67.1356783919598	0.052296969667627015
67.53768844221106	0.053582646555921765
67.93969849246231	0.05397951384677953
68.34170854271358	0.05396492703267022
68.74371859296483	0.053280103368752975
69.14572864321609	0.051876993631672766
69.54773869346734	0.049798799119686835
69.9497487437186	0.047268388569516574
70.35175879396985	0.044775900224971826
70.75376884422111	0.042417145193288285
71.15577889447236	0.04101012479492642
71.55778894472363	0.04081534548717981
71.95979899497488	0.04174145381596008
72.36180904522614	0.04422055527210525
72.76381909547739	0.047731664329755036
73.16582914572865	0.05202202733513482
73.5678391959799	0.05622522815745016
73.96984924623116	0.05949732353134848
74.37185929648241	0.06130896944322393
74.77386934673368	0.06122859313764427
75.17587939698493	0.05910384683060462
75.57788944723619	0.05532423342693114
75.97989949748744	0.05040390403679079
76.3819095477387	0.04553144362028073
76.78391959798995	0.041615368983890684
77.18592964824121	0.03946950521783445
77.58793969849246	0.039670055436612894
77.98994974874373	0.04256320484421335
78.39195979899498	0.04751949082249175
78.79396984924624	0.05382743348641136
79.19597989949749	0.060076822271957486
79.59798994974875	0.06503590285596621
80.0	0.0677968028869014
