0.0	0.010905870061009229
0.4020100502512563	0.010011050647960814
0.8040201005025126	0.007619937494470913
1.206030150753769	0.004192864679164596
1.6080402010050252	0.003245549626107834
2.0100502512562817	0.006368498993289009
2.412060301507538	0.00900410956305749
2.814070351758794	0.010456631207074638
3.2160804020100504	0.009944421687443111
3.6180904522613067	0.007709359357616888
4.020100502512563	0.004135626896403887
4.42211055276382	0.0008522950986332605
4.824120603015076	0.004489593595114484
5.226130653266332	0.007667395740742933
5.628140703517588	0.009518679411739507
6.030150753768845	0.009594916396243538
6.432160804020101	0.007985515457404465
6.834170854271357	0.005496059011874046
7.236180904522613	0.00473279872241236
7.63819095477387	0.0068652981765062165
8.040201005025127	0.009656729465967436
8.442211055276383	0.01129053117153225
8.84422110552764	0.011407423779155289
9.246231155778895	0.009460124245846
9.648241206030152	0.006086538355393604
10.050251256281408	0.0016855932420914064
10.452261306532664	0.0032900725135304653
10.85427135678392	0.0074905803912342864
11.256281407035177	0.010616182111451274
11.658291457286433	0.012147487744846981
12.06030150753769	0.011991799597637279
12.462311557788945	0.010135669901222001
12.864321608040202	0.00739576371764635
13.266331658291458	0.0042897121738999745
13.668341708542714	0.001794941206233026
14.07035175879397	0.002793017654694275
14.472361809045227	0.004300202043402222
14.874371859296483	0.004894900948725188
15.27638190954774	0.0045015568256084
15.678391959798995	0.003051938137059637
16.080402010050253	0.0007898431524441935
16.48241206030151	0.0020106047678985256
16.884422110552766	0.0049722227384533255
17.286432160804022	0.007551561233076658
17.68844221105528	0.009363109675720306
18.090452261306535	0.010013738316422048
18.49246231155779	0.009616871707415457
18.894472361809047	0.00831431023721672
19.296482412060303	0.006180089460630977
19.69849246231156	0.00370632485364333
20.100502512562816	0.0015432164530156446
20.502512562814072	0.0016839530073392392
20.90452261306533	0.0026049681413749274
21.306532663316585	0.002751449558025502
21.70854271356784	0.0026940652318378573
22.110552763819097	0.003240367182558112
22.512562814070353	0.005115566280803458
22.91457286432161	0.007272741413145931
23.316582914572866	0.009223754300897696
23.718592964824122	0.01029402922625055
24.12060301507538	0.01045022540284771
24.522613065326635	0.00977066559515526
24.92462311557789	0.008571715539306959
25.326633165829147	0.006942645479185117
25.728643216080403	0.005488102540132853
26.13065326633166	0.00448316280475267
26.532663316582916	0.00358977063537762
26.934673366834172	0.0030644269402206837
27.33668341708543	0.0021732095009387906
27.738693467336685	0.001254499936923717
28.14070351758794	0.0020257092212654986
28.542713567839197	0.00430231959483305
28.944723618090453	0.007239309730227672
29.34673366834171	0.010028165994480458
29.748743718592966	0.0121630290826254
30.150753768844222	0.013251924555720574
30.55276381909548	0.013023593343674025
30.954773869346734	0.011828222551756877
31.35678391959799	0.009722287624062126
31.758793969849247	0.007377437082592619
32.16080402010051	0.005063195368384027
32.56281407035176	0.0035330288876293087
32.96482412060302	0.003183268540854213
33.366834170854275	0.003717351927648579
33.76884422110553	0.00553418283473143
34.17085427135679	0.00795828935507387
34.572864321608044	0.010525833626117875
34.9748743718593	0.01310924697734053
35.37688442211056	0.015137700777978543
35.77889447236181	0.01612061233233385
36.18090452261307	0.016074668506523875
36.582914572864325	0.015091431196885876
36.98492462311558	0.013289968924123837
37.38693467336684	0.011657550675147399
37.788944723618094	0.010685300522372373
38.19095477386935	0.010360527226454985
38.59296482412061	0.010054514668199387
38.99497487437186	0.00950869158107563
39.39698492462312	0.008470097925429755
39.798994974874375	0.008309781233195892
40.20100502512563	0.00996281063796953
40.60301507537689	0.01308326449924221
41.005025125628144	0.01664504571498325
41.4070351758794	0.019838591230082685
41.80904522613066	0.021697367547027828
42.21105527638191	0.022190695775798915
42.61306532663317	0.02148164804247468
43.015075376884425	0.019379807908607778
43.41708542713568	0.01639371587988217
43.81909547738694	0.013351956017016959
44.221105527638194	0.01041994999448035
44.62311557788945	0.008321809501804256
45.02512562814071	0.007324599050939068
45.42713567839196	0.007961643249686855
45.82914572864322	0.009970862433926536
46.231155778894475	0.013519475770873025
46.63316582914573	0.017618171086411234
47.03517587939699	0.021173051008194575
47.437185929648244	0.023561650025651627
47.8391959798995	0.024520685088587145
48.24120603015076	0.02402557332879453
48.64321608040201	0.02234150454833265
49.04522613065327	0.020037668501069923
49.447236180904525	0.01789012621258223
49.84924623115578	0.015788197853898615
50.25125628140704	0.013976870370821858
50.653266331658294	0.012701561550562554
51.05527638190955	0.012305404119730318
51.45728643216081	0.0133543789151405
51.85929648241206	0.015919069861132153
52.26130653266332	0.01952502683671241
52.663316582914575	0.02345881700648044
53.06532663316583	0.026841892717373535
53.46733668341709	0.029333723293145764
53.869346733668344	0.031006183011739387
54.2713567839196	0.031112569602460442
54.67336683417086	0.03009779563960672
55.07537688442211	0.027845115513693165
55.47738693467337	0.024729433059030373
55.879396984924625	0.021338848116389225
56.28140703517588	0.01818088244041744
56.68341708542714	0.015714080712597035
57.085427135678394	0.014891916520177368
57.48743718592965	0.01617349002047471
57.88944723618091	0.018995983199616644
58.29145728643216	0.022843298306708677
58.69346733668342	0.027057439219869146
59.095477386934675	0.031151347466201944
59.49748743718593	0.03439345095011461
59.89949748743719	0.036342466114989126
60.301507537688444	0.03692385940905889
60.7035175879397	0.035832477806722565
61.10552763819096	0.03323681360113506
61.50753768844221	0.03001642971865424
61.90954773869347	0.026610326768988002
62.311557788944725	0.023901045862686467
62.71356783919598	0.02211322778407654
63.11557788944724	0.022158746540725985
63.517587939698494	0.023873114749197042
63.91959798994975	0.02706801489070875
64.32160804020101	0.031381921491917195
64.72361809045226	0.03596940188261556
65.12562814070353	0.04045327206578712
65.52763819095478	0.04409357567246765
65.92964824120604	0.04633539199330666
66.33165829145729	0.04701416173753606
66.73366834170855	0.046000017059752915
67.1356783919598	0.04360677548860208
67.53768844221106	0.040651274433546186
67.93969849246231	0.03730812562522857
68.34170854271358	0.03460797335749141
68.74371859296483	0.03319274018197051
69.14572864321609	0.033381922298858634
69.54773869346734	0.03578231621863075
69.9497487437186	0.03986180975003677
70.35175879396985	0.04581707992592017
70.75376884422111	0.05203161318305286
71.15577889447236	0.0582622255339057
71.55778894472363	0.06349172982158675
71.95979899497488	0.0671060492464295
72.36180904522614	0.06860346368867996
72.76381909547739	0.06820612109455666
73.16582914572865	0.06620686768909105
73.5678391959799	0.06311402195049214
73.96984924623116	0.059336492724434454
74.37185929648241	0.05544841421422118
74.77386934673368	0.052121921846512154
75.17587939698493	0.04983978057489451
75.57788944723619	0.04880382680249347
75.97989949748744	0.04928935706564922
76.3819095477387	0.051379960397187854
76.78391959798995	0.05480476899799169
77.18592964824121	0.05876647241281356
77.58793969849246	0.06274082009739909
77.98994974874373	0.06633024897619925
78.39195979899498	0.06887995456041034
78.79396984924624	0.07008047621537225
79.19597989949749	0.06938674171443539
79.59798994974875	0.067039988089893
80.0	0.06306666814192795
