0.0	0.010288138335100972
0.4020100502512563	0.007112078902471478
0.8040201005025126	0.0030676426742378598
1.206030150753769	0.0027034877494687567
1.6080402010050252	0.006351946851104638
2.0100502512562817	0.008852523804403262
2.412060301507538	0.00975486038949874
2.814070351758794	0.00897014534357992
3.2160804020100504	0.006277893676437427
3.6180904522613067	0.002585560690214649
4.020100502512563	0.0021447784223222865
4.42211055276382	0.005850553933765915
4.824120603015076	0.008557070189370778
5.226130653266332	0.009636484370717454
5.628140703517588	0.008928119995569521
6.030150753768845	0.00656253851838004
6.432160804020101	0.0033963232935394724
6.834170854271357	0.003487112222342357
7.236180904522613	0.006924695978282011
7.63819095477387	0.00991304461066994
8.040201005025127	0.011365438922056844
8.442211055276383	0.011343154321971822
8.84422110552764	0.00931205893864783
9.246231155778895	0.005628174476166016
9.648241206030152	0.0014626335716187422
10.050251256281408	0.002948570419881595
10.452261306532664	0.006627749491646018
10.85427135678392	0.008945125788372456
11.256281407035177	0.009398031390474407
11.658291457286433	0.008052750451569515
12.06030150753769	0.0055755617879759845
12.462311557788945	0.003537736831347913
12.864321608040202	0.005172799543404298
13.266331658291458	0.007879597437336513
13.668341708542714	0.009516841601964313
14.07035175879397	0.008909314319482282
14.472361809045227	0.0061472884967241565
14.874371859296483	0.0017118607281499324
15.27638190954774	0.004065697577073855
15.678391959798995	0.009677419779823511
16.080402010050253	0.013730096302601302
16.48241206030151	0.01571790484732236
16.884422110552766	0.014956347131656254
17.286432160804022	0.011889693048076293
17.68844221105528	0.006942947973411953
18.090452261306535	0.0011055778931321847
18.49246231155779	0.004582358188874402
18.894472361809047	0.008612728911276351
19.296482412060303	0.010216158446139916
19.69849246231156	0.009222622432879631
20.100502512562816	0.005801117644938509
20.502512562814072	0.0012908276028240743
20.90452261306533	0.006270811886094306
21.306532663316585	0.012370545635128589
21.70854271356784	0.01729401797745405
22.110552763819097	0.02017787309587912
22.512562814070353	0.020786372418996103
22.91457286432161	0.019047861013307136
23.316582914572866	0.015560161431248234
23.718592964824122	0.011227904796684179
24.12060301507538	0.007590966453839573
24.522613065326635	0.0070867456767490485
24.92462311557789	0.00842890639490091
25.326633165829147	0.009134670917124162
25.728643216080403	0.008621572964443701
26.13065326633166	0.007825854865212728
26.532663316582916	0.008944992370107945
26.934673366834172	0.012318613261985863
27.33668341708543	0.016112645756871682
27.738693467336685	0.019356333147780028
28.14070351758794	0.021063958810981546
28.542713567839197	0.02084020465644458
28.944723618090453	0.019140769999885378
29.34673366834171	0.0166425115526797
29.748743718592966	0.014493856955060424
30.150753768844222	0.01386470755590341
30.55276381909548	0.01467574760575304
30.954773869346734	0.015561501086481303
31.35678391959799	0.015397881560290946
31.758793969849247	0.01447878075097038
32.16080402010051	0.014155812176708079
32.56281407035176	0.01579447561585395
32.96482412060302	0.019009379817345164
33.366834170854275	0.022573997022264813
33.76884422110553	0.02498512352815161
34.17085427135679	0.025774644627893646
34.572864321608044	0.025206919446226533
34.9748743718593	0.023773587539970168
35.37688442211056	0.022276166563103567
35.77889447236181	0.021420031824515275
36.18090452261307	0.02095171749612438
36.582914572864325	0.020613463493466943
36.98492462311558	0.01996747561514022
37.38693467336684	0.019257855781319538
37.788944723618094	0.018914266218948376
38.19095477386935	0.01940166779980144
38.59296482412061	0.020801238910105015
38.99497487437186	0.022949347276466022
39.39698492462312	0.025459977737489908
39.798994974874375	0.027661574665653006
40.20100502512563	0.029307127619568423
40.60301507537689	0.030818674353212748
41.005025125628144	0.03140487195773107
41.4070351758794	0.03161090973354779
41.80904522613066	0.03163670101319003
42.21105527638191	0.03138470696850902
42.61306532663317	0.031123101249561236
43.015075376884425	0.03102030353899733
43.41708542713568	0.031129710093393576
43.81909547738694	0.03172813287156613
44.221105527638194	0.032801904676372264
44.62311557788945	0.03448135249692002
45.02512562814071	0.03686497575094762
45.42713567839196	0.039301336503540424
45.82914572864322	0.04197261959858991
46.231155778894475	0.0443226729456288
46.63316582914573	0.04651435066879423
47.03517587939699	0.04795981244612347
47.437185929648244	0.04891022698116869
47.8391959798995	0.04918134106221449
48.24120603015076	0.049326452644064225
48.64321608040201	0.05017476490563647
49.04522613065327	0.05143412031587141
49.447236180904525	0.05336280743989905
49.84924623115578	0.05610853915446183
50.25125628140704	0.05894710542317337
50.653266331658294	0.061807450724473814
51.05527638190955	0.06439198989328757
51.45728643216081	0.06623317871601307
51.85929648241206	0.06680363112964537
52.26130653266332	0.06592794090037736
52.663316582914575	0.06387699756104818
53.06532663316583	0.06085035975767679
53.46733668341709	0.05758777890214868
53.869346733668344	0.054854824245358334
54.2713567839196	0.05332590059065455
54.67336683417086	0.053433468424725614
55.07537688442211	0.05481971283974759
55.47738693467337	0.056823470775895245
55.879396984924625	0.0589099842338429
56.28140703517588	0.060494275384120465
56.68341708542714	0.06196261411224256
57.085427135678394	0.06270569229184016
57.48743718592965	0.06289061590809243
57.88944723618091	0.06238259305320245
58.29145728643216	0.060608601958011585
58.69346733668342	0.05759117409635667
59.095477386934675	0.05383929292805413
59.49748743718593	0.049979313931835245
59.89949748743719	0.0472088955512268
60.301507537688444	0.04595695585880759
60.7035175879397	0.04623058764366801
61.10552763819096	0.047671424396272005
61.50753768844221	0.049801137152414465
61.90954773869347	0.05245644179937457
62.311557788944725	0.05576980299446327
62.71356783919598	0.058976372038814937
63.11557788944724	0.06157299292852188
63.517587939698494	0.06288648092169383
63.91959798994975	0.062492259389451355
64.32160804020101	0.060026436465893195
64.72361809045226	0.05572407109417601
65.12562814070353	0.05064554207725177
65.52763819095478	0.04533927595960679
65.92964824120604	0.04138266419335475
66.33165829145729	0.03947883928117127
66.73366834170855	0.03951293078198153
67.1356783919598	0.041846152050529634
67.53768844221106	0.04572722233290279
67.93969849246231	0.050628765967648814
68.34170854271358	0.05600143211281029
68.74371859296483	0.06108309143787956
69.14572864321609	0.06486274615691219
69.54773869346734	0.06646489146836881
69.9497487437186	0.06548784739976087
70.35175879396985	0.06199035377085591
70.75376884422111	0.05659841307219238
71.15577889447236	0.05037956270506873
71.55778894472363	0.04432900087475615
71.95979899497488	0.0399404919343793
72.36180904522614	0.03768808210208617
72.76381909547739	0.038116766348828726
73.16582914572865	0.0409808077051469
73.5678391959799	0.0454376134466928
73.96984924623116	0.050931759138335454
74.37185929648241	0.056049579714532505
74.77386934673368	0.05997365693744511
75.17587939698493	0.06229659765094385
75.57788944723619	0.062259526286985487
75.97989949748744	0.059972433866850486
76.3819095477387	0.05593684774890081
76.78391959798995	0.050594268111608255
77.18592964824121	0.045093904070534666
77.58793969849246	0.04036871725864772
77.98994974874373	0.037616090996730425
78.39195979899498	0.037139850572600316
78.79396984924624	0.03927093851191547
79.19597989949749	0.04336116233428754
79.59798994974875	0.04878143645614581
80.0	0.054309287546893494
