0.0	0.015236439429323113
0.4020100502512563	0.015280177824621433
0.8040201005025126	0.012703666342509112
1.206030150753769	0.008428667361829532
1.6080402010050252	0.003930580753450106
2.0100502512562817	0.003714758672593
2.412060301507538	0.007602624774145657
2.814070351758794	0.009946216858379889
3.2160804020100504	0.009989848052391162
3.6180904522613067	0.007951356899000117
4.020100502512563	0.004316832865117049
4.42211055276382	0.004374239810117314
4.824120603015076	0.009452012919149103
5.226130653266332	0.014355392044187213
5.628140703517588	0.017649135874935502
6.030150753768845	0.018744100950612026
6.432160804020101	0.01746545973446517
6.834170854271357	0.014109428202391172
7.236180904522613	0.009420969523087618
7.63819095477387	0.0047004588236137556
8.040201005025127	0.0023911185507777587
8.442211055276383	0.004242482260046079
8.84422110552764	0.004901723178487247
9.246231155778895	0.0034643407079170798
9.648241206030152	0.002630405760664363
10.050251256281408	0.007069138643206703
10.452261306532664	0.012916111637103022
10.85427135678392	0.018534633171104944
11.256281407035177	0.022849646034863794
11.658291457286433	0.025114658678629952
12.06030150753769	0.024835913464970372
12.462311557788945	0.02239405202561686
12.864321608040202	0.01811914207586619
13.266331658291458	0.012494746140310205
13.668341708542714	0.0072558660415420265
14.07035175879397	0.00373433568588562
14.472361809045227	0.003295172172838917
14.874371859296483	0.0031412616280180558
15.27638190954774	0.0018918937892759915
15.678391959798995	0.0045046295103296965
16.080402010050253	0.010190571156886258
16.48241206030151	0.016695943139737577
16.884422110552766	0.02277345879076725
17.286432160804022	0.027211706081467345
17.68844221105528	0.02941002910942969
18.090452261306535	0.02888539519384019
18.49246231155779	0.025890468335906847
18.894472361809047	0.02054668666859218
19.296482412060303	0.013875567360578319
19.69849246231156	0.0071869076547779005
20.100502512562816	0.001749513602504514
20.502512562814072	0.0033063860462571753
20.90452261306533	0.005626808120243404
21.306532663316585	0.006986270702473203
21.70854271356784	0.009319677834808096
22.110552763819097	0.013281503621734355
22.512562814070353	0.018384260035943546
22.91457286432161	0.022772504405805846
23.316582914572866	0.02581666787928638
23.718592964824122	0.02666031753965012
24.12060301507538	0.025033863855675735
24.522613065326635	0.021487734957358756
24.92462311557789	0.01614925374611382
25.326633165829147	0.010655605253156845
25.728643216080403	0.007288586657111437
26.13065326633166	0.008926572078282178
26.532663316582916	0.0120970479895845
26.934673366834172	0.015091392133014922
27.33668341708543	0.017295794533093514
27.738693467336685	0.01937960752340719
28.14070351758794	0.021753711939184576
28.542713567839197	0.024253203901712775
28.944723618090453	0.02662039764467014
29.34673366834171	0.027458251391447374
29.748743718592966	0.026512971822445004
30.150753768844222	0.02366264255374489
30.55276381909548	0.019072555605281077
30.954773869346734	0.014146756274375763
31.35678391959799	0.010975279320909144
31.758793969849247	0.012508420109772494
32.16080402010051	0.016642983993201757
32.56281407035176	0.020421941662340504
32.96482412060302	0.022890717852998302
33.366834170854275	0.024112034832864882
33.76884422110553	0.024421661951238207
34.17085427135679	0.02458342514765366
34.572864321608044	0.025129805459670845
34.9748743718593	0.024993074901268182
35.37688442211056	0.024135509588587532
35.77889447236181	0.021683355084151264
36.18090452261307	0.017846073932140764
36.582914572864325	0.013622640717762143
36.98492462311558	0.010609760876564595
37.38693467336684	0.011451557690349275
37.788944723618094	0.015074870793697936
38.19095477386935	0.019455457744329656
38.59296482412061	0.023272247317570216
38.99497487437186	0.025868543880410703
39.39698492462312	0.027399270089258614
39.798994974874375	0.02838148803734337
40.20100502512563	0.0285638157559486
40.60301507537689	0.02805626685816494
41.005025125628144	0.026589247470413562
41.4070351758794	0.023633167794651057
41.80904522613066	0.01951595099756971
42.21105527638191	0.014164418286927983
42.61306532663317	0.009589521327269031
43.015075376884425	0.008907300783382753
43.41708542713568	0.013015717443338551
43.81909547738694	0.018369007440957798
44.221105527638194	0.023518372851665255
44.62311557788945	0.02798409449173427
45.02512562814071	0.031102602154631925
45.42713567839196	0.032696516886131455
45.82914572864322	0.03299563814970228
46.231155778894475	0.03167220935653612
46.63316582914573	0.028665843704690296
47.03517587939699	0.024312945420970365
47.437185929648244	0.01908061618383388
47.8391959798995	0.013660738265960957
48.24120603015076	0.009034927042464839
48.64321608040201	0.007902687452001721
49.04522613065327	0.011324028343970382
49.447236180904525	0.0167332758387328
49.84924623115578	0.022451217861323827
50.25125628140704	0.028304342886054396
50.653266331658294	0.03324634706586466
51.05527638190955	0.03723756417243336
51.45728643216081	0.03950280442558612
51.85929648241206	0.039799973511806246
52.26130653266332	0.03764594669189669
52.663316582914575	0.03370935209506379
53.06532663316583	0.028061554182258714
53.46733668341709	0.021877876071364242
53.869346733668344	0.016666384788217338
54.2713567839196	0.014487969669265067
54.67336683417086	0.016166083975952823
55.07537688442211	0.020660401349972102
55.47738693467337	0.02622064036370277
55.879396984924625	0.03202410307654453
56.28140703517588	0.038244264929756626
56.68341708542714	0.043959223088954
57.085427135678394	0.048274642873451026
57.48743718592965	0.0507268787476674
57.88944723618091	0.05104974235391822
58.29145728643216	0.048620505908099576
58.69346733668342	0.04396281995667773
59.095477386934675	0.03816643752205925
59.49748743718593	0.03231937685632947
59.89949748743719	0.028265742976121395
60.301507537688444	0.027315163291066747
60.7035175879397	0.02972793858680859
61.10552763819096	0.0345998491183691
61.50753768844221	0.04087959459859992
61.90954773869347	0.04801532885317177
62.311557788944725	0.05498619951005561
62.71356783919598	0.06120041737853813
63.11557788944724	0.06588700391937773
63.517587939698494	0.06849205306690946
63.91959798994975	0.06883821015493687
64.32160804020101	0.0669594990784054
64.72361809045226	0.06341472171241117
65.12562814070353	0.05915646223336287
65.52763819095478	0.05518790824699649
65.92964824120604	0.052400454549851906
66.33165829145729	0.05130125164385203
66.73366834170855	0.05196598580212673
67.1356783919598	0.05407920730124967
67.53768844221106	0.05727326298288573
67.93969849246231	0.061038150447248016
68.34170854271358	0.06449032557599171
68.74371859296483	0.06753614179931708
69.14572864321609	0.06954353671641174
69.54773869346734	0.0700728621703525
69.9497487437186	0.06921160452761169
70.35175879396985	0.066840146432466
70.75376884422111	0.06331180950783731
71.15577889447236	0.05902237638623348
71.55778894472363	0.05487029564544806
71.95979899497488	0.05170474952497317
72.36180904522614	0.05001480566362426
72.76381909547739	0.05011312830618879
73.16582914572865	0.051363096983619884
73.5678391959799	0.053477569773295375
73.96984924623116	0.05628095268294164
74.37185929648241	0.05899250731316654
74.77386934673368	0.0613831129171996
75.17587939698493	0.06264195669952635
75.57788944723619	0.06284049759476595
75.97989949748744	0.06130829373413819
76.3819095477387	0.05869157332579887
76.78391959798995	0.05480699446398336
77.18592964824121	0.05067621273889289
77.58793969849246	0.047100107625729075
77.98994974874373	0.044634681664090785
78.39195979899498	0.044125523438875075
78.79396984924624	0.045425168986507815
79.19597989949749	0.04784720635399474
79.59798994974875	0.0510756799704119
80.0	0.0545701556539497
