0.0	0.024528520556696333
0.4020100502512563	0.02241050521083057
0.8040201005025126	0.016695034118507205
1.206030150753769	0.008201516635261405
1.6080402010050252	0.0015210595858418166
2.0100502512562817	0.010116568148171776
2.412060301507538	0.01658581670821471
2.814070351758794	0.01960664342590216
3.2160804020100504	0.018336476850943886
3.6180904522613067	0.013148910518428461
4.020100502512563	0.005121243148748731
4.42211055276382	0.004519893479883232
4.824120603015076	0.014106925352541788
5.226130653266332	0.021545026214754747
5.628140703517588	0.02579323512314276
6.030150753768845	0.026281021473918188
6.432160804020101	0.022511304295898926
6.834170854271357	0.015648476077607255
7.236180904522613	0.007103413838348951
7.63819095477387	0.002905339641213098
8.040201005025127	0.009821547713549875
8.442211055276383	0.01415562776593716
8.84422110552764	0.01470039789627004
9.246231155778895	0.011200506571803366
9.648241206030152	0.00470356353464533
10.050251256281408	0.006789704105026187
10.452261306532664	0.017043493388580376
10.85427135678392	0.02675476471707271
11.256281407035177	0.03389110124811325
11.658291457286433	0.037675170026768214
12.06030150753769	0.03753776113285765
12.462311557788945	0.034161435026749606
12.864321608040202	0.02871248973219343
13.266331658291458	0.022592469613599658
13.668341708542714	0.018969985055330593
14.07035175879397	0.01898192845606752
14.472361809045227	0.02264228443567915
14.874371859296483	0.02816174413041227
15.27638190954774	0.03430093848469627
15.678391959798995	0.03954292159484395
16.080402010050253	0.04206467137159299
16.48241206030151	0.03912963964238535
16.884422110552766	0.030207065803584603
17.286432160804022	0.0205611088744906
17.68844221105528	0.024999246727809846
18.090452261306535	0.03820075742680845
18.49246231155779	0.047405149510170906
18.894472361809047	0.046262962188538044
19.296482412060303	0.03531217525784837
19.69849246231156	0.023851253935015033
20.100502512562816	0.031993461952001506
20.502512562814072	0.05300213572783433
20.90452261306533	0.07134971367742332
21.306532663316585	0.07976979597278103
21.70854271356784	0.07661885296645929
22.110552763819097	0.061857699598379404
22.512562814070353	0.038628250116652094
22.91457286432161	0.011426883801652776
23.316582914572866	0.021254754787665354
23.718592964824122	0.04558010506848033
24.12060301507538	0.061876964420365645
24.522613065326635	0.06746363559507293
24.92462311557789	0.061780242884945304
25.326633165829147	0.04681246936537865
25.728643216080403	0.026464563876386266
26.13065326633166	0.014468884485421019
26.532663316582916	0.02616833798620699
26.934673366834172	0.03843345387449842
27.33668341708543	0.04249437450518327
27.738693467336685	0.036209681337864424
28.14070351758794	0.020468414938308276
28.542713567839197	0.005546594477311087
28.944723618090453	0.02944543593911126
29.34673366834171	0.05246449091641028
29.748743718592966	0.06972808074635824
30.150753768844222	0.07671582098850929
30.55276381909548	0.07256672957793872
30.954773869346734	0.05968735658791796
31.35678391959799	0.04159335252490602
31.758793969849247	0.02643170673944728
32.16080402010051	0.027961165605044736
32.56281407035176	0.03841810411561896
32.96482412060302	0.04478597082285972
33.366834170854275	0.0427971549791048
33.76884422110553	0.03211937798205401
34.17085427135679	0.014633850449982383
34.572864321608044	0.01177531452926104
34.9748743718593	0.03281972357844911
35.37688442211056	0.05077416094734212
35.77889447236181	0.06093386797042723
36.18090452261307	0.062360491960998354
36.582914572864325	0.05483742144370461
36.98492462311558	0.041695917916998074
37.38693467336684	0.029619693976417012
37.788944723618094	0.03028643617784484
38.19095477386935	0.04103590749648792
38.59296482412061	0.049927408462277376
38.99497487437186	0.05158192792142087
39.39698492462312	0.044235496203490654
39.798994974874375	0.028452722634336687
40.20100502512563	0.010449757023954013
40.60301507537689	0.017398131636595808
41.005025125628144	0.035770516517729306
41.4070351758794	0.04809819038601257
41.80904522613066	0.0515878678603951
42.21105527638191	0.045770652187130785
42.61306532663317	0.03191457837245566
43.015075376884425	0.01633453451127586
43.41708542713568	0.0219580660890759
43.81909547738694	0.04033658147802538
44.221105527638194	0.05407015685069849
44.62311557788945	0.05956318409631499
45.02512562814071	0.05532109197528222
45.42713567839196	0.041789290789182
45.82914572864322	0.021964502271010246
46.231155778894475	0.0014170250621408289
46.63316582914573	0.01905517139597678
47.03517587939699	0.03190010321780419
47.437185929648244	0.03596078199307856
47.8391959798995	0.030549194891646297
48.24120603015076	0.016582234473470576
48.64321608040201	0.003623941753808395
49.04522613065327	0.025689247527695618
49.447236180904525	0.04535269605615272
49.84924623115578	0.058659495323113806
50.25125628140704	0.06310253856154854
50.653266331658294	0.058238561299736
51.05527638190955	0.04522621409328424
51.45728643216081	0.027548929696514797
51.85929648241206	0.015765539860149672
52.26130653266332	0.026084935128106206
52.663316582914575	0.040224154151027466
53.06532663316583	0.048098109798009006
53.46733668341709	0.04821763506189616
53.869346733668344	0.040186258684692125
54.2713567839196	0.027905601596621633
54.67336683417086	0.021094134946319978
55.07537688442211	0.028710888069669455
55.47738693467337	0.03984149527414583
55.879396984924625	0.04601034767578556
56.28140703517588	0.04440284722302948
56.68341708542714	0.035661074355765134
57.085427135678394	0.0252354458297702
57.48743718592965	0.026652481295297396
57.88944723618091	0.04239573759267631
58.29145728643216	0.05927547987105962
58.69346733668342	0.0706692194527881
59.095477386934675	0.07458450492276163
59.49748743718593	0.06950719569814717
59.89949748743719	0.05738667198066607
60.301507537688444	0.04099000096215553
60.7035175879397	0.025893057041945965
61.10552763819096	0.01780473972409964
61.50753768844221	0.018145843212516603
61.90954773869347	0.017563270283815664
62.311557788944725	0.011787357687702284
62.71356783919598	0.00968093460489632
63.11557788944724	0.024401551719629183
63.517587939698494	0.04279964514971912
63.91959798994975	0.059326983434172254
64.32160804020101	0.07019939120514201
64.72361809045226	0.07365679179729925
65.12562814070353	0.0689099972968752
65.52763819095478	0.057144924137654374
65.92964824120604	0.0405531985336121
66.33165829145729	0.022438411833012546
66.73366834170855	0.007219501740762875
67.1356783919598	0.01081384491986683
67.53768844221106	0.017981325214105108
67.93969849246231	0.02096002317710368
68.34170854271358	0.0225334678191455
68.74371859296483	0.028163187807013823
69.14572864321609	0.037479294236472074
69.54773869346734	0.04711387463591083
69.9497487437186	0.05362000073364672
70.35175879396985	0.0542323547709598
70.75376884422111	0.04833504451994018
71.15577889447236	0.03671865196417443
71.55778894472363	0.02128032742424519
71.95979899497488	0.009814958828029829
72.36180904522614	0.019386785590725077
72.76381909547739	0.03219165920802872
73.16582914572865	0.0403953151415264
73.5678391959799	0.0427813311795354
73.96984924623116	0.03996944857081216
74.37185929648241	0.03449797207030714
74.77386934673368	0.030132420296436944
75.17587939698493	0.029626672042096337
75.57788944723619	0.03150047485338016
75.97989949748744	0.03225417301564055
76.3819095477387	0.028808390058640075
76.78391959798995	0.020475844881504543
77.18592964824121	0.01056188798136816
77.58793969849246	0.014589776661503892
77.98994974874373	0.02976414295566423
78.39195979899498	0.044279127147972844
78.79396984924624	0.0547804346561933
79.19597989949749	0.05987769234767546
79.59798994974875	0.05866321781980849
80.0	0.05203981963598916
