0.0	0.0058060220824965505
0.4020100502512563	0.005029200944563652
0.8040201005025126	0.0034483360038707047
1.206030150753769	0.0013510434433722227
1.6080402010050252	0.0008076026366833818
2.0100502512562817	0.0028909212361115603
2.412060301507538	0.004262132097010345
2.814070351758794	0.00475358307662466
3.2160804020100504	0.004146951583838838
3.6180904522613067	0.002982732646361919
4.020100502512563	0.0012927547326150855
4.42211055276382	0.0013730754712707686
4.824120603015076	0.0031994654468143805
5.226130653266332	0.004527157946991454
5.628140703517588	0.004941134768746754
6.030150753768845	0.004537627138102567
6.432160804020101	0.003143739580261726
6.834170854271357	0.00138256975472456
7.236180904522613	0.0014423116409881765
7.63819095477387	0.0034408400899004384
8.040201005025127	0.005032372501234218
8.442211055276383	0.0058888672377375275
8.84422110552764	0.0060053414409308985
9.246231155778895	0.005138756946330767
9.648241206030152	0.0037625832411411824
10.050251256281408	0.0027820136188854696
10.452261306532664	0.0029667833405800067
10.85427135678392	0.0037181584590679022
11.256281407035177	0.004386368784390932
11.658291457286433	0.004311169240575784
12.06030150753769	0.0036303266046509852
12.462311557788945	0.0033381676572785527
12.864321608040202	0.0042286706363590925
13.266331658291458	0.006294648786926556
13.668341708542714	0.008339525161673345
14.07035175879397	0.010046814061399295
14.472361809045227	0.011030418471970107
14.874371859296483	0.0113415435492915
15.27638190954774	0.011183055061676776
15.678391959798995	0.010921078122137525
16.080402010050253	0.010788453497705899
16.48241206030151	0.010966922452501773
16.884422110552766	0.01130053150870694
17.286432160804022	0.01228437656395176
17.68844221105528	0.013677816313024954
18.090452261306535	0.015661639990346466
18.49246231155779	0.018184309134951306
18.894472361809047	0.02112732373396361
19.296482412060303	0.023921972667569135
19.69849246231156	0.026282183690505168
20.100502512562816	0.02807150605793845
20.502512562814072	0.02899808983198219
20.90452261306533	0.02945076046342296
21.306532663316585	0.028982320020159373
21.70854271356784	0.027790051580360596
22.110552763819097	0.02617336511997953
22.512562814070353	0.02395632618908681
22.91457286432161	0.02169217151937583
23.316582914572866	0.019948316952060268
23.718592964824122	0.018807270628130895
24.12060301507538	0.01844184238253318
24.522613065326635	0.019495092739019195
24.92462311557789	0.02168746531093634
25.326633165829147	0.025243593498435125
25.728643216080403	0.029719876578267423
26.13065326633166	0.03424102419967194
26.532663316582916	0.037549201578548505
26.934673366834172	0.03942015565625138
27.33668341708543	0.039111602107242655
27.738693467336685	0.03707201029587538
28.14070351758794	0.03374410254370391
28.542713567839197	0.030442226700284514
28.944723618090453	0.027966314643050487
29.34673366834171	0.026526436890074508
29.748743718592966	0.025993511464301934
30.150753768844222	0.02575377605875821
30.55276381909548	0.02604864814674628
30.954773869346734	0.02691667502626755
31.35678391959799	0.028785807806468694
31.758793969849247	0.031516232145692887
32.16080402010051	0.03474696335830466
32.56281407035176	0.037947908331126726
32.96482412060302	0.04043380205801334
33.366834170854275	0.0419559065207632
33.76884422110553	0.04300730775581591
34.17085427135679	0.04370718442028428
34.572864321608044	0.04420640316209709
34.9748743718593	0.04455519754939335
35.37688442211056	0.04505863562949452
35.77889447236181	0.045807045707523295
36.18090452261307	0.04675693054440992
36.582914572864325	0.04868467027799352
36.98492462311558	0.05142555768833453
37.38693467336684	0.05504292352938388
37.788944723618094	0.0592581482504556
38.19095477386935	0.06338235702934489
38.59296482412061	0.06613035884134492
38.99497487437186	0.06702848052968025
39.39698492462312	0.06558147387736812
39.798994974874375	0.06167344949923257
40.20100502512563	0.056014649314603523
40.60301507537689	0.04990884040172233
41.005025125628144	0.04482834290720732
41.4070351758794	0.04197076836110446
41.80904522613066	0.04209053760184961
42.21105527638191	0.04532077271578107
42.61306532663317	0.05087441322673318
43.015075376884425	0.05751936708320189
43.41708542713568	0.06394493499968538
43.81909547738694	0.06873925286403956
44.221105527638194	0.07074114098933235
44.62311557788945	0.06939873698502817
45.02512562814071	0.06472795358761739
45.42713567839196	0.057552681173091626
45.82914572864322	0.04910535285429336
46.231155778894475	0.040557649856208876
46.63316582914573	0.03346346849708688
47.03517587939699	0.02885780774632444
47.437185929648244	0.02743507794010755
47.8391959798995	0.029469792842639352
48.24120603015076	0.034135907919721334
48.64321608040201	0.04069662559755162
49.04522613065327	0.04738765153560401
49.447236180904525	0.05342898105400029
49.84924623115578	0.057743061426800246
50.25125628140704	0.059516102018044324
50.653266331658294	0.05893540372338028
51.05527638190955	0.05577352792103997
51.45728643216081	0.05118433453239178
51.85929648241206	0.04568032283963694
52.26130653266332	0.04020044536816661
52.663316582914575	0.035834247481514966
53.06532663316583	0.03331038749587173
53.46733668341709	0.033051507866722805
53.869346733668344	0.03561457188455968
54.2713567839196	0.03991909733477216
54.67336683417086	0.04495891593847605
55.07537688442211	0.05014341874570094
55.47738693467337	0.05438457277330958
55.879396984924625	0.05725454063493481
56.28140703517588	0.05879754775452182
56.68341708542714	0.058873808369457735
57.085427135678394	0.0575859762233649
57.48743718592965	0.05513467825376288
57.88944723618091	0.051595113213040875
58.29145728643216	0.04802791853154824
58.69346733668342	0.04479376623481027
59.095477386934675	0.04284234134430621
59.49748743718593	0.042729411627347086
59.89949748743719	0.044019556894398446
60.301507537688444	0.04655064154656265
60.7035175879397	0.04956226084328454
61.10552763819096	0.052963591387230446
61.50753768844221	0.05666150841552783
61.90954773869347	0.06003644445374114
62.311557788944725	0.062427698161497916
62.71356783919598	0.06324795248399076
63.11557788944724	0.062066039770106704
63.517587939698494	0.05886489689642628
63.91959798994975	0.0540521927552451
64.32160804020101	0.04867521671258204
64.72361809045226	0.0436423229688197
65.12562814070353	0.03998381644780084
65.52763819095478	0.03834054528629079
65.92964824120604	0.03895909251830044
66.33165829145729	0.04149904089268261
66.73366834170855	0.04585221312437417
67.1356783919598	0.05140998756260159
67.53768844221106	0.05715852096506322
67.93969849246231	0.062196690462161364
68.34170854271358	0.06541341829341875
68.74371859296483	0.06585149932165058
69.14572864321609	0.06349813065575285
69.54773869346734	0.058321428678989574
69.9497487437186	0.051608974564522805
70.35175879396985	0.044461900329251604
70.75376884422111	0.038339343154725314
71.15577889447236	0.03476126281802018
71.55778894472363	0.03413769061379767
71.95979899497488	0.036765049529969944
72.36180904522614	0.042233126088174866
72.76381909547739	0.049273029972144264
73.16582914572865	0.05666335965459009
73.5678391959799	0.0632097322224535
73.96984924623116	0.06731217625372538
74.37185929648241	0.06840764882700523
74.77386934673368	0.06587544869082515
75.17587939698493	0.06052851836269557
75.57788944723619	0.05327882663399609
75.97989949748744	0.045720282126854174
76.3819095477387	0.0390141593125687
76.78391959798995	0.03446336049885229
77.18592964824121	0.032777596780288486
77.58793969849246	0.03419161932900671
77.98994974874373	0.03809567311155085
78.39195979899498	0.044026918044244995
78.79396984924624	0.05094722455272015
79.19597989949749	0.057611814908867534
79.59798994974875	0.0628013716992234
80.0	0.06545360435780076
