0.0	0.03270398056532002
0.4020100502512563	0.030157688237429342
0.8040201005025126	0.022757066772249448
1.206030150753769	0.011739117771131947
1.6080402010050252	0.0012312648279188656
2.0100502512562817	0.012723104618638495
2.412060301507538	0.02147045586606989
2.814070351758794	0.02565597121558482
3.2160804020100504	0.02434185058175888
3.6180904522613067	0.017640496885212166
4.020100502512563	0.006970212362236447
4.42211055276382	0.005798548065883137
4.824120603015076	0.01852433171322451
5.226130653266332	0.02886559948727383
5.628140703517588	0.034846647558591945
6.030150753768845	0.035561789068856806
6.432160804020101	0.031225277913089274
6.834170854271357	0.022335579365983873
7.236180904522613	0.0108683341295305
7.63819095477387	0.0027921967820992285
8.040201005025127	0.011593462907743445
8.442211055276383	0.017608717372926568
8.84422110552764	0.01858507904535513
9.246231155778895	0.01401619395411915
9.648241206030152	0.005360276654808789
10.050251256281408	0.007583216099643962
10.452261306532664	0.020906149680051948
10.85427135678392	0.03285473803117693
11.256281407035177	0.04126295959318847
11.658291457286433	0.04548595405745157
12.06030150753769	0.04417733403752922
12.462311557788945	0.038297434054998344
12.864321608040202	0.029585548331160078
13.266331658291458	0.022416111667752692
13.668341708542714	0.023127598162274905
14.07035175879397	0.030086618934587462
14.472361809045227	0.03738827472461489
14.874371859296483	0.04181167226543198
15.27638190954774	0.04187219647340269
15.678391959798995	0.03688064577292005
16.080402010050253	0.028158885723106514
16.48241206030151	0.02198888385015374
16.884422110552766	0.028758570792886812
17.286432160804022	0.04232710526358971
17.68844221105528	0.05511974730274878
18.090452261306535	0.06215454746122211
18.49246231155779	0.060697740792271526
18.894472361809047	0.05221963593062954
19.296482412060303	0.041145328522098595
19.69849246231156	0.03787992909153967
20.100502512562816	0.04608658215858244
20.502512562814072	0.057487667616089144
20.90452261306533	0.06472344064713169
21.306532663316585	0.06544236652510346
21.70854271356784	0.059515533021203416
22.110552763819097	0.048770937678548246
22.512562814070353	0.03575005595277421
22.91457286432161	0.02427723093862147
23.316582914572866	0.02095617775273645
23.718592964824122	0.025405227177484634
24.12060301507538	0.029698877554988855
24.522613065326635	0.03014875121095511
24.92462311557789	0.027560029140872765
25.326633165829147	0.023966299813822402
25.728643216080403	0.02250433771754951
26.13065326633166	0.024398831257843617
26.532663316582916	0.0276505874512847
26.934673366834172	0.030777541763517303
27.33668341708543	0.03171441683125482
27.738693467336685	0.03046606693352243
28.14070351758794	0.026126162396620772
28.542713567839197	0.018816703569413597
28.944723618090453	0.010747027934649555
29.34673366834171	0.0025834428044396703
29.748743718592966	0.004847526432259516
30.150753768844222	0.008942281629953466
30.55276381909548	0.009708241712365725
30.954773869346734	0.007692561727288018
31.35678391959799	0.005904360140445751
31.758793969849247	0.009358898603307603
32.16080402010051	0.01566464019639025
32.56281407035176	0.02132472150511231
32.96482412060302	0.02493209752493706
33.366834170854275	0.025493206209486106
33.76884422110553	0.022764999654477727
34.17085427135679	0.017772072907455284
34.572864321608044	0.01198357720415143
34.9748743718593	0.010609123912845035
35.37688442211056	0.016299244349329813
35.77889447236181	0.023719070485207945
36.18090452261307	0.030068437570772738
36.582914572864325	0.0338453481222906
36.98492462311558	0.03356404388443866
37.38693467336684	0.02962352417710167
37.788944723618094	0.024606398249370658
38.19095477386935	0.020889597021406574
38.59296482412061	0.021031569024103112
38.99497487437186	0.02255288279611765
39.39698492462312	0.022136919090026252
39.798994974874375	0.0183485545979929
40.20100502512563	0.012400061962789661
40.60301507537689	0.009006266094796923
41.005025125628144	0.01615779377258202
41.4070351758794	0.027063026267570324
41.80904522613066	0.03730522842173141
42.21105527638191	0.044538578294937806
42.61306532663317	0.047838969477635926
43.015075376884425	0.04617457591606776
43.41708542713568	0.040473583237290375
43.81909547738694	0.03343516385048639
44.221105527638194	0.02862303945927805
44.62311557788945	0.027460174108155405
45.02512562814071	0.027631034705050427
45.42713567839196	0.025378032363650316
45.82914572864322	0.01919038032285098
46.231155778894475	0.00945592969201486
46.63316582914573	0.004097929181288648
47.03517587939699	0.015470673024328271
47.437185929648244	0.026001941044029787
47.8391959798995	0.0337224573321796
48.24120603015076	0.03810031208469638
48.64321608040201	0.04070549125709154
49.04522613065327	0.0431201452183686
49.447236180904525	0.047728172988656656
49.84924623115578	0.05434824841905461
50.25125628140704	0.06027612640125131
50.653266331658294	0.0627563412328111
51.05527638190955	0.062055223802832696
51.45728643216081	0.05728753528030171
51.85929648241206	0.049383864797703854
52.26130653266332	0.040652300809859945
52.663316582914575	0.03230902676517568
53.06532663316583	0.02693397675569516
53.46733668341709	0.025956881064979488
53.869346733668344	0.02871428746150807
54.2713567839196	0.0346279992656628
54.67336683417086	0.04304721578931672
55.07537688442211	0.05165740027360573
55.47738693467337	0.0595561633122371
55.879396984924625	0.06471198980887763
56.28140703517588	0.0662970194140461
56.68341708542714	0.06447175077583198
57.085427135678394	0.05967690972375346
57.48743718592965	0.053817363050582344
57.88944723618091	0.04783775643639823
58.29145728643216	0.04265892182029508
58.69346733668342	0.03840662945873216
59.095477386934675	0.034789923407836564
59.49748743718593	0.03153382913734108
59.89949748743719	0.02998559773958595
60.301507537688444	0.031988094073210446
60.7035175879397	0.038022851752544794
61.10552763819096	0.045962233929623515
61.50753768844221	0.05375834969333616
61.90954773869347	0.0593120564949138
62.311557788944725	0.06242016582613498
62.71356783919598	0.06318001464202161
63.11557788944724	0.06250695391392391
63.517587939698494	0.06220212412509942
63.91959798994975	0.06298575594347613
64.32160804020101	0.06428613910853244
64.72361809045226	0.06435689456876309
65.12562814070353	0.06165784942555613
65.52763819095478	0.055046705504746905
65.92964824120604	0.04536173236058764
66.33165829145729	0.034504325125794225
66.73366834170855	0.026189787606206983
67.1356783919598	0.024344777777879786
67.53768844221106	0.02758490585098075
67.93969849246231	0.03151667686085173
68.34170854271358	0.03478960875048675
68.74371859296483	0.038475463643803796
69.14572864321609	0.044340367197357775
69.54773869346734	0.05220185657944516
69.9497487437186	0.060095939074132174
70.35175879396985	0.0657037720825043
70.75376884422111	0.06717011380769905
71.15577889447236	0.0638089502736355
71.55778894472363	0.05615856778781869
71.95979899497488	0.04597292520071665
72.36180904522614	0.03553428998823011
72.76381909547739	0.02644449859494935
73.16582914572865	0.01989465545676299
73.5678391959799	0.017311306177222378
73.96984924623116	0.020036619312437852
74.37185929648241	0.027537272682419393
74.77386934673368	0.03728557685036836
75.17587939698493	0.047041122764764166
75.57788944723619	0.054680314943383455
75.97989949748744	0.059018185172113526
76.3819095477387	0.059283956189385666
76.78391959798995	0.05618031243975104
77.18592964824121	0.05143429622122764
77.58793969849246	0.04694006742448211
77.98994974874373	0.04438890500972424
78.39195979899498	0.044220988332113804
78.79396984924624	0.0448395724848205
79.19597989949749	0.044243361638838456
79.59798994974875	0.041600185942447326
80.0	0.0365646551596286
