0.0	0.018188991705724487
0.4020100502512563	0.016304571551623584
0.8040201005025126	0.011815093873282011
1.206030150753769	0.0052010966700781515
1.6080402010050252	0.002443899155102391
2.0100502512562817	0.00874943056084385
2.412060301507538	0.013377305535140918
2.814070351758794	0.015356586405563944
3.2160804020100504	0.014185054094608476
3.6180904522613067	0.0101294864963281
4.020100502512563	0.0039841007854177195
4.42211055276382	0.003180801174062814
4.824120603015076	0.010086796668653673
5.226130653266332	0.015316573333986467
5.628140703517588	0.017958483509138264
6.030150753768845	0.017487229555190394
6.432160804020101	0.014051376554069758
6.834170854271357	0.008546440089596707
7.236180904522613	0.0031224491200546683
7.63819095477387	0.006518099567839724
8.040201005025127	0.011725218264562616
8.442211055276383	0.01434782861776342
8.84422110552764	0.014378059558296897
9.246231155778895	0.011381610877330453
9.648241206030152	0.006047152418993792
10.050251256281408	0.003729285880238122
10.452261306532664	0.009639209243662301
10.85427135678392	0.01574627142944571
11.256281407035177	0.01976716961992983
11.658291457286433	0.020774211814753255
12.06030150753769	0.01900864213374814
12.462311557788945	0.014853354194227172
12.864321608040202	0.01074172890675176
13.266331658291458	0.009761942837310198
13.668341708542714	0.013138193651980398
14.07035175879397	0.01662201837294448
14.472361809045227	0.01833628531836807
14.874371859296483	0.01781089998013083
15.27638190954774	0.015827988646743524
15.678391959798995	0.014269081139674613
16.080402010050253	0.015552554705732264
16.48241206030151	0.01914503268797919
16.884422110552766	0.022634167780867027
17.286432160804022	0.02436663706823166
17.68844221105528	0.024161265683775204
18.090452261306535	0.022345679816328217
18.49246231155779	0.020204300494153095
18.894472361809047	0.01948639602220539
19.296482412060303	0.021068172700874476
19.69849246231156	0.024294094683734748
20.100502512562816	0.027442884975598058
20.502512562814072	0.02972640079582789
20.90452261306533	0.03119259456319312
21.306532663316585	0.03230607613126935
21.70854271356784	0.03375867598859601
22.110552763819097	0.035824153535411525
22.512562814070353	0.03824426864401466
22.91457286432161	0.04040278539216225
23.316582914572866	0.041864828844489034
23.718592964824122	0.04259762204497673
24.12060301507538	0.0430160540974717
24.522613065326635	0.04378117866986414
24.92462311557789	0.04515431675531575
25.326633165829147	0.0476348585945316
25.728643216080403	0.050504318864647235
26.13065326633166	0.05347662151599057
26.532663316582916	0.056543585689321316
26.934673366834172	0.059530608259938625
27.33668341708543	0.062150382066283635
27.738693467336685	0.06437955431603462
28.14070351758794	0.06606035320064466
28.542713567839197	0.06689126528352515
28.944723618090453	0.0662683909613139
29.34673366834171	0.06385938036220803
29.748743718592966	0.05994852721117794
30.150753768844222	0.05533812186985221
30.55276381909548	0.05079048146250152
30.954773869346734	0.047346241396290324
31.35678391959799	0.04658547719071232
31.758793969849247	0.048728815648087155
32.16080402010051	0.053172997890740634
32.56281407035176	0.05844619803675118
32.96482412060302	0.06351746932328127
33.366834170854275	0.06757624160179801
33.76884422110553	0.06945423379632919
34.17085427135679	0.06876220148160365
34.572864321608044	0.0654411963592372
34.9748743718593	0.05978265266794406
35.37688442211056	0.0524570793182616
35.77889447236181	0.04467275499343003
36.18090452261307	0.0372485550795425
36.582914572864325	0.03216156916497394
36.98492462311558	0.030291567610447066
37.38693467336684	0.032390230732855615
37.788944723618094	0.03697439475270785
38.19095477386935	0.04246326210371068
38.59296482412061	0.04761231228017958
38.99497487437186	0.05139328102289471
39.39698492462312	0.053592285781459324
39.798994974874375	0.05376310304506225
40.20100502512563	0.052538415398204606
40.60301507537689	0.05005955008351837
41.005025125628144	0.04664088227794816
41.4070351758794	0.043005105053929196
41.80904522613066	0.039470215891935403
42.21105527638191	0.037147878714777635
42.61306532663317	0.03701248410075568
43.015075376884425	0.03935203685078613
43.41708542713568	0.04344766654726771
43.81909547738694	0.047787667951030136
44.221105527638194	0.05128741449492243
44.62311557788945	0.05310392795487864
45.02512562814071	0.05336801976813663
45.42713567839196	0.05247349746178698
45.82914572864322	0.05119071804936719
46.231155778894475	0.05014991954341086
46.63316582914573	0.0494927409572592
47.03517587939699	0.04900398447818879
47.437185929648244	0.04841397228825681
47.8391959798995	0.048431684250661286
48.24120603015076	0.04924273109273959
48.64321608040201	0.05093578780424125
49.04522613065327	0.052794893797935796
49.447236180904525	0.05449809925216098
49.84924623115578	0.05521319554589586
50.25125628140704	0.055184521537146536
50.653266331658294	0.054742962363456125
51.05527638190955	0.05449296069063414
51.45728643216081	0.05534356759168363
51.85929648241206	0.056824219440310034
52.26130653266332	0.05904675824190886
52.663316582914575	0.06094668455284099
53.06532663316583	0.06177611324358705
53.46733668341709	0.061248523254445256
53.869346733668344	0.05891815656870262
54.2713567839196	0.05539511416683403
54.67336683417086	0.051282365316909495
55.07537688442211	0.04760545671367261
55.47738693467337	0.044976332153236126
55.879396984924625	0.04405581408632078
56.28140703517588	0.04513238696505671
56.68341708542714	0.04769016687799537
57.085427135678394	0.05189452208783535
57.48743718592965	0.05684858936471403
57.88944723618091	0.06113515957361643
58.29145728643216	0.06426926930051219
58.69346733668342	0.0653020820642057
59.095477386934675	0.0634293357921373
59.49748743718593	0.05936257228696891
59.89949748743719	0.05335066316953786
60.301507537688444	0.04669046996540917
60.7035175879397	0.04030657197231881
61.10552763819096	0.03596955425993535
61.50753768844221	0.034106922309043164
61.90954773869347	0.03514103783735888
62.311557788944725	0.03857745415774881
62.71356783919598	0.04392752416022372
63.11557788944724	0.05017951219513715
63.517587939698494	0.05609288805666266
63.91959798994975	0.06051706117415384
64.32160804020101	0.06278550714551975
64.72361809045226	0.06221668176262953
65.12562814070353	0.058967517078473405
65.52763819095478	0.05355444575088321
65.92964824120604	0.0469281369855087
66.33165829145729	0.040145581971771906
66.73366834170855	0.03459217383276149
67.1356783919598	0.03151262699571077
67.53768844221106	0.03168984767964554
67.93969849246231	0.034795880071783775
68.34170854271358	0.0402674797397842
68.74371859296483	0.04686524248847392
69.14572864321609	0.053715100548271014
69.54773869346734	0.05925494334058843
69.9497487437186	0.06282654342228258
70.35175879396985	0.0638774927440607
70.75376884422111	0.062341812747538236
71.15577889447236	0.05823605251534385
71.55778894472363	0.052375563106097575
71.95979899497488	0.04542518068184058
72.36180904522614	0.03867647597148332
72.76381909547739	0.03376857917520747
73.16582914572865	0.03190897061842219
73.5678391959799	0.03309583789912811
73.96984924623116	0.037231914082489534
74.37185929648241	0.04302276516206847
74.77386934673368	0.049138366829138094
75.17587939698493	0.05487311152915132
75.57788944723619	0.0590966307512615
75.97989949748744	0.06107473799121531
76.3819095477387	0.06057826936477138
76.78391959798995	0.057754808714421756
77.18592964824121	0.05276945028514122
77.58793969849246	0.046889053153491636
77.98994974874373	0.04054056184203951
78.39195979899498	0.03553464379771537
78.79396984924624	0.032514543372267495
79.19597989949749	0.03223563622079375
79.59798994974875	0.03457919634703467
80.0	0.038996910456487774
