0.0	0.02844136986682157
0.4020100502512563	0.02659157490379362
0.8040201005025126	0.020324276546652163
1.206030150753769	0.011136310216615786
1.6080402010050252	0.001933290906678634
2.0100502512562817	0.009876973782740458
2.412060301507538	0.01731443997328126
2.814070351758794	0.020934798478528145
3.2160804020100504	0.019779382274937703
3.6180904522613067	0.014221538101188078
4.020100502512563	0.00552637356112666
4.42211055276382	0.006089350551408442
4.824120603015076	0.016579054254485602
5.226130653266332	0.025094765718331847
5.628140703517588	0.02985747113245029
6.030150753768845	0.030362658876307996
6.432160804020101	0.02637849818421355
6.834170854271357	0.01841324519670674
7.236180904522613	0.008789893348578638
7.63819095477387	0.0031006506545732775
8.040201005025127	0.010626622302443373
8.442211055276383	0.01532501728233924
8.84422110552764	0.015627883719205746
9.246231155778895	0.011239146407149533
9.648241206030152	0.003033404828852059
10.050251256281408	0.008797144114101934
10.452261306532664	0.020694006778462185
10.85427135678392	0.03129642840764586
11.256281407035177	0.038721546027477405
11.658291457286433	0.04214229706595253
12.06030150753769	0.04085592084261472
12.462311557788945	0.03544485850682959
12.864321608040202	0.027349178141737956
13.266331658291458	0.0184259405968863
13.668341708542714	0.01042187806582844
14.07035175879397	0.005100014130342572
14.472361809045227	0.0026825885953990296
14.874371859296483	0.003983613821941999
15.27638190954774	0.009101450129414154
15.678391959798995	0.016636863694859644
16.080402010050253	0.02477992352039949
16.48241206030151	0.032211070606467156
16.884422110552766	0.03798620804565311
17.286432160804022	0.04157518706179695
17.68844221105528	0.042473893973312096
18.090452261306535	0.04113903376515861
18.49246231155779	0.03802953008766939
18.894472361809047	0.033785419721779876
19.296482412060303	0.029064942590181754
19.69849246231156	0.024873533189889267
20.100502512562816	0.02186725584213992
20.502512562814072	0.020682059253779098
20.90452261306533	0.02210666423686606
21.306532663316585	0.02567002002724848
21.70854271356784	0.030795369780528364
22.110552763819097	0.03668450810732069
22.512562814070353	0.04246511897521526
22.91457286432161	0.04700057840659899
23.316582914572866	0.04982465289610455
23.718592964824122	0.050219281662827533
24.12060301507538	0.04857502623712902
24.522613065326635	0.04509154149018264
24.92462311557789	0.04028618864463021
25.326633165829147	0.03546346320448983
25.728643216080403	0.031121054096449503
26.13065326633166	0.028395510637777364
26.532663316582916	0.027663223095474983
26.934673366834172	0.02889027932726864
27.33668341708543	0.03228355442310472
27.738693467336685	0.037030936628509564
28.14070351758794	0.042726792061002404
28.542713567839197	0.048213700716428165
28.944723618090453	0.05324802009014616
29.34673366834171	0.05702511790316774
29.748743718592966	0.059721257633585836
30.150753768844222	0.061065767497085185
30.55276381909548	0.06107764253222729
30.954773869346734	0.06019130099360207
31.35678391959799	0.05845271336260619
31.758793969849247	0.05633790126326974
32.16080402010051	0.05410385623884312
32.56281407035176	0.05236410960995149
32.96482412060302	0.05139448574582438
33.366834170854275	0.05133019591486916
33.76884422110553	0.05224949210136147
34.17085427135679	0.054412621348572075
34.572864321608044	0.05730108499785015
34.9748743718593	0.06038658804496909
35.37688442211056	0.06312800455079884
35.77889447236181	0.06549320374431179
36.18090452261307	0.06657809815549345
36.582914572864325	0.06632222232424242
36.98492462311558	0.06432227117320824
37.38693467336684	0.06095438350696338
37.788944723618094	0.05656400870036786
38.19095477386935	0.0518487375512494
38.59296482412061	0.047887015772511705
38.99497487437186	0.04557876108527512
39.39698492462312	0.04534970013323004
39.798994974874375	0.04759033263439103
40.20100502512563	0.051577872795045866
40.60301507537689	0.056432514141033896
41.005025125628144	0.061572464436479124
41.4070351758794	0.06539937211573374
41.80904522613066	0.0677102920933243
42.21105527638191	0.06734158134766341
42.61306532663317	0.06468279451526784
43.015075376884425	0.05965920344029513
43.41708542713568	0.053549449987772765
43.81909547738694	0.0471714149272479
44.221105527638194	0.042082863374792015
44.62311557788945	0.03917859866150307
45.02512562814071	0.039046499654163166
45.42713567839196	0.04190003625499779
45.82914572864322	0.04690436699381843
46.231155778894475	0.052582922214393035
46.63316582914573	0.05812676751785981
47.03517587939699	0.06266088085705657
47.437185929648244	0.0651910534744676
47.8391959798995	0.06570235597912491
48.24120603015076	0.06410369247430008
48.64321608040201	0.060346197912541755
49.04522613065327	0.055183636508028676
49.447236180904525	0.0492727653731758
49.84924623115578	0.04411030852736282
50.25125628140704	0.04049015343408255
50.653266331658294	0.03932496555132584
51.05527638190955	0.04063497147473945
51.45728643216081	0.04410686532465893
51.85929648241206	0.04895584448580516
52.26130653266332	0.05403120692795198
52.663316582914575	0.05904379202557688
53.06532663316583	0.06271786667730425
53.46733668341709	0.06448618531189236
53.869346733668344	0.06398357738223845
54.2713567839196	0.06130744835889411
54.67336683417086	0.056458292543187814
55.07537688442211	0.05090311987075594
55.47738693467337	0.04521523891183586
55.879396984924625	0.04089680890997925
56.28140703517588	0.03855593386246248
56.68341708542714	0.03853386225871751
57.085427135678394	0.04088302473593079
57.48743718592965	0.04480753005789873
57.88944723618091	0.049862475633419834
58.29145728643216	0.054787350761743105
58.69346733668342	0.058647800864264334
59.095477386934675	0.0614901850249195
59.49748743718593	0.06272968587032679
59.89949748743719	0.06179033262371464
60.301507537688444	0.05921002434079801
60.7035175879397	0.05519911609141613
61.10552763819096	0.050801618899480684
61.50753768844221	0.04672908902692725
61.90954773869347	0.04361143700374179
62.311557788944725	0.042217364958947
62.71356783919598	0.04282023860238595
63.11557788944724	0.04537321107424337
63.517587939698494	0.04913580044878779
63.91959798994975	0.05351393928164875
64.32160804020101	0.05831485496021597
64.72361809045226	0.06216108966910833
65.12562814070353	0.06482908554411251
65.52763819095478	0.06558261392585249
65.92964824120604	0.06426387453615051
66.33165829145729	0.06080316102487463
66.73366834170855	0.056121801560071585
67.1356783919598	0.050911899299414955
67.53768844221106	0.046175945040850985
67.93969849246231	0.04276645287589336
68.34170854271358	0.041732494472342854
68.74371859296483	0.04302509331114431
69.14572864321609	0.046573614706943836
69.54773869346734	0.051546571195650426
69.9497487437186	0.056792412721870376
70.35175879396985	0.06166728063830845
70.75376884422111	0.0649658036882945
71.15577889447236	0.06609841268444253
71.55778894472363	0.06523546313983433
71.95979899497488	0.062184619879431025
72.36180904522614	0.05777525224328166
72.76381909547739	0.05270625683624378
73.16582914572865	0.04787547525367338
73.5678391959799	0.044164306670203
73.96984924623116	0.04229851145489878
74.37185929648241	0.0426792731744947
74.77386934673368	0.04532294728206121
75.17587939698493	0.04935800695117225
75.57788944723619	0.05436644602034999
75.97989949748744	0.05921258501624209
76.3819095477387	0.06310656438330835
76.78391959798995	0.06541170176097658
77.18592964824121	0.06610674874014022
77.58793969849246	0.0646260434963572
77.98994974874373	0.061741816998122236
78.39195979899498	0.058030726556402415
78.79396984924624	0.05400925226385561
79.19597989949749	0.05004798554778931
79.59798994974875	0.04716979127139898
80.0	0.045777877863809095
