0.0	0.026941186335029964
0.4020100502512563	0.024029814968585583
0.8040201005025126	0.01718799377515664
1.206030150753769	0.008160155061383944
1.6080402010050252	0.0042587574913577715
2.0100502512562817	0.012897687961810345
2.412060301507538	0.01933218640035999
2.814070351758794	0.02186568877477537
3.2160804020100504	0.019915558542265652
3.6180904522613067	0.013483433747657711
4.020100502512563	0.0043504104200503555
4.42211055276382	0.006436376559943446
4.824120603015076	0.01676746523829977
5.226130653266332	0.024481531650561637
5.628140703517588	0.028545452178859308
6.030150753768845	0.028013298256781376
6.432160804020101	0.023429794100171444
6.834170854271357	0.01567631024255449
7.236180904522613	0.007907844210001987
7.63819095477387	0.008800864647339614
8.040201005025127	0.01489995993817433
8.442211055276383	0.01851819995565514
8.84422110552764	0.017795277685101092
9.246231155778895	0.012504913519106427
9.648241206030152	0.00435659477934478
10.050251256281408	0.00859599976970253
10.452261306532664	0.020100550737166014
10.85427135678392	0.030062353459262958
11.256281407035177	0.036860667327870404
11.658291457286433	0.03927260610195103
12.06030150753769	0.037606387818581395
12.462311557788945	0.032159619299416894
12.864321608040202	0.02494475534457949
13.266331658291458	0.017666858954106125
13.668341708542714	0.013039032921458657
14.07035175879397	0.01105264062866343
14.472361809045227	0.009767644906334486
14.874371859296483	0.010470077413459688
15.27638190954774	0.016913379486319293
15.678391959798995	0.028013225198954005
16.080402010050253	0.04087437026584186
16.48241206030151	0.05271041655208018
16.884422110552766	0.06209666116251633
17.286432160804022	0.0672868125832333
17.68844221105528	0.06789084023158917
18.090452261306535	0.0641986794405561
18.49246231155779	0.05750888874796225
18.894472361809047	0.04923690719207501
19.296482412060303	0.0415061912829045
19.69849246231156	0.03586636263921166
20.100502512562816	0.033127361623046234
20.502512562814072	0.03363249284085966
20.90452261306533	0.038027481177656475
21.306532663316585	0.04756749177358584
21.70854271356784	0.06093079272096101
22.110552763819097	0.07583492728984334
22.512562814070353	0.08880773153802204
22.91457286432161	0.09755072017626504
23.316582914572866	0.10051918917153466
23.718592964824122	0.09742013007569209
24.12060301507538	0.0887253907859058
24.522613065326635	0.07648857245846065
24.92462311557789	0.06314893120136178
25.326633165829147	0.05140582336291573
25.728643216080403	0.04351037911941551
26.13065326633166	0.040251060712941766
26.532663316582916	0.04110478909288946
26.934673366834172	0.04553107576790748
27.33668341708543	0.053243672914179085
27.738693467336685	0.0626323384306473
28.14070351758794	0.07170773687127278
28.542713567839197	0.07847543353618826
28.944723618090453	0.08096930260309285
29.34673366834171	0.07887735291285228
29.748743718592966	0.07227680389604076
30.150753768844222	0.062060270549441576
30.55276381909548	0.05023578101955391
30.954773869346734	0.03882033218870436
31.35678391959799	0.03056346044747913
31.758793969849247	0.026944767610696467
32.16080402010051	0.027444397320554308
32.56281407035176	0.030298057329779627
32.96482412060302	0.03429236113319576
33.366834170854275	0.03933953397504146
33.76884422110553	0.045252263603405736
34.17085427135679	0.05106072634282639
34.572864321608044	0.05541819528460408
34.9748743718593	0.056979782841845836
35.37688442211056	0.055520953097799364
35.77889447236181	0.05039173501050781
36.18090452261307	0.04262115760374101
36.582914572864325	0.03364076252373087
36.98492462311558	0.02569620875640894
37.38693467336684	0.02161718673980017
37.788944723618094	0.022010017674017526
38.19095477386935	0.024138843870651426
38.59296482412061	0.02600016778800182
38.99497487437186	0.02768563386278919
39.39698492462312	0.030249339999903774
39.798994974874375	0.034744521226791295
40.20100502512563	0.040414748477625856
40.60301507537689	0.04563302737443773
41.005025125628144	0.04892627124442954
41.4070351758794	0.04916898834117471
41.80904522613066	0.046108360847213106
42.21105527638191	0.04025247415653295
42.61306532663317	0.033116587993382525
43.015075376884425	0.026709059475966867
43.41708542713568	0.024081422026337188
43.81909547738694	0.025517733764170093
44.221105527638194	0.02883571675995309
44.62311557788945	0.03168726050051719
45.02512562814071	0.033643556564791684
45.42713567839196	0.035308989117654274
45.82914572864322	0.03802837938874623
46.231155778894475	0.04142745416229705
46.63316582914573	0.04505367283473845
47.03517587939699	0.04716611473366867
47.437185929648244	0.04662669136017082
47.8391959798995	0.042971581359715925
48.24120603015076	0.03676287536737235
48.64321608040201	0.030673881864717596
49.04522613065327	0.02769773975730651
49.447236180904525	0.029900382797452517
49.84924623115578	0.034642929909876066
50.25125628140704	0.038658829429560206
50.653266331658294	0.04073148053660246
51.05527638190955	0.04061910314794679
51.45728643216081	0.03969433119023129
51.85929648241206	0.03919823990060433
52.26130653266332	0.040107076064211815
52.663316582914575	0.04143593735303237
53.06532663316583	0.04215241507750797
53.46733668341709	0.04057582409283483
53.869346733668344	0.03709847092567619
54.2713567839196	0.03236719571106071
54.67336683417086	0.02917392168776974
55.07537688442211	0.030173487289449775
55.47738693467337	0.03474735455661173
55.879396984924625	0.04041057997552521
56.28140703517588	0.0448886822039768
56.68341708542714	0.046795286795658406
57.085427135678394	0.04642791394195955
57.48743718592965	0.04476587091298064
57.88944723618091	0.0431335545865671
58.29145728643216	0.04248870875914164
58.69346733668342	0.04255948916056741
59.095477386934675	0.042044693510519045
59.49748743718593	0.04005784086965281
59.89949748743719	0.03705493789049464
60.301507537688444	0.035137016815186
60.7035175879397	0.03624764782313195
61.10552763819096	0.0412631002627093
61.50753768844221	0.04806837891121542
61.90954773869347	0.054507332524534345
62.311557788944725	0.0588511640434524
62.71356783919598	0.06052107426421581
63.11557788944724	0.05994340665768801
63.517587939698494	0.05818237233780715
63.91959798994975	0.056237746183469786
64.32160804020101	0.05537383385786633
64.72361809045226	0.05541810193962895
65.12562814070353	0.05553174100128659
65.52763819095478	0.055799801600855625
65.92964824120604	0.05640844891581228
66.33165829145729	0.05786033942725257
66.73366834170855	0.060454225260590896
67.1356783919598	0.06320033545567708
67.53768844221106	0.0653489742235202
67.93969849246231	0.06604244570114504
68.34170854271358	0.06485194315257622
68.74371859296483	0.062310167321999774
69.14572864321609	0.059202172807189604
69.54773869346734	0.05666357567042161
69.9497487437186	0.055951571614665296
70.35175879396985	0.05699034584926198
70.75376884422111	0.05886113601544403
71.15577889447236	0.06011878305872255
71.55778894472363	0.060581625407714244
71.95979899497488	0.05968627246521514
72.36180904522614	0.058269715404391964
72.76381909547739	0.056689576685893216
73.16582914572865	0.055903170943946624
73.5678391959799	0.05579398988560118
73.96984924623116	0.055677398755069954
74.37185929648241	0.05541360172731639
74.77386934673368	0.05449696942886939
75.17587939698493	0.053523506090633235
75.57788944723619	0.0528684083575248
75.97989949748744	0.052702140008216845
76.3819095477387	0.053353627585063935
76.78391959798995	0.05389278729628434
77.18592964824121	0.0535630231521921
77.58793969849246	0.05256483398267816
77.98994974874373	0.05061699782834639
78.39195979899498	0.04900262973125219
78.79396984924624	0.0484547465094766
79.19597989949749	0.04919055742272895
79.59798994974875	0.051308860902003685
80.0	0.0539649208298006
