0.0	0.02649125654421227
0.4020100502512563	0.02342291974502183
0.8040201005025126	0.01682287087880565
1.206030150753769	0.009194700614786059
1.6080402010050252	0.00792500116076713
2.0100502512562817	0.014807624649846357
2.412060301507538	0.02044634543956502
2.814070351758794	0.022437220752077495
3.2160804020100504	0.020294724021873024
3.6180904522613067	0.014370895537882414
4.020100502512563	0.005953390080357864
4.42211055276382	0.005836588203067861
4.824120603015076	0.014757964587813144
5.226130653266332	0.02178543326711093
5.628140703517588	0.025158628051615485
6.030150753768845	0.024651328321652333
6.432160804020101	0.02032827718233734
6.834170854271357	0.013899369063818579
7.236180904522613	0.010182295689301861
7.63819095477387	0.013800237511142352
8.040201005025127	0.019235458190395842
8.442211055276383	0.022244830237618158
8.84422110552764	0.02157005375051204
9.246231155778895	0.016909351890414644
9.648241206030152	0.009016957242873175
10.050251256281408	0.0016756359833416917
10.452261306532664	0.01137205862062607
10.85427135678392	0.020026640738008326
11.256281407035177	0.025640018455448305
11.658291457286433	0.02736972610745782
12.06030150753769	0.02499381771515089
12.462311557788945	0.01933189042543938
12.864321608040202	0.011882136081131167
13.266331658291458	0.008457513651578824
13.668341708542714	0.013440835220433092
14.07035175879397	0.019031925090396595
14.472361809045227	0.021694554257211254
14.874371859296483	0.020258619251589387
15.27638190954774	0.014606922055888327
15.678391959798995	0.005450815788517026
16.080402010050253	0.005589113415535313
16.48241206030151	0.016345028111702676
16.884422110552766	0.02555190851998602
17.286432160804022	0.03112907043623208
17.68844221105528	0.032763573283103066
18.090452261306535	0.0300683636560581
18.49246231155779	0.023754123917297584
18.894472361809047	0.014955198190567443
19.296482412060303	0.006546037366858619
19.69849246231156	0.007850725452441285
20.100502512562816	0.013645273453157372
20.502512562814072	0.016630729633994586
20.90452261306533	0.015425275011866121
21.306532663316585	0.010628136811788456
21.70854271356784	0.007005620113718398
22.110552763819097	0.013394137395074751
22.512562814070353	0.02312675681916106
22.91457286432161	0.03149672415062895
23.316582914572866	0.03664744280095157
23.718592964824122	0.03771619582414053
24.12060301507538	0.03433822583264391
24.522613065326635	0.027118413625722988
24.92462311557789	0.01744179067229617
25.326633165829147	0.007297260335066683
25.728643216080403	0.004513693555384574
26.13065326633166	0.010574912638273991
26.532663316582916	0.013144888581686474
26.934673366834172	0.011736406722700671
27.33668341708543	0.008590211271454715
27.738693467336685	0.01226525166748554
28.14070351758794	0.02243551490025384
28.542713567839197	0.03339687223637614
28.944723618090453	0.04237054342400876
29.34673366834171	0.04752093521725732
29.748743718592966	0.04797815126881888
30.150753768844222	0.04364377836228686
30.55276381909548	0.03559145618702253
30.954773869346734	0.026183579646137923
31.35678391959799	0.01813188557168104
31.758793969849247	0.014839764707640913
32.16080402010051	0.015261833060060428
32.56281407035176	0.015427435557203207
32.96482412060302	0.014722444572726104
33.366834170854275	0.016698043000322075
33.76884422110553	0.02458874601393179
34.17085427135679	0.03509678280181637
34.572864321608044	0.045198303049364
34.9748743718593	0.05262366137375947
35.37688442211056	0.05570867196900422
35.77889447236181	0.0541110967140264
36.18090452261307	0.048865670614558654
36.582914572864325	0.04151640363978455
36.98492462311558	0.033978119199104685
37.38693467336684	0.02760071505800084
37.788944723618094	0.023159019132361118
38.19095477386935	0.020297396452714365
38.59296482412061	0.019825265168019683
38.99497487437186	0.023902493112808603
39.39698492462312	0.032519317012653245
39.798994974874375	0.043923195062977795
40.20100502512563	0.05556268133476901
40.60301507537689	0.06545985375279559
41.005025125628144	0.07251771292786399
41.4070351758794	0.07587243722907483
41.80904522613066	0.07557841258897258
42.21105527638191	0.07209767748725215
42.61306532663317	0.06584265566377781
43.015075376884425	0.0584222286309217
43.41708542713568	0.05074398951583194
43.81909547738694	0.04446017236782162
44.221105527638194	0.04067444560840254
44.62311557788945	0.04044335886071697
45.02512562814071	0.044040982404209325
45.42713567839196	0.05078239069078616
45.82914572864322	0.05940534671789131
46.231155778894475	0.06790835780200304
46.63316582914573	0.07509188097675434
47.03517587939699	0.07971462131083293
47.437185929648244	0.08103291459102177
47.8391959798995	0.07900116348397425
48.24120603015076	0.0740985252927365
48.64321608040201	0.06719623061367144
49.04522613065327	0.05928469734365149
49.447236180904525	0.05199163462216301
49.84924623115578	0.045943294206066944
50.25125628140704	0.04233709247324001
50.653266331658294	0.04174336441904129
51.05527638190955	0.04444668966484251
51.45728643216081	0.04992169331941455
51.85929648241206	0.05735521906367873
52.26130653266332	0.06527238473224625
52.663316582914575	0.07185479516475776
53.06532663316583	0.07608784437459208
53.46733668341709	0.0769569772319401
53.869346733668344	0.07440228412944139
54.2713567839196	0.06860139002636675
54.67336683417086	0.0605279701987944
55.07537688442211	0.05159686666084577
55.47738693467337	0.04341222080003544
55.879396984924625	0.03751382140795075
56.28140703517588	0.034988652408634496
56.68341708542714	0.036134054152468606
57.085427135678394	0.0411098812939272
57.48743718592965	0.048823960465419244
57.88944723618091	0.05832687206553766
58.29145728643216	0.06756123997685044
58.69346733668342	0.07489514678718624
59.095477386934675	0.07904690840580801
59.49748743718593	0.07887247125897999
59.89949748743719	0.07449570133414436
60.301507537688444	0.06671069089782888
60.7035175879397	0.056777090364495485
61.10552763819096	0.046670292925162137
61.50753768844221	0.03821643350950796
61.90954773869347	0.03310497686808454
62.311557788944725	0.0318545206523352
62.71356783919598	0.034821461800113876
63.11557788944724	0.0416948362678526
63.517587939698494	0.05117990380366853
63.91959798994975	0.06173795335162794
64.32160804020101	0.07150772244989188
64.72361809045226	0.07843344324610539
65.12562814070353	0.08136366608813225
65.52763819095478	0.07959026244678245
65.92964824120604	0.07340895599493671
66.33165829145729	0.06386590157004599
66.73366834170855	0.05292837390598685
67.1356783919598	0.042321990005736734
67.53768844221106	0.03445970684929827
67.93969849246231	0.030373546366199194
68.34170854271358	0.03096350506141146
68.74371859296483	0.03604753395750189
69.14572864321609	0.04483784924389372
69.54773869346734	0.05621763486298699
69.9497487437186	0.06787167502111625
70.35175879396985	0.0774095992120713
70.75376884422111	0.08323091570421277
71.15577889447236	0.08383111144431642
71.55778894472363	0.0791334542296104
71.95979899497488	0.07007994024347167
72.36180904522614	0.05850209247253794
72.76381909547739	0.046417223465191185
73.16582914572865	0.03621955826528899
73.5678391959799	0.029640406424538836
73.96984924623116	0.02808647845692718
74.37185929648241	0.031549918024283065
74.77386934673368	0.039171746076091585
75.17587939698493	0.049769881819409646
75.57788944723619	0.06179704593120302
75.97989949748744	0.0725755986611458
76.3819095477387	0.08048327812748021
76.78391959798995	0.0838947523870454
77.18592964824121	0.08226848084231118
77.58793969849246	0.07571651379340184
77.98994974874373	0.06562841903122779
78.39195979899498	0.0539617500817605
78.79396984924624	0.04270259103085024
79.19597989949749	0.034379079691779155
79.59798994974875	0.03011405649295478
80.0	0.030735156261853587
