0.0	0.01970924399917117
0.4020100502512563	0.016757665261915727
0.8040201005025126	0.011620308304408982
1.206030150753769	0.006698600318083202
1.6080402010050252	0.007451957861184441
2.0100502512562817	0.012109700227586914
2.412060301507538	0.015531311540527537
2.814070351758794	0.016183183188408317
3.2160804020100504	0.013569036403082404
3.6180904522613067	0.008731703372767389
4.020100502512563	0.0026081488759355015
4.42211055276382	0.006460274272464641
4.824120603015076	0.012713815697256523
5.226130653266332	0.017199126118192125
5.628140703517588	0.018843786614423454
6.030150753768845	0.017604701428903444
6.432160804020101	0.01431092074360574
6.834170854271357	0.010620998377706754
7.236180904522613	0.01045940391510026
7.63819095477387	0.01355409503075634
8.040201005025127	0.01670509616255949
8.442211055276383	0.017764626905930378
8.84422110552764	0.01608815443538624
9.246231155778895	0.01189897300367599
9.648241206030152	0.006458858913409735
10.050251256281408	0.005045750221560152
10.452261306532664	0.010565065567923105
10.85427135678392	0.01594081480706876
11.256281407035177	0.019621465319515145
11.658291457286433	0.02122130217396087
12.06030150753769	0.021072191578568617
12.462311557788945	0.019950030980231764
12.864321608040202	0.01925483942031833
13.266331658291458	0.01966253736884703
13.668341708542714	0.020890301759329613
14.07035175879397	0.02193068934907882
14.472361809045227	0.0216953774698855
14.874371859296483	0.020085427485243727
15.27638190954774	0.017079129400692113
15.678391959798995	0.014706596945813943
16.080402010050253	0.01518861700540181
16.48241206030151	0.019505990189512518
16.884422110552766	0.025363337304362955
17.286432160804022	0.03138738835300112
17.68844221105528	0.03627893569133292
18.090452261306535	0.039814687631285775
18.49246231155779	0.042049667441482405
18.894472361809047	0.04252531728531493
19.296482412060303	0.04175732528457353
19.69849246231156	0.03992758278691369
20.100502512562816	0.03747821042293628
20.502512562814072	0.034079392921534446
20.90452261306533	0.02983024121689079
21.306532663316585	0.02493707627083597
21.70854271356784	0.020427594416923246
22.110552763819097	0.017747397349449887
22.512562814070353	0.01903947245916361
22.91457286432161	0.023668126753229088
23.316582914572866	0.029252218788950533
23.718592964824122	0.03443513737704863
24.12060301507538	0.038567318378379935
24.522613065326635	0.04131098859054726
24.92462311557789	0.04272480748903497
25.326633165829147	0.04265709213729422
25.728643216080403	0.04137003964039292
26.13065326633166	0.038921518939498835
26.532663316582916	0.035530812678267326
26.934673366834172	0.031180798751716438
27.33668341708543	0.026049140747126186
27.738693467336685	0.020708312340194057
28.14070351758794	0.017400292689785893
28.542713567839197	0.01863707537789512
28.944723618090453	0.02379202805759905
29.34673366834171	0.03008141631385277
29.748743718592966	0.03520001423258213
30.150753768844222	0.03843008291942375
30.55276381909548	0.03951046098085303
30.954773869346734	0.038586187913098806
31.35678391959799	0.03658983194111909
31.758793969849247	0.03377819119371178
32.16080402010051	0.030892743325169447
32.56281407035176	0.02786147768415236
32.96482412060302	0.024382873369715695
33.366834170854275	0.019922103411344656
33.76884422110553	0.01567339498533412
34.17085427135679	0.014540530608884203
34.572864321608044	0.01883424056583944
34.9748743718593	0.025743461314054295
35.37688442211056	0.03232191184589177
35.77889447236181	0.03721179517697888
36.18090452261307	0.03946572131298502
36.582914572864325	0.03904570480522661
36.98492462311558	0.036569130605508156
37.38693467336684	0.033473843274583234
37.788944723618094	0.030790229535097625
38.19095477386935	0.028936901018176607
38.59296482412061	0.02747122284345017
38.99497487437186	0.02547693485590587
39.39698492462312	0.022741379047542008
39.798994974874375	0.02009157437516471
40.20100502512563	0.019684962314521614
40.60301507537689	0.0227026153097629
41.005025125628144	0.02778067173030152
41.4070351758794	0.03249664934232242
41.80904522613066	0.035728317851198385
42.21105527638191	0.03672977400631051
42.61306532663317	0.035524880779485866
43.015075376884425	0.03306579223136326
43.41708542713568	0.02983224343702314
43.81909547738694	0.027285082537762774
44.221105527638194	0.024986804065122097
44.62311557788945	0.023215774637424337
45.02512562814071	0.02099815750062861
45.42713567839196	0.01846352459244289
45.82914572864322	0.017069995722896143
46.231155778894475	0.018376999470221252
46.63316582914573	0.022758793167190393
47.03517587939699	0.028567485644256103
47.437185929648244	0.03366787326083555
47.8391959798995	0.036719155340339156
48.24120603015076	0.03743434173019862
48.64321608040201	0.035693276607624946
49.04522613065327	0.03249956984903527
49.447236180904525	0.02875106455821628
49.84924623115578	0.025784748897698995
50.25125628140704	0.023899972021621564
50.653266331658294	0.02271363332902459
51.05527638190955	0.021742755112720134
51.45728643216081	0.02059457783802013
51.85929648241206	0.020013579057508078
52.26130653266332	0.02127252821319444
52.663316582914575	0.024696382757154085
53.06532663316583	0.02887432754582523
53.46733668341709	0.0323701446560591
53.869346733668344	0.03460206418279164
54.2713567839196	0.034773684819340844
54.67336683417086	0.03342338339650134
55.07537688442211	0.030965263224177586
55.47738693467337	0.028728605374406403
55.879396984924625	0.026683620560312
56.28140703517588	0.025226950447094693
56.68341708542714	0.02365916881556426
57.085427135678394	0.021633414741286446
57.48743718592965	0.019498684513227414
57.88944723618091	0.018468798590444674
58.29145728643216	0.020110066446890014
58.69346733668342	0.024634503721971897
59.095477386934675	0.030222624261414078
59.49748743718593	0.03535854642159947
59.89949748743719	0.03865606200614363
60.301507537688444	0.039739456241731044
60.7035175879397	0.038355961824552184
61.10552763819096	0.034926304887219255
61.50753768844221	0.030247950366467647
61.90954773869347	0.0253895173169158
62.311557788944725	0.021552420180228706
62.71356783919598	0.01923779150770598
63.11557788944724	0.01724938807609141
63.517587939698494	0.015985492082800954
63.91959798994975	0.016619046147999167
64.32160804020101	0.020816081196543375
64.72361809045226	0.027698384717496066
65.12562814070353	0.03482189126314146
65.52763819095478	0.04072636845512597
65.92964824120604	0.04396515369850125
66.33165829145729	0.044058176859966845
66.73366834170855	0.041065821985058246
67.1356783919598	0.03569434054683854
67.53768844221106	0.029231978872021523
67.93969849246231	0.023386775101258705
68.34170854271358	0.019248617503747116
68.74371859296483	0.01718875267149513
69.14572864321609	0.01652649760857716
69.54773869346734	0.01707392388280401
69.9497487437186	0.020137401362219497
70.35175879396985	0.02624466087410977
70.75376884422111	0.03365660546674894
71.15577889447236	0.04068284428312825
71.55778894472363	0.0457439057547103
71.95979899497488	0.047764795416317674
72.36180904522614	0.0462816215562603
72.76381909547739	0.041602095861474335
73.16582914572865	0.03482603918315379
73.5678391959799	0.027152502157121623
73.96984924623116	0.020237036179061373
74.37185929648241	0.015653703064972074
74.77386934673368	0.01400237573209977
75.17587939698493	0.014234292341817122
75.57788944723619	0.016661935048474776
75.97989949748744	0.021447177733687026
76.3819095477387	0.02819097103725123
76.78391959798995	0.035703674841417385
77.18592964824121	0.04251912058332995
77.58793969849246	0.04723199704318788
77.98994974874373	0.048880420993355746
78.39195979899498	0.047415922611682246
78.79396984924624	0.0429586762161259
79.19597989949749	0.0362182891266462
79.59798994974875	0.028578289663154954
80.0	0.021721329500260355
