0.0	0.0355987196065423
0.4020100502512563	0.029270204357542056
0.8040201005025126	0.018272906676450856
1.206030150753769	0.004419314530468083
1.6080402010050252	0.00991642906604022
2.0100502512562817	0.021966568978820135
2.412060301507538	0.029490230266353605
2.814070351758794	0.03130454452608293
3.2160804020100504	0.027033724095071987
3.6180904522613067	0.017448238626176296
4.020100502512563	0.004444211498227281
4.42211055276382	0.00956524226024398
4.824120603015076	0.021905616578983732
5.226130653266332	0.030514417682597394
5.628140703517588	0.03362374519915927
6.030150753768845	0.030496686802691457
6.432160804020101	0.022137345021448995
6.834170854271357	0.00975157921327155
7.236180904522613	0.0048424876665032635
7.63819095477387	0.017882610586583733
8.040201005025127	0.02771408151455292
8.442211055276383	0.03280416502824631
8.84422110552764	0.03155790014590941
9.246231155778895	0.024562384974404716
9.648241206030152	0.01344370207098575
10.050251256281408	0.0013448411115240535
10.452261306532664	0.013542208662221594
10.85427135678392	0.02422642332822796
11.256281407035177	0.030380115774323185
11.658291457286433	0.031116677954967947
12.06030150753769	0.026473245820143182
12.462311557788945	0.0172360267391093
12.864321608040202	0.007872798113199008
13.266331658291458	0.012679343808082156
13.668341708542714	0.023584820158904986
14.07035175879397	0.03174521232278118
14.472361809045227	0.03603099795237132
14.874371859296483	0.035563011747490186
15.27638190954774	0.032292242775563876
15.678391959798995	0.029188120667772523
16.080402010050253	0.029377876663769238
16.48241206030151	0.034513955023927075
16.884422110552766	0.04182567287834919
17.286432160804022	0.047106190713497226
17.68844221105528	0.04722802308148436
18.090452261306535	0.039605617287789545
18.49246231155779	0.024515674799334364
18.894472361809047	0.007398488808326305
19.296482412060303	0.022605160029123418
19.69849246231156	0.042237456205531494
20.100502512562816	0.05387231214114524
20.502512562814072	0.05400652640892646
20.90452261306533	0.04435560042001055
21.306532663316585	0.03274809567531774
21.70854271356784	0.03573594868145011
22.110552763819097	0.05232056404265121
22.512562814070353	0.06679597641016716
22.91457286432161	0.07240579926727345
23.316582914572866	0.06716789552106825
23.718592964824122	0.05164123396394886
24.12060301507538	0.029304545856897436
24.522613065326635	0.017102150318375017
24.92462311557789	0.038100499220126774
25.326633165829147	0.062367027680362376
25.728643216080403	0.07856827561963087
26.13065326633166	0.08323261924269018
26.532663316582916	0.07482608674272588
26.934673366834172	0.056350090310724486
27.33668341708543	0.034018642454090434
27.738693467336685	0.02458935690982956
28.14070351758794	0.03833196812789471
28.542713567839197	0.05197555206390334
28.944723618090453	0.05665831367878301
29.34673366834171	0.051129254129031
29.748743718592966	0.03878799066678018
30.150753768844222	0.03505751467585981
30.55276381909548	0.0545215504188758
30.954773869346734	0.0816829260853622
31.35678391959799	0.10288366531527005
31.758793969849247	0.11197908879522274
32.16080402010051	0.10616434529458563
32.56281407035176	0.08649238098437291
32.96482412060302	0.05746419029711727
33.366834170854275	0.026591751836211663
33.76884422110553	0.02059140025419081
34.17085427135679	0.04198930100850228
34.572864321608044	0.05659624828435629
34.9748743718593	0.059430765698452424
35.37688442211056	0.05116347624564969
35.77889447236181	0.04136337284486373
36.18090452261307	0.048501226613768066
36.582914572864325	0.0738572039292001
36.98492462311558	0.1000740441007694
37.38693467336684	0.11759211576943603
37.788944723618094	0.1216921814470141
38.19095477386935	0.11106217627160705
38.59296482412061	0.0888650015742154
38.99497487437186	0.05969659848625279
39.39698492462312	0.033063763636511465
39.798994974874375	0.02732717229599877
40.20100502512563	0.0396869423654767
40.60301507537689	0.047035439811378234
41.005025125628144	0.04333161225636261
41.4070351758794	0.032150082442074145
41.80904522613066	0.03291100563979291
42.21105527638191	0.05510221245122785
42.61306532663317	0.08101572252907882
43.015075376884425	0.09897827955752744
43.41708542713568	0.10614913466533363
43.81909547738694	0.10136501615281175
44.221105527638194	0.08765686358557617
44.62311557788945	0.07005112534383086
45.02512562814071	0.05487959061364891
45.42713567839196	0.04722964325189308
45.82914572864322	0.04740970093436593
46.231155778894475	0.04765862356797242
46.63316582914573	0.04260559820497624
47.03517587939699	0.030431499074300067
47.437185929648244	0.017775679935891582
47.8391959798995	0.027446598029492463
48.24120603015076	0.048936092476987554
48.64321608040201	0.06744382579075643
49.04522613065327	0.07886282295521038
49.447236180904525	0.0816665321539198
49.84924623115578	0.07736651957127325
50.25125628140704	0.06767742193581594
50.653266331658294	0.0574029598500022
51.05527638190955	0.05312236443937781
51.45728643216081	0.05755089973293449
51.85929648241206	0.06431067906993174
52.26130653266332	0.06539495017489572
52.663316582914575	0.05753395977269869
53.06532663316583	0.04038582310046196
53.46733668341709	0.016286444586020542
53.869346733668344	0.012363832053995005
54.2713567839196	0.03691529540038855
54.67336683417086	0.05591693370635183
55.07537688442211	0.06702327184924059
55.47738693467337	0.06826266544406127
55.879396984924625	0.06075915159361502
56.28140703517588	0.04846718317747765
56.68341708542714	0.04139370776347056
57.085427135678394	0.04922415195107592
57.48743718592965	0.06342110100023649
57.88944723618091	0.07260499658684554
58.29145728643216	0.0720310041461665
58.69346733668342	0.060278464121355416
59.095477386934675	0.03960218777904097
59.49748743718593	0.014240256561516982
59.89949748743719	0.014103622314073097
60.301507537688444	0.037096029137145
60.7035175879397	0.05259425823381279
61.10552763819096	0.05789885210134851
61.50753768844221	0.05184763334668242
61.90954773869347	0.038235646904793384
62.311557788944725	0.029292957146366712
62.71356783919598	0.04240903195741284
63.11557788944724	0.063638519164848
63.517587939698494	0.07957541550367964
63.91959798994975	0.08513448211204669
64.32160804020101	0.07890584406441584
64.72361809045226	0.06368886682204719
65.12562814070353	0.04347382225312862
65.52763819095478	0.026609401071322997
65.92964824120604	0.028122196015235246
66.33165829145729	0.039608410202478614
66.73366834170855	0.046388847069388915
67.1356783919598	0.04387644536712173
67.53768844221106	0.03234834447545766
67.93969849246231	0.018713234308435363
68.34170854271358	0.026039969721061696
68.74371859296483	0.046641032956746944
69.14572864321609	0.06431161257912842
69.54773869346734	0.07494270741525336
69.9497487437186	0.07659089873061463
70.35175879396985	0.07081240158990194
70.75376884422111	0.06024978092340805
71.15577889447236	0.05020000543270307
71.55778894472363	0.047105279606963354
71.95979899497488	0.05136055764530696
72.36180904522614	0.05579900598685252
72.76381909547739	0.05413611863021488
73.16582914572865	0.04385122785291487
73.5678391959799	0.02495658799857151
73.96984924623116	0.0012375629975206427
74.37185929648241	0.024473901973318314
74.77386934673368	0.0464580647763043
75.17587939698493	0.061304384976994176
75.57788944723619	0.06713937292086983
75.97989949748744	0.06363060191730648
76.3819095477387	0.053650303959795864
76.78391959798995	0.044319876893078466
77.18592964824121	0.0458270417859673
77.58793969849246	0.058610877715912404
77.98994974874373	0.07139041620385546
78.39195979899498	0.07681175972833391
78.79396984924624	0.07139524272731666
79.19597989949749	0.055465573966804974
79.59798994974875	0.03290792312801997
80.0	0.01468069954210716
