0.0	0.019053838301120604
0.4020100502512563	0.01800042260002082
0.8040201005025126	0.014273600663028744
1.206030150753769	0.008366859955773302
1.6080402010050252	0.003137537008685528
2.0100502512562817	0.006776776356387679
2.412060301507538	0.011726606523309669
2.814070351758794	0.014193856959461404
3.2160804020100504	0.013680799773867592
3.6180904522613067	0.0103486486075138
4.020100502512563	0.004238476842497739
4.42211055276382	0.0029723132436334926
4.824120603015076	0.01013048110168049
5.226130653266332	0.016191807567625744
5.628140703517588	0.019756829568211627
6.030150753768845	0.020568444664679764
6.432160804020101	0.01832314683266282
6.834170854271357	0.013813217630172162
7.236180904522613	0.00849956623181922
7.63819095477387	0.005960778289320123
8.040201005025127	0.00860503085327763
8.442211055276383	0.011321319925029473
8.84422110552764	0.011720593973140216
9.246231155778895	0.008935492863602946
9.648241206030152	0.00481648267331192
10.050251256281408	0.006122534959471465
10.452261306532664	0.013227776402399957
10.85427135678392	0.020453668591899326
11.256281407035177	0.026011093922544574
11.658291457286433	0.02905331903497353
12.06030150753769	0.02927987803362513
12.462311557788945	0.02703120894690845
12.864321608040202	0.02298915957696107
13.266331658291458	0.018542782545609454
13.668341708542714	0.014577351271339398
14.07035175879397	0.011942011071860324
14.472361809045227	0.010169806980827636
14.874371859296483	0.009575119009688896
15.27638190954774	0.012069108189678369
15.678391959798995	0.018017608810790797
16.080402010050253	0.02593171003297242
16.48241206030151	0.03422696464629364
16.884422110552766	0.04142889918428149
17.286432160804022	0.04650701261068307
17.68844221105528	0.04862193868412435
18.090452261306535	0.04776341555549961
18.49246231155779	0.044763686873578235
18.894472361809047	0.04023525608198189
19.296482412060303	0.03513379906721612
19.69849246231156	0.03075014168294161
20.100502512562816	0.027901752832887216
20.502512562814072	0.026957146851841935
20.90452261306533	0.028347100927701298
21.306532663316585	0.03319876274337434
21.70854271356784	0.04178291871017808
22.110552763819097	0.05274634742331876
22.512562814070353	0.06411555990991806
22.91457286432161	0.07397629005335461
23.316582914572866	0.08074413863030724
23.718592964824122	0.08344949619513453
24.12060301507538	0.08200294619954679
24.522613065326635	0.07701006672523888
24.92462311557789	0.06939994361487462
25.326633165829147	0.060717903680274354
25.728643216080403	0.052320254360008575
26.13065326633166	0.04568531598599109
26.532663316582916	0.04198410098050698
26.934673366834172	0.04201012015888424
27.33668341708543	0.045854696806316916
27.738693467336685	0.052611984649876806
28.14070351758794	0.06125986635352607
28.542713567839197	0.06973474046854979
28.944723618090453	0.07701388905249457
29.34673366834171	0.08141342598401091
29.748743718592966	0.08190609285614257
30.150753768844222	0.07842404596866431
30.55276381909548	0.07170821767435923
30.954773869346734	0.06288400985102244
31.35678391959799	0.05327555213247479
31.758793969849247	0.04469884878510284
32.16080402010051	0.038417194455382137
32.56281407035176	0.035590297848796734
32.96482412060302	0.03654858360293286
33.366834170854275	0.041183707903862145
33.76884422110553	0.048230971306392624
34.17085427135679	0.05627029728581494
34.572864321608044	0.06379071986655721
34.9748743718593	0.06922121156326734
35.37688442211056	0.07161211883435255
35.77889447236181	0.07061228534857074
36.18090452261307	0.06632349791742534
36.582914572864325	0.05951438351032636
36.98492462311558	0.05150469110271342
37.38693467336684	0.043598377846276945
37.788944723618094	0.0372617478093253
38.19095477386935	0.03359676967926083
38.59296482412061	0.03304052645289821
38.99497487437186	0.036231944517659445
39.39698492462312	0.04174399225747118
39.798994974874375	0.04895796552630952
40.20100502512563	0.056648545186995594
40.60301507537689	0.06316822224115999
41.005025125628144	0.06759843908496951
41.4070351758794	0.06937521111727593
41.80904522613066	0.06804632665772202
42.21105527638191	0.06406910941326634
42.61306532663317	0.05800652757855409
43.015075376884425	0.050871100587238746
43.41708542713568	0.04427048954321452
43.81909547738694	0.03909820053771265
44.221105527638194	0.03634342458561741
44.62311557788945	0.036632978650497715
45.02512562814071	0.03999317268145536
45.42713567839196	0.04570397318397061
45.82914572864322	0.052941613043848604
46.231155778894475	0.06027628310180122
46.63316582914573	0.06668113247509136
47.03517587939699	0.07071404811193122
47.437185929648244	0.07187640589915778
47.8391959798995	0.06985870514083188
48.24120603015076	0.06498505154286599
48.64321608040201	0.05794479909675708
49.04522613065327	0.05017987566343531
49.447236180904525	0.04309580474485082
49.84924623115578	0.03780130651857499
50.25125628140704	0.03567119226230227
50.653266331658294	0.03700453192499355
51.05527638190955	0.04196086823624397
51.45728643216081	0.04951899565432331
51.85929648241206	0.0582880122844323
52.26130653266332	0.0668486162387429
52.663316582914575	0.0736043341151223
53.06532663316583	0.07721349352901194
53.46733668341709	0.07734248358640822
53.869346733668344	0.07324849982156866
54.2713567839196	0.06592064788957944
54.67336683417086	0.056942539096813474
55.07537688442211	0.04801675789716959
55.47738693467337	0.04090444481175774
55.879396984924625	0.03690403758012112
56.28140703517588	0.0372454143235649
56.68341708542714	0.041501044108732184
57.085427135678394	0.048868111214468435
57.48743718592965	0.05786830934791408
57.88944723618091	0.0669457029704186
58.29145728643216	0.07426833867872158
58.69346733668342	0.0787792575680222
59.095477386934675	0.0796763482943281
59.49748743718593	0.0765783312355647
59.89949748743719	0.07048350374081072
60.301507537688444	0.062095961435492245
60.7035175879397	0.05335384043336453
61.10552763819096	0.04540198157269904
61.50753768844221	0.04016756890530281
61.90954773869347	0.038201772612321695
62.311557788944725	0.04021503135587749
62.71356783919598	0.045399306326708806
63.11557788944724	0.0527533418919949
63.517587939698494	0.06112221285240236
63.91959798994975	0.06883784529293961
64.32160804020101	0.07452493742577246
64.72361809045226	0.07707001072886388
65.12562814070353	0.07607437599654861
65.52763819095478	0.0716686459619569
65.92964824120604	0.06442826960385592
66.33165829145729	0.055917746944396454
66.73366834170855	0.04767448233087882
67.1356783919598	0.04104612014620871
67.53768844221106	0.03771148114106391
67.93969849246231	0.03799344223309191
68.34170854271358	0.041719326286603714
68.74371859296483	0.04780279224261277
69.14572864321609	0.05548864108677729
69.54773869346734	0.06288277355470728
69.9497487437186	0.06895532435523855
70.35175879396985	0.0727895808322522
70.75376884422111	0.0735702690100563
71.15577889447236	0.07104398234368949
71.55778894472363	0.0658855801671861
71.95979899497488	0.058751878859486815
72.36180904522614	0.0512270492696633
72.76381909547739	0.04453285110390913
73.16582914572865	0.04005915941481332
73.5678391959799	0.038649775830089265
73.96984924623116	0.04006368507549695
74.37185929648241	0.043971070625211627
74.77386934673368	0.049749881695609614
75.17587939698493	0.056484080144416124
75.57788944723619	0.0628808528081032
75.97989949748744	0.06819818673379939
76.3819095477387	0.07129081605534152
76.78391959798995	0.0715466214164913
77.18592964824121	0.06906105022858544
77.58793969849246	0.06414025108621864
77.98994974874373	0.057370466438717585
78.39195979899498	0.05040571824484873
78.79396984924624	0.04425447346516962
79.19597989949749	0.04021317831865678
79.59798994974875	0.03911170140038079
80.0	0.04082991325905885
