0.0	0.026742812255468797
0.4020100502512563	0.027477505277003694
0.8040201005025126	0.023743894302124192
1.206030150753769	0.016331160243753397
1.6080402010050252	0.006805681000101786
2.0100502512562817	0.003283425984012741
2.412060301507538	0.011744001754800223
2.814070351758794	0.01687351938383787
3.2160804020100504	0.017871472393868812
3.6180904522613067	0.01451302274069537
4.020100502512563	0.007120447908312705
4.42211055276382	0.0030167784676305713
4.824120603015076	0.013747495154092224
5.226130653266332	0.023254254585445826
5.628140703517588	0.03002215475879178
6.030150753768845	0.03284455801596646
6.432160804020101	0.03097910456513871
6.834170854271357	0.02516335382191126
7.236180904522613	0.016857206167981066
7.63819095477387	0.007603375668315075
8.040201005025127	0.003419542140622405
8.442211055276383	0.008463364183353741
8.84422110552764	0.010526376007995024
9.246231155778895	0.00863879923858389
9.648241206030152	0.004230119440595454
10.050251256281408	0.008174505014093721
10.452261306532664	0.017999052694814364
10.85427135678392	0.027526267142056294
11.256281407035177	0.03464019132589973
11.658291457286433	0.0381435395859667
12.06030150753769	0.0373526853087723
12.462311557788945	0.03248066097910367
12.864321608040202	0.025002234820301183
13.266331658291458	0.017471449053715272
13.668341708542714	0.01427448455202757
14.07035175879397	0.016744064693166114
14.472361809045227	0.019625232385883894
14.874371859296483	0.019743860393549313
15.27638190954774	0.017027793463032258
15.678391959798995	0.015103591438123638
16.080402010050253	0.019208554440004907
16.48241206030151	0.027936900009721655
16.884422110552766	0.03735641686331823
17.286432160804022	0.044398831905617706
17.68844221105528	0.0477330323622147
18.090452261306535	0.046998118862937165
18.49246231155779	0.04251821037446463
18.894472361809047	0.03540076811176526
19.296482412060303	0.028249581906196464
19.69849246231156	0.024498966346503274
20.100502512562816	0.02536416062484791
20.502512562814072	0.028382460824898648
20.90452261306533	0.030673657373419455
21.306532663316585	0.031778200459957426
21.70854271356784	0.03300686815820106
22.110552763819097	0.036563749470016324
22.512562814070353	0.04243275261690456
22.91457286432161	0.04925798707993907
23.316582914572866	0.05478378548067838
23.718592964824122	0.056950592164372024
24.12060301507538	0.055800976075941144
24.522613065326635	0.05131712011961677
24.92462311557789	0.04485101271840484
25.326633165829147	0.03893856839581149
25.728643216080403	0.035862216512323006
26.13065326633166	0.03635843035296343
26.532663316582916	0.039369728377227124
26.934673366834172	0.043066780105006995
27.33668341708543	0.04751849018919351
27.738693467336685	0.05283368484946066
28.14070351758794	0.05957974839964675
28.542713567839197	0.06629447093360136
28.944723618090453	0.07186686945654827
29.34673366834171	0.07519154966365305
29.748743718592966	0.07527435634079478
30.150753768844222	0.07237046365234417
30.55276381909548	0.06719066812937566
30.954773869346734	0.06136189575576937
31.35678391959799	0.05668825675431758
31.758793969849247	0.05428026436141128
32.16080402010051	0.053861204049809264
32.56281407035176	0.05489134658711623
32.96482412060302	0.05611194939355822
33.366834170854275	0.05711221124851227
33.76884422110553	0.058743195399439986
34.17085427135679	0.06120056331644842
34.572864321608044	0.0645260020004787
34.9748743718593	0.06828869834126691
35.37688442211056	0.07101838925906867
35.77889447236181	0.07148472330071814
36.18090452261307	0.0697380892357789
36.582914572864325	0.06576302559075217
36.98492462311558	0.060997993156075035
37.38693467336684	0.057113430368203766
37.788944723618094	0.05462515158108581
38.19095477386935	0.05398770532811705
38.59296482412061	0.053953459824100325
38.99497487437186	0.05375832554807204
39.39698492462312	0.05338482013239042
39.798994974874375	0.05302116835143646
40.20100502512563	0.05442172094707344
40.60301507537689	0.05719777858188994
41.005025125628144	0.060852320005788885
41.4070351758794	0.06407465605091114
41.80904522613066	0.06565632359108023
42.21105527638191	0.06544964625218194
42.61306532663317	0.06335344826000552
43.015075376884425	0.06038796366922058
43.41708542713568	0.057541998558834
43.81909547738694	0.05577791188881907
44.221105527638194	0.05491764544501615
44.62311557788945	0.05420193571131572
45.02512562814071	0.05323255568594334
45.42713567839196	0.051626385675531426
45.82914572864322	0.050399397562320244
46.231155778894475	0.05101471593423714
46.63316582914573	0.054090964471614954
47.03517587939699	0.05867201024173089
47.437185929648244	0.06323398913029316
47.8391959798995	0.06658094499682829
48.24120603015076	0.06756070568372255
48.64321608040201	0.06611150310872345
49.04522613065327	0.06330353876152238
49.447236180904525	0.06019076612899802
49.84924623115578	0.05779645714622274
50.25125628140704	0.05639462918314823
50.653266331658294	0.05543171891377659
51.05527638190955	0.05405646109363508
51.45728643216081	0.05257246436562544
51.85929648241206	0.05139409250697476
52.26130653266332	0.051794450816889104
52.663316582914575	0.05430901803129782
53.06532663316583	0.05789349145552266
53.46733668341709	0.06135216621210436
53.869346733668344	0.06298892786851298
54.2713567839196	0.062449673582463686
54.67336683417086	0.05985737101971601
55.07537688442211	0.05630180361269273
55.47738693467337	0.0531189856065191
55.879396984924625	0.05150812298676847
56.28140703517588	0.051598053563740774
56.68341708542714	0.05243110354537649
57.085427135678394	0.05287537076306713
57.48743718592965	0.05260511009349589
57.88944723618091	0.05231641002298202
58.29145728643216	0.053079262380660575
58.69346733668342	0.055581896074686846
59.095477386934675	0.058888783872935314
59.49748743718593	0.06151477907394374
59.89949748743719	0.0622586079320845
60.301507537688444	0.06076160369888195
60.7035175879397	0.057445214693806534
61.10552763819096	0.05368729943677607
61.50753768844221	0.05118171958922998
61.90954773869347	0.05103041700891725
62.311557788944725	0.0524745305393818
62.71356783919598	0.054259976185838464
63.11557788944724	0.05485424149886314
63.517587939698494	0.05424730168502033
63.91959798994975	0.05368069190421604
64.32160804020101	0.05389621967207252
64.72361809045226	0.05582898739706704
65.12562814070353	0.058607100040266605
65.52763819095478	0.06066377917548525
65.92964824120604	0.06099054990535555
66.33165829145729	0.059076946303323385
66.73366834170855	0.05594486585263693
67.1356783919598	0.05319218893991186
67.53768844221106	0.05214929102396983
67.93969849246231	0.05335272501264503
68.34170854271358	0.05547806779283715
68.74371859296483	0.057281768996908
69.14572864321609	0.05775348112618772
69.54773869346734	0.05716660758174583
69.9497487437186	0.056585167685216056
70.35175879396985	0.05663507551436693
70.75376884422111	0.05782468250111085
71.15577889447236	0.05948147990560615
71.55778894472363	0.060352947230822185
71.95979899497488	0.05989043308500874
72.36180904522614	0.05803037213364837
72.76381909547739	0.055506439584164936
73.16582914572865	0.053823063567907746
73.5678391959799	0.05382676573672272
73.96984924623116	0.05576325025057262
74.37185929648241	0.05817403863998788
74.77386934673368	0.059966176250089764
75.17587939698493	0.05974622253066603
75.57788944723619	0.05826766981898499
75.97989949748744	0.05668522297287395
76.3819095477387	0.05618725900939625
76.78391959798995	0.05741594100333244
77.18592964824121	0.059504279591416985
77.58793969849246	0.0609121753389554
77.98994974874373	0.061408996368804626
78.39195979899498	0.059963491608792864
78.79396984924624	0.057889253302881936
79.19597989949749	0.05613409394479056
79.59798994974875	0.05589940484099517
80.0	0.05667914111642123
