0.0	0.009042760021258296
0.4020100502512563	0.008742665455076959
0.8040201005025126	0.007082621073937793
1.206030150753769	0.004498243926772774
1.6080402010050252	0.0011258543691961159
2.0100502512562817	0.0023390323984228832
2.412060301507538	0.005024886829591245
2.814070351758794	0.006547096618736875
3.2160804020100504	0.006663090622234619
3.6180904522613067	0.005238015842674771
4.020100502512563	0.002474953876193155
4.42211055276382	0.0013654551681444701
4.824120603015076	0.0051301832569014445
5.226130653266332	0.008647172673059821
5.628140703517588	0.011221395892921978
6.030150753768845	0.012338535968614454
6.432160804020101	0.0117787981921851
6.834170854271357	0.009719791365443542
7.236180904522613	0.006734359698069382
7.63819095477387	0.003550998166409588
8.040201005025127	0.000701603023593357
8.442211055276383	0.0011633581804882378
8.84422110552764	0.0009953089636696943
9.246231155778895	0.0019621027237947375
9.648241206030152	0.005650432142905714
10.050251256281408	0.010851281209217401
10.452261306532664	0.01649721411947855
10.85427135678392	0.02195111200316829
11.256281407035177	0.026070328073157716
11.658291457286433	0.028815519613704536
12.06030150753769	0.030097234825254626
12.462311557788945	0.030132370752226446
12.864321608040202	0.02924999323685807
13.266331658291458	0.027732615990556077
13.668341708542714	0.026378649456448976
14.07035175879397	0.02476253742877792
14.472361809045227	0.02156253571536262
14.874371859296483	0.015682585048903942
15.27638190954774	0.009206904463783885
15.678391959798995	0.009664783234357675
16.080402010050253	0.017499544763996268
16.48241206030151	0.021550581953201964
16.884422110552766	0.01959467806775305
17.286432160804022	0.016484845496847776
17.68844221105528	0.02139659325890534
18.090452261306535	0.03482609631388582
18.49246231155779	0.04951144377802936
18.894472361809047	0.06109915215899843
19.296482412060303	0.06669666094340146
19.69849246231156	0.0659530750210421
20.100502512562816	0.0599692519824543
20.502512562814072	0.05141039146191177
20.90452261306533	0.04274374250114452
21.306532663316585	0.03614071232370774
21.70854271356784	0.03238160802986011
22.110552763819097	0.029194705824948534
22.512562814070353	0.02491095803270193
22.91457286432161	0.022446180618300927
23.316582914572866	0.029161962292248787
23.718592964824122	0.04385069098314305
24.12060301507538	0.06237206981723471
24.522613065326635	0.0788723925542875
24.92462311557789	0.09010240822928345
25.326633165829147	0.0933224321403883
25.728643216080403	0.0876224076741823
26.13065326633166	0.07328636128734181
26.532663316582916	0.05531287529972255
26.934673366834172	0.03737571525024001
27.33668341708543	0.026603183507296117
27.738693467336685	0.026013811293533817
28.14070351758794	0.028348260651869784
28.542713567839197	0.027095899941024106
28.944723618090453	0.022263926673807923
29.34673366834171	0.024381142811488746
29.748743718592966	0.039094886992439355
30.150753768844222	0.05826738455391602
30.55276381909548	0.07480561320209982
30.954773869346734	0.08446001976832775
31.35678391959799	0.08438351134896716
31.758793969849247	0.07412680278664689
32.16080402010051	0.05504613900359114
32.56281407035176	0.03165062804918524
32.96482412060302	0.016104553892814524
33.366834170854275	0.028888132499662312
33.76884422110553	0.04370612176770751
34.17085427135679	0.049899487064898065
34.572864321608044	0.04583154173619152
34.9748743718593	0.03233105081969498
35.37688442211056	0.015763901480836555
35.77889447236181	0.023083534507055175
36.18090452261307	0.044367857890676064
36.582914572864325	0.06150106826242344
36.98492462311558	0.06970933571723184
37.38693467336684	0.06759429896534963
37.788944723618094	0.056123001540944274
38.19095477386935	0.03953240745377406
38.59296482412061	0.02725010990858987
38.99497487437186	0.03215477436966947
39.39698492462312	0.04498097463089616
39.798994974874375	0.05375443131108036
40.20100502512563	0.05378694653342246
40.60301507537689	0.04547234963139525
41.005025125628144	0.030956615694259438
41.4070351758794	0.019628890265346595
41.80904522613066	0.029976096529785296
42.21105527638191	0.04694115709556163
42.61306532663317	0.05948290671615965
43.015075376884425	0.0633569167519666
43.41708542713568	0.05778371539725167
43.81909547738694	0.04410291802065503
44.221105527638194	0.026454908364929454
44.62311557788945	0.014552798191274027
45.02512562814071	0.024848510675016828
45.42713567839196	0.03783061549623809
45.82914572864322	0.044540355911683
46.231155778894475	0.04267423027309908
46.63316582914573	0.03414812017391492
47.03517587939699	0.02331969435816472
47.437185929648244	0.024106695259650056
47.8391959798995	0.03817648700623681
48.24120603015076	0.052875714856938885
48.64321608040201	0.062399904167858865
49.04522613065327	0.06417476693267748
49.447236180904525	0.05864707624262203
49.84924623115578	0.04870161247043438
50.25125628140704	0.04051393162628808
50.653266331658294	0.04176058836560369
51.05527638190955	0.05023970860918643
51.45728643216081	0.05823255585743834
51.85929648241206	0.060849223261334406
52.26130653266332	0.05601984210893046
52.663316582914575	0.044565493947818904
53.06532663316583	0.030146433873933554
53.46733668341709	0.023876412183555955
53.869346733668344	0.03462519066224059
54.2713567839196	0.04852633356365441
54.67336683417086	0.05682328073588259
55.07537688442211	0.057506367137826454
55.47738693467337	0.050901135609925485
55.879396984924625	0.0387240993791891
56.28140703517588	0.027692384174927857
56.68341708542714	0.028598685109134842
57.085427135678394	0.038821402185106296
57.48743718592965	0.04837763761422895
57.88944723618091	0.0516766241155906
58.29145728643216	0.0466427574859085
58.69346733668342	0.034476421044840035
59.095477386934675	0.019123712605333926
59.49748743718593	0.016259351512681746
59.89949748743719	0.02998338557741988
60.301507537688444	0.042049423611533875
60.7035175879397	0.04771635819206935
61.10552763819096	0.04559653096225989
61.50753768844221	0.03787541592826021
61.90954773869347	0.030162806988798297
62.311557788944725	0.03139171377168587
62.71356783919598	0.04174158353776826
63.11557788944724	0.05195287339031261
63.517587939698494	0.056466025037776
63.91959798994975	0.05301082471090156
64.32160804020101	0.04190744287170569
64.72361809045226	0.02519235602189443
65.12562814070353	0.010066114655599558
65.52763819095478	0.020198397086760085
65.92964824120604	0.03510533255970848
66.33165829145729	0.04392956056975014
66.73366834170855	0.04511432898022171
67.1356783919598	0.038882140714474246
67.53768844221106	0.028512260898280923
67.93969849246231	0.022450941368972806
68.34170854271358	0.029230738309486907
68.74371859296483	0.04116963508955954
69.14572864321609	0.04991355445878894
69.54773869346734	0.05206904455276541
69.9497487437186	0.04683819375698895
70.35175879396985	0.03491224766019052
70.75376884422111	0.01864034241108995
71.15577889447236	0.00796799411621585
71.55778894472363	0.020766494920841094
71.95979899497488	0.03277225737301174
72.36180904522614	0.03894669163648836
72.76381909547739	0.03890400283910285
73.16582914572865	0.03522497470326617
73.5678391959799	0.03219661354579829
73.96984924623116	0.03507218650885145
74.37185929648241	0.04192119165626055
74.77386934673368	0.04766053707524075
75.17587939698493	0.04879328396582048
75.57788944723619	0.044299392512637634
75.97989949748744	0.03446731909525349
76.3819095477387	0.020806881492653292
76.78391959798995	0.006345301965782117
77.18592964824121	0.011572892389495897
77.58793969849246	0.023269772272287437
77.98994974874373	0.030531256821354526
78.39195979899498	0.03240242345723516
78.79396984924624	0.02924098769640345
79.19597989949749	0.024185794241778157
79.59798994974875	0.023203250632764447
80.0	0.029508573297125584
