0.0	0.022789955481458672
0.4020100502512563	0.02082949520519536
0.8040201005025126	0.01623720405938717
1.206030150753769	0.011314846685530145
1.6080402010050252	0.009798517391331765
2.0100502512562817	0.012693337405058968
2.412060301507538	0.01598442263788235
2.814070351758794	0.016998095255281568
3.2160804020100504	0.014708563110831307
3.6180904522613067	0.009667918228474667
4.020100502512563	0.0037416336533236255
4.42211055276382	0.007429953245934444
4.824120603015076	0.014950837949022838
5.226130653266332	0.02092274143074523
5.628140703517588	0.024572621806989693
6.030150753768845	0.0249928208258215
6.432160804020101	0.02313463559869692
6.834170854271357	0.02000574003311721
7.236180904522613	0.017543956610395938
7.63819095477387	0.017208490295878738
8.040201005025127	0.01800202671423205
8.442211055276383	0.017838662293033415
8.84422110552764	0.015456392575033413
9.246231155778895	0.010875063088244196
9.648241206030152	0.007177065854606692
10.050251256281408	0.011721620639842846
10.452261306532664	0.0203952036032482
10.85427135678392	0.028866722223631236
11.256281407035177	0.03527453179612786
11.658291457286433	0.03939839640865073
12.06030150753769	0.041056733832353524
12.462311557788945	0.04057022208866372
12.864321608040202	0.03878770956577251
13.266331658291458	0.03694283824273826
13.668341708542714	0.0349713764649114
14.07035175879397	0.03303768417142874
14.472361809045227	0.03095514103432733
14.874371859296483	0.029374775886534775
15.27638190954774	0.030088994941033974
15.678391959798995	0.03420763901415456
16.080402010050253	0.041790224917410794
16.48241206030151	0.05044849250979024
16.884422110552766	0.05895997135938569
17.286432160804022	0.06559843804098028
17.68844221105528	0.06910999360492534
18.090452261306535	0.06919060265454596
18.49246231155779	0.065598843329101
18.894472361809047	0.05907351459659717
19.296482412060303	0.05102712006486977
19.69849246231156	0.04299610145847754
20.100502512562816	0.03571661471002109
20.502512562814072	0.030104524482160562
20.90452261306533	0.02673305560134658
21.306532663316585	0.02775294333819609
21.70854271356784	0.034506612820731725
22.110552763819097	0.04502928577457223
22.512562814070353	0.05645879078881699
22.91457286432161	0.06599097257959276
23.316582914572866	0.0715832916738159
23.718592964824122	0.07196748799242131
24.12060301507538	0.0673293386066752
24.522613065326635	0.05823311851659892
24.92462311557789	0.04660048119302534
25.326633165829147	0.03461993675628179
25.728643216080403	0.02464163653775343
26.13065326633166	0.01777403440080783
26.532663316582916	0.013391407065797644
26.934673366834172	0.011108513879759977
27.33668341708543	0.014544247731438429
27.738693467336685	0.024209272258331648
28.14070351758794	0.03595445052655717
28.542713567839197	0.047216392817691646
28.944723618090453	0.05541271573138251
29.34673366834171	0.058973132311857066
29.748743718592966	0.057754543782257264
30.150753768844222	0.05160195686036774
30.55276381909548	0.04231962265068664
30.954773869346734	0.03162272184083077
31.35678391959799	0.022352706669429578
31.758793969849247	0.01576700236692446
32.16080402010051	0.012496975316091744
32.56281407035176	0.01110534988977385
32.96482412060302	0.013463373688258557
33.366834170854275	0.0205197827046874
33.76884422110553	0.029974666587352712
34.17085427135679	0.039448883108783965
34.572864321608044	0.046898795579195095
34.9748743718593	0.051160869204847394
35.37688442211056	0.051718688164498296
35.77889447236181	0.04882472089611033
36.18090452261307	0.04334822992377233
36.582914572864325	0.036270785169402374
36.98492462311558	0.029793320573262026
37.38693467336684	0.024598417422293208
37.788944723618094	0.021886555313196686
38.19095477386935	0.02103927249801316
38.59296482412061	0.02187633375788436
38.99497487437186	0.0244180150632942
39.39698492462312	0.029287577189667135
39.798994974874375	0.03588618981064272
40.20100502512563	0.04267877441203115
40.60301507537689	0.04873502087108409
41.005025125628144	0.05227255238404379
41.4070351758794	0.052933326217250165
41.80904522613066	0.05018637737610171
42.21105527638191	0.04468583868734168
42.61306532663317	0.037928660306099406
43.015075376884425	0.031108822632940736
43.41708542713568	0.02604278642500917
43.81909547738694	0.023240210884051298
44.221105527638194	0.021799969424208792
44.62311557788945	0.02186527717427365
45.02512562814071	0.02411589431350997
45.42713567839196	0.02954873118606761
45.82914572864322	0.03684521762837857
46.231155778894475	0.04417776071713933
46.63316582914573	0.049493288371112894
47.03517587939699	0.052326275608092984
47.437185929648244	0.05169036845332224
47.8391959798995	0.04820814113771474
48.24120603015076	0.04266262879066228
48.64321608040201	0.03643699756626294
49.04522613065327	0.03107781624773682
49.447236180904525	0.027642918204210422
49.84924623115578	0.026130000071041597
50.25125628140704	0.02609811168314451
50.653266331658294	0.027607837071189724
51.05527638190955	0.03103990826200647
51.45728643216081	0.03620302778031624
51.85929648241206	0.042500071692224924
52.26130653266332	0.04833199908173014
52.663316582914575	0.0521233106131659
53.06532663316583	0.05299473215594795
53.46733668341709	0.05061102574967471
53.869346733668344	0.04542160488526329
54.2713567839196	0.03849913151929943
54.67336683417086	0.031661927828037666
55.07537688442211	0.026370429940847845
55.47738693467337	0.023395873860740067
55.879396984924625	0.022577419233415438
56.28140703517588	0.022772754724792017
56.68341708542714	0.024472028024044357
57.085427135678394	0.02834898085767721
57.48743718592965	0.03445591426634785
57.88944723618091	0.04170516920291466
58.29145728643216	0.04777548807918146
58.69346733668342	0.05155098338592441
59.095477386934675	0.052104418422249096
59.49748743718593	0.04916293860575252
59.89949748743719	0.04341580225683748
60.301507537688444	0.03648232686826536
60.7035175879397	0.0305228686510381
61.10552763819096	0.02766389934516571
61.50753768844221	0.0273390920453299
61.90954773869347	0.028034956399031825
62.311557788944725	0.029543787668956666
62.71356783919598	0.03237339984948011
63.11557788944724	0.03718384690585287
63.517587939698494	0.04338809636443429
63.91959798994975	0.04932080048646416
64.32160804020101	0.053071094637048497
64.72361809045226	0.05355446652570587
65.12562814070353	0.050730197901196164
65.52763819095478	0.04525136043725974
65.92964824120604	0.03881626949389602
66.33165829145729	0.0335439804101247
66.73366834170855	0.030987541934507135
67.1356783919598	0.031311875941434836
67.53768844221106	0.03295677652034074
67.93969849246231	0.03477571076178226
68.34170854271358	0.03706325427781825
68.74371859296483	0.039958005323216285
69.14572864321609	0.043321689015384454
69.54773869346734	0.04656142184579949
69.9497487437186	0.04927794696960279
70.35175879396985	0.05039708024849643
70.75376884422111	0.04947416437088872
71.15577889447236	0.047024540035478596
71.55778894472363	0.04349248635574103
71.95979899497488	0.04006886856698468
72.36180904522614	0.037916984121749465
72.76381909547739	0.037567776501242836
73.16582914572865	0.038688375947721204
73.5678391959799	0.0403690074720927
73.96984924623116	0.04203865766500038
74.37185929648241	0.043404099143765126
74.77386934673368	0.04467072445046188
75.17587939698493	0.04621099368154971
75.57788944723619	0.047762961398809624
75.97989949748744	0.0487550117512262
76.3819095477387	0.048519699305590226
76.78391959798995	0.0468977641281178
77.18592964824121	0.04400407493062234
77.58793969849246	0.04049391232039383
77.98994974874373	0.03777811210168696
78.39195979899498	0.03681601949365127
78.79396984924624	0.03747643750844773
79.19597989949749	0.03942319741057222
79.59798994974875	0.041298218001648734
80.0	0.0428322394027215
