0.0	0.03326906369323032
0.4020100502512563	0.030589972332832543
0.8040201005025126	0.02290772938033948
1.206030150753769	0.011656931643943057
1.6080402010050252	0.002706123693054248
2.0100502512562817	0.013452806487843999
2.412060301507538	0.022122183889494797
2.814070351758794	0.026200656558484768
3.2160804020100504	0.024593737361732957
3.6180904522613067	0.017777674304461866
4.020100502512563	0.006962447317752124
4.42211055276382	0.0063324844481186405
4.824120603015076	0.019057490272537954
5.226130653266332	0.029383089213190012
5.628140703517588	0.03540010301902162
6.030150753768845	0.036140631619829396
6.432160804020101	0.03166818773728093
6.834170854271357	0.022809773045638734
7.236180904522613	0.011758588161498286
7.63819095477387	0.005002601903677229
8.040201005025127	0.01213196647136098
8.442211055276383	0.017557303151550734
8.84422110552764	0.018231052932164832
9.246231155778895	0.01338547496874217
9.648241206030152	0.003680697248656591
10.050251256281408	0.009255505112999576
10.452261306532664	0.022928463411732953
10.85427135678392	0.035400186463958774
11.256281407035177	0.04490209725371062
11.658291457286433	0.04962569899740106
12.06030150753769	0.04896516777195884
12.462311557788945	0.043648928786374594
12.864321608040202	0.03445045133033832
13.266331658291458	0.02309397493699799
13.668341708542714	0.01248174528137733
14.07035175879397	0.00813920043887013
14.472361809045227	0.011559881163136231
14.874371859296483	0.014446349815971999
15.27638190954774	0.014187606114333806
15.678391959798995	0.009654471510503367
16.080402010050253	0.005117752565991327
16.48241206030151	0.017505602250243394
16.884422110552766	0.03417877978957977
17.286432160804022	0.05005638594811864
17.68844221105528	0.061641112440341705
18.090452261306535	0.06864191771633837
18.49246231155779	0.06997166557233793
18.894472361809047	0.06678956494089586
19.296482412060303	0.05876212732636488
19.69849246231156	0.047873476204676524
20.100502512562816	0.03588670918541726
20.502512562814072	0.024677475792669996
20.90452261306533	0.016148794043765617
21.306532663316585	0.013363057093081405
21.70854271356784	0.01621370981455756
22.110552763819097	0.023930253267135743
22.512562814070353	0.035803858069046665
22.91457286432161	0.05071144778468958
23.316582914572866	0.06753154257099264
23.718592964824122	0.0827479568989942
24.12060301507538	0.09594209593390095
24.522613065326635	0.10328955614217841
24.92462311557789	0.10297449591532193
25.326633165829147	0.09487004824556158
25.728643216080403	0.07987812660611612
26.13065326633166	0.06234318847466207
26.532663316582916	0.04775286944552607
26.934673366834172	0.03951337354832578
27.33668341708543	0.036455842958025744
27.738693467336685	0.0352644462029444
28.14070351758794	0.03616653375348369
28.542713567839197	0.04392166693666081
28.944723618090453	0.05962847065182046
29.34673366834171	0.0784825254069109
29.748743718592966	0.09467263619170962
30.150753768844222	0.1043203943193465
30.55276381909548	0.10557116664864821
30.954773869346734	0.09803795675136509
31.35678391959799	0.0842626106830465
31.758793969849247	0.06703161250301408
32.16080402010051	0.05077551532907302
32.56281407035176	0.03886710825832233
32.96482412060302	0.0322282837309263
33.366834170854275	0.02714245359120381
33.76884422110553	0.020059132743760064
34.17085427135679	0.013266536768210402
34.572864321608044	0.01982641842788557
34.9748743718593	0.03547357154326983
35.37688442211056	0.051011206785906184
35.77889447236181	0.0624086857593776
36.18090452261307	0.0672864081726475
36.582914572864325	0.06508647530372849
36.98492462311558	0.05626169509093322
37.38693467336684	0.04311072994389463
37.788944723618094	0.028728668566608412
38.19095477386935	0.018145583380697394
38.59296482412061	0.015055053336858262
38.99497487437186	0.015090124153090193
39.39698492462312	0.011378931250940154
39.798994974874375	0.003409409243485854
40.20100502512563	0.015288194794340109
40.60301507537689	0.03392135833089273
41.005025125628144	0.05224821613584176
41.4070351758794	0.06779367774941682
41.80904522613066	0.07834370529481785
42.21105527638191	0.0824919513125664
42.61306532663317	0.08053535213850241
43.015075376884425	0.07309430668994468
43.41708542713568	0.06231323994759804
43.81909547738694	0.0513506766760922
44.221105527638194	0.041867974563870106
44.62311557788945	0.03515408824270256
45.02512562814071	0.029242728862942192
45.42713567839196	0.02345891230961089
45.82914572864322	0.020201125196506242
46.231155778894475	0.028253061968441
46.63316582914573	0.04409812484047888
47.03517587939699	0.06200061644675754
47.437185929648244	0.07809764196133635
47.8391959798995	0.08956038554024108
48.24120603015076	0.093987620791754
48.64321608040201	0.0912061716926001
49.04522613065327	0.08095730492500688
49.447236180904525	0.06562613776701515
49.84924623115578	0.04880323217577498
50.25125628140704	0.035532707179302056
50.653266331658294	0.029088746868538816
51.05527638190955	0.026122031397011143
51.45728643216081	0.01977187285061052
51.85929648241206	0.009120061115870947
52.26130653266332	0.015019083640451819
52.663316582914575	0.03473479784435263
53.06532663316583	0.0538282744183162
53.46733668341709	0.06824617952880042
53.869346733668344	0.07558652857196399
54.2713567839196	0.07469775644498708
54.67336683417086	0.06577294881212536
55.07537688442211	0.050750446920332225
55.47738693467337	0.03270717384421844
55.879396984924625	0.018148770670170605
56.28140703517588	0.015234162559418823
56.68341708542714	0.018356583984924717
57.085427135678394	0.01584995672986468
57.48743718592965	0.005756478549756191
57.88944723618091	0.013263517506947051
58.29145728643216	0.03510094960825806
58.69346733668342	0.057808042027774086
59.095477386934675	0.07732353223527619
59.49748743718593	0.09038427107053432
59.89949748743719	0.0946655823090441
60.301507537688444	0.08952866829403291
60.7035175879397	0.07638757298627762
61.10552763819096	0.057958386940396914
61.50753768844221	0.0387611941238719
61.90954773869347	0.024849546801287207
62.311557788944725	0.020541264731847596
62.71356783919598	0.019405414322270616
63.11557788944724	0.015094138056492526
63.517587939698494	0.016857026557743935
63.91959798994975	0.033719207273189354
64.32160804020101	0.05573068390426371
64.72361809045226	0.07632362958977754
65.12562814070353	0.09118621335547417
65.52763819095478	0.09762933945052574
65.92964824120604	0.09486899193778947
66.33165829145729	0.084337838681631
66.73366834170855	0.06798621906726518
67.1356783919598	0.0504303090057888
67.53768844221106	0.03644551565159396
67.93969849246231	0.03087843737812305
68.34170854271358	0.03044147550859949
68.74371859296483	0.028697024058828423
69.14572864321609	0.024085772180242757
69.54773869346734	0.022389797004182758
69.9497487437186	0.03125839847006527
70.35175879396985	0.04682370637196146
70.75376884422111	0.061449470176042055
71.15577889447236	0.07152362423782621
71.55778894472363	0.07473280836669502
71.95979899497488	0.07023215092237836
72.36180904522614	0.05929602061233001
72.76381909547739	0.04458357194856951
73.16582914572865	0.02975765646935647
73.5678391959799	0.02075109160807998
73.96984924623116	0.020764795490840395
74.37185929648241	0.022146175857308506
74.77386934673368	0.01906836204360526
75.17587939698493	0.012303381772257718
75.57788944723619	0.015567285836901108
75.97989949748744	0.031291310522302815
76.3819095477387	0.04897277271628397
76.78391959798995	0.06356303798712945
77.18592964824121	0.07301587052356598
77.58793969849246	0.07503046650565769
77.98994974874373	0.06943469040929559
78.39195979899498	0.0577882926421863
78.79396984924624	0.043039113347442516
79.19597989949749	0.029154807417560373
79.59798994974875	0.021623091502501815
80.0	0.021552461096132743
