0.0	0.008276773564941062
0.4020100502512563	0.009050170597654872
0.8040201005025126	0.008403648200751537
1.206030150753769	0.006673241423434418
1.6080402010050252	0.004349335946247103
2.0100502512562817	0.00254625859483561
2.412060301507538	0.003254696264195574
2.814070351758794	0.004673901499828713
3.2160804020100504	0.005389097838756676
3.6180904522613067	0.004836147250409399
4.020100502512563	0.0034832638802722907
4.42211055276382	0.0024450188429174804
4.824120603015076	0.004431570439593875
5.226130653266332	0.007178542946441359
5.628140703517588	0.009676492368620896
6.030150753768845	0.011114112782781946
6.432160804020101	0.011212832660723147
6.834170854271357	0.010304402835710224
7.236180904522613	0.008309527729136852
7.63819095477387	0.005894373090744183
8.040201005025127	0.0037155555947201734
8.442211055276383	0.0023698446401658564
8.84422110552764	0.001790822137115763
9.246231155778895	0.0009105908956852961
9.648241206030152	0.0010648769603759105
10.050251256281408	0.004219935094564913
10.452261306532664	0.007796242309165142
10.85427135678392	0.011826939478700803
11.256281407035177	0.015379352149739803
11.658291457286433	0.01807567561818036
12.06030150753769	0.019646594220920938
12.462311557788945	0.019979160016998385
12.864321608040202	0.019128660447416384
13.266331658291458	0.017644206190268498
13.668341708542714	0.015835287562114397
14.07035175879397	0.014084249598553315
14.472361809045227	0.013422183161516138
14.874371859296483	0.01371946070975602
15.27638190954774	0.015712228871271806
15.678391959798995	0.019200997086983355
16.080402010050253	0.023691801236448113
16.48241206030151	0.028877797134682394
16.884422110552766	0.033987304346393556
17.286432160804022	0.03857563208076739
17.68844221105528	0.04220507946369266
18.090452261306535	0.04420742903438849
18.49246231155779	0.044352234042824915
18.894472361809047	0.04242461449021952
19.296482412060303	0.03864298499144595
19.69849246231156	0.03352134534374115
20.100502512562816	0.028196965977902368
20.502512562814072	0.023254340530897748
20.90452261306533	0.019856462221852344
21.306532663316585	0.018692460132373894
21.70854271356784	0.019683998416347846
22.110552763819097	0.023489900958221694
22.512562814070353	0.03086400562883056
22.91457286432161	0.03982796953425166
23.316582914572866	0.04899759408134556
23.718592964824122	0.0562671685825347
24.12060301507538	0.06051889214803798
24.522613065326635	0.06092769463699229
24.92462311557789	0.05799991165053296
25.326633165829147	0.05246608085114125
25.728643216080403	0.046041686604330875
26.13065326633166	0.039900048499759394
26.532663316582916	0.03491984368394992
26.934673366834172	0.03066114845220987
27.33668341708543	0.027358743463329276
27.738693467336685	0.026479906104092583
28.14070351758794	0.029901941441166667
28.542713567839197	0.037313490277578784
28.944723618090453	0.04649904054528973
29.34673366834171	0.05521661842308384
29.748743718592966	0.061835877718321296
30.150753768844222	0.06577898872388284
30.55276381909548	0.06676822419246874
30.954773869346734	0.0655703390367709
31.35678391959799	0.06271169499368509
31.758793969849247	0.058687364488129
32.16080402010051	0.0539989328666281
32.56281407035176	0.04963695870900088
32.96482412060302	0.04561451781452452
33.366834170854275	0.04303641205635851
33.76884422110553	0.042142611326297756
34.17085427135679	0.04313527091137672
34.572864321608044	0.04532152462539018
34.9748743718593	0.04783812188050619
35.37688442211056	0.05074933969016453
35.77889447236181	0.05368295747763241
36.18090452261307	0.056595195308466184
36.582914572864325	0.05893631197752032
36.98492462311558	0.06077596049079255
37.38693467336684	0.06144554254559422
37.788944723618094	0.060599685043323234
38.19095477386935	0.05757490504731224
38.59296482412061	0.05312768073317552
38.99497487437186	0.04732524665561641
39.39698492462312	0.04118949754688165
39.798994974874375	0.036200432156297854
40.20100502512563	0.033139126281567795
40.60301507537689	0.03282043212205034
41.005025125628144	0.03428369900618684
41.4070351758794	0.037125719029126404
41.80904522613066	0.04042602235302533
42.21105527638191	0.043894119014085034
42.61306532663317	0.04685371972381644
43.015075376884425	0.049112477294121715
43.41708542713568	0.04978738163178923
43.81909547738694	0.04905394290933042
44.221105527638194	0.04663200894537548
44.62311557788945	0.04298266216793616
45.02512562814071	0.038762758970816276
45.42713567839196	0.03483491827227258
45.82914572864322	0.032538257636321816
46.231155778894475	0.03248172912486018
46.63316582914573	0.03478392567815881
47.03517587939699	0.038782976160087815
47.437185929648244	0.043591479443352774
47.8391959798995	0.048192913065990196
48.24120603015076	0.051986030012546466
48.64321608040201	0.05386133600396268
49.04522613065327	0.05358901363873927
49.447236180904525	0.05109522889605681
49.84924623115578	0.04677509488389254
50.25125628140704	0.04158126119376129
50.653266331658294	0.0366627548352961
51.05527638190955	0.032629791927157356
51.45728643216081	0.03077720624264328
51.85929648241206	0.031903994475310886
52.26130653266332	0.03634169231908797
52.663316582914575	0.04280754656162529
53.06532663316583	0.04955817026845254
53.46733668341709	0.05471841166925464
53.869346733668344	0.0575866898525771
54.2713567839196	0.05741138754630567
54.67336683417086	0.054420814417954856
55.07537688442211	0.049510056760837196
55.47738693467337	0.04405485681984102
55.879396984924625	0.03906458505203235
56.28140703517588	0.03533473866391903
56.68341708542714	0.032797993603481804
57.085427135678394	0.031481303678519174
57.48743718592965	0.0323524118672955
57.88944723618091	0.03547266997175499
58.29145728643216	0.04025540559232681
58.69346733668342	0.04539839625431763
59.095477386934675	0.04925436756473335
59.49748743718593	0.050928162565002454
59.89949748743719	0.04984693494983928
60.301507537688444	0.046147183630595896
60.7035175879397	0.040969142627024585
61.10552763819096	0.035713618267241225
61.50753768844221	0.03188046279128718
61.90954773869347	0.030753257621857173
62.311557788944725	0.03158179690352332
62.71356783919598	0.03327442650843124
63.11557788944724	0.0352617879878228
63.517587939698494	0.037188896041673
63.91959798994975	0.039434476693153926
64.32160804020101	0.04200741362127992
64.72361809045226	0.04461459110059506
65.12562814070353	0.04618719972701745
65.52763819095478	0.046178585265124084
65.92964824120604	0.044331565257385665
66.33165829145729	0.04107897715308031
66.73366834170855	0.037203264654463206
67.1356783919598	0.0345205818684145
67.53768844221106	0.033836235226778734
67.93969849246231	0.034573879660998105
68.34170854271358	0.03583831794439506
68.74371859296483	0.03663998584678604
69.14572864321609	0.03685678042222592
69.54773869346734	0.036902354554283374
69.9497487437186	0.03751245879753577
70.35175879396985	0.039125616864441784
70.75376884422111	0.04122437930523653
71.15577889447236	0.04286515092257175
71.55778894472363	0.043367651701056276
71.95979899497488	0.0421091739802152
72.36180904522614	0.03950618302833141
72.76381909547739	0.03649508287433868
73.16582914572865	0.03375214639689399
73.5678391959799	0.03268236782655691
73.96984924623116	0.033207511599064196
74.37185929648241	0.03428387512507696
74.77386934673368	0.035593498717043905
75.17587939698493	0.0363003884325325
75.57788944723619	0.03723002328129896
75.97989949748744	0.03874530455642601
76.3819095477387	0.04098943998656844
76.78391959798995	0.0437753637964582
77.18592964824121	0.04593242571900957
77.58793969849246	0.04646016217946066
77.98994974874373	0.04505857620996244
78.39195979899498	0.04172304278832534
78.79396984924624	0.03756457719845342
79.19597989949749	0.03424110620429926
79.59798994974875	0.032764381874461415
80.0	0.03349759354702253
