0.0	0.038125821148711096
0.4020100502512563	0.033583054542422205
0.8040201005025126	0.02379702004927402
1.206030150753769	0.010896203569957009
1.6080402010050252	0.007540275302041667
2.0100502512562817	0.019248734029452992
2.412060301507538	0.02787986369801922
2.814070351758794	0.031066208650998815
3.2160804020100504	0.027860144806710268
3.6180904522613067	0.018885799722718814
4.020100502512563	0.005803812844816427
4.42211055276382	0.009110372375794776
4.824120603015076	0.022843829915657202
5.226130653266332	0.03292540850180828
5.628140703517588	0.03745837646475787
6.030150753768845	0.035762787186807074
6.432160804020101	0.028212054349423026
6.834170854271357	0.01681982732827878
7.236180904522613	0.008571525515184334
7.63819095477387	0.01584558381565977
8.040201005025127	0.025353910087440885
8.442211055276383	0.03017819379751392
8.84422110552764	0.028722647646713832
9.246231155778895	0.0216470689640517
9.648241206030152	0.010163949180211037
10.050251256281408	0.006999549875514957
10.452261306532664	0.02005820761000377
10.85427135678392	0.03112471120409187
11.256281407035177	0.037438183517468464
11.658291457286433	0.037604591565697114
12.06030150753769	0.032179513571306995
12.462311557788945	0.022775911531527887
12.864321608040202	0.014925897670919269
13.266331658291458	0.018531247666192435
13.668341708542714	0.028344175486258227
14.07035175879397	0.035650680437196276
14.472361809045227	0.03764763019039502
14.874371859296483	0.033724872167059695
15.27638190954774	0.024366623100414424
15.678391959798995	0.011989204685370087
16.080402010050253	0.009766260109335598
16.48241206030151	0.021690502915266224
16.884422110552766	0.031563779655815
17.286432160804022	0.03641019553173342
17.68844221105528	0.034886905361113565
18.090452261306535	0.028102271162960428
18.49246231155779	0.019686671987875996
18.894472361809047	0.019119780959962814
19.296482412060303	0.0289230688447507
19.69849246231156	0.03954319235289519
20.100502512562816	0.04561142159325584
20.502512562814072	0.04541334291631347
20.90452261306533	0.03873667439999563
21.306532663316585	0.027383517648937965
21.70854271356784	0.015313634300947818
22.110552763819097	0.014085310785365382
22.512562814070353	0.023522079282902987
22.91457286432161	0.030814105618394642
23.316582914572866	0.03267105734929439
23.718592964824122	0.02863916472427593
24.12060301507538	0.02050701843825308
24.522613065326635	0.015847678620034125
24.92462311557789	0.023216582878174203
25.326633165829147	0.03470002787431174
25.728643216080403	0.04355650352055498
26.13065326633166	0.04676235296750844
26.532663316582916	0.04380795103703351
26.934673366834172	0.03540561418922864
27.33668341708543	0.024443187854177713
27.738693467336685	0.01698481618632853
28.14070351758794	0.021337227311407983
28.542713567839197	0.029896526921760796
28.944723618090453	0.034964280585569836
29.34673366834171	0.03463430133786558
29.748743718592966	0.029218170849311675
30.150753768844222	0.021189606325325565
30.55276381909548	0.01842606274589611
30.954773869346734	0.0260071576295417
31.35678391959799	0.036198664255012794
31.758793969849247	0.0435413262548115
32.16080402010051	0.045572930578883473
32.56281407035176	0.04183349104406669
32.96482412060302	0.03360664711268306
33.366834170854275	0.02366448218276055
33.76884422110553	0.018115854521784318
34.17085427135679	0.021604573294595232
34.572864321608044	0.02752790050881009
34.9748743718593	0.02997120574531311
35.37688442211056	0.02739395224943699
35.77889447236181	0.0203720668441524
36.18090452261307	0.013676241388569677
36.582914572864325	0.018487464885620475
36.98492462311558	0.029826779092947547
37.38693467336684	0.039652092626398114
37.788944723618094	0.04511057049222673
38.19095477386935	0.04532399277381033
38.59296482412061	0.0406096408591133
38.99497487437186	0.03253648306969144
39.39698492462312	0.02452505032980007
39.798994974874375	0.021078201999761063
40.20100502512563	0.0232525743367572
40.60301507537689	0.02589877888518317
41.005025125628144	0.025588778118858978
41.4070351758794	0.020994419353673133
41.80904522613066	0.015536555754333154
42.21105527638191	0.017416285304916006
42.61306532663317	0.027570964710133854
43.015075376884425	0.038851251676193715
43.41708542713568	0.04733192273546075
43.81909547738694	0.051526551119711314
44.221105527638194	0.05035542285695216
44.62311557788945	0.04477890634695349
45.02512562814071	0.036406827194944716
45.42713567839196	0.028636648391744995
45.82914572864322	0.02539871593831906
46.231155778894475	0.026469237052920164
46.63316582914573	0.02765219411814036
47.03517587939699	0.026176430580357117
47.437185929648244	0.021840668553520494
47.8391959798995	0.019414681116813055
48.24120603015076	0.024956716095011152
48.64321608040201	0.03656328718616878
49.04522613065327	0.048392068924722226
49.447236180904525	0.05731081462909743
49.84924623115578	0.061656271551945016
50.25125628140704	0.06078452736119362
50.653266331658294	0.05558050065716554
51.05527638190955	0.04831961826245443
51.45728643216081	0.041537872261359195
51.85929648241206	0.03820411208640403
52.26130653266332	0.037757631953258985
52.663316582914575	0.037651034191051105
53.06532663316583	0.036133040381129085
53.46733668341709	0.03482176649352626
53.869346733668344	0.03751451319540772
54.2713567839196	0.04630547269594974
54.67336683417086	0.05841922694591528
55.07537688442211	0.07005813962357146
55.47738693467337	0.07820374354955391
55.879396984924625	0.08175372623132521
56.28140703517588	0.08003577827047474
56.68341708542714	0.07441155959879801
57.085427135678394	0.06696035087827207
57.48743718592965	0.06025097439023169
57.88944723618091	0.055791378767685175
58.29145728643216	0.05305922429471149
58.69346733668342	0.05085033765011786
59.095477386934675	0.04853110917041957
59.49748743718593	0.047362932413257994
59.89949748743719	0.049283760745370754
60.301507537688444	0.05503873703565815
60.7035175879397	0.06354228823689903
61.10552763819096	0.07203092113879053
61.50753768844221	0.0787283016781186
61.90954773869347	0.08162896928265721
62.311557788944725	0.0804736798173076
62.71356783919598	0.07587497477220022
63.11557788944724	0.06855414392308269
63.517587939698494	0.060853128808141775
63.91959798994975	0.05451927047839587
64.32160804020101	0.04981496162411432
64.72361809045226	0.046263121978923724
65.12562814070353	0.04284253535307687
65.52763819095478	0.040655139963909355
65.92964824120604	0.0419920517076164
66.33165829145729	0.04832017012533756
66.73366834170855	0.05778872328201671
67.1356783919598	0.06721510905838783
67.53768844221106	0.07381164281271849
67.93969849246231	0.07586797189736891
68.34170854271358	0.07328012464845858
68.74371859296483	0.06743086794446898
69.14572864321609	0.06013659660622565
69.54773869346734	0.05381441243559777
69.9497487437186	0.0495359159028136
70.35175879396985	0.04674011165775367
70.75376884422111	0.04424877432382378
71.15577889447236	0.04205604984174148
71.55778894472363	0.04191964181943801
71.95979899497488	0.04644976616531446
72.36180904522614	0.05531389526123549
72.76381909547739	0.06533497056347032
73.16582914572865	0.07313953341137457
73.5678391959799	0.07703773198756084
73.96984924623116	0.0760952733884823
74.37185929648241	0.07074782537556137
74.77386934673368	0.06290507251012233
75.17587939698493	0.05526484499023454
75.57788944723619	0.04970404143689571
75.97989949748744	0.04680259802598135
76.3819095477387	0.045283759159898344
76.78391959798995	0.04427713341916051
77.18592964824121	0.044697241923694106
77.58793969849246	0.04775944005579462
77.98994974874373	0.05456460931806671
78.39195979899498	0.06327944182042844
78.79396984924624	0.0717043204776021
79.19597989949749	0.07714706877378028
79.59798994974875	0.07828193932453734
80.0	0.07484662822954372
