0.0	0.02231376336887414
0.4020100502512563	0.019589106380769918
0.8040201005025126	0.014568849842910092
1.206030150753769	0.00968605688401852
1.6080402010050252	0.009509381018834005
2.0100502512562817	0.013723224956526281
2.412060301507538	0.01738643605903986
2.814070351758794	0.018153778841034574
3.2160804020100504	0.015805777896765204
3.6180904522613067	0.010660535462709285
4.020100502512563	0.00394909092715035
4.42211055276382	0.005876836275245467
4.824120603015076	0.01293475337572642
5.226130653266332	0.018238704063111573
5.628140703517588	0.02106425406094927
6.030150753768845	0.02075093920363314
6.432160804020101	0.01819908545688843
6.834170854271357	0.015618740183350336
7.236180904522613	0.015297173543529797
7.63819095477387	0.017735201674614245
8.040201005025127	0.020591550260796617
8.442211055276383	0.02178176238673229
8.84422110552764	0.02009694469686461
9.246231155778895	0.015464732650435718
9.648241206030152	0.009046628894450624
10.050251256281408	0.0064322410121066455
10.452261306532664	0.01256788465594974
10.85427135678392	0.019852712129389112
11.256281407035177	0.02542593097490124
11.658291457286433	0.028533376658954147
12.06030150753769	0.029694797047864964
12.462311557788945	0.029623171705691242
12.864321608040202	0.02978076275765153
13.266331658291458	0.03034854878126379
13.668341708542714	0.031429126159305515
14.07035175879397	0.03166636813562674
14.472361809045227	0.03057926940659613
14.874371859296483	0.027811164779392456
15.27638190954774	0.024312115162210664
15.678391959798995	0.021968481800615176
16.080402010050253	0.022467614331071632
16.48241206030151	0.025355283474621994
16.884422110552766	0.02842356886338978
17.286432160804022	0.030324663886294966
17.68844221105528	0.030208227556629823
18.090452261306535	0.02877336087284446
18.49246231155779	0.02664977563714162
18.894472361809047	0.02596913565525689
19.296482412060303	0.027831144968920824
19.69849246231156	0.03189972268371633
20.100502512562816	0.035962320877600165
20.502512562814072	0.03824277905244664
20.90452261306533	0.03795964122662969
21.306532663316585	0.03545764743328296
21.70854271356784	0.03179533423530423
22.110552763819097	0.029195696271199577
22.512562814070353	0.029133525651951216
22.91457286432161	0.03183967398958
23.316582914572866	0.03455792461042896
23.718592964824122	0.035648572159666284
24.12060301507538	0.03457719590514653
24.522613065326635	0.03193691808677861
24.92462311557789	0.029437320657922345
25.326633165829147	0.028578331802535505
25.728643216080403	0.029153742898148788
26.13065326633166	0.030197984320375165
26.532663316582916	0.03048970381855045
26.934673366834172	0.02952641146496778
27.33668341708543	0.028100788705635798
27.738693467336685	0.027898493723797775
28.14070351758794	0.02989441224884428
28.542713567839197	0.033506488620537414
28.944723618090453	0.03707391139593092
29.34673366834171	0.03891116816464864
29.748743718592966	0.03814602952961964
30.150753768844222	0.03544990143134956
30.55276381909548	0.031282512673760296
30.954773869346734	0.02738100978907939
31.35678391959799	0.02628155269226166
31.758793969849247	0.028452344498704242
32.16080402010051	0.032075712488673865
32.56281407035176	0.035221196139991716
32.96482412060302	0.03736628535750418
33.366834170854275	0.038592449446258816
33.76884422110553	0.04001964524792836
34.17085427135679	0.04236113403047877
34.572864321608044	0.04567829567282236
34.9748743718593	0.04868366375378259
35.37688442211056	0.05007454839750566
35.77889447236181	0.049013713572103434
36.18090452261307	0.04604958428987013
36.582914572864325	0.041742274642353326
36.98492462311558	0.038228369259547014
37.38693467336684	0.03657179321851788
37.788944723618094	0.037023224758486364
38.19095477386935	0.03913787949527302
38.59296482412061	0.04205149764654794
38.99497487437186	0.04544920187508633
39.39698492462312	0.04941250314664032
39.798994974874375	0.054254240641990505
40.20100502512563	0.05889351974580109
40.60301507537689	0.06294328068384143
41.005025125628144	0.065692763942413
41.4070351758794	0.06641350316035532
41.80904522613066	0.0653754930572288
42.21105527638191	0.06297052684175673
42.61306532663317	0.05973032256655103
43.015075376884425	0.05633485020313113
43.41708542713568	0.05351246486486531
43.81909547738694	0.05135976787454699
44.221105527638194	0.049507286890598454
44.62311557788945	0.04803565640005915
45.02512562814071	0.04705995741900976
45.42713567839196	0.04720329934811439
45.82914572864322	0.04965327566880558
46.231155778894475	0.054723227904138215
46.63316582914573	0.061071317757592114
47.03517587939699	0.06654891901444904
47.437185929648244	0.06984101657247967
47.8391959798995	0.07013921137245029
48.24120603015076	0.06710197471800154
48.64321608040201	0.06167925221517989
49.04522613065327	0.05439242086052892
49.447236180904525	0.046266944994768106
49.84924623115578	0.03909423242920045
50.25125628140704	0.0333933415687809
50.653266331658294	0.030061249991517415
51.05527638190955	0.029056719562782125
51.45728643216081	0.03139387813921111
51.85929648241206	0.03661448698722114
52.26130653266332	0.044409733363383094
52.663316582914575	0.05268568889480566
53.06532663316583	0.05953960564752003
53.46733668341709	0.06404527834862116
53.869346733668344	0.064908547356327
54.2713567839196	0.061910608921028606
54.67336683417086	0.055136508545214756
55.07537688442211	0.04570112684527511
55.47738693467337	0.035039921523388806
55.879396984924625	0.025103478112142634
56.28140703517588	0.01751976958690728
56.68341708542714	0.013820253127106486
57.085427135678394	0.014670675009630065
57.48743718592965	0.020320731795265536
57.88944723618091	0.02973040085145252
58.29145728643216	0.04148911643292638
58.69346733668342	0.05306586475555625
59.095477386934675	0.06250286060176626
59.49748743718593	0.06799170234384856
59.89949748743719	0.06849222603927085
60.301507537688444	0.06389923759615493
60.7035175879397	0.05536793930559799
61.10552763819096	0.04445652435097999
61.50753768844221	0.03387400816859845
61.90954773869347	0.025645134166437822
62.311557788944725	0.021044911782325055
62.71356783919598	0.020235683517403617
63.11557788944724	0.023050912022521956
63.517587939698494	0.02975941791113504
63.91959798994975	0.039984138889991604
64.32160804020101	0.05137856034506847
64.72361809045226	0.061778556851787125
65.12562814070353	0.06904097193930811
65.52763819095478	0.07191749210457268
65.92964824120604	0.06983456455886039
66.33165829145729	0.06343421375884907
66.73366834170855	0.05415625910454939
67.1356783919598	0.044352489017508
67.53768844221106	0.03630366492271196
67.93969849246231	0.03167783949437013
68.34170854271358	0.029960559783470182
68.74371859296483	0.029912132512342794
69.14572864321609	0.03220524685093733
69.54773869346734	0.03873219005670031
69.9497487437186	0.049352342215057715
70.35175879396985	0.06176470235784047
70.75376884422111	0.07258696967291514
71.15577889447236	0.07993504197562075
71.55778894472363	0.08205331073059385
71.95979899497488	0.07888110380022692
72.36180904522614	0.07151948758469098
72.76381909547739	0.0621662160805543
73.16582914572865	0.05301334893280102
73.5678391959799	0.046053872193848315
73.96984924623116	0.041686089059171115
74.37185929648241	0.039329203553425326
74.77386934673368	0.0380937700919952
75.17587939698493	0.03960240801951189
75.57788944723619	0.045417915728725645
75.97989949748744	0.05446520241114684
76.3819095477387	0.06447169336170913
76.78391959798995	0.07262525805185024
77.18592964824121	0.07663841596777289
77.58793969849246	0.0760685853531812
77.98994974874373	0.07093867933386039
78.39195979899498	0.06302272578493343
78.79396984924624	0.053753811098991654
79.19597989949749	0.04595561442805846
79.59798994974875	0.04090050222529633
80.0	0.03864110264146757
