0.0	0.013029608426263588
0.4020100502512563	0.010976421469353247
0.8040201005025126	0.006999254946536549
1.206030150753769	0.002703324241157947
1.6080402010050252	0.003922961026538221
2.0100502512562817	0.007959545170474116
2.412060301507538	0.010609582227247099
2.814070351758794	0.011258174093862034
3.2160804020100504	0.009734982677253479
3.6180904522613067	0.006296716031854159
4.020100502512563	0.0017936042248088997
4.42211055276382	0.003731336586918794
4.824120603015076	0.008426877812424566
5.226130653266332	0.011622421773038948
5.628140703517588	0.01299346175321511
6.030150753768845	0.01228758428341119
6.432160804020101	0.009551969682472038
6.834170854271357	0.0059122525442825554
7.236180904522613	0.004396498380622967
7.63819095477387	0.007144313029057892
8.040201005025127	0.009827165861236588
8.442211055276383	0.011125279893907731
8.84422110552764	0.01007355313278926
9.246231155778895	0.006502688291394447
9.648241206030152	0.001959900700538652
10.050251256281408	0.005312685669734035
10.452261306532664	0.01128569199021883
10.85427135678392	0.016277384719730732
11.256281407035177	0.019525405547145436
11.658291457286433	0.02074464239444008
12.06030150753769	0.020568440242715657
12.462311557788945	0.018809914837459717
12.864321608040202	0.016362286493229693
13.266331658291458	0.01400577313542713
13.668341708542714	0.012250022503092931
14.07035175879397	0.011185530580727068
14.472361809045227	0.011491290077820899
14.874371859296483	0.012272372085740505
15.27638190954774	0.011704937803873675
15.678391959798995	0.009892632905618976
16.080402010050253	0.009305656107719528
16.48241206030151	0.014612080553120946
16.884422110552766	0.021347567044736178
17.286432160804022	0.02527208132069328
17.68844221105528	0.02578889620431693
18.090452261306535	0.026117182991276317
18.49246231155779	0.0295637461147387
18.894472361809047	0.03788444599426492
19.296482412060303	0.04652681887361966
19.69849246231156	0.05284544921044008
20.100502512562816	0.055417600370672414
20.502512562814072	0.053133011356106916
20.90452261306533	0.04675417092587466
21.306532663316585	0.037990347330251015
21.70854271356784	0.030184312573662376
22.110552763819097	0.026209996519936968
22.512562814070353	0.027467750724165026
22.91457286432161	0.03013326609799708
23.316582914572866	0.034491890491335594
23.718592964824122	0.0412550721428772
24.12060301507538	0.05182024763729518
24.522613065326635	0.0650580290656897
24.92462311557789	0.07719164653063727
25.326633165829147	0.08602000005149915
25.728643216080403	0.08774181178569124
26.13065326633166	0.0817147069230155
26.532663316582916	0.06960815693352203
26.934673366834172	0.05402476207472355
27.33668341708543	0.03870870308135982
27.738693467336685	0.027835691430746885
28.14070351758794	0.024562473237075867
28.542713567839197	0.02643679110475644
28.944723618090453	0.03031651774665469
29.34673366834171	0.03704246116423949
29.748743718592966	0.04724262073382613
30.150753768844222	0.06009753994733273
30.55276381909548	0.0724881440371065
30.954773869346734	0.08110454304983619
31.35678391959799	0.08359417900555301
31.758793969849247	0.07857483351911568
32.16080402010051	0.06638545276358442
32.56281407035176	0.04889875091626493
32.96482412060302	0.028892749436426883
33.366834170854275	0.011550879565594937
33.76884422110553	0.012949545147358698
34.17085427135679	0.021830961430564365
34.572864321608044	0.025171733756568913
34.9748743718593	0.02281800031293699
35.37688442211056	0.01803272547073149
35.77889447236181	0.02143121878535617
36.18090452261307	0.03307365753114962
36.582914572864325	0.04483897834392581
36.98492462311558	0.05293984165446085
37.38693467336684	0.05501740144044261
37.788944723618094	0.049561671293315054
38.19095477386935	0.03828554724669833
38.59296482412061	0.02275898724863153
38.99497487437186	0.0045439821823989295
39.39698492462312	0.012307246866094896
39.798994974874375	0.02504311866176967
40.20100502512563	0.03196710109997318
40.60301507537689	0.03172010508576023
41.005025125628144	0.02537153081494519
41.4070351758794	0.015311267180336865
41.80904522613066	0.013962616330297193
42.21105527638191	0.02499339776611419
42.61306532663317	0.036409185744927276
43.015075376884425	0.04275433143570576
43.41708542713568	0.04245093952298153
43.81909547738694	0.03485801045761163
44.221105527638194	0.020850443723860388
44.62311557788945	0.00302584605520832
45.02512562814071	0.015893562704796915
45.42713567839196	0.03209689679135115
45.82914572864322	0.043214698435063335
46.231155778894475	0.0467877846118354
46.63316582914573	0.042643363473614505
47.03517587939699	0.03205504736704365
47.437185929648244	0.016060364702071225
47.8391959798995	0.0028836711861476346
48.24120603015076	0.019438974030582486
48.64321608040201	0.032554995234401314
49.04522613065327	0.039056137191395016
49.447236180904525	0.03768586428316232
49.84924623115578	0.02866507893400581
50.25125628140704	0.014418300602448152
50.653266331658294	0.009970248293285317
51.05527638190955	0.026456929485179786
51.45728643216081	0.04095468850288758
51.85929648241206	0.04935023781407068
52.26130653266332	0.04983439037710188
52.663316582914575	0.04255274205404826
53.06532663316583	0.02902279454126172
53.46733668341709	0.014368280079060491
53.869346733668344	0.014717659173170864
54.2713567839196	0.026856298675249995
54.67336683417086	0.03480492054909256
55.07537688442211	0.03549244216314632
55.47738693467337	0.028430025631717603
55.879396984924625	0.015428406713443674
56.28140703517588	0.00770768428989767
56.68341708542714	0.023640140484157954
57.085427135678394	0.03919147864813614
57.48743718592965	0.04986194423446737
57.88944723618091	0.05357246954751541
58.29145728643216	0.05021117117033698
58.69346733668342	0.04127962943636625
59.095477386934675	0.02987445083017152
59.49748743718593	0.022035568371994326
59.89949748743719	0.02283395375307826
60.301507537688444	0.027661968629600197
60.7035175879397	0.029666142454651767
61.10552763819096	0.026529759780836625
61.50753768844221	0.018446184297495012
61.90954773869347	0.010481014105562826
62.311557788944725	0.016268308802959305
62.71356783919598	0.02953489329923718
63.11557788944724	0.04073969848149811
63.517587939698494	0.047910317998319296
63.91959798994975	0.04954853813044102
64.32160804020101	0.045819173354523915
64.72361809045226	0.038505644056695904
65.12562814070353	0.030993851816598535
65.52763819095478	0.027754493337225333
65.92964824120604	0.030160038673734686
66.33165829145729	0.03341412390510882
66.73366834170855	0.03355671365002672
67.1356783919598	0.02885390784340161
67.53768844221106	0.020752801694877403
67.93969849246231	0.01608113863204745
68.34170854271358	0.02372904404863978
68.74371859296483	0.036191428306306894
69.14572864321609	0.046175732813720824
69.54773869346734	0.05162459419273687
69.9497487437186	0.05167164845893629
70.35175879396985	0.04759754545674997
70.75376884422111	0.041558526841461205
71.15577889447236	0.03647422760507576
71.55778894472363	0.03515260427137547
71.95979899497488	0.03690358351087563
72.36180904522614	0.038211742359483145
72.76381909547739	0.03654160152971852
73.16582914572865	0.03186860689393557
73.5678391959799	0.027200326479374932
73.96984924623116	0.029135518678307333
74.37185929648241	0.03791073640738763
74.77386934673368	0.048471453820806254
75.17587939698493	0.05652192568568729
75.57788944723619	0.06000394217939237
75.97989949748744	0.05867831831984825
76.3819095477387	0.053616851537508094
76.78391959798995	0.0470887107675194
77.18592964824121	0.04251006047745737
77.58793969849246	0.04152761248761218
77.98994974874373	0.04290934956785866
78.39195979899498	0.043623042381034365
78.79396984924624	0.04149135354188822
79.19597989949749	0.03682610671570544
79.59798994974875	0.0324601100186446
80.0	0.03267696546637326
