0.0	0.022750165649776107
0.4020100502512563	0.023543233800748683
0.8040201005025126	0.02004863520367566
1.206030150753769	0.013775276181690933
1.6080402010050252	0.005626354849531683
2.0100502512562817	0.004212000298126193
2.412060301507538	0.01131340344062908
2.814070351758794	0.016025928603446683
3.2160804020100504	0.016910046272738267
3.6180904522613067	0.013839739800538254
4.020100502512563	0.007248406951933249
4.42211055276382	0.001740935710272356
4.824120603015076	0.011272836540350304
5.226130653266332	0.020109272875251456
5.628140703517588	0.02623955719827691
6.030150753768845	0.02872809326374571
6.432160804020101	0.027597367636860697
6.834170854271357	0.022698265075425553
7.236180904522613	0.015278790269260845
7.63819095477387	0.007187853785567149
8.040201005025127	0.0031610685578981577
8.442211055276383	0.007434915011783163
8.84422110552764	0.009293332924696932
9.246231155778895	0.007121621506778593
9.648241206030152	0.0018418507584803828
10.050251256281408	0.007961498258741586
10.452261306532664	0.018238363475274782
10.85427135678392	0.028464314059099317
11.256281407035177	0.03666062207917527
11.658291457286433	0.04173703203805115
12.06030150753769	0.04281167797295955
12.462311557788945	0.0400351792362984
12.864321608040202	0.03416668277018605
13.266331658291458	0.02672460102778697
13.668341708542714	0.01910453444572079
14.07035175879397	0.012970522456160519
14.472361809045227	0.009359016094264485
14.874371859296483	0.008849570453435906
15.27638190954774	0.010878837967969204
15.678391959798995	0.015216452797177569
16.080402010050253	0.02026539735291397
16.48241206030151	0.02534618478900728
16.884422110552766	0.029807665302607405
17.286432160804022	0.03321165507693094
17.68844221105528	0.035514770523158365
18.090452261306535	0.03702762242772632
18.49246231155779	0.037491086242552214
18.894472361809047	0.036979155691866446
19.296482412060303	0.03525188023081907
19.69849246231156	0.03223123372439914
20.100502512562816	0.028543135620466654
20.502512562814072	0.024495887422114834
20.90452261306533	0.02080280308785848
21.306532663316585	0.018764190269548783
21.70854271356784	0.01872761876655262
22.110552763819097	0.02078502525787991
22.512562814070353	0.02433988473183474
22.91457286432161	0.028572421670755587
23.316582914572866	0.03288473364759243
23.718592964824122	0.036185744773527505
24.12060301507538	0.038187954848828656
24.522613065326635	0.03808065838672481
24.92462311557789	0.036280320289660786
25.326633165829147	0.03287004336073376
25.728643216080403	0.02829912222764046
26.13065326633166	0.023571585818614942
26.532663316582916	0.019602305076543487
26.934673366834172	0.017174985992968617
27.33668341708543	0.016553323646452355
27.738693467336685	0.01791617682620482
28.14070351758794	0.020343088828278996
28.542713567839197	0.023630005347803785
28.944723618090453	0.027733121874589196
29.34673366834171	0.03244611358464396
29.748743718592966	0.03715225678244292
30.150753768844222	0.04116640395711163
30.55276381909548	0.04371540056092237
30.954773869346734	0.044085163710411476
31.35678391959799	0.042087219952186256
31.758793969849247	0.038271926853279806
32.16080402010051	0.03408932754674538
32.56281407035176	0.0305003296430779
32.96482412060302	0.028924039983856016
33.366834170854275	0.029425331935457037
33.76884422110553	0.03125164563073649
34.17085427135679	0.03454523760711256
34.572864321608044	0.03927185440539475
34.9748743718593	0.04467377870899768
35.37688442211056	0.05007882724171127
35.77889447236181	0.0541427316116017
36.18090452261307	0.05588001844556549
36.582914572864325	0.05528481321178399
36.98492462311558	0.05290409325183941
37.38693467336684	0.04970492846088463
37.788944723618094	0.04676940415697756
38.19095477386935	0.044978793758522755
38.59296482412061	0.04437305552572731
38.99497487437186	0.04461485788766295
39.39698492462312	0.04563398332848204
39.798994974874375	0.0475086630234796
40.20100502512563	0.050529085001755805
40.60301507537689	0.05418341888390882
41.005025125628144	0.05814755478517362
41.4070351758794	0.06163692383184085
41.80904522613066	0.0639602971152049
42.21105527638191	0.06478109602049635
42.61306532663317	0.06376953796418898
43.015075376884425	0.06126926517957644
43.41708542713568	0.05768665452800113
43.81909547738694	0.05379471739349837
44.221105527638194	0.050511443746685855
44.62311557788945	0.0480702692824559
45.02512562814071	0.047064285076633475
45.42713567839196	0.04750656530850056
45.82914572864322	0.049106891863094
46.231155778894475	0.05163014335372631
46.63316582914573	0.05412835091758533
47.03517587939699	0.05643147435615707
47.437185929648244	0.05748096311607721
47.8391959798995	0.05709245839756401
48.24120603015076	0.0551965255811841
48.64321608040201	0.05201342849933044
49.04522613065327	0.04843101236971243
49.447236180904525	0.04501939040669921
49.84924623115578	0.04270976521669504
50.25125628140704	0.04141370391737435
50.653266331658294	0.041601644746504185
51.05527638190955	0.04273399819412187
51.45728643216081	0.04433971207929327
51.85929648241206	0.046153340478183036
52.26130653266332	0.04798855976238921
52.663316582914575	0.049136696835166326
53.06532663316583	0.04972449824925655
53.46733668341709	0.04965615842135812
53.869346733668344	0.04891634900716794
54.2713567839196	0.04749994111599588
54.67336683417086	0.04575157666722018
55.07537688442211	0.0436139071122093
55.47738693467337	0.041799502568945615
55.879396984924625	0.04050327738315638
56.28140703517588	0.04052315404409322
56.68341708542714	0.04181400744347215
57.085427135678394	0.04431515646798198
57.48743718592965	0.04729470735614891
57.88944723618091	0.05030472396304483
58.29145728643216	0.0525323225711505
58.69346733668342	0.053844454165202414
59.095477386934675	0.05388634786056397
59.49748743718593	0.052651217643643035
59.89949748743719	0.05053608929583936
60.301507537688444	0.04753258959420044
60.7035175879397	0.044355291632020295
61.10552763819096	0.04159887455343224
61.50753768844221	0.04028473817447682
61.90954773869347	0.04091394576656982
62.311557788944725	0.0440231059400502
62.71356783919598	0.04891858435086423
63.11557788944724	0.05443721429354157
63.517587939698494	0.05939470905827715
63.91959798994975	0.06278513664627337
64.32160804020101	0.06418903959757608
64.72361809045226	0.06324655434311469
65.12562814070353	0.060376890023447746
65.52763819095478	0.056128018151085236
65.92964824120604	0.051477594873521645
66.33165829145729	0.04749707513315315
66.73366834170855	0.04466716414297145
67.1356783919598	0.04379470856183211
67.53768844221106	0.04531917099135444
67.93969849246231	0.04924776660014739
68.34170854271358	0.05518757635612899
68.74371859296483	0.06129769291879925
69.14572864321609	0.06630416032634995
69.54773869346734	0.06946442403789468
69.9497487437186	0.06980461847041583
70.35175879396985	0.0671878210289173
70.75376884422111	0.062362066014552076
71.15577889447236	0.056279947220933865
71.55778894472363	0.050263846316812945
71.95979899497488	0.04524437259549664
72.36180904522614	0.0422730115330903
72.76381909547739	0.04151727574973445
73.16582914572865	0.04334799170680755
73.5678391959799	0.04759162737396404
73.96984924623116	0.05279626185238815
74.37185929648241	0.05800868184057184
74.77386934673368	0.061840391050741884
75.17587939698493	0.06344011312943927
75.57788944723619	0.06239319672540491
75.97989949748744	0.05881000644289384
76.3819095477387	0.053546838332608246
76.78391959798995	0.047217891177287814
77.18592964824121	0.04117690065365858
77.58793969849246	0.036287272779735716
77.98994974874373	0.0334306264712519
78.39195979899498	0.03308195662038497
78.79396984924624	0.03507993438497605
79.19597989949749	0.03912616912511045
79.59798994974875	0.04451364815313587
80.0	0.05006746474306456
