0.0	0.022748144180974907
0.4020100502512563	0.01964435714676887
0.8040201005025126	0.013137019361837874
1.206030150753769	0.005189222542799876
1.6080402010050252	0.0050475738569588325
2.0100502512562817	0.012486864105681368
2.412060301507538	0.017512598472508415
2.814070351758794	0.01910237606303896
3.2160804020100504	0.016997048942542843
3.6180904522613067	0.011329857171248693
4.020100502512563	0.0034317484909408857
4.42211055276382	0.005450568804641239
4.824120603015076	0.013776515475418787
5.226130653266332	0.019856896461504788
5.628140703517588	0.022763362021946874
6.030150753768845	0.022171884212609398
6.432160804020101	0.01799667864136747
6.834170854271357	0.011251365530851976
7.236180904522613	0.0048685446540404
7.63819095477387	0.007485202921791669
8.040201005025127	0.01349822085577915
8.442211055276383	0.016593970404591964
8.84422110552764	0.01616819752170031
9.246231155778895	0.012168211368862012
9.648241206030152	0.005124738489554609
10.050251256281408	0.006367809499265467
10.452261306532664	0.016316175322641693
10.85427135678392	0.025283840311529242
11.256281407035177	0.03180272481132069
11.658291457286433	0.03468359487651619
12.06030150753769	0.0337091248264763
12.462311557788945	0.029232007926117402
12.864321608040202	0.022451213883215696
13.266331658291458	0.015248006951342563
13.668341708542714	0.009144026035852971
14.07035175879397	0.0050595126108430545
14.472361809045227	0.002612778214751188
14.874371859296483	0.002053699935288638
15.27638190954774	0.003813560738487979
15.678391959798995	0.007824196656849424
16.080402010050253	0.013882982382001465
16.48241206030151	0.021271313812428257
16.884422110552766	0.029001595741172254
17.286432160804022	0.03709222189354064
17.68844221105528	0.044314513541713896
18.090452261306535	0.04969132719305078
18.49246231155779	0.052804979689487996
18.894472361809047	0.05335597300586601
19.296482412060303	0.05091736971744463
19.69849246231156	0.04720171323870612
20.100502512562816	0.04341537278871818
20.502512562814072	0.040250838659722184
20.90452261306533	0.037361957794458486
21.306532663316585	0.0337828872725476
21.70854271356784	0.030927393995276393
22.110552763819097	0.031892736895485635
22.512562814070353	0.03835083835274977
22.91457286432161	0.04764717649899829
23.316582914572866	0.05675499386819194
23.718592964824122	0.06336387882359286
24.12060301507538	0.06660985161741102
24.522613065326635	0.0680684492708056
24.92462311557789	0.06981091923024133
25.326633165829147	0.07173416820358343
25.728643216080403	0.07265558695729152
26.13065326633166	0.07008595848313452
26.532663316582916	0.06318515438013227
26.934673366834172	0.052433572441574074
27.33668341708543	0.0397786644088257
27.738693467336685	0.02793093376165316
28.14070351758794	0.022449587390038994
28.542713567839197	0.02765912813347394
28.944723618090453	0.037995385290098535
29.34673366834171	0.04982271809204527
29.748743718592966	0.05999422621947963
30.150753768844222	0.06729021309243878
30.55276381909548	0.07122902332837847
30.954773869346734	0.07139894776783194
31.35678391959799	0.06755973818925205
31.758793969849247	0.060163754118383574
32.16080402010051	0.05027146532696984
32.56281407035176	0.03898935678714342
32.96482412060302	0.02705927884435087
33.366834170854275	0.01593510781279791
33.76884422110553	0.0069967620960310044
34.17085427135679	0.008570939938808185
34.572864321608044	0.01811020910276615
34.9748743718593	0.02825396282663995
35.37688442211056	0.0377267392783167
35.77889447236181	0.045622840225573225
36.18090452261307	0.05127382647274512
36.582914572864325	0.05275551223494536
36.98492462311558	0.04976266016097277
37.38693467336684	0.04263557387407538
37.788944723618094	0.032652582236945255
38.19095477386935	0.023314495409431674
38.59296482412061	0.018996991570984903
38.99497487437186	0.02139792071419811
39.39698492462312	0.023879958697892865
39.798994974874375	0.02287645266287299
40.20100502512563	0.01770602894356264
40.60301507537689	0.01114647565594381
41.005025125628144	0.015566628994789106
41.4070351758794	0.02845040165155311
41.80904522613066	0.04102791595872765
42.21105527638191	0.05002052314236464
42.61306532663317	0.05424541766386631
43.015075376884425	0.05341530395796849
43.41708542713568	0.04978912020399021
43.81909547738694	0.046143708524095314
44.221105527638194	0.044368681430127024
44.62311557788945	0.044435467327833475
45.02512562814071	0.04433826029382604
45.42713567839196	0.04213658867001649
45.82914572864322	0.03654006762558214
46.231155778894475	0.02725154138897153
46.63316582914573	0.01550789237987712
47.03517587939699	0.010586705633403486
47.437185929648244	0.022274837152780096
47.8391959798995	0.03615635391946162
48.24120603015076	0.04760230697307464
48.64321608040201	0.0550787566714472
49.04522613065327	0.05884937055537463
49.447236180904525	0.05952873525553688
49.84924623115578	0.0588867469043197
50.25125628140704	0.057524945846080144
50.653266331658294	0.05658665980597809
51.05527638190955	0.054919507313840966
51.45728643216081	0.05131131485991967
51.85929648241206	0.04552187123959852
52.26130653266332	0.0373684851462904
52.663316582914575	0.02829871740505326
53.06532663316583	0.02383328170403553
53.46733668341709	0.028990277191921255
53.869346733668344	0.03896017095742181
54.2713567839196	0.04905604355078421
54.67336683417086	0.05675580057390064
55.07537688442211	0.061572263971248056
55.47738693467337	0.06352421516650544
55.879396984924625	0.06377034931944199
56.28140703517588	0.06196453492313396
56.68341708542714	0.058786513196304055
57.085427135678394	0.054667997542552485
57.48743718592965	0.0486423323976099
57.88944723618091	0.04087348052681762
58.29145728643216	0.031739664293367546
58.69346733668342	0.024271831070222936
59.095477386934675	0.0240687559720126
59.49748743718593	0.032024466573118644
59.89949748743719	0.04257335731646568
60.301507537688444	0.05180318729097204
60.7035175879397	0.057400228374749986
61.10552763819096	0.05865695029837088
61.50753768844221	0.05553328974237019
61.90954773869347	0.050044479027576604
62.311557788944725	0.04447375440240727
62.71356783919598	0.04105918489831603
63.11557788944724	0.039775345376408325
63.517587939698494	0.038005506755515735
63.91959798994975	0.032924571992973016
64.32160804020101	0.02436970118501903
64.72361809045226	0.013671108826834807
65.12562814070353	0.01150266140470625
65.52763819095478	0.023144913564873283
65.92964824120604	0.03547895448821732
66.33165829145729	0.04495295168446015
66.73366834170855	0.04996348883246597
67.1356783919598	0.05085240301141834
67.53768844221106	0.0488085985237708
67.93969849246231	0.045893453734179475
68.34170854271358	0.044046333556403125
68.74371859296483	0.04384781909729991
69.14572864321609	0.043827530911496
69.54773869346734	0.04193486122831872
69.9497487437186	0.03662484524636275
70.35175879396985	0.027560237313284018
70.75376884422111	0.015129378135469228
71.15577889447236	0.0018557532143246417
71.55778894472363	0.013684459711792168
71.95979899497488	0.026529482149367796
72.36180904522614	0.03661673963922756
72.76381909547739	0.04367685078188342
73.16582914572865	0.047669838982654686
73.5678391959799	0.05014339227273845
73.96984924623116	0.052170048544046374
74.37185929648241	0.054109236907968074
74.77386934673368	0.05512572854105485
75.17587939698493	0.053824694970619556
75.57788944723619	0.04968103516144011
75.97989949748744	0.04159284636837095
76.3819095477387	0.030128331360117017
76.78391959798995	0.016572611289172014
77.18592964824121	0.006592201603804292
77.58793969849246	0.016880756887029818
77.98994974874373	0.029890223831099592
78.39195979899498	0.040611812473308265
78.79396984924624	0.04797136994043268
79.19597989949749	0.05242495161660626
79.59798994974875	0.05480333720472097
80.0	0.05628868399977406
