0.0	0.008902811497524421
0.4020100502512563	0.0062663530605028845
0.8040201005025126	0.0033015297946917717
1.206030150753769	0.003856476094209283
1.6080402010050252	0.006794376794387857
2.0100502512562817	0.009085788955705002
2.412060301507538	0.009957375694372137
2.814070351758794	0.009157496575182975
3.2160804020100504	0.006854170263599628
3.6180904522613067	0.003726405305501125
4.020100502512563	0.0022196636675134466
4.42211055276382	0.004715225381054819
4.824120603015076	0.0070248221584283165
5.226130653266332	0.007957373868566948
5.628140703517588	0.00743646223261836
6.030150753768845	0.005520613864752872
6.432160804020101	0.003997988219820493
6.834170854271357	0.005509308207322693
7.236180904522613	0.008619278490835863
7.63819095477387	0.011323336802091941
8.040201005025127	0.01292298061080766
8.442211055276383	0.012766770128884396
8.84422110552764	0.011123247678620846
9.246231155778895	0.008187509018659852
9.648241206030152	0.004437370183867159
10.050251256281408	0.0019361084463672812
10.452261306532664	0.004060695247237048
10.85427135678392	0.006312238586285537
11.256281407035177	0.007539456305255781
11.658291457286433	0.007907198090948074
12.06030150753769	0.008697745834107252
12.462311557788945	0.010597697095104852
12.864321608040202	0.013575156387166682
13.266331658291458	0.01663791211491342
13.668341708542714	0.018594191005511056
14.07035175879397	0.018751868074207874
14.472361809045227	0.01724612202296917
14.874371859296483	0.015033202895437154
15.27638190954774	0.013757793853670194
15.678391959798995	0.014826929205444806
16.080402010050253	0.017177146584885318
16.48241206030151	0.019184963512127808
16.884422110552766	0.01956061316915885
17.286432160804022	0.01812039594613949
17.68844221105528	0.01576670646259842
18.090452261306535	0.014752103011105086
18.49246231155779	0.016839410108019256
18.894472361809047	0.020784249258948725
19.296482412060303	0.024360813018182596
19.69849246231156	0.02618886126616112
20.100502512562816	0.025557401293176258
20.502512562814072	0.023401025543173342
20.90452261306533	0.021562818273468183
21.306532663316585	0.022158701347505718
21.70854271356784	0.024829493282961492
22.110552763819097	0.028152014679972654
22.512562814070353	0.029934295565138012
22.91457286432161	0.029653235241510905
23.316582914572866	0.027363471498823566
23.718592964824122	0.02485590403699255
24.12060301507538	0.023933257024858164
24.522613065326635	0.025660195833078797
24.92462311557789	0.028687549525818583
25.326633165829147	0.031164384231055848
25.728643216080403	0.03200276375942103
26.13065326633166	0.03135655478794251
26.532663316582916	0.03006376657057854
26.934673366834172	0.029039658917954105
27.33668341708543	0.0287725933646159
27.738693467336685	0.029069401459333594
28.14070351758794	0.028761977915253183
28.542713567839197	0.027481877716937823
28.944723618090453	0.025741210623355992
29.34673366834171	0.02440631580131423
29.748743718592966	0.024803104701023822
30.150753768844222	0.027601563415427067
30.55276381909548	0.031502053534736216
30.954773869346734	0.03530103697297797
31.35678391959799	0.0381365562517383
31.758793969849247	0.0396279914432109
32.16080402010051	0.04012510143318969
32.56281407035176	0.040274222068395524
32.96482412060302	0.0405960005493954
33.366834170854275	0.0410513410202155
33.76884422110553	0.0410446543905888
34.17085427135679	0.04075019300780705
34.572864321608044	0.03996618982565677
34.9748743718593	0.03919585731655706
35.37688442211056	0.03948678704013513
35.77889447236181	0.041433182106460735
36.18090452261307	0.044546737151649994
36.582914572864325	0.04878408420199997
36.98492462311558	0.05298950561219133
37.38693467336684	0.05695075783173407
37.788944723618094	0.060151081430388186
38.19095477386935	0.06232135971266915
38.59296482412061	0.06380104236015793
38.99497487437186	0.06444934572004016
39.39698492462312	0.0643155042236146
39.798994974874375	0.06341048139873391
40.20100502512563	0.06134767854786103
40.60301507537689	0.05835168352672478
41.005025125628144	0.05410966258512517
41.4070351758794	0.04944459454043209
41.80904522613066	0.04516144670485956
42.21105527638191	0.0425064138202907
42.61306532663317	0.042664216032761534
43.015075376884425	0.045292132363939974
43.41708542713568	0.05011057268214987
43.81909547738694	0.05652350732228499
44.221105527638194	0.06310229984833278
44.62311557788945	0.06894079949205308
45.02512562814071	0.07242935203250782
45.42713567839196	0.07284869736008157
45.82914572864322	0.0700379324017246
46.231155778894475	0.064325265236035
46.63316582914573	0.05659218281288451
47.03517587939699	0.04844689419099167
47.437185929648244	0.04095384361470664
47.8391959798995	0.03525801933095282
48.24120603015076	0.03231885274698934
48.64321608040201	0.03276953480914673
49.04522613065327	0.03667483889813443
49.447236180904525	0.04234325679665748
49.84924623115578	0.048936686923770366
50.25125628140704	0.055111825344236545
50.653266331658294	0.05967317069257237
51.05527638190955	0.06240144309454323
51.45728643216081	0.06279281178192501
51.85929648241206	0.06163867278353339
52.26130653266332	0.05898216191046359
52.663316582914575	0.05509199082934927
53.06532663316583	0.05044495867216432
53.46733668341709	0.04501147940151654
53.869346733668344	0.03964728632367685
54.2713567839196	0.03542120256642899
54.67336683417086	0.03354351459418401
55.07537688442211	0.03465166106840029
55.47738693467337	0.038015525908490985
55.879396984924625	0.04308598019795158
56.28140703517588	0.04841382474186748
56.68341708542714	0.053749198954383445
57.085427135678394	0.05853257520648423
57.48743718592965	0.06257152531986179
57.88944723618091	0.06519549419812495
58.29145728643216	0.06576148244349375
58.69346733668342	0.06367196783145475
59.095477386934675	0.05873690423434802
59.49748743718593	0.05178913990760962
59.89949748743719	0.043646283861898935
60.301507537688444	0.03652803222078426
60.7035175879397	0.03207640454316102
61.10552763819096	0.03175111057300685
61.50753768844221	0.03554199189533923
61.90954773869347	0.04165360936122016
62.311557788944725	0.04892013860314264
62.71356783919598	0.056358495863059646
63.11557788944724	0.06305281000883316
63.517587939698494	0.06751106619080288
63.91959798994975	0.06919457878926513
64.32160804020101	0.06740459299729473
64.72361809045226	0.06258922331272056
65.12562814070353	0.055511959384849964
65.52763819095478	0.047529125858837416
65.92964824120604	0.040070522891991714
66.33165829145729	0.034357549070292565
66.73366834170855	0.031723636735853766
67.1356783919598	0.03306063999102933
67.53768844221106	0.0383756132769395
67.93969849246231	0.04626216273023698
68.34170854271358	0.05452652447123345
68.74371859296483	0.06144357443245076
69.14572864321609	0.06596882997323754
69.54773869346734	0.0676394934357934
69.9497487437186	0.0663947300468417
70.35175879396985	0.06296281567571264
70.75376884422111	0.05819525716829314
71.15577889447236	0.05328328544714175
71.55778894472363	0.04883165989497244
71.95979899497488	0.044780748001980376
72.36180904522614	0.04166988504841812
72.76381909547739	0.04035520629909915
73.16582914572865	0.04142302058106541
73.5678391959799	0.045082050098749306
73.96984924623116	0.05049444717618581
74.37185929648241	0.05568564480801054
74.77386934673368	0.05959431019909406
75.17587939698493	0.06116087456622922
75.57788944723619	0.06025280566498524
75.97989949748744	0.057651213672018455
76.3819095477387	0.0546088166743924
76.78391959798995	0.052159851174282214
77.18592964824121	0.050588225526764244
77.58793969849246	0.04994357726951994
77.98994974874373	0.04940181858102895
78.39195979899498	0.04874295389420681
78.79396984924624	0.04854025656194953
79.19597989949749	0.048872661277645606
79.59798994974875	0.05025369566005161
80.0	0.05196399103907116
