0.0	0.006907009782991441
0.4020100502512563	0.008368853811615527
0.8040201005025126	0.008719895208579947
1.206030150753769	0.007522071427059943
1.6080402010050252	0.005213445499423109
2.0100502512562817	0.0026196293959651505
2.412060301507538	0.0013127799375123423
2.814070351758794	0.00332310526759678
3.2160804020100504	0.004547909126432691
3.6180904522613067	0.0045830041276663505
4.020100502512563	0.0031225849023578923
4.42211055276382	0.0013955110971766063
4.824120603015076	0.0034241119764212785
5.226130653266332	0.0067828037153336625
5.628140703517588	0.009938500856518418
6.030150753768845	0.012093516559952996
6.432160804020101	0.013144414832097837
6.834170854271357	0.012547998482472247
7.236180904522613	0.010950991741682972
7.63819095477387	0.008532926220973222
8.040201005025127	0.005686911765260844
8.442211055276383	0.0034366073544561176
8.84422110552764	0.001866539229798537
9.246231155778895	0.0013257466479104619
9.648241206030152	0.0023452872015822038
10.050251256281408	0.004735106231239725
10.452261306532664	0.00834600240961007
10.85427135678392	0.01239479717594575
11.256281407035177	0.016328936782225464
11.658291457286433	0.019311286065803922
12.06030150753769	0.021404197636460835
12.462311557788945	0.021935172079638552
12.864321608040202	0.02103303105743925
13.266331658291458	0.019185945289838476
13.668341708542714	0.016557574080079913
14.07035175879397	0.01385557739359329
14.472361809045227	0.011731294443035823
14.874371859296483	0.010546520112202409
15.27638190954774	0.010480942792989901
15.678391959798995	0.011909198395567987
16.080402010050253	0.014654156666561533
16.48241206030151	0.018572743862997575
16.884422110552766	0.022854756096206224
17.286432160804022	0.02696913624106497
17.68844221105528	0.03069247812914948
18.090452261306535	0.03328520889426196
18.49246231155779	0.03483251093050169
18.894472361809047	0.035356849550631356
19.296482412060303	0.03519009473946145
19.69849246231156	0.034453886263459056
20.100502512562816	0.033722335787105956
20.502512562814072	0.033616773698991256
20.90452261306533	0.03374519884166251
21.306532663316585	0.03485153811975078
21.70854271356784	0.03677233020936948
22.110552763819097	0.03963028944165888
22.512562814070353	0.043005760341448485
22.91457286432161	0.046356051414285455
23.316582914572866	0.04967311903495785
23.718592964824122	0.052054821227348426
24.12060301507538	0.05322599910747701
24.522613065326635	0.05334238664532257
24.92462311557789	0.05268658608881967
25.326633165829147	0.051649405325277044
25.728643216080403	0.05065368819441157
26.13065326633166	0.05034933723398496
26.532663316582916	0.050801201065901705
26.934673366834172	0.05238256346918411
27.33668341708543	0.05510565948274134
27.738693467336685	0.05906781957523264
28.14070351758794	0.0638305532092619
28.542713567839197	0.0682718053055232
28.944723618090453	0.07186505490993302
29.34673366834171	0.07413920320171306
29.748743718592966	0.07435980151590284
30.150753768844222	0.07313911172106749
30.55276381909548	0.07035577052923031
30.954773869346734	0.06666314265632481
31.35678391959799	0.06291307238055244
31.758793969849247	0.05922301525776874
32.16080402010051	0.056586783727441324
32.56281407035176	0.05565576638439346
32.96482412060302	0.056498778557803477
33.366834170854275	0.058902926541047264
33.76884422110553	0.061988995001067915
34.17085427135679	0.06490701200955519
34.572864321608044	0.06679639159731034
34.9748743718593	0.06708589294597456
35.37688442211056	0.06580383919900726
35.77889447236181	0.06284667677242263
36.18090452261307	0.05882428886850548
36.582914572864325	0.054011885052158
36.98492462311558	0.04919643622764265
37.38693467336684	0.0451580397047612
37.788944723618094	0.04207187532263594
38.19095477386935	0.04082139443760719
38.59296482412061	0.04080801748363301
38.99497487437186	0.04198499255548351
39.39698492462312	0.04377729587190094
39.798994974874375	0.04609165299045846
40.20100502512563	0.047795526894404555
40.60301507537689	0.04887909009729156
41.005025125628144	0.04911171228922008
41.4070351758794	0.048297824873348466
41.80904522613066	0.046658523897959756
42.21105527638191	0.04428519400896262
42.61306532663317	0.041399203388320746
43.015075376884425	0.03857709232434719
43.41708542713568	0.03607388557643486
43.81909547738694	0.03420692707286033
44.221105527638194	0.03323567109851534
44.62311557788945	0.03344157907761913
45.02512562814071	0.034417101411517395
45.42713567839196	0.03616560088585069
45.82914572864322	0.03815006473160123
46.231155778894475	0.0399675149389509
46.63316582914573	0.04155789650820629
47.03517587939699	0.042468691556471976
47.437185929648244	0.042742974052097364
47.8391959798995	0.04206345212276642
48.24120603015076	0.04085804983544493
48.64321608040201	0.0387424889036411
49.04522613065327	0.036676044837593284
49.447236180904525	0.034457754831442665
49.84924623115578	0.03293148856966495
50.25125628140704	0.032242666689594066
50.653266331658294	0.03237146356096882
51.05527638190955	0.03371211071184917
51.45728643216081	0.03616880912359905
51.85929648241206	0.03946801063366777
52.26130653266332	0.042951598434526
52.663316582914575	0.04646283125546303
53.06532663316583	0.0491601260426769
53.46733668341709	0.050689212124752116
53.869346733668344	0.05063184981429501
54.2713567839196	0.04904517051284706
54.67336683417086	0.046793579794201
55.07537688442211	0.04398105213965379
55.47738693467337	0.04183924254176639
55.879396984924625	0.04077381985603447
56.28140703517588	0.04107799472619798
56.68341708542714	0.043150634971830075
57.085427135678394	0.04669236589086682
57.48743718592965	0.051738343898270464
57.88944723618091	0.05737430605761111
58.29145728643216	0.06274704994462509
58.69346733668342	0.0670516332716248
59.095477386934675	0.06970273064963994
59.49748743718593	0.07011246420968784
59.89949748743719	0.06860918055115187
60.301507537688444	0.06518215487520944
60.7035175879397	0.06045569241851878
61.10552763819096	0.05548551992986087
61.50753768844221	0.051229603212036415
61.90954773869347	0.04849542745258886
62.311557788944725	0.04781671453812384
62.71356783919598	0.049236308849932284
63.11557788944724	0.05268296492180215
63.517587939698494	0.05749750712733089
63.91959798994975	0.0627638165552664
64.32160804020101	0.06738223463463991
64.72361809045226	0.07054405807548433
65.12562814070353	0.07153732511235572
65.52763819095478	0.07008800334282488
65.92964824120604	0.06651699708186302
66.33165829145729	0.06120736001487277
66.73366834170855	0.055320849903800554
67.1356783919598	0.04955327863945742
67.53768844221106	0.04510674475119496
67.93969849246231	0.042434140765695044
68.34170854271358	0.04170207398512749
68.74371859296483	0.04295041119730617
69.14572864321609	0.04581343692281529
69.54773869346734	0.049649778324214064
69.9497487437186	0.05393765903862929
70.35175879396985	0.05779010846663764
70.75376884422111	0.060081835068178394
71.15577889447236	0.06034595797775031
71.55778894472363	0.05885881253120394
71.95979899497488	0.055373613183286666
72.36180904522614	0.05078770640151344
72.76381909547739	0.04586572649050916
73.16582914572865	0.041802040889594376
73.5678391959799	0.039105742030346474
73.96984924623116	0.03848562204404946
74.37185929648241	0.03978683054772047
74.77386934673368	0.04250034779200927
75.17587939698493	0.04656823470511069
75.57788944723619	0.050847980670737467
75.97989949748744	0.05480170409196923
76.3819095477387	0.05760060313673483
76.78391959798995	0.05879545790498521
77.18592964824121	0.05833316548561791
77.58793969849246	0.056377834673056126
77.98994974874373	0.053562579555694045
78.39195979899498	0.04996309282672319
78.79396984924624	0.046828638524761546
79.19597989949749	0.04470940006477092
79.59798994974875	0.04394148103132431
80.0	0.04434143900228065
