0.0	0.01338252394217572
0.4020100502512563	0.013694523451330575
0.8040201005025126	0.011902032394533212
1.206030150753769	0.00817249728546962
1.6080402010050252	0.0038219907705688526
2.0100502512562817	0.003097973279033361
2.412060301507538	0.006733779164875364
2.814070351758794	0.008979844110557671
3.2160804020100504	0.009237793476381248
3.6180904522613067	0.007279188660823189
4.020100502512563	0.0031542046014077763
4.42211055276382	0.0023588617287739417
4.824120603015076	0.007968245081688271
5.226130653266332	0.013099845548056285
5.628140703517588	0.016724727785169424
6.030150753768845	0.01818322320551041
6.432160804020101	0.01743103586966225
6.834170854271357	0.014645543642827918
7.236180904522613	0.010685283461579227
7.63819095477387	0.006812418982510085
8.040201005025127	0.004970910772699712
8.442211055276383	0.005658479204228743
8.84422110552764	0.006025620607620049
9.246231155778895	0.005070976619762553
9.648241206030152	0.004424610345709
10.050251256281408	0.007615291152736648
10.452261306532664	0.013191942302218613
10.85427135678392	0.018567501358501826
11.256281407035177	0.02278784251360497
11.658291457286433	0.025055692310659478
12.06030150753769	0.024950282389625857
12.462311557788945	0.022625326170409975
12.864321608040202	0.018482850595685763
13.266331658291458	0.01357906155183641
13.668341708542714	0.009299751427335277
14.07035175879397	0.007522990388976367
14.472361809045227	0.008015224983739192
14.874371859296483	0.00829546587827348
15.27638190954774	0.007326711871609441
15.678391959798995	0.005768393527938123
16.080402010050253	0.006656897523728762
16.48241206030151	0.01055008626260066
16.884422110552766	0.014630799506988973
17.286432160804022	0.01768468054187976
17.68844221105528	0.01895626795697676
18.090452261306535	0.017855044198660082
18.49246231155779	0.015109317438571471
18.894472361809047	0.011495925173706501
19.296482412060303	0.008911058797129692
19.69849246231156	0.008810699922479709
20.100502512562816	0.009708037819970105
20.502512562814072	0.00992479799248106
20.90452261306533	0.008631986149369095
21.306532663316585	0.008647159945540888
21.70854271356784	0.012415761802170846
22.110552763819097	0.017984458495468515
22.512562814070353	0.022492070653792686
22.91457286432161	0.024662324210561415
23.316582914572866	0.023979318049620644
23.718592964824122	0.020098968176431007
24.12060301507538	0.01402272001071605
24.522613065326635	0.008291441013641345
24.92462311557789	0.007839888432106722
25.326633165829147	0.011439698728464917
25.728643216080403	0.01403857732431692
26.13065326633166	0.014002344236223948
26.532663316582916	0.011826725161656535
26.934673366834172	0.010029454829576793
27.33668341708543	0.0119190260707958
27.738693467336685	0.017326567582455977
28.14070351758794	0.02302919856333171
28.542713567839197	0.027522529169365324
28.944723618090453	0.030020297042021044
29.34673366834171	0.029649123305974783
29.748743718592966	0.026947954652546003
30.150753768844222	0.022562049733970416
30.55276381909548	0.017880347905150196
30.954773869346734	0.014911168654830873
31.35678391959799	0.014699117853369626
31.758793969849247	0.015707847367170832
32.16080402010051	0.016239465327438418
32.56281407035176	0.016542650524689853
32.96482412060302	0.018687041620415762
33.366834170854275	0.023916193095733163
33.76884422110553	0.030586028641914127
34.17085427135679	0.036483339065522175
34.572864321608044	0.03999941481766182
34.9748743718593	0.03967382645595518
35.37688442211056	0.03563723067033886
35.77889447236181	0.029202421293547914
36.18090452261307	0.022328098231370774
36.582914572864325	0.01884562071793254
36.98492462311558	0.020011825404348718
37.38693467336684	0.022827820406010006
37.788944723618094	0.024364793303842055
38.19095477386935	0.023976350045426417
38.59296482412061	0.02350388711459125
38.99497487437186	0.025870792336326158
39.39698492462312	0.0313985024000122
39.798994974874375	0.0382756289097648
40.20100502512563	0.04371437578436792
40.60301507537689	0.046036607821311394
41.005025125628144	0.04465011542321383
41.4070351758794	0.040475759268312886
41.80904522613066	0.035224400171821234
42.21105527638191	0.03140824822550709
42.61306532663317	0.030391636797531697
43.015075376884425	0.031341497089939864
43.41708542713568	0.03150922089813336
43.81909547738694	0.03013788582248216
44.221105527638194	0.028312919911574853
44.62311557788945	0.028408786002832188
45.02512562814071	0.03214971546410325
45.42713567839196	0.03803924768108104
45.82914572864322	0.04358832248666503
46.231155778894475	0.04714407204172309
46.63316582914573	0.04837134941278651
47.03517587939699	0.04758378300073394
47.437185929648244	0.04605875760992624
47.8391959798995	0.04492785352277643
48.24120603015076	0.044806623752244985
48.64321608040201	0.04487509383882569
49.04522613065327	0.04435465856622342
49.447236180904525	0.043056255824121877
49.84924623115578	0.04193646459121462
50.25125628140704	0.042326402712239516
50.653266331658294	0.04534679754891999
51.05527638190955	0.05062727784257429
51.45728643216081	0.056992849232882524
51.85929648241206	0.06310242759386842
52.26130653266332	0.06779100880789754
52.663316582914575	0.07063248002332836
53.06532663316583	0.0713356750212529
53.46733668341709	0.06995600187851103
53.869346733668344	0.06675157851662603
54.2713567839196	0.062409589487252004
54.67336683417086	0.057544547654298485
55.07537688442211	0.05276061234507218
55.47738693467337	0.04883435753819756
55.879396984924625	0.04603846300487966
56.28140703517588	0.045141202121450064
56.68341708542714	0.046652052462631266
57.085427135678394	0.050636120613775246
57.48743718592965	0.05669525069660821
57.88944723618091	0.06309114424068915
58.29145728643216	0.06889219757311049
58.69346733668342	0.07257041066540433
59.095477386934675	0.07306445659711058
59.49748743718593	0.07048713967383209
59.89949748743719	0.06514181817304206
60.301507537688444	0.05818644133636615
60.7035175879397	0.051123714092193115
61.10552763819096	0.04559224921072898
61.50753768844221	0.04225479040360198
61.90954773869347	0.04080005277953743
62.311557788944725	0.041329435895203256
62.71356783919598	0.043689505068233415
63.11557788944724	0.048272542778870726
63.517587939698494	0.05417861347593278
63.91959798994975	0.05995910867954294
64.32160804020101	0.06401398059897491
64.72361809045226	0.06505752107372656
65.12562814070353	0.06287524359513832
65.52763819095478	0.05799878909865007
65.92964824120604	0.05210602114897711
66.33165829145729	0.04696619513667945
66.73366834170855	0.04443211779282556
67.1356783919598	0.04455070385234754
67.53768844221106	0.04608483953306021
67.93969849246231	0.04780789060633182
68.34170854271358	0.04949827481546393
68.74371859296483	0.05157538345324836
69.14572864321609	0.0543483847135031
69.54773869346734	0.05746228523375792
69.9497487437186	0.059968383097948705
70.35175879396985	0.0606780414852387
70.75376884422111	0.05905211589832469
71.15577889447236	0.05551446899981567
71.55778894472363	0.05088432751231333
71.95979899497488	0.04729873902709833
72.36180904522614	0.04668058932140213
72.76381909547739	0.04897963407828572
73.16582914572865	0.05252366077252353
73.5678391959799	0.055678443620565274
73.96984924623116	0.057081135423170414
74.37185929648241	0.056774819453323334
74.77386934673368	0.0556132507125313
75.17587939698493	0.05462214968937329
75.57788944723619	0.054014156245940484
75.97989949748744	0.05354898938121942
76.3819095477387	0.05275290235288478
76.78391959798995	0.051179904523284005
77.18592964824121	0.04944657410386154
77.58793969849246	0.04844710772095887
77.98994974874373	0.049294488500381706
78.39195979899498	0.05218904969320365
78.79396984924624	0.05550931327538474
79.19597989949749	0.058121115036832635
79.59798994974875	0.05884119165866697
80.0	0.05772172616273493
