0.0	0.015042810456746963
0.4020100502512563	0.014082246710499114
0.8040201005025126	0.01096230227955901
1.206030150753769	0.006308248717861072
1.6080402010050252	0.0018921083687302343
2.0100502512562817	0.0049087059984323335
2.412060301507538	0.008350961905729861
2.814070351758794	0.009924934117821898
3.2160804020100504	0.009055284446098323
3.6180904522613067	0.006019537601407899
4.020100502512563	0.0011590848469764203
4.42211055276382	0.004533649226020579
4.824120603015076	0.00999867637349723
5.226130653266332	0.014352836689973891
5.628140703517588	0.01663298191800578
6.030150753768845	0.016499479313011538
6.432160804020101	0.014260539850431311
6.834170854271357	0.010248586713749423
7.236180904522613	0.005673922166710659
7.63819095477387	0.003540432987560526
8.040201005025127	0.005753658817318293
8.442211055276383	0.007392824225457213
8.84422110552764	0.007207499673620858
9.246231155778895	0.004827402760020522
9.648241206030152	0.0019345422344612736
10.050251256281408	0.005241552584535341
10.452261306532664	0.01001093122094752
10.85427135678392	0.014056642430693479
11.256281407035177	0.016318140274131927
11.658291457286433	0.016450595104744403
12.06030150753769	0.014283526885334736
12.462311557788945	0.010734046440151267
12.864321608040202	0.006723019046724512
13.266331658291458	0.004881281088265285
13.668341708542714	0.006414590556248147
14.07035175879397	0.00789056577706521
14.472361809045227	0.007209254549963279
14.874371859296483	0.0043350025876950395
15.27638190954774	0.001593727235530394
15.678391959798995	0.0061746241020651455
16.080402010050253	0.011259941002732832
16.48241206030151	0.01530193027061089
16.884422110552766	0.017589244498397386
17.286432160804022	0.017812201000705692
17.68844221105528	0.01612350781717991
18.090452261306535	0.012518517749378993
18.49246231155779	0.008084024363175029
18.894472361809047	0.004298337735879405
19.296482412060303	0.004055818012040447
19.69849246231156	0.006261387144583351
20.100502512562816	0.0074154635495665725
20.502512562814072	0.0061594801246551345
20.90452261306533	0.003416421720733752
21.306532663316585	0.0020376757449014978
21.70854271356784	0.006357580298335707
22.110552763819097	0.010817121428754892
22.512562814070353	0.014036081844707917
22.91457286432161	0.015289034269657695
23.316582914572866	0.014454192908160338
23.718592964824122	0.011505411637120284
24.12060301507538	0.0072068902317932605
24.522613065326635	0.002684624006728395
24.92462311557789	0.002228385255026188
25.326633165829147	0.0050738112880115
25.728643216080403	0.0060691152834439245
26.13065326633166	0.005170934403392223
26.532663316582916	0.0034052944888507937
26.934673366834172	0.0049332212225605245
27.33668341708543	0.008927885876252546
27.738693467336685	0.012907495804874705
28.14070351758794	0.01549576880875356
28.542713567839197	0.016381394880014534
28.944723618090453	0.015197266117850928
29.34673366834171	0.012070740025715971
29.748743718592966	0.0076807471548633165
30.150753768844222	0.003201740181400319
30.55276381909548	0.0026934325121811043
30.954773869346734	0.0057281501918214055
31.35678391959799	0.0076452929727607154
31.758793969849247	0.007810018552596422
32.16080402010051	0.006811758481088158
32.56281407035176	0.0062616112845369125
32.96482412060302	0.008004213710776881
33.366834170854275	0.01084938858773093
33.76884422110553	0.013287247076359343
34.17085427135679	0.014517260706237146
34.572864321608044	0.014163184199691897
34.9748743718593	0.01234945060596358
35.37688442211056	0.009719251980115366
35.77889447236181	0.006901808854948252
36.18090452261307	0.004658769103807447
36.582914572864325	0.003992268543326216
36.98492462311558	0.004541145839558947
37.38693467336684	0.005605800982818647
37.788944723618094	0.006817101018546346
38.19095477386935	0.008237863455271565
38.59296482412061	0.01041054499558884
38.99497487437186	0.012713317011927534
39.39698492462312	0.014714055002147421
39.798994974874375	0.015959804487541234
40.20100502512563	0.01599767072370973
40.60301507537689	0.0149588574668514
41.005025125628144	0.012927259711419883
41.4070351758794	0.010353587647908499
41.80904522613066	0.008168688972123018
42.21105527638191	0.00745727186151378
42.61306532663317	0.008087513685935422
43.015075376884425	0.009172317761544039
43.41708542713568	0.009876795769967557
43.81909547738694	0.010610138792353658
44.221105527638194	0.011370515629762823
44.62311557788945	0.01242167675627579
45.02512562814071	0.013412486797360974
45.42713567839196	0.01441768453671578
45.82914572864322	0.014550418639736443
46.231155778894475	0.014232706547635804
46.63316582914573	0.013122834585963286
47.03517587939699	0.01194089673230286
47.437185929648244	0.011203498222529354
47.8391959798995	0.010708017044661889
48.24120603015076	0.010598235432896636
48.64321608040201	0.011157580916355849
49.04522613065327	0.011872574117016367
49.447236180904525	0.012731971611627268
49.84924623115578	0.013613608751024627
50.25125628140704	0.014514539817596086
50.653266331658294	0.015440810309440478
51.05527638190955	0.0162040617756748
51.45728643216081	0.016778981352342532
51.85929648241206	0.017144039943741043
52.26130653266332	0.017047857241227607
52.663316582914575	0.016635044036108205
53.06532663316583	0.015785807725979737
53.46733668341709	0.014759830744237182
53.869346733668344	0.013933083961704423
54.2713567839196	0.013606590979781032
54.67336683417086	0.01380643102914816
55.07537688442211	0.014338656121115784
55.47738693467337	0.014927740955288926
55.879396984924625	0.015452414068477846
56.28140703517588	0.016209218001257582
56.68341708542714	0.017624804176119085
57.085427135678394	0.019258025044860003
57.48743718592965	0.020818156014701692
57.88944723618091	0.021900557649482573
58.29145728643216	0.021817585161679903
58.69346733668342	0.02078109221016384
59.095477386934675	0.019492986708259365
59.49748743718593	0.018160375524062078
59.89949748743719	0.017528235129591323
60.301507537688444	0.01752421968556295
60.7035175879397	0.017893031593976642
61.10552763819096	0.01833459311819488
61.50753768844221	0.018964214196032978
61.90954773869347	0.019854748411557165
62.311557788944725	0.021250574188239186
62.71356783919598	0.02286943304811802
63.11557788944724	0.02435663194693906
63.517587939698494	0.025492593262685482
63.91959798994975	0.025832005015849435
64.32160804020101	0.02505927465668707
64.72361809045226	0.023877718428566962
65.12562814070353	0.02289823043451402
65.52763819095478	0.022043934254355725
65.92964824120604	0.021703337767294162
66.33165829145729	0.021381694502515945
66.73366834170855	0.021322965608269268
67.1356783919598	0.021782506209775065
67.53768844221106	0.02291119582101048
67.93969849246231	0.0246518936351155
68.34170854271358	0.027054664407494496
68.74371859296483	0.029537021540614727
69.14572864321609	0.03164027109253645
69.54773869346734	0.03281113157781154
69.9497487437186	0.03316771946501121
70.35175879396985	0.033061046911798286
70.75376884422111	0.03236122982748373
71.15577889447236	0.03167688812008855
71.55778894472363	0.030926527646140334
71.95979899497488	0.030083515067611616
72.36180904522614	0.029413893216129715
72.76381909547739	0.028935400638133407
73.16582914572865	0.029049446903898973
73.5678391959799	0.03011842706579947
73.96984924623116	0.03207883713925321
74.37185929648241	0.03448220379070331
74.77386934673368	0.03699215742581955
75.17587939698493	0.0390326034231457
75.57788944723619	0.04042113465076767
75.97989949748744	0.04116935408842772
76.3819095477387	0.04141172118402887
76.78391959798995	0.041218812131496176
77.18592964824121	0.040520608489843644
77.58793969849246	0.03994314121644636
77.98994974874373	0.03939684518887962
78.39195979899498	0.039640781336728825
78.79396984924624	0.04044551559801235
79.19597989949749	0.042622430704011026
79.59798994974875	0.045442488129299845
80.0	0.049117556693544874
