0.0	0.02502815173089068
0.4020100502512563	0.024368337490602746
0.8040201005025126	0.019876771863291877
1.206030150753769	0.012287740712108074
1.6080402010050252	0.004008053587606003
2.0100502512562817	0.007807343693932283
2.412060301507538	0.014963834189316377
2.814070351758794	0.019192891307837433
3.2160804020100504	0.019250572710689064
3.6180904522613067	0.015178719005779693
4.020100502512563	0.00803864213456856
4.42211055276382	0.0035633213639065693
4.824120603015076	0.012463152579282353
5.226130653266332	0.020913209591396087
5.628140703517588	0.026524819128153732
6.030150753768845	0.02837272033011287
6.432160804020101	0.026384326764031484
6.834170854271357	0.02075838087398703
7.236180904522613	0.013245052320241934
7.63819095477387	0.006798667722468084
8.040201005025127	0.007865360605924566
8.442211055276383	0.011662274461664028
8.84422110552764	0.012541115558533275
9.246231155778895	0.009502530125382677
9.648241206030152	0.002612958937399442
10.050251256281408	0.006940499894343598
10.452261306532664	0.017774665625846033
10.85427135678392	0.02821869958950788
11.256281407035177	0.036632288708369785
11.658291457286433	0.04175963567580475
12.06030150753769	0.04312235943512533
12.462311557788945	0.04067511880988315
12.864321608040202	0.03487245615899019
13.266331658291458	0.02697826968149286
13.668341708542714	0.018704806378876813
14.07035175879397	0.011501694107253404
14.472361809045227	0.006769838730254381
14.874371859296483	0.004310305685691768
15.27638190954774	0.004881806283774029
15.678391959798995	0.010089766400555346
16.080402010050253	0.018858089116525523
16.48241206030151	0.029871865048358308
16.884422110552766	0.04142476359392486
17.286432160804022	0.05199361411816923
17.68844221105528	0.06005282932330561
18.090452261306535	0.06470365637211592
18.49246231155779	0.06530278564449223
18.894472361809047	0.06185375885894558
19.296482412060303	0.05558415675613441
19.69849246231156	0.04757103081410223
20.100502512562816	0.04023350019599144
20.502512562814072	0.03470736254134334
20.90452261306533	0.03266444705052369
21.306532663316585	0.034658898420002957
21.70854271356784	0.040891511573068084
22.110552763819097	0.050584779207582906
22.512562814070353	0.06239562229986476
22.91457286432161	0.07411516392692823
23.316582914572866	0.08388632206056176
23.718592964824122	0.08968199648841073
24.12060301507538	0.09017230844094501
24.522613065326635	0.08515740628682181
24.92462311557789	0.07521345086024066
25.326633165829147	0.06207867777477105
25.728643216080403	0.04808631329824441
26.13065326633166	0.03591795770688868
26.532663316582916	0.02834541239352804
26.934673366834172	0.026872973971262936
27.33668341708543	0.03133311548941246
27.738693467336685	0.04155198911782264
28.14070351758794	0.05529688416924511
28.542713567839197	0.0698490822029106
28.944723618090453	0.08207081333561977
29.34673366834171	0.08951982882159434
29.748743718592966	0.09074667032458507
30.150753768844222	0.0853544325758329
30.55276381909548	0.07435868182988534
30.954773869346734	0.059799090229380125
31.35678391959799	0.04443116990886517
31.758793969849247	0.030525406466829323
32.16080402010051	0.020946919368451222
32.56281407035176	0.016902203454241087
32.96482412060302	0.018555776076972227
33.366834170854275	0.025429924265599268
33.76884422110553	0.03607506311936036
34.17085427135679	0.0489962986832929
34.572864321608044	0.061513529356507154
34.9748743718593	0.0712496475753531
35.37688442211056	0.07683564935410264
35.77889447236181	0.0775529469978424
36.18090452261307	0.07313395279076595
36.582914572864325	0.06458260038248445
36.98492462311558	0.05384466421812335
37.38693467336684	0.042607191145076946
37.788944723618094	0.032895037228193084
38.19095477386935	0.026629423187536205
38.59296482412061	0.02461370851041657
38.99497487437186	0.026942292517600892
39.39698492462312	0.03321357907533003
39.798994974874375	0.042110688293405966
40.20100502512563	0.051927947092228074
40.60301507537689	0.061047189900587565
41.005025125628144	0.06797004376722758
41.4070351758794	0.07192509465294022
41.80904522613066	0.07244179489025662
42.21105527638191	0.06971663326699591
42.61306532663317	0.0641730662961197
43.015075376884425	0.056477334425698376
43.41708542713568	0.04802981666430644
43.81909547738694	0.039899938321324
44.221105527638194	0.0335798016565214
44.62311557788945	0.030363850140472926
45.02512562814071	0.030474629932384846
45.42713567839196	0.03425618995183237
45.82914572864322	0.0408909879609267
46.231155778894475	0.04939305609641009
46.63316582914573	0.057981992233419
47.03517587939699	0.06540452691217767
47.437185929648244	0.07018229047496675
47.8391959798995	0.07160017622202137
48.24120603015076	0.06899102979146673
48.64321608040201	0.06267621107260116
49.04522613065327	0.0538053475921483
49.447236180904525	0.04360011821501446
49.84924623115578	0.03416467204628602
50.25125628140704	0.026881471926548318
50.653266331658294	0.023419390640943494
51.05527638190955	0.024597142486143378
51.45728643216081	0.029953953200264255
51.85929648241206	0.038594295454320346
52.26130653266332	0.04893455100471755
52.663316582914575	0.05895277570722575
53.06532663316583	0.0672588640160492
53.46733668341709	0.07228228733231477
53.869346733668344	0.07297689994764701
54.2713567839196	0.06897755153902822
54.67336683417086	0.061027679703412364
55.07537688442211	0.050552372432223366
55.47738693467337	0.03927607496285008
55.879396984924625	0.029585257573184857
56.28140703517588	0.02331908332445065
56.68341708542714	0.021875342343717262
57.085427135678394	0.025358357906533506
57.48743718592965	0.03321552481687521
57.88944723618091	0.04460559262524725
58.29145728643216	0.05685704378212767
58.69346733668342	0.06794419889616243
59.095477386934675	0.07555808963166993
59.49748743718593	0.07810554173225617
59.89949748743719	0.07503732899092377
60.301507537688444	0.06668664551403365
60.7035175879397	0.054948308707675794
61.10552763819096	0.04233950164233258
61.50753768844221	0.031560329450997064
61.90954773869347	0.024973547557922266
62.311557788944725	0.023790048203068577
62.71356783919598	0.027321879452140308
63.11557788944724	0.035423998691622695
63.517587939698494	0.04674593395564683
63.91959798994975	0.05923423463443811
64.32160804020101	0.07060989819273523
64.72361809045226	0.07868856805997311
65.12562814070353	0.08187494295715977
65.52763819095478	0.07980843304909314
65.92964824120604	0.07291675774588083
66.33165829145729	0.06277682807334894
66.73366834170855	0.05163872442389874
67.1356783919598	0.041401418302755295
67.53768844221106	0.03446416414620475
67.93969849246231	0.0322149051530125
68.34170854271358	0.03403021335548246
68.74371859296483	0.0400810240154239
69.14572864321609	0.04931564938912865
69.54773869346734	0.06000832351849904
69.9497487437186	0.07006001167742225
70.35175879396985	0.07778374963503754
70.75376884422111	0.08150802923553904
71.15577889447236	0.08096490234421125
71.55778894472363	0.0763381217210706
71.95979899497488	0.06879379068780286
72.36180904522614	0.059949057347385606
72.76381909547739	0.051087643310017826
73.16582914572865	0.044033160201644
73.5678391959799	0.039651530661883205
73.96984924623116	0.03865183615056218
74.37185929648241	0.04067960349071934
74.77386934673368	0.0456006782647808
75.17587939698493	0.05243702689729266
75.57788944723619	0.05977026689874463
75.97989949748744	0.06658240069429877
76.3819095477387	0.07141405026637428
76.78391959798995	0.07376941393720589
77.18592964824121	0.07313837092958013
77.58793969849246	0.06953772391956702
77.98994974874373	0.06373719069772148
78.39195979899498	0.05655305824656437
78.79396984924624	0.04921231560272134
79.19597989949749	0.04283179771558925
79.59798994974875	0.03856194563098906
80.0	0.03708747781503871
