0.0	0.02520927538326939
0.4020100502512563	0.023732525595178917
0.8040201005025126	0.01829571437887115
1.206030150753769	0.010027925225526433
1.6080402010050252	0.0008561917752512771
2.0100502512562817	0.009062141776709854
2.412060301507538	0.016010904395546467
2.814070351758794	0.01963678117887018
3.2160804020100504	0.018900148188093973
3.6180904522613067	0.014050568296432014
4.020100502512563	0.006121023048491663
4.42211055276382	0.003683923330534766
4.824120603015076	0.01340386152799962
5.226130653266332	0.021261096228195532
5.628140703517588	0.02566006013096911
6.030150753768845	0.02598952442972527
6.432160804020101	0.022340670033974174
6.834170854271357	0.015246911748036194
7.236180904522613	0.006115773774312268
7.63819095477387	0.003795980130165746
8.040201005025127	0.011318499052118
8.442211055276383	0.016052683007033993
8.84422110552764	0.01692883847707556
9.246231155778895	0.013732711652966006
9.648241206030152	0.007155757758138136
10.050251256281408	0.0032243183429625836
10.452261306532664	0.012173242937178618
10.85427135678392	0.02040693743867405
11.256281407035177	0.026255558355924396
11.658291457286433	0.028100193575560074
12.06030150753769	0.02593654011741791
12.462311557788945	0.020000029862063465
12.864321608040202	0.012137464328181226
13.266331658291458	0.007105190858652179
13.668341708542714	0.012145535416787853
14.07035175879397	0.01862498657143033
14.472361809045227	0.021965968556198326
14.874371859296483	0.02131332508688526
15.27638190954774	0.01717556537862435
15.678391959798995	0.012467415511387825
16.080402010050253	0.014693927794498735
16.48241206030151	0.022531755914579975
16.884422110552766	0.029920541181953662
17.286432160804022	0.03433910840075066
17.68844221105528	0.034648126381426454
18.090452261306535	0.03123194920277103
18.49246231155779	0.025633729295098377
18.894472361809047	0.022044109448943767
19.296482412060303	0.02476869545706837
19.69849246231156	0.031285739783101965
20.100502512562816	0.03776420493752754
20.502512562814072	0.041531801006208555
20.90452261306533	0.04264166480895133
21.306532663316585	0.042198391882610486
21.70854271356784	0.042705845911931814
22.110552763819097	0.04508317466756668
22.512562814070353	0.049008453199266035
22.91457286432161	0.05252608420466783
23.316582914572866	0.054021451506516674
23.718592964824122	0.053682477109855534
24.12060301507538	0.052538412560175295
24.522613065326635	0.05284570130579003
24.92462311557789	0.05611713545717021
25.326633165829147	0.061905186175013185
25.728643216080403	0.06843295554575718
26.13065326633166	0.07410087125867239
26.532663316582916	0.07775872799910609
26.934673366834172	0.07923773354116745
27.33668341708543	0.07866929901978313
27.738693467336685	0.07620452376460857
28.14070351758794	0.07251311551024668
28.542713567839197	0.06809075245243426
28.944723618090453	0.06351636715774468
29.34673366834171	0.059061663664780883
29.748743718592966	0.05511021359589151
30.150753768844222	0.05250243935152095
30.55276381909548	0.05366428716269469
30.954773869346734	0.059255812580307564
31.35678391959799	0.06774093626684738
31.758793969849247	0.07607533939753847
32.16080402010051	0.08154024110994057
32.56281407035176	0.08233285961452408
32.96482412060302	0.07848422050152055
33.366834170854275	0.07045819133330208
33.76884422110553	0.06009158572151037
34.17085427135679	0.04921169159306628
34.572864321608044	0.039608225169788916
34.9748743718593	0.03209318999586142
35.37688442211056	0.026488003310611963
35.77889447236181	0.022719164038894065
36.18090452261307	0.02327105042224548
36.582914572864325	0.029743985951098333
36.98492462311558	0.03959767466021345
37.38693467336684	0.049695429690948825
37.788944723618094	0.05747805343515092
38.19095477386935	0.06136981485894396
38.59296482412061	0.060595987570634516
38.99497487437186	0.05531970875626452
39.39698492462312	0.0466766746020204
39.798994974874375	0.03573824251665506
40.20100502512563	0.0248748829090598
40.60301507537689	0.015551127649263346
41.005025125628144	0.010317049614666039
41.4070351758794	0.011180952166087995
41.80904522613066	0.016717329338474946
42.21105527638191	0.02505651006480831
42.61306532663317	0.03553071139088637
43.015075376884425	0.04635238141058539
43.41708542713568	0.05533544202773255
43.81909547738694	0.06099761634687374
44.221105527638194	0.06223974683592972
44.62311557788945	0.0583349157546554
45.02512562814071	0.05020953787438261
45.42713567839196	0.03929189907690557
45.82914572864322	0.028392090003337443
46.231155778894475	0.02115789333788464
46.63316582914573	0.021260203780689678
47.03517587939699	0.026586484362150147
47.437185929648244	0.033578176820462116
47.8391959798995	0.04075115796208588
48.24120603015076	0.04829865741654451
48.64321608040201	0.055530418942657124
49.04522613065327	0.0613488709755341
49.447236180904525	0.06434877857263013
49.84924623115578	0.06382835736639184
50.25125628140704	0.059317616949199604
50.653266331658294	0.05148436716837198
51.05527638190955	0.0423271008330881
51.45728643216081	0.03451930961526501
51.85929648241206	0.03236924764859447
52.26130653266332	0.036657182152572056
52.663316582914575	0.04410196753019556
53.06532663316583	0.05198970868370132
53.46733668341709	0.05876236717908927
53.869346733668344	0.06397752129811508
54.2713567839196	0.06730718760144719
54.67336683417086	0.06840868686025489
55.07537688442211	0.06744561052841583
55.47738693467337	0.06482901759581523
55.879396984924625	0.0605146690527669
56.28140703517588	0.055191077759273954
56.68341708542714	0.04982827179387954
57.085427135678394	0.04610116017726536
57.48743718592965	0.045630768882579296
57.88944723618091	0.04906974394116401
58.29145728643216	0.054794573029443426
58.69346733668342	0.061028643866000834
59.095477386934675	0.06564947349679982
59.49748743718593	0.06793117858926283
59.89949748743719	0.0675441547950706
60.301507537688444	0.06518563573994444
60.7035175879397	0.061511947317618464
61.10552763819096	0.057345970085120546
61.50753768844221	0.05349485279199405
61.90954773869347	0.04960110990095681
62.311557788944725	0.04573756529245049
62.71356783919598	0.042166676959456084
63.11557788944724	0.04021043777933679
63.517587939698494	0.040827792069383834
63.91959798994975	0.04390528359297307
64.32160804020101	0.04825971306621001
64.72361809045226	0.0522329581241827
65.12562814070353	0.054579717538854135
65.52763819095478	0.054857873106368624
65.92964824120604	0.05299707074569093
66.33165829145729	0.049559155115646146
66.73366834170855	0.04539225047402343
67.1356783919598	0.04101505554572715
67.53768844221106	0.037050475456251716
67.93969849246231	0.033463296664213896
68.34170854271358	0.03060414796515008
68.74371859296483	0.02885667036143415
69.14572864321609	0.030162892603807716
69.54773869346734	0.035181978206498356
69.9497487437186	0.0428503797461293
70.35175879396985	0.05051129897876132
70.75376884422111	0.05649022499692824
71.15577889447236	0.05915617941145075
71.55778894472363	0.05833538662905556
71.95979899497488	0.05409461657098628
72.36180904522614	0.047291335593208514
72.76381909547739	0.039540938135875524
73.16582914572865	0.03222321475558894
73.5678391959799	0.026458974583500022
73.96984924623116	0.022359266322246177
74.37185929648241	0.021129772468251352
74.77386934673368	0.024391668722534877
75.17587939698493	0.031943857717296166
75.57788944723619	0.04244789148040247
75.97989949748744	0.05279515120776063
76.3819095477387	0.06104218550565932
76.78391959798995	0.06541285199412171
77.18592964824121	0.06496266170242768
77.58793969849246	0.060107784042972845
77.98994974874373	0.052098113090589204
78.39195979899498	0.042420237093155774
78.79396984924624	0.03316922319577043
79.19597989949749	0.02612315967371946
79.59798994974875	0.02225644199636014
80.0	0.022632130395226022
