0.0	0.026832588732688345
0.4020100502512563	0.02255124147456638
0.8040201005025126	0.014505636073534982
1.206030150753769	0.004057402211683618
1.6080402010050252	0.0065922136876791744
2.0100502512562817	0.015527518701698703
2.412060301507538	0.021443663719536217
2.814070351758794	0.02292817512432486
3.2160804020100504	0.019896596488567057
3.6180904522613067	0.013078331495170906
4.020100502512563	0.0035577582726056753
4.42211055276382	0.007167617463357809
4.824120603015076	0.01645160944386974
5.226130653266332	0.022924472661436456
5.628140703517588	0.02536879863526973
6.030150753768845	0.02327930050883245
6.432160804020101	0.017179091535593164
6.834170854271357	0.008370697005967162
7.236180904522613	0.0035684709516156142
7.63819095477387	0.012424035553679179
8.040201005025127	0.019824222660759568
8.442211055276383	0.023990803310572607
8.84422110552764	0.02388998867853236
9.246231155778895	0.019706812828347645
9.648241206030152	0.012564517362120628
10.050251256281408	0.003950184518974132
10.452261306532664	0.005272731632491434
10.85427135678392	0.013109999963375005
11.256281407035177	0.018492673187643492
11.658291457286433	0.02027247022091133
12.06030150753769	0.018688603625124305
12.462311557788945	0.014635044838860346
12.864321608040202	0.010386282415109856
13.266331658291458	0.009592073922475741
13.668341708542714	0.013798470720885206
14.07035175879397	0.01805856045429536
14.472361809045227	0.019675325780833076
14.874371859296483	0.018606674953738973
15.27638190954774	0.014124670960046127
15.678391959798995	0.007608804413938008
16.080402010050253	0.0004270247033867331
16.48241206030151	0.00871847934759989
16.884422110552766	0.01764523458720748
17.286432160804022	0.023415593498287042
17.68844221105528	0.026610089132263582
18.090452261306535	0.026540924803441918
18.49246231155779	0.02387044760488103
18.894472361809047	0.021729821505041897
19.296482412060303	0.02435858637842301
19.69849246231156	0.02975252507960972
20.100502512562816	0.03441967625212683
20.502512562814072	0.0361138174306916
20.90452261306533	0.03387972445055813
21.306532663316585	0.02764401245483636
21.70854271356784	0.019007883783767485
22.110552763819097	0.011279824382300062
22.512562814070353	0.013278637797284418
22.91457286432161	0.02111056592894669
23.316582914572866	0.02691873654686187
23.718592964824122	0.0298169214264394
24.12060301507538	0.03148072252581065
24.522613065326635	0.036458081562024444
24.92462311557789	0.04476276282149847
25.326633165829147	0.05345407934136313
25.728643216080403	0.059471080276261815
26.13065326633166	0.060933182827164215
26.532663316582916	0.056607609790014134
26.934673366834172	0.04840538629149186
27.33668341708543	0.03723485424674178
27.738693467336685	0.024401820479355643
28.14070351758794	0.011849607274435401
28.542713567839197	0.0067776249486604006
28.944723618090453	0.016249723065201307
29.34673366834171	0.0253690841651719
29.748743718592966	0.03348348466043541
30.150753768844222	0.03995381898309887
30.55276381909548	0.04561216865215896
30.954773869346734	0.05071436189546724
31.35678391959799	0.054387612439528554
31.758793969849247	0.05607609348853517
32.16080402010051	0.055113809550573066
32.56281407035176	0.05114316273111845
32.96482412060302	0.04440965909179047
33.366834170854275	0.03482348540054116
33.76884422110553	0.023189733726967334
34.17085427135679	0.009863096758055764
34.572864321608044	0.007905718307971727
34.9748743718593	0.0195281694451611
35.37688442211056	0.030058303669755464
35.77889447236181	0.0371078866195117
36.18090452261307	0.040537100385698556
36.582914572864325	0.040309308341020714
36.98492462311558	0.03756060556870452
37.38693467336684	0.03407404323309886
37.788944723618094	0.031920575484514616
38.19095477386935	0.03133857783258838
38.59296482412061	0.03047884445625344
38.99497487437186	0.027360152705475253
39.39698492462312	0.020773454015359478
39.798994974874375	0.010738347918614652
40.20100502512563	0.003347221955048412
40.60301507537689	0.014795357773085443
41.005025125628144	0.025840264594975397
41.4070351758794	0.03373249739830682
41.80904522613066	0.037926046855666015
42.21105527638191	0.037592608357447176
42.61306532663317	0.03361085307773649
43.015075376884425	0.028942520639475548
43.41708542713568	0.026284711921542258
43.81909547738694	0.02630557635922313
44.221105527638194	0.026292020796911543
44.62311557788945	0.023239100896509213
45.02512562814071	0.01597177439989105
45.42713567839196	0.005011393376790952
45.82914572864322	0.00984990080285288
46.231155778894475	0.023429539226846232
46.63316582914573	0.03507762825709167
47.03517587939699	0.041982816784515715
47.437185929648244	0.04325421557048571
47.8391959798995	0.038981217839869284
48.24120603015076	0.030385705380078946
48.64321608040201	0.020916339578238578
49.04522613065327	0.015006405872553943
49.447236180904525	0.016240617147599504
49.84924623115578	0.019434955277590406
50.25125628140704	0.01948197559902471
50.653266331658294	0.015015699425623866
51.05527638190955	0.006576109567820577
51.45728643216081	0.006183576009914609
51.85929648241206	0.01802178023718403
52.26130653266332	0.029376566507898095
52.663316582914575	0.03779373445007239
53.06532663316583	0.04171773214333715
53.46733668341709	0.04045188070971253
53.869346733668344	0.03449401196241321
54.2713567839196	0.025010104811565508
54.67336683417086	0.013956488914945242
55.07537688442211	0.003322574291518931
55.47738693467337	0.004991367274703024
55.879396984924625	0.009505970057015412
56.28140703517588	0.009540076234905673
56.68341708542714	0.0071234708226778935
57.085427135678394	0.009812751796280779
57.48743718592965	0.01882651680624541
57.88944723618091	0.028601683847681726
58.29145728643216	0.03608575391364245
58.69346733668342	0.03945309223266642
59.095477386934675	0.03820066637733552
59.49748743718593	0.03277350588012925
59.89949748743719	0.02421925848666503
60.301507537688444	0.014967713759053522
60.7035175879397	0.009099044524458439
61.10552763819096	0.009882968186094286
61.50753768844221	0.013036627934028756
61.90954773869347	0.016192766315475164
62.311557788944725	0.02130252514408426
62.71356783919598	0.02977891362667352
63.11557788944724	0.03944296987996514
63.517587939698494	0.04797667679041357
63.91959798994975	0.05363413372292018
64.32160804020101	0.05474230221979405
64.72361809045226	0.05114878422716983
65.12562814070353	0.043700382688958615
65.52763819095478	0.033950551229651446
65.92964824120604	0.023683145275303095
66.33165829145729	0.015039461465140111
66.73366834170855	0.011207421490861017
67.1356783919598	0.013611179092466934
67.53768844221106	0.019242763348794406
67.93969849246231	0.026731846445889062
68.34170854271358	0.035043073085088895
68.74371859296483	0.04328899504733545
69.14572864321609	0.05055939147521462
69.54773869346734	0.05525635499507288
69.9497487437186	0.05691528289369082
70.35175879396985	0.05534859761867213
70.75376884422111	0.05064987853419772
71.15577889447236	0.04416966689611798
71.55778894472363	0.036920101240595755
71.95979899497488	0.030392090704037478
72.36180904522614	0.02617548770937142
72.76381909547739	0.0255437547912648
73.16582914572865	0.027663330560783066
73.5678391959799	0.03112796245352839
73.96984924623116	0.03506543128421505
74.37185929648241	0.03927753588953052
74.77386934673368	0.042860378389676365
75.17587939698493	0.045506296099990635
75.57788944723619	0.04672766202738151
75.97989949748744	0.046529862968073196
76.3819095477387	0.04497260511426505
76.78391959798995	0.04190604360640029
77.18592964824121	0.037901619958143035
77.58793969849246	0.03390536913050801
77.98994974874373	0.03105056290075312
78.39195979899498	0.03045253270634552
78.79396984924624	0.03207848683821789
79.19597989949749	0.035023088145817824
79.59798994974875	0.038108117054171664
80.0	0.04052117047541787
