0.0	0.0074613929856220855
0.4020100502512563	0.008418894774907551
0.8040201005025126	0.007958717103536898
1.206030150753769	0.00637884543101859
1.6080402010050252	0.0037582862903787115
2.0100502512562817	0.001027347404250195
2.412060301507538	0.00174287014490973
2.814070351758794	0.0037414141445074843
3.2160804020100504	0.00458230839515229
3.6180904522613067	0.004137752881594217
4.020100502512563	0.0025348399905772223
4.42211055276382	0.002181208167084359
4.824120603015076	0.0047310105641560195
5.226130653266332	0.008253669830878772
5.628140703517588	0.011181269439656126
6.030150753768845	0.012876649536383188
6.432160804020101	0.013463049750562412
6.834170854271357	0.012838535447257701
7.236180904522613	0.010991279650840952
7.63819095477387	0.00853948461072299
8.040201005025127	0.006080600025002242
8.442211055276383	0.003981026170983492
8.84422110552764	0.0028757177503634314
9.246231155778895	0.0030737469845846213
9.648241206030152	0.004878074516551079
10.050251256281408	0.008143613975617955
10.452261306532664	0.012141303118488846
10.85427135678392	0.016580960701392325
11.256281407035177	0.020691714976910715
11.658291457286433	0.02427239818327462
12.06030150753769	0.026468025513833177
12.462311557788945	0.027031953580027995
12.864321608040202	0.026396970324370977
13.266331658291458	0.025118312960677947
13.668341708542714	0.02359731641871993
14.07035175879397	0.022474709669384592
14.472361809045227	0.02201861183554464
14.874371859296483	0.022574710420292198
15.27638190954774	0.02409742221335724
15.678391959798995	0.02717419876800604
16.080402010050253	0.03161136066944462
16.48241206030151	0.03727386976019385
16.884422110552766	0.04335265492368331
17.286432160804022	0.049027230965009286
17.68844221105528	0.05356661315155422
18.090452261306535	0.05641338113731248
18.49246231155779	0.0577086972698998
18.894472361809047	0.0579230957642317
19.296482412060303	0.05780990889023509
19.69849246231156	0.057957752355091076
20.100502512562816	0.058924480493558216
20.502512562814072	0.060723051100205414
20.90452261306533	0.06336032986166032
21.306532663316585	0.06646106955156521
21.70854271356784	0.06976556393163105
22.110552763819097	0.0722923914530024
22.512562814070353	0.07401291831351718
22.91457286432161	0.07400722949292106
23.316582914572866	0.0728190372749579
23.718592964824122	0.07056746847413017
24.12060301507538	0.06796810667537076
24.522613065326635	0.0655836846057942
24.92462311557789	0.06387893426135202
25.326633165829147	0.06262044207578218
25.728643216080403	0.06170115646342296
26.13065326633166	0.06159664296436183
26.532663316582916	0.06172809565631741
26.934673366834172	0.06187036440728368
27.33668341708543	0.062071606786270404
27.738693467336685	0.06171855128304684
28.14070351758794	0.06130958696631077
28.542713567839197	0.06013794049474451
28.944723618090453	0.058118396167537514
29.34673366834171	0.05533984612011432
29.748743718592966	0.05183406451690766
30.150753768844222	0.04802203198739513
30.55276381909548	0.04434496082270288
30.954773869346734	0.0413932154000843
31.35678391959799	0.039708577409141646
31.758793969849247	0.03901233063394825
32.16080402010051	0.03972700877724384
32.56281407035176	0.04092074358791757
32.96482412060302	0.04279866491737437
33.366834170854275	0.0446283896023985
33.76884422110553	0.04639779131739369
34.17085427135679	0.04742990869861693
34.572864321608044	0.04793007532388218
34.9748743718593	0.04762463238611116
35.37688442211056	0.046706052101505885
35.77889447236181	0.045544743010653484
36.18090452261307	0.0444736880604294
36.582914572864325	0.044009982352210056
36.98492462311558	0.04436993154248804
37.38693467336684	0.045286737695692025
37.788944723618094	0.04662969649494641
38.19095477386935	0.047980638112270727
38.59296482412061	0.04868825655639854
38.99497487437186	0.04837953798716717
39.39698492462312	0.04722355766472909
39.798994974874375	0.04558362322686514
40.20100502512563	0.04353888289984775
40.60301507537689	0.041440590525790286
41.005025125628144	0.04005634766201944
41.4070351758794	0.03965813497323116
41.80904522613066	0.04055172265321289
42.21105527638191	0.04285252883229632
42.61306532663317	0.04601393910194258
43.015075376884425	0.04941237576677216
43.41708542713568	0.052297197094032556
43.81909547738694	0.05381504669803451
44.221105527638194	0.053685909414844725
44.62311557788945	0.05173180197430129
45.02512562814071	0.048514283915482556
45.42713567839196	0.04460069902587685
45.82914572864322	0.041047572417055124
46.231155778894475	0.038288066720202296
46.63316582914573	0.036886496258776526
47.03517587939699	0.036864488562622824
47.437185929648244	0.03815951540307628
47.8391959798995	0.04031786232345137
48.24120603015076	0.042592087089641045
48.64321608040201	0.04469005874148778
49.04522613065327	0.04609458553474491
49.447236180904525	0.04627238903386794
49.84924623115578	0.04536022206408226
50.25125628140704	0.04333370438957733
50.653266331658294	0.04060213686432446
51.05527638190955	0.037717071520394406
51.45728643216081	0.03523058025698394
51.85929648241206	0.03375552889347877
52.26130653266332	0.03323441363217228
52.663316582914575	0.03411146674623845
53.06532663316583	0.03616978283853874
53.46733668341709	0.03887428283200588
53.869346733668344	0.04179774410712648
54.2713567839196	0.04425139860456978
54.67336683417086	0.046311599737419926
55.07537688442211	0.0474861597778856
55.47738693467337	0.04767780618702471
55.879396984924625	0.04708611088822605
56.28140703517588	0.04594458865291014
56.68341708542714	0.04471202157644552
57.085427135678394	0.04346879182223738
57.48743718592965	0.04246957194163909
57.88944723618091	0.041979230190828686
58.29145728643216	0.04218519611763267
58.69346733668342	0.04287640451676492
59.095477386934675	0.043806192388328086
59.49748743718593	0.044966836803587894
59.89949748743719	0.04636718134188696
60.301507537688444	0.04742353109168778
60.7035175879397	0.04825403576562377
61.10552763819096	0.048576251175299776
61.50753768844221	0.04840047728157164
61.90954773869347	0.04788992092809219
62.311557788944725	0.0469111120344823
62.71356783919598	0.04611533987536702
63.11557788944724	0.04588976860195327
63.517587939698494	0.0457359634353712
63.91959798994975	0.04576975176607625
64.32160804020101	0.04617324587477166
64.72361809045226	0.04690690554418554
65.12562814070353	0.04742643672408032
65.52763819095478	0.04816212853715056
65.92964824120604	0.048843797379974775
66.33165829145729	0.04987134446354124
66.73366834170855	0.051029733955135534
67.1356783919598	0.052339262899793536
67.53768844221106	0.05349680675167319
67.93969849246231	0.05416448194355459
68.34170854271358	0.05413766009040768
68.74371859296483	0.05333315214793409
69.14572864321609	0.05187434964977202
69.54773869346734	0.04989276324660512
69.9497487437186	0.047739466739868675
70.35175879396985	0.0456078844800678
70.75376884422111	0.04432201123659015
71.15577889447236	0.04401867536576402
71.55778894472363	0.044710201984584204
71.95979899497488	0.046329493131600036
72.36180904522614	0.04844530498397287
72.76381909547739	0.05071256800544246
73.16582914572865	0.05237223681039342
73.5678391959799	0.05282439490871203
73.96984924623116	0.05194579495607447
74.37185929648241	0.049949175366995724
74.77386934673368	0.047140721239610314
75.17587939698493	0.044371047288072014
75.57788944723619	0.04198253718408903
75.97989949748744	0.04054351035141264
76.3819095477387	0.04028129519555048
76.78391959798995	0.041068718274686965
77.18592964824121	0.04332902130684328
77.58793969849246	0.04599992226538008
77.98994974874373	0.048953583569673505
78.39195979899498	0.051600413682277455
78.79396984924624	0.053268777510481535
79.19597989949749	0.053967227732439504
79.59798994974875	0.05313412460015219
80.0	0.050865465878491015
