0.0	0.015325350715578782
0.4020100502512563	0.01220334451491364
0.8040201005025126	0.0071821901550795705
1.206030150753769	0.0016641817576691375
1.6080402010050252	0.005588974648633417
2.0100502512562817	0.01056727279530619
2.412060301507538	0.013510964684912228
2.814070351758794	0.013900140285681794
3.2160804020100504	0.011711882458814497
3.6180904522613067	0.007290462498725901
4.020100502512563	0.0015023262659539368
4.42211055276382	0.0045345454101285605
4.824120603015076	0.009717785396333726
5.226130653266332	0.013119983890124528
5.628140703517588	0.013921664902009617
6.030150753768845	0.012172742244718114
6.432160804020101	0.008236883669459152
6.834170854271357	0.0033509581300515865
7.236180904522613	0.005287301515160529
7.63819095477387	0.01063561687135118
8.040201005025127	0.01485654557823644
8.442211055276383	0.016648810779204326
8.84422110552764	0.01573776554688942
9.246231155778895	0.012835698732851624
9.648241206030152	0.0081502870246021
10.050251256281408	0.003574170403026928
10.452261306532664	0.0046306813607910205
10.85427135678392	0.008311622650392021
11.256281407035177	0.010085307030195622
11.658291457286433	0.009273851177325734
12.06030150753769	0.007084977995888741
12.462311557788945	0.005987639760511997
12.864321608040202	0.010388051398488855
13.266331658291458	0.016647081940983223
13.668341708542714	0.022448583355252096
14.07035175879397	0.027225879123182167
14.472361809045227	0.029804464528853
14.874371859296483	0.029774139066850964
15.27638190954774	0.02723422187428909
15.678391959798995	0.022359620539865
16.080402010050253	0.015189152923804692
16.48241206030151	0.006565954657110992
16.884422110552766	0.005112220579373498
17.286432160804022	0.015306916970324169
17.68844221105528	0.024369071537251933
18.090452261306535	0.02936713114909184
18.49246231155779	0.029210529546213948
18.894472361809047	0.025950409609666575
19.296482412060303	0.02618834279613606
19.69849246231156	0.03564839486385085
20.100502512562816	0.049642659553219476
20.502512562814072	0.06160808751915251
20.90452261306533	0.06794085608219258
21.306532663316585	0.06631381830907225
21.70854271356784	0.0571583436529617
22.110552763819097	0.04210424342643348
22.512562814070353	0.025884202375174126
22.91457286432161	0.0201909416269683
23.316582914572866	0.02748819315499958
23.718592964824122	0.03398136054034491
24.12060301507538	0.03285040458495135
24.522613065326635	0.025327091345807445
24.92462311557789	0.021636343973975274
25.326633165829147	0.03571000414167572
25.728643216080403	0.05646973707033707
26.13065326633166	0.07557178310809909
26.532663316582916	0.0877811154810503
26.934673366834172	0.09073753382357769
27.33668341708543	0.08420924569249204
27.738693467336685	0.06917904257028842
28.14070351758794	0.0485012214333198
28.542713567839197	0.026467465916664885
28.944723618090453	0.007023615558568029
29.34673366834171	0.007240156816484747
29.748743718592966	0.014503435012001787
30.150753768844222	0.019438388936839
30.55276381909548	0.029775100629484304
30.954773869346734	0.047654712264561624
31.35678391959799	0.06821275263129008
31.758793969849247	0.08568462175696052
32.16080402010051	0.097056256530231
32.56281407035176	0.09981493970909576
32.96482412060302	0.09411540737712143
33.366834170854275	0.08308337082061398
33.76884422110553	0.06942264966125464
34.17085427135679	0.057005007016263876
34.572864321608044	0.047755720049276064
34.9748743718593	0.04011880047615706
35.37688442211056	0.03074594959490968
35.77889447236181	0.01708048873266821
36.18090452261307	0.0034546659280184537
36.582914572864325	0.026113617279378443
36.98492462311558	0.05067795547346885
37.38693467336684	0.07256873431732815
37.788944723618094	0.08833592022977436
38.19095477386935	0.09572982496227755
38.59296482412061	0.09436199672040882
38.99497487437186	0.08550749143473599
39.39698492462312	0.07171078762774323
39.798994974874375	0.057502926137558655
40.20100502512563	0.04661013218425877
40.60301507537689	0.04157950440291866
41.005025125628144	0.039537392582731465
41.4070351758794	0.03471647668283813
41.80904522613066	0.023914483214433617
42.21105527638191	0.007721966130397551
42.61306532663317	0.0189272151289365
43.015075376884425	0.043120306745870904
43.41708542713568	0.06533953667534223
43.81909547738694	0.08204371847264169
44.221105527638194	0.09059074035084197
44.62311557788945	0.09069859214825679
45.02512562814071	0.08346547879994996
45.42713567839196	0.0717093885687539
45.82914572864322	0.05915306277686111
46.231155778894475	0.05068497527909367
46.63316582914573	0.04834811292641432
47.03517587939699	0.04813337404453096
47.437185929648244	0.04566935394188013
47.8391959798995	0.03809612685502321
48.24120603015076	0.026074438554440853
48.64321608040201	0.013301385028278642
49.04522613065327	0.014344995000900992
49.447236180904525	0.025230144720466023
49.84924623115578	0.03402666980841326
50.25125628140704	0.039198567472913864
50.653266331658294	0.04133062984908454
51.05527638190955	0.04257835081722523
51.45728643216081	0.04590334675023784
51.85929648241206	0.0515508560722861
52.26130653266332	0.057706959589832144
52.663316582914575	0.061569017009929415
53.06532663316583	0.061223807660651275
53.46733668341709	0.05647138313785507
53.869346733668344	0.04775433173271566
54.2713567839196	0.037109874981263606
54.67336683417086	0.027008339746148146
55.07537688442211	0.019685047378342733
55.47738693467337	0.015757702000372083
55.879396984924625	0.010943599989430158
56.28140703517588	0.003770325828603649
56.68341708542714	0.011997694341008034
57.085427135678394	0.027940232419608513
57.48743718592965	0.04552305687324434
57.88944723618091	0.061742789394463184
58.29145728643216	0.0741629725307251
58.69346733668342	0.08057529782844043
59.095477386934675	0.08055465153643857
59.49748743718593	0.07396071562927657
59.89949748743719	0.06293603402405062
60.301507537688444	0.04903671701105924
60.7035175879397	0.035805281091511564
61.10552763819096	0.02491137106348939
61.50753768844221	0.017310334277451447
61.90954773869347	0.01046669010891229
62.311557788944725	0.004021931037189357
62.71356783919598	0.013821915551515528
63.11557788944724	0.02932795429106368
63.517587939698494	0.045616311515683315
63.91959798994975	0.06024957239178462
64.32160804020101	0.07090722520625319
64.72361809045226	0.07665154203672551
65.12562814070353	0.07718876655677512
65.52763819095478	0.07302761480807818
65.92964824120604	0.06493062991632254
66.33165829145729	0.053664815465688145
66.73366834170855	0.04053941658955387
67.1356783919598	0.02706352812059052
67.53768844221106	0.01534053815345035
67.93969849246231	0.006131398091299206
68.34170854271358	0.004866098511305768
68.74371859296483	0.011665486487088057
69.14572864321609	0.01970739763634812
69.54773869346734	0.028735947650431897
69.9497487437186	0.03792754947879159
70.35175879396985	0.04582705937143873
70.75376884422111	0.051258085990222926
71.15577889447236	0.052963504851178164
71.55778894472363	0.05091783185611365
71.95979899497488	0.04633684540002875
72.36180904522614	0.04036688841205955
72.76381909547739	0.03575985235632724
73.16582914572865	0.03297569673079047
73.5678391959799	0.030241100400264904
73.96984924623116	0.025772267736049098
74.37185929648241	0.018787334560344336
74.77386934673368	0.010221174551676537
75.17587939698493	0.00815500458877361
75.57788944723619	0.016557705027055086
75.97989949748744	0.0250783442250548
76.3819095477387	0.030280021286382335
76.78391959798995	0.0314112182047135
77.18592964824121	0.029611332784649315
77.58793969849246	0.0286378110506351
77.98994974874373	0.03280559367961182
78.39195979899498	0.041293821696730584
78.79396984924624	0.04993423901466399
79.19597989949749	0.05558225538284328
79.59798994974875	0.05650561461127437
80.0	0.052065133642438165
