0.0	0.010572730434362567
0.4020100502512563	0.010692681133842183
0.8040201005025126	0.008955475286256951
1.206030150753769	0.005763522410707737
1.6080402010050252	0.00201949761612627
2.0100502512562817	0.0023904031317226486
2.412060301507538	0.005597243902135497
2.814070351758794	0.007487332783752422
3.2160804020100504	0.007762408404647587
3.6180904522613067	0.006200695880061951
4.020100502512563	0.003066051449018849
4.42211055276382	0.0011625735097775482
4.824120603015076	0.005645110015525931
5.226130653266332	0.00971159460439653
5.628140703517588	0.012369621161269719
6.030150753768845	0.013643058829575422
6.432160804020101	0.013057749655422213
6.834170854271357	0.010660881943800524
7.236180904522613	0.007429756160433695
7.63819095477387	0.0038321475099255854
8.040201005025127	0.0014811840580380529
8.442211055276383	0.0025451193914186655
8.84422110552764	0.00296685157144069
9.246231155778895	0.0015934759235810153
9.648241206030152	0.0017843032437282753
10.050251256281408	0.005960766586374313
10.452261306532664	0.010777686425070921
10.85427135678392	0.01565812104668023
11.256281407035177	0.0194279529624101
11.658291457286433	0.021460292443970165
12.06030150753769	0.021722430991077048
12.462311557788945	0.02090413931942801
12.864321608040202	0.01856971827525152
13.266331658291458	0.015383991970347344
13.668341708542714	0.011916060325444743
14.07035175879397	0.008763055286497623
14.472361809045227	0.006021937247921933
14.874371859296483	0.003751367592861563
15.27638190954774	0.002852344349862627
15.678391959798995	0.003203313695810206
16.080402010050253	0.0032417920640001622
16.48241206030151	0.002767905822244164
16.884422110552766	0.0061769173935696566
17.286432160804022	0.014920095776043269
17.68844221105528	0.026459149034424544
18.090452261306535	0.03798039047339074
18.49246231155779	0.046493146749842056
18.894472361809047	0.04879443882662719
19.296482412060303	0.04473761914040885
19.69849246231156	0.03436371222867289
20.100502512562816	0.019931849906322026
20.502512562814072	0.008658919715629248
20.90452261306533	0.016085244709017968
21.306532663316585	0.02421868836139842
21.70854271356784	0.02654096760598871
22.110552763819097	0.022110774881198374
22.512562814070353	0.012004831027941717
22.91457286432161	0.0051937227354031616
23.316582914572866	0.021441222285781013
23.718592964824122	0.0379519917405162
24.12060301507538	0.0506085575394145
24.522613065326635	0.05724644034981734
24.92462311557789	0.05604321230712196
25.326633165829147	0.04772693300685229
25.728643216080403	0.034856863069835854
26.13065326633166	0.020442849371449027
26.532663316582916	0.0077121541762494705
26.934673366834172	0.0066193074230510695
27.33668341708543	0.009738186512731638
27.738693467336685	0.011561390026841626
28.14070351758794	0.01894600256248348
28.542713567839197	0.03300286268841175
28.944723618090453	0.048896355205999956
29.34673366834171	0.06214180570139497
29.748743718592966	0.07002498413858368
30.150753768844222	0.07183523608974683
30.55276381909548	0.06701387542929511
30.954773869346734	0.056529031046588685
31.35678391959799	0.04293649886201488
31.758793969849247	0.02866536873301312
32.16080402010051	0.015406297463200366
32.56281407035176	0.004952714047609235
32.96482412060302	0.006606864271969453
33.366834170854275	0.013299076254445985
33.76884422110553	0.0221992930030842
34.17085427135679	0.033338071714644466
34.572864321608044	0.04617481984611153
34.9748743718593	0.058517494512421275
35.37688442211056	0.06722756352286327
35.77889447236181	0.07163527449179473
36.18090452261307	0.07008796361695988
36.582914572864325	0.06439383892346164
36.98492462311558	0.05500485575032195
37.38693467336684	0.04387431095193329
37.788944723618094	0.03257086175154165
38.19095477386935	0.021830065851713466
38.59296482412061	0.01210174254918572
38.99497487437186	0.005731456789092754
39.39698492462312	0.012246772505441383
39.798994974874375	0.024525110537627837
40.20100502512563	0.03795920905313803
40.60301507537689	0.050380339848493605
41.005025125628144	0.06010834698361027
41.4070351758794	0.06592190194421142
41.80904522613066	0.06667568496192885
42.21105527638191	0.06216067590076239
42.61306532663317	0.05283168732589942
43.015075376884425	0.04047893737061387
43.41708542713568	0.026876752720705964
43.81909547738694	0.014803339155303335
44.221105527638194	0.006363841917567684
44.62311557788945	0.004937166857086854
45.02512562814071	0.009616728205943522
45.42713567839196	0.017765821270288078
45.82914572864322	0.028744244365816723
46.231155778894475	0.04038082035649596
46.63316582914573	0.051241819240337175
47.03517587939699	0.05911615309669401
47.437185929648244	0.0627211086979343
47.8391959798995	0.0617037447867139
48.24120603015076	0.05699459790507568
48.64321608040201	0.04962295087833589
49.04522613065327	0.04084546546573075
49.447236180904525	0.03245823955956746
49.84924623115578	0.024613235142381933
50.25125628140704	0.016996212125202005
50.653266331658294	0.0109745604409365
51.05527638190955	0.012038217387160724
51.45728643216081	0.021082312711305236
51.85929648241206	0.03222848897940882
52.26130653266332	0.04281261355018756
52.663316582914575	0.050924363337125855
53.06532663316583	0.056033821089391464
53.46733668341709	0.0572375345232898
53.869346733668344	0.05482259344797441
54.2713567839196	0.04923859237867726
54.67336683417086	0.042011412330581456
55.07537688442211	0.03434040872847041
55.47738693467337	0.02725838378269723
55.879396984924625	0.021028727770564686
56.28140703517588	0.015671056540337864
56.68341708542714	0.0136682018352652
57.085427135678394	0.01885442479089159
57.48743718592965	0.028930132658587404
57.88944723618091	0.040203924503072856
58.29145728643216	0.050244204677767634
58.69346733668342	0.05713564934040838
59.095477386934675	0.06014765827523529
59.49748743718593	0.059241464663954434
59.89949748743719	0.05498752376117529
60.301507537688444	0.04775054995653425
60.7035175879397	0.03948339870743733
61.10552763819096	0.030883110855500183
61.50753768844221	0.023220597482674805
61.90954773869347	0.01630967255399369
62.311557788944725	0.012254108655114435
62.71356783919598	0.014746184235584967
63.11557788944724	0.023109277617804885
63.517587939698494	0.03366381129848421
63.91959798994975	0.0439870465927509
64.32160804020101	0.05224940700787747
64.72361809045226	0.05730764970117347
65.12562814070353	0.058847147579384126
65.52763819095478	0.05701106725837636
65.92964824120604	0.05222838892988883
66.33165829145729	0.045548264104968386
66.73366834170855	0.0382520682184336
67.1356783919598	0.030596906279367196
67.53768844221106	0.02293662305171756
67.93969849246231	0.015457811551493738
68.34170854271358	0.011298873247426396
68.74371859296483	0.015687174987859737
69.14572864321609	0.025489681962285477
69.54773869346734	0.036044454893118937
69.9497487437186	0.04531720251898289
70.35175879396985	0.05213529857949593
70.75376884422111	0.055000020524204815
71.15577889447236	0.05423515585184825
71.55778894472363	0.050199939009282726
71.95979899497488	0.043690760276065124
72.36180904522614	0.036976614920120346
72.76381909547739	0.03041889366125473
73.16582914572865	0.024447407279624127
73.5678391959799	0.018928706921034898
73.96984924623116	0.014095820331212473
74.37185929648241	0.0153998919266936
74.77386934673368	0.02401179861839352
75.17587939698493	0.035367040299664476
75.57788944723619	0.045839843391271194
75.97989949748744	0.053607107627002215
76.3819095477387	0.05765015692308245
76.78391959798995	0.0572930572336234
77.18592964824121	0.05349603100332399
77.58793969849246	0.04708863638471769
77.98994974874373	0.03897237350237347
78.39195979899498	0.03120886704409894
78.79396984924624	0.024009215157449255
79.19597989949749	0.01731760527103495
79.59798994974875	0.01111876326612683
80.0	0.010070484915066322
