0.0	0.02309587740214866
0.4020100502512563	0.02056397032509507
0.8040201005025126	0.014791577652605147
1.206030150753769	0.006647848395604628
1.6080402010050252	0.0021055709219702057
2.0100502512562817	0.010059146022379974
2.412060301507538	0.015444271024997059
2.814070351758794	0.01751356767239549
3.2160804020100504	0.015778675602255522
3.6180904522613067	0.010819438926390593
4.020100502512563	0.003092199482438881
4.42211055276382	0.005838948409826126
4.824120603015076	0.013935430721844666
5.226130653266332	0.019897641270640185
5.628140703517588	0.022777500633525453
6.030150753768845	0.02177355744741156
6.432160804020101	0.017276774335810728
6.834170854271357	0.010148442639310026
7.236180904522613	0.0024221645937716227
7.63819095477387	0.007004280805215627
8.040201005025127	0.013246145701079227
8.442211055276383	0.016518061957313795
8.84422110552764	0.016347021395121945
9.246231155778895	0.012519072815917942
9.648241206030152	0.00585489062804368
10.050251256281408	0.003594833165668777
10.452261306532664	0.011229796569663308
10.85427135678392	0.017774321929853065
11.256281407035177	0.021051258925629437
11.658291457286433	0.020465376359208014
12.06030150753769	0.01614340061749545
12.462311557788945	0.008396608984255293
12.864321608040202	0.002282802137488737
13.266331658291458	0.01131216081339666
13.668341708542714	0.01960700281191706
14.07035175879397	0.02472264538874829
14.472361809045227	0.025641590605542757
14.874371859296483	0.022245324926418227
15.27638190954774	0.015057515053653502
15.678391959798995	0.006395918463919227
16.080402010050253	0.008317465646649655
16.48241206030151	0.017225380354896642
16.884422110552766	0.023599107692022243
17.286432160804022	0.025657355969881723
17.68844221105528	0.022837214072933945
18.090452261306535	0.016294154418963216
18.49246231155779	0.009041996558831892
18.894472361809047	0.01125654506425276
19.296482412060303	0.01985383441553635
19.69849246231156	0.026844969130541817
20.100502512562816	0.0301114944389681
20.502512562814072	0.02890215288259969
20.90452261306533	0.02394098601140782
21.306532663316585	0.017454264301939675
21.70854271356784	0.014394326687145506
22.110552763819097	0.017894422945653726
22.512562814070353	0.023531209916829506
22.91457286432161	0.02722933421606157
23.316582914572866	0.027864242989511557
23.718592964824122	0.02605300389214415
24.12060301507538	0.023031833863930387
24.522613065326635	0.021485111473651532
24.92462311557789	0.023072225300588813
25.326633165829147	0.026049726713575548
25.728643216080403	0.028143903668068498
26.13065326633166	0.02764376274840926
26.532663316582916	0.024758442319819725
26.934673366834172	0.02135108663488162
27.33668341708543	0.021356884226065583
27.738693467336685	0.0258862173192336
28.14070351758794	0.03236462399901743
28.542713567839197	0.037792714889749564
28.944723618090453	0.04045521946406496
29.34673366834171	0.04021091705281738
29.748743718592966	0.037804207978401255
30.150753768844222	0.0346566571258974
30.55276381909548	0.03284503136644136
30.954773869346734	0.032899935307207445
31.35678391959799	0.03425756486988525
31.758793969849247	0.03525010242985398
32.16080402010051	0.03490988756165295
32.56281407035176	0.033954637312969535
32.96482412060302	0.03408104047408275
33.366834170854275	0.03707870018077757
33.76884422110553	0.0423879428617262
34.17085427135679	0.04861290756710073
34.572864321608044	0.05361878026873908
34.9748743718593	0.056335401996453
35.37688442211056	0.056533764029072855
35.77889447236181	0.05455593086313285
36.18090452261307	0.05175076150880824
36.582914572864325	0.04993967647789621
36.98492462311558	0.049795348327558234
37.38693467336684	0.0515068216504071
37.788944723618094	0.0535349004802126
38.19095477386935	0.05553949925396502
38.59296482412061	0.05730199127876288
38.99497487437186	0.05949328036910765
39.39698492462312	0.06314866527384484
39.798994974874375	0.0675791371007036
40.20100502512563	0.07147423709776698
40.60301507537689	0.07311296287477151
41.005025125628144	0.07150310112372057
41.4070351758794	0.06701259819578595
41.80904522613066	0.0607340360561288
42.21105527638191	0.05473183595828941
42.61306532663317	0.051113125218323244
43.015075376884425	0.050817545012623554
43.41708542713568	0.05240199237861626
43.81909547738694	0.05452852438546117
44.221105527638194	0.05665570305514025
44.62311557788945	0.058852642934197986
45.02512562814071	0.06129636085840182
45.42713567839196	0.06436024806572273
45.82914572864322	0.06729926728423537
46.231155778894475	0.06921195209439608
46.63316582914573	0.0688855200802823
47.03517587939699	0.06620192702310852
47.437185929648244	0.061112298801965156
47.8391959798995	0.05467785505507665
48.24120603015076	0.04836934431866445
48.64321608040201	0.043730580681956836
49.04522613065327	0.04192162498295357
49.447236180904525	0.04230883598582824
49.84924623115578	0.04401939956824721
50.25125628140704	0.04611775453770166
50.653266331658294	0.04938372281535151
51.05527638190955	0.054030449060517516
51.45728643216081	0.059840902902324654
51.85929648241206	0.06575549472077416
52.26130653266332	0.07043803455442374
52.663316582914575	0.0723572641095318
53.06532663316583	0.07096462001873435
53.46733668341709	0.06620755426529622
53.869346733668344	0.059033111321844765
54.2713567839196	0.050801788612760954
54.67336683417086	0.04369680604070357
55.07537688442211	0.03888700909334956
55.47738693467337	0.037238938051156974
55.879396984924625	0.037950610791527076
56.28140703517588	0.040151436391382175
56.68341708542714	0.044578929056883584
57.085427135678394	0.05100838569803098
57.48743718592965	0.059043637201326916
57.88944723618091	0.06672330034065567
58.29145728643216	0.07252366847741723
58.69346733668342	0.07468964412042223
59.095477386934675	0.07265906682352544
59.49748743718593	0.06683340598250957
59.89949748743719	0.05828197111984214
60.301507537688444	0.04867476913067648
60.7035175879397	0.04035147481551862
61.10552763819096	0.03494447837411687
61.50753768844221	0.03300147396204414
61.90954773869347	0.03409249832743784
62.311557788944725	0.0371353558531676
62.71356783919598	0.042544247223490664
63.11557788944724	0.050170565321045524
63.517587939698494	0.05871403470173583
63.91959798994975	0.06648833981588159
64.32160804020101	0.07194186986205178
64.72361809045226	0.07372936225266954
65.12562814070353	0.07162517952700352
65.52763819095478	0.06566874528034314
65.92964824120604	0.057027948023272455
66.33165829145729	0.047464769882298974
66.73366834170855	0.039013418991368704
67.1356783919598	0.03359599962783528
67.53768844221106	0.03201623523148882
67.93969849246231	0.03375819808907703
68.34170854271358	0.038201002564985646
68.74371859296483	0.0448794519570264
69.14572864321609	0.05268703993953287
69.54773869346734	0.06052497467780969
69.9497487437186	0.06744908256230514
70.35175879396985	0.07197774826599837
70.75376884422111	0.07310040114433877
71.15577889447236	0.07063886841306952
71.55778894472363	0.06485416663849138
71.95979899497488	0.056662074793315344
72.36180904522614	0.04758002415963685
72.76381909547739	0.03944452553719523
73.16582914572865	0.03450088956852265
73.5678391959799	0.033507776576431406
73.96984924623116	0.03612313598052665
74.37185929648241	0.041044398925693976
74.77386934673368	0.047659301890736035
75.17587939698493	0.055509267101241135
75.57788944723619	0.06317067122041081
75.97989949748744	0.06935303541687413
76.3819095477387	0.07272908207299508
76.78391959798995	0.07266825877070278
77.18592964824121	0.06912836041601542
77.58793969849246	0.06237623400113003
77.98994974874373	0.05383886650987767
78.39195979899498	0.04486484681304965
78.79396984924624	0.03787174641134851
79.19597989949749	0.03437382626434452
79.59798994974875	0.03463414198323261
80.0	0.03815830506844805
