0.0	0.018381394888136577
0.4020100502512563	0.016194497809080145
0.8040201005025126	0.011737705545647271
1.206030150753769	0.005517977667693597
1.6080402010050252	0.003544295819022154
2.0100502512562817	0.008584715087695793
2.412060301507538	0.012526261425334275
2.814070351758794	0.01383807915232226
3.2160804020100504	0.012167286089172818
3.6180904522613067	0.007801545916186317
4.020100502512563	0.001698641070971673
4.42211055276382	0.005534503335224811
4.824120603015076	0.012056119910891887
5.226130653266332	0.01686291536598885
5.628140703517588	0.018838751709524627
6.030150753768845	0.01800447933282069
6.432160804020101	0.014367609966540375
6.834170854271357	0.00890890305529061
7.236180904522613	0.0042707843282199206
7.63819095477387	0.0065180756171378485
8.040201005025127	0.010449622947836777
8.442211055276383	0.012538831280548595
8.84422110552764	0.011593180111071457
9.246231155778895	0.007870816686700227
9.648241206030152	0.0023720115746666743
10.050251256281408	0.0055189073256900496
10.452261306532664	0.012106992459969433
10.85427135678392	0.017466940431267612
11.256281407035177	0.020757869746093678
11.658291457286433	0.021020552375712258
12.06030150753769	0.018658494378418045
12.462311557788945	0.01442452189762711
12.864321608040202	0.009772292604625353
13.266331658291458	0.007997100091367731
13.668341708542714	0.010916052963509983
14.07035175879397	0.014600293500830757
14.472361809045227	0.016653490401060997
14.874371859296483	0.016560175915494683
15.27638190954774	0.014505609622762794
15.678391959798995	0.010937832388182817
16.080402010050253	0.007828184650607204
16.48241206030151	0.007880195746581487
16.884422110552766	0.010650152980718555
17.286432160804022	0.013318286155096823
17.68844221105528	0.015120007130515253
18.090452261306535	0.015256457901686189
18.49246231155779	0.014696235738293257
18.894472361809047	0.013560231079973627
19.296482412060303	0.013415244474556448
19.69849246231156	0.014180991371253856
20.100502512562816	0.015583438508073847
20.502512562814072	0.017167447017569625
20.90452261306533	0.018136791225565337
21.306532663316585	0.018215266494282602
21.70854271356784	0.017744824759616296
22.110552763819097	0.01698945267627053
22.512562814070353	0.0162243649373349
22.91457286432161	0.015852420933031387
23.316582914572866	0.016211801388787868
23.718592964824122	0.01682019040906755
24.12060301507538	0.01757615688601488
24.522613065326635	0.01845994481250238
24.92462311557789	0.0198308526584002
25.326633165829147	0.021541032538583367
25.728643216080403	0.023236514860276964
26.13065326633166	0.02478793601719041
26.532663316582916	0.025872488764020336
26.934673366834172	0.02627306067465148
27.33668341708543	0.02591878272848866
27.738693467336685	0.025163833269549317
28.14070351758794	0.024547029711274725
28.542713567839197	0.02392069173355342
28.944723618090453	0.023787059178542215
29.34673366834171	0.023996066271851666
29.748743718592966	0.02442814238757801
30.150753768844222	0.02536477069293564
30.55276381909548	0.026376905675769103
30.954773869346734	0.02785644995232246
31.35678391959799	0.029740836889567572
31.758793969849247	0.032124350587588384
32.16080402010051	0.03454000051415286
32.56281407035176	0.03673614431058618
32.96482412060302	0.038412131892576036
33.366834170854275	0.03918712337961312
33.76884422110553	0.03916120167407459
34.17085427135679	0.03856351392517074
34.572864321608044	0.03783566979966787
34.9748743718593	0.03764622255182628
35.37688442211056	0.03830054290477126
35.77889447236181	0.039700631797320675
36.18090452261307	0.04169582268197158
36.582914572864325	0.04419402152814951
36.98492462311558	0.04682677622285781
37.38693467336684	0.04988906270786695
37.788944723618094	0.05308291448975875
38.19095477386935	0.0563692242536266
38.59296482412061	0.059316801024535196
38.99497487437186	0.06156425807747725
39.39698492462312	0.06282241087984297
39.798994974874375	0.06339195699650813
40.20100502512563	0.06348965506112221
40.60301507537689	0.06321591236404642
41.005025125628144	0.0627509880976275
41.4070351758794	0.06204692380909893
41.80904522613066	0.060420090440174226
42.21105527638191	0.0581001887509362
42.61306532663317	0.05489891412856675
43.015075376884425	0.05168305964009175
43.41708542713568	0.049464044326129844
43.81909547738694	0.04971914554404759
44.221105527638194	0.05283262428290546
44.62311557788945	0.05746369876760131
45.02512562814071	0.0627535074193353
45.42713567839196	0.06730238982298144
45.82914572864322	0.0698885280249183
46.231155778894475	0.0704385940122651
46.63316582914573	0.06849839508589403
47.03517587939699	0.06451665368515114
47.437185929648244	0.059098853312541534
47.8391959798995	0.0525663853476104
48.24120603015076	0.046038604322936154
48.64321608040201	0.04032000329264397
49.04522613065327	0.036697332766152994
49.447236180904525	0.03669181192855377
49.84924623115578	0.040104518807637365
50.25125628140704	0.045434474479904105
50.653266331658294	0.05112316790587899
51.05527638190955	0.055895607312340535
51.45728643216081	0.059169925256683895
51.85929648241206	0.06028052732626833
52.26130653266332	0.05964259751627178
52.663316582914575	0.05754041824738648
53.06532663316583	0.054135373625760555
53.46733668341709	0.050120327805574495
53.869346733668344	0.04565287838670944
54.2713567839196	0.04137755441553593
54.67336683417086	0.03830173100006221
55.07537688442211	0.03736794620138974
55.47738693467337	0.03894778972626303
55.879396984924625	0.04233836428293658
56.28140703517588	0.04639898172258689
56.68341708542714	0.050037546272527454
57.085427135678394	0.053082472456417805
57.48743718592965	0.05516002922706078
57.88944723618091	0.05646192011147032
58.29145728643216	0.05671012651731213
58.69346733668342	0.055999589149868204
59.095477386934675	0.054087725168876014
59.49748743718593	0.05131361862385261
59.89949748743719	0.04778754122208537
60.301507537688444	0.04421564611344987
60.7035175879397	0.041564934537166115
61.10552763819096	0.04026829688482149
61.50753768844221	0.04069248535307325
61.90954773869347	0.042483135390220333
62.311557788944725	0.04529227800358791
62.71356783919598	0.048425795278159066
63.11557788944724	0.051362305534300566
63.517587939698494	0.05340090407346325
63.91959798994975	0.05456902815020067
64.32160804020101	0.05479108149605346
64.72361809045226	0.053314616715043915
65.12562814070353	0.0510850732314756
65.52763819095478	0.04816254939772888
65.92964824120604	0.04503670703866157
66.33165829145729	0.041937409264413875
66.73366834170855	0.03982371210169966
67.1356783919598	0.03886349376943804
67.53768844221106	0.039435080425270476
67.93969849246231	0.04129005025375977
68.34170854271358	0.04397732464361749
68.74371859296483	0.04722468109308856
69.14572864321609	0.050219717119730646
69.54773869346734	0.05288932879191756
69.9497487437186	0.055330697575413514
70.35175879396985	0.056712599453668265
70.75376884422111	0.056857411165415636
71.15577889447236	0.055598957783193334
71.55778894472363	0.052810266506821656
71.95979899497488	0.04916332414713061
72.36180904522614	0.04496382073028147
72.76381909547739	0.04149741930180324
73.16582914572865	0.039670839657283644
73.5678391959799	0.04011909824832557
73.96984924623116	0.042135716007919356
74.37185929648241	0.04532001662647427
74.77386934673368	0.04902509336362145
75.17587939698493	0.05277664917075815
75.57788944723619	0.05574622238004575
75.97989949748744	0.057648921205114834
76.3819095477387	0.05845470773657159
76.78391959798995	0.05758097447142165
77.18592964824121	0.055095978849001914
77.58793969849246	0.05132734922062242
77.98994974874373	0.04665695388142384
78.39195979899498	0.042097630553774315
78.79396984924624	0.0386627022320566
79.19597989949749	0.03762609709082189
79.59798994974875	0.03959087807222323
80.0	0.04377464998326851
