0.0	0.022700823777824116
0.4020100502512563	0.020663039140206833
0.8040201005025126	0.01555580154930663
1.206030150753769	0.00798026965286881
1.6080402010050252	0.003081811650504239
2.0100502512562817	0.009747467700447519
2.412060301507538	0.015718551680257487
2.814070351758794	0.01819863021976162
3.2160804020100504	0.01709970499526531
3.6180904522613067	0.012415042714560245
4.020100502512563	0.0049777048666123135
4.42211055276382	0.004548217294749935
4.824120603015076	0.012792150460192117
5.226130653266332	0.019598207949065465
5.628140703517588	0.023286244106160654
6.030150753768845	0.02327684099654937
6.432160804020101	0.01973447151873661
6.834170854271357	0.013399084171039091
7.236180904522613	0.006256392272324581
7.63819095477387	0.0058704561576653925
8.040201005025127	0.011334725707623885
8.442211055276383	0.015021260390752198
8.84422110552764	0.015014071953315392
9.246231155778895	0.011263715293900873
9.648241206030152	0.004343693770259053
10.050251256281408	0.004656304539531967
10.452261306532664	0.014094272267731347
10.85427135678392	0.022570802501008645
11.256281407035177	0.028462720492450105
11.658291457286433	0.0310982838424295
12.06030150753769	0.030134027678342855
12.462311557788945	0.026042706120813615
12.864321608040202	0.019969965703138935
13.266331658291458	0.014119380445542576
13.668341708542714	0.010605489131805151
14.07035175879397	0.010173738848721638
14.472361809045227	0.009948941797778452
14.874371859296483	0.009479469115096577
15.27638190954774	0.011450272675520335
15.678391959798995	0.018167034465155416
16.080402010050253	0.02743163569385439
16.48241206030151	0.03665500754224126
16.884422110552766	0.04437512437614734
17.286432160804022	0.04921217615799962
17.68844221105528	0.05041616433517117
18.090452261306535	0.04833695999863448
18.49246231155779	0.043345182984414185
18.894472361809047	0.036449002234066115
19.296482412060303	0.02901278534128083
19.69849246231156	0.02245439641892093
20.100502512562816	0.017943623885297494
20.502512562814072	0.01671178139916867
20.90452261306533	0.01945093029329964
21.306532663316585	0.026696915040725484
21.70854271356784	0.03768877770778177
22.110552763819097	0.05079332344453395
22.512562814070353	0.06398385807643954
22.91457286432161	0.07510840198273777
23.316582914572866	0.08267325135354744
23.718592964824122	0.08507339613447264
24.12060301507538	0.0823814117597786
24.522613065326635	0.07521178575603471
24.92462311557789	0.06544148663365132
25.326633165829147	0.054980438960081854
25.728643216080403	0.046078766961570525
26.13065326633166	0.04031387974959986
26.532663316582916	0.03874462807720609
26.934673366834172	0.041763120616190884
27.33668341708543	0.04835556775948789
27.738693467336685	0.057525776982273666
28.14070351758794	0.06702517235411296
28.542713567839197	0.07507839979742827
28.944723618090453	0.08048080947258417
29.34673366834171	0.08240296836890257
29.748743718592966	0.08063976894399354
30.150753768844222	0.07590661522784428
30.55276381909548	0.06855747200012086
30.954773869346734	0.06018030350718392
31.35678391959799	0.05249426638790581
31.758793969849247	0.04655305045453918
32.16080402010051	0.0431187656101081
32.56281407035176	0.04243043460809968
32.96482412060302	0.044416313438748
33.366834170854275	0.04894716730163818
33.76884422110553	0.05511313303020824
34.17085427135679	0.061548711481809605
34.572864321608044	0.06720679198248579
34.9748743718593	0.07111461096765985
35.37688442211056	0.0720148834706695
35.77889447236181	0.06993795304692076
36.18090452261307	0.06506100514652202
36.582914572864325	0.05822029086612057
36.98492462311558	0.05059722203858795
37.38693467336684	0.04357138364793536
37.788944723618094	0.03838324265882255
38.19095477386935	0.03571306864977839
38.59296482412061	0.03605420571965143
38.99497487437186	0.038691392665564185
39.39698492462312	0.04410697652444713
39.798994974874375	0.050683232332238495
40.20100502512563	0.05760895168882357
40.60301507537689	0.06355867896998828
41.005025125628144	0.06730786213433185
41.4070351758794	0.06801162891429303
41.80904522613066	0.0655612964734759
42.21105527638191	0.060797631170273925
42.61306532663317	0.05416504835863402
43.015075376884425	0.047514452575080746
43.41708542713568	0.04184088606243686
43.81909547738694	0.03815454867905814
44.221105527638194	0.03709630894734731
44.62311557788945	0.03844333931727238
45.02512562814071	0.04199620824929256
45.42713567839196	0.04732400198117179
45.82914572864322	0.053488573459264346
46.231155778894475	0.059729233250020476
46.63316582914573	0.06474269872951398
47.03517587939699	0.06738710870926895
47.437185929648244	0.06715070631887898
47.8391959798995	0.06441442372903908
48.24120603015076	0.0592908810105469
48.64321608040201	0.05271553661503453
49.04522613065327	0.04591174707983907
49.447236180904525	0.04006326946718825
49.84924623115578	0.0365319064951628
50.25125628140704	0.03555366418047861
50.653266331658294	0.037211984997438066
51.05527638190955	0.04110567342807797
51.45728643216081	0.04687413143923501
51.85929648241206	0.05343604667022005
52.26130653266332	0.059986136831638205
52.663316582914575	0.06528806901700791
53.06532663316583	0.06849119564726645
53.46733668341709	0.06850548172350071
53.869346733668344	0.06550932040823046
54.2713567839196	0.05998047308603218
54.67336683417086	0.05293397019237224
55.07537688442211	0.045804978194986204
55.47738693467337	0.04040218805698684
55.879396984924625	0.03755083578016287
56.28140703517588	0.03779674541085098
56.68341708542714	0.0408307801961794
57.085427135678394	0.04650654735232937
57.48743718592965	0.05362409758504779
57.88944723618091	0.06116417702033829
58.29145728643216	0.06768750867491923
58.69346733668342	0.072097049810354
59.095477386934675	0.07348659382074542
59.49748743718593	0.07125433691727319
59.89949748743719	0.06602658067767017
60.301507537688444	0.05883634598828008
60.7035175879397	0.05113971387816131
61.10552763819096	0.044570977968212855
61.50753768844221	0.04071052972697055
61.90954773869347	0.039887859757451495
62.311557788944725	0.04221779155965837
62.71356783919598	0.046640056924935135
63.11557788944724	0.05271074117746287
63.517587939698494	0.05959091426630593
63.91959798994975	0.06615537699293225
64.32160804020101	0.07144892951473555
64.72361809045226	0.07451959163320096
65.12562814070353	0.07470960980521732
65.52763819095478	0.07178948176325115
65.92964824120604	0.0660679645932247
66.33165829145729	0.05868455128619589
66.73366834170855	0.051223716870904865
67.1356783919598	0.04517623281583494
67.53768844221106	0.04202140314921986
67.93969849246231	0.042247034395046165
68.34170854271358	0.045244864315583354
68.74371859296483	0.05027016817616572
69.14572864321609	0.056357684395932174
69.54773869346734	0.062654514120738
69.9497487437186	0.0684217164574269
70.35175879396985	0.07236668488274581
70.75376884422111	0.07417230686517037
71.15577889447236	0.07304807430371744
71.55778894472363	0.06923227788547004
71.95979899497488	0.0630508535761007
72.36180904522614	0.05577294597442234
72.76381909547739	0.04855903396055194
73.16582914572865	0.04295250321371832
73.5678391959799	0.040343717601145995
73.96984924623116	0.04091710121873245
74.37185929648241	0.044278718726991004
74.77386934673368	0.04958227051946446
75.17587939698493	0.05566301359825086
75.57788944723619	0.06162556270820448
75.97989949748744	0.06664731517107139
76.3819095477387	0.06959913763407348
76.78391959798995	0.07004757243464169
77.18592964824121	0.06794227083518414
77.58793969849246	0.0631822165213562
77.98994974874373	0.0567868325784057
78.39195979899498	0.049914210944401224
78.79396984924624	0.043918226063935716
79.19597989949749	0.04022456163423325
79.59798994974875	0.03934561136679661
80.0	0.04122345543102993
