0.0	0.03184613067570659
0.4020100502512563	0.029853072470100772
0.8040201005025126	0.022954852662150336
1.206030150753769	0.012385800801288918
1.6080402010050252	0.0011216367888171519
2.0100502512562817	0.01128106607886153
2.412060301507538	0.020128222675040018
2.814070351758794	0.02436223639452967
3.2160804020100504	0.023335337733531816
3.6180904522613067	0.017333358190852584
4.020100502512563	0.0070898913535441905
4.42211055276382	0.005461754262065715
4.824120603015076	0.017892643946736585
5.226130653266332	0.028296320061758563
5.628140703517588	0.03468597494155597
6.030150753768845	0.0359637065501891
6.432160804020101	0.0321814057516562
6.834170854271357	0.024151012325467618
7.236180904522613	0.01340707267686872
7.63819095477387	0.0039060271515448442
8.040201005025127	0.009140471478769872
8.442211055276383	0.014909106282378747
8.84422110552764	0.01588530667950313
9.246231155778895	0.011847339924467588
9.648241206030152	0.004476268882697478
10.050251256281408	0.011001327040184528
10.452261306532664	0.024040874429007084
10.85427135678392	0.03652257519129472
11.256281407035177	0.04617592430881557
11.658291457286433	0.05154908041883346
12.06030150753769	0.05179214412369615
12.462311557788945	0.04812180846866286
12.864321608040202	0.042216630668668216
13.266331658291458	0.03692348308938858
13.668341708542714	0.03490556320674772
14.07035175879397	0.036201823381798
14.472361809045227	0.038453351630525615
14.874371859296483	0.03950179817208447
15.27638190954774	0.03777098212361098
15.678391959798995	0.03432927056649661
16.080402010050253	0.03532706678715988
16.48241206030151	0.0463165857068893
16.884422110552766	0.06336384913828544
17.286432160804022	0.08200930599458175
17.68844221105528	0.09667863880721769
18.090452261306535	0.1052731397736415
18.49246231155779	0.10547165623735785
18.894472361809047	0.09776925322722427
19.296482412060303	0.08222927982117055
19.69849246231156	0.06229320214563129
20.100502512562816	0.04574824286863235
20.502512562814072	0.04175691504048753
20.90452261306533	0.05003505472269507
21.306532663316585	0.05930754427569103
21.70854271356784	0.06444954470546423
22.110552763819097	0.06779171230403389
22.512562814070353	0.07275223000018533
22.91457286432161	0.0813564348026741
23.316582914572866	0.09062708915663432
23.718592964824122	0.09802024766126446
24.12060301507538	0.09931739373158642
24.522613065326635	0.09130795173533694
24.92462311557789	0.07180004328832171
25.326633165829147	0.04256185570238567
25.728643216080403	0.014769217211800315
26.13065326633166	0.03930954599412382
26.532663316582916	0.07239183256368545
26.934673366834172	0.09519125616265713
27.33668341708543	0.10412338700592869
27.738693467336685	0.09862014055047162
28.14070351758794	0.08111845768876276
28.542713567839197	0.05717294628478405
28.944723618090453	0.03310262420108576
29.34673366834171	0.01725779993912041
29.748743718592966	0.01482509976297686
30.150753768844222	0.012698504885103786
30.55276381909548	0.009367049582259254
30.954773869346734	0.024075237238916684
31.35678391959799	0.04688781031923911
31.758793969849247	0.06950847042345583
32.16080402010051	0.08647057053941114
32.56281407035176	0.09385218054176556
32.96482412060302	0.08959632914122792
33.366834170854275	0.07495944719740374
33.76884422110553	0.05212432744745841
34.17085427135679	0.02552897693977773
34.572864321608044	0.005995546481432824
34.9748743718593	0.023028807574427258
35.37688442211056	0.037967585935277146
35.77889447236181	0.04622179344133443
36.18090452261307	0.05113882373114215
36.582914572864325	0.054853970927370856
36.98492462311558	0.05845989908367598
37.38693467336684	0.0612913897054153
37.788944723618094	0.0612922235648081
38.19095477386935	0.057213283092827937
38.59296482412061	0.04871449503329959
38.99497487437186	0.03532088331004608
39.39698492462312	0.019216153145397673
39.798994974874375	0.017374150697129814
40.20100502512563	0.03717449153154968
40.60301507537689	0.057815070527002355
41.005025125628144	0.07385908804111387
41.4070351758794	0.08237468388404938
41.80904522613066	0.08241316290367837
42.21105527638191	0.07406597745923976
42.61306532663317	0.06010869081472105
43.015075376884425	0.04252052141362537
43.41708542713568	0.025165979492585182
43.81909547738694	0.010379758140892426
44.221105527638194	0.004444984296227576
44.62311557788945	0.015412363996546871
45.02512562814071	0.02816990162234604
45.42713567839196	0.042045073224828484
45.82914572864322	0.054454773258277966
46.231155778894475	0.06306817195235696
46.63316582914573	0.06549002442585693
47.03517587939699	0.06127826367058479
47.437185929648244	0.05081150215020418
47.8391959798995	0.03510046644877966
48.24120603015076	0.01678209349095151
48.64321608040201	0.008970229442669685
49.04522613065327	0.02530878894000893
49.447236180904525	0.04099049742387611
49.84924623115578	0.05345989623065276
50.25125628140704	0.0618127558522954
50.653266331658294	0.06592501930203928
51.05527638190955	0.06636906902957505
51.45728643216081	0.06413225819704553
51.85929648241206	0.059538320137171474
52.26130653266332	0.052330716327619584
52.663316582914575	0.042254569042143184
53.06532663316583	0.02876159246131727
53.46733668341709	0.012390295611221935
53.869346733668344	0.006182105578172861
54.2713567839196	0.02464119879419462
54.67336683417086	0.040350309066134904
55.07537688442211	0.05070947997025821
55.47738693467337	0.05470028094300765
55.879396984924625	0.051676427319989525
56.28140703517588	0.042185421140002365
56.68341708542714	0.02829676005235766
57.085427135678394	0.01376208878849261
57.48743718592965	0.010679046290116482
57.88944723618091	0.02094008593527768
58.29145728643216	0.030085077179832616
58.69346733668342	0.03614177028037054
59.095477386934675	0.03986815875079916
59.49748743718593	0.042749609709956844
59.89949748743719	0.04527597464711062
60.301507537688444	0.04656770226998877
60.7035175879397	0.04510805232228583
61.10552763819096	0.038980769675862226
61.50753768844221	0.028142298146042542
61.90954773869347	0.01314184480873615
62.311557788944725	0.010764099676571885
62.71356783919598	0.028730925939342934
63.11557788944724	0.04591904596627313
63.517587939698494	0.057937564122162596
63.91959798994975	0.06278325786573183
64.32160804020101	0.05938060772210472
64.72361809045226	0.04918113068730133
65.12562814070353	0.034591304737569085
65.52763819095478	0.019055124580730966
65.92964824120604	0.008183663823068208
66.33165829145729	0.009887199624945506
66.73366834170855	0.01319511803158355
67.1356783919598	0.01402986112109442
67.53768844221106	0.01624558615014906
67.93969849246231	0.02238240855954703
68.34170854271358	0.030293998106167064
68.74371859296483	0.03669282821002222
69.14572864321609	0.03920691660277178
69.54773869346734	0.036476057376710176
69.9497487437186	0.028547711869477042
70.35175879396985	0.01864740098948257
70.75376884422111	0.018487552161965744
71.15577889447236	0.03202082802246612
71.55778894472363	0.0467981617279992
71.95979899497488	0.057465297934719196
72.36180904522614	0.06180939167046754
72.76381909547739	0.058755062079149975
73.16582914572865	0.04936381219508825
73.5678391959799	0.03531822208490281
73.96984924623116	0.019834607555549666
74.37185929648241	0.007261459111969147
74.77386934673368	0.00952548954007227
75.17587939698493	0.01522919305685782
75.57788944723619	0.017404025625858792
75.97989949748744	0.01886482221021802
76.3819095477387	0.02368434779421841
76.78391959798995	0.03161986394726814
77.18592964824121	0.03926681654734844
77.58793969849246	0.043984089608499734
77.98994974874373	0.043828939869221074
78.39195979899498	0.038879919909707114
78.79396984924624	0.031149617353315995
79.19597989949749	0.02537745383650732
79.59798994974875	0.027811358718957024
80.0	0.03610552957019577
