0.0	0.03398832279342289
0.4020100502512563	0.030954761679670928
0.8040201005025126	0.022873966381711245
1.206030150753769	0.011345657268191103
1.6080402010050252	0.0037352759841996963
2.0100502512562817	0.014687841107789545
2.412060301507538	0.023035777015731916
2.814070351758794	0.026777196155509046
3.2160804020100504	0.024940197644984768
3.6180904522613067	0.01735070519968166
4.020100502512563	0.006006493964249804
4.42211055276382	0.0073282261535728786
4.824120603015076	0.020105980175791856
5.226130653266332	0.030068139259780087
5.628140703517588	0.03532379168371594
6.030150753768845	0.03495977697328391
6.432160804020101	0.02933924532579213
6.834170854271357	0.019523161457066146
7.236180904522613	0.008331593728234686
7.63819095477387	0.007368313478252865
8.040201005025127	0.01595957859542009
8.442211055276383	0.021080414939867172
8.84422110552764	0.02090295453756722
9.246231155778895	0.015222772619655192
9.648241206030152	0.005297142737760449
10.050251256281408	0.009943900319630083
10.452261306532664	0.023320605383805947
10.85427135678392	0.035374901310633915
11.256281407035177	0.043653358755683505
11.658291457286433	0.04681522478245341
12.06030150753769	0.04478774936791814
12.462311557788945	0.03808067429078329
12.864321608040202	0.02858586658958276
13.266331658291458	0.019204579348595326
13.668341708542714	0.012888056021091188
14.07035175879397	0.011787481741509162
14.472361809045227	0.012068265786776687
14.874371859296483	0.012235945323583975
15.27638190954774	0.017160935978958406
15.678391959798995	0.028237792288046876
16.080402010050253	0.04258239760850756
16.48241206030151	0.05695738755529779
16.884422110552766	0.06898973017618865
17.286432160804022	0.07677339282330418
17.68844221105528	0.0794184478795238
18.090452261306535	0.07724664156479948
18.49246231155779	0.07059820648169343
18.894472361809047	0.06133916639651351
19.296482412060303	0.051337819692610254
19.69849246231156	0.04225438162109775
20.100502512562816	0.03561417452122018
20.502512562814072	0.03246315089730944
20.90452261306533	0.03319563747399627
21.306532663316585	0.03808311228119428
21.70854271356784	0.04669632435148225
22.110552763819097	0.057629187833750116
22.512562814070353	0.06952285922005995
22.91457286432161	0.08045204243346164
23.316582914572866	0.08864054244001561
23.718592964824122	0.09272085673060995
24.12060301507538	0.09216052130989785
24.522613065326635	0.08656042742084492
24.92462311557789	0.07678638536736157
25.326633165829147	0.06468106868736648
25.728643216080403	0.05197302132980255
26.13065326633166	0.041240111239135686
26.532663316582916	0.0341559796257571
26.934673366834172	0.032252869329371756
27.33668341708543	0.03570542010945806
27.738693467336685	0.043827379324884855
28.14070351758794	0.054803154325282724
28.542713567839197	0.06640656834351828
28.944723618090453	0.07638131061062438
29.34673366834171	0.0826174306373774
29.748743718592966	0.0838752144196826
30.150753768844222	0.07943123945456204
30.55276381909548	0.06987603860442584
30.954773869346734	0.056705603741011065
31.35678391959799	0.0421447546299531
31.758793969849247	0.028757465689379202
32.16080402010051	0.019124808854499745
32.56281407035176	0.015221242019079798
32.96482412060302	0.016075677420089494
33.366834170854275	0.021367241495915117
33.76884422110553	0.031131701050704307
34.17085427135679	0.04390829444239141
34.572864321608044	0.05777245260018078
34.9748743718593	0.06971424454322767
35.37688442211056	0.07718497491629399
35.77889447236181	0.07896019615053053
36.18090452261307	0.07435470002559728
36.582914572864325	0.06462125271672806
36.98492462311558	0.05181016192396946
37.38693467336684	0.03948801514482083
37.788944723618094	0.03172579567561905
38.19095477386935	0.030656859320277015
38.59296482412061	0.033385431046299235
38.99497487437186	0.03699734069089817
39.39698492462312	0.04160011088677529
39.798994974874375	0.048571389208937624
40.20100502512563	0.057983340275151875
40.60301507537689	0.06735188707033644
41.005025125628144	0.07421353114232976
41.4070351758794	0.07634080012294317
41.80904522613066	0.072907203036558
42.21105527638191	0.06416804358196952
42.61306532663317	0.05224908260356921
43.015075376884425	0.041080125197930153
43.41708542713568	0.03552117529036034
43.81909547738694	0.03772466573048532
44.221105527638194	0.04360963557070915
44.62311557788945	0.04943128574937173
45.02512562814071	0.05481739394944746
45.42713567839196	0.06054585546551309
45.82914572864322	0.06702011578695512
46.231155778894475	0.07345814554586041
46.63316582914573	0.07800484564661969
47.03517587939699	0.07884678138908718
47.437185929648244	0.07523654460415688
47.8391959798995	0.06713244957491864
48.24120603015076	0.0559247822356159
48.64321608040201	0.04452697294930234
49.04522613065327	0.038062305271546255
49.447236180904525	0.04006604146410002
49.84924623115578	0.047714250198428385
50.25125628140704	0.055757826583350115
50.653266331658294	0.06153142621508907
51.05527638190955	0.06376486321648869
51.45728643216081	0.063646946223032
51.85929648241206	0.062390486329753934
52.26130653266332	0.061386150579533796
52.663316582914575	0.060987391826300016
53.06532663316583	0.059658301216222585
53.46733668341709	0.056047546402603884
53.869346733668344	0.049479224505006254
54.2713567839196	0.040712396346339316
54.67336683417086	0.034664747379409264
55.07537688442211	0.03760071735088961
55.47738693467337	0.048348818830756056
55.879396984924625	0.06041129585250728
56.28140703517588	0.06955693522026454
56.68341708542714	0.07358193701427396
57.085427135678394	0.07231647879178356
57.48743718592965	0.06741522307417357
57.88944723618091	0.06128444231369421
58.29145728643216	0.05620321660033643
58.69346733668342	0.052938377315812836
59.095477386934675	0.05015978624332641
59.49748743718593	0.04564335500702207
59.89949748743719	0.03973930805630977
60.301507537688444	0.03534018912535876
60.7035175879397	0.03801026090894961
61.10552763819096	0.04815746931257782
61.50753768844221	0.06149699721680111
61.90954773869347	0.07353658460942292
62.311557788944725	0.08144921038522247
62.71356783919598	0.08399207661706189
63.11557788944724	0.08130694061620046
63.517587939698494	0.07446878567796963
63.91959798994975	0.06515861328547491
64.32160804020101	0.055741024442213474
64.72361809045226	0.047793934632735666
65.12562814070353	0.04123682652309642
65.52763819095478	0.035569729088016665
65.92964824120604	0.03160956111139378
66.33165829145729	0.034286384127513635
66.73366834170855	0.045530847298928076
67.1356783919598	0.06109768747343756
67.53768844221106	0.0759638218450989
67.93969849246231	0.0864497118646745
68.34170854271358	0.09098586559283403
68.74371859296483	0.08896770258879236
69.14572864321609	0.08068157419487419
69.54773869346734	0.06839964119621293
69.9497487437186	0.0544118764746796
70.35175879396985	0.041449746357327205
70.75376884422111	0.03129999763397236
71.15577889447236	0.024464885122768232
71.55778894472363	0.020579717027028634
71.95979899497488	0.022353295020801682
72.36180904522614	0.03176549657710874
72.76381909547739	0.045772497810213794
73.16582914572865	0.060671297348347974
73.5678391959799	0.07334632043334523
73.96984924623116	0.08126432512595962
74.37185929648241	0.0836175244484964
74.77386934673368	0.07959771347093073
75.17587939698493	0.07038319010901288
75.57788944723619	0.05774325046994836
75.97989949748744	0.04359468020989023
76.3819095477387	0.030761008747842645
76.78391959798995	0.02092914736662872
77.18592964824121	0.016701145943057098
77.58793969849246	0.019828976241266325
77.98994974874373	0.029158670771386157
78.39195979899498	0.04194837421915
78.79396984924624	0.05580617000301162
79.19597989949749	0.06813158293830665
79.59798994974875	0.07699593542231774
80.0	0.08076361915804167
