0.0	0.0042423312939631015
0.4020100502512563	0.004889399981160678
0.8040201005025126	0.005762839640647203
1.206030150753769	0.0064428228573131146
1.6080402010050252	0.006633875921641136
2.0100502512562817	0.005961438150625397
2.412060301507538	0.0050581242810486
2.814070351758794	0.003996947217823277
3.2160804020100504	0.0035658226471569623
3.6180904522613067	0.0037740780242184724
4.020100502512563	0.0039006482171389904
4.42211055276382	0.0036184852027889513
4.824120603015076	0.0032916140439118585
5.226130653266332	0.0035930425973325713
5.628140703517588	0.0047579146286489335
6.030150753768845	0.0066298361878169496
6.432160804020101	0.008410891628383462
6.834170854271357	0.00994452964096838
7.236180904522613	0.010570223052441444
7.63819095477387	0.010368411023694993
8.040201005025127	0.009364851506621929
8.442211055276383	0.00806900114118114
8.84422110552764	0.006201526546194986
9.246231155778895	0.004387224296200538
9.648241206030152	0.002938003277531096
10.050251256281408	0.0022142421917729534
10.452261306532664	0.003487535294184183
10.85427135678392	0.005965027283141973
11.256281407035177	0.009016526293337605
11.658291457286433	0.01230998576282628
12.06030150753769	0.015592853549441246
12.462311557788945	0.01828388488553983
12.864321608040202	0.020197679511406337
13.266331658291458	0.021101879894315115
13.668341708542714	0.02100819382830354
14.07035175879397	0.019952364057507877
14.472361809045227	0.01836197913940738
14.874371859296483	0.01636483561532816
15.27638190954774	0.01477080286104577
15.678391959798995	0.013217831854936385
16.080402010050253	0.012210394914298945
16.48241206030151	0.011996389064927717
16.884422110552766	0.012804664246495467
17.286432160804022	0.014585485902080262
17.68844221105528	0.017363617316876814
18.090452261306535	0.020702437905645105
18.49246231155779	0.023951186570129113
18.894472361809047	0.026618277889156848
19.296482412060303	0.028499471014327833
19.69849246231156	0.029604917933834785
20.100502512562816	0.02979738962124288
20.502512562814072	0.029661069185720968
20.90452261306533	0.028787813625052373
21.306532663316585	0.028197801423757513
21.70854271356784	0.027119598181335407
22.110552763819097	0.026132770043725384
22.512562814070353	0.025419883199266892
22.91457286432161	0.02491262992738983
23.316582914572866	0.025135450281115253
23.718592964824122	0.02645289477122633
24.12060301507538	0.028414349648128584
24.522613065326635	0.030963831396750637
24.92462311557789	0.03347894427504095
25.326633165829147	0.036044354837067215
25.728643216080403	0.03821686273258858
26.13065326633166	0.039758321762170035
26.532663316582916	0.04074074258145455
26.934673366834172	0.04055635557565956
27.33668341708543	0.03959233165815555
27.738693467336685	0.03772569873095345
28.14070351758794	0.03571216777640684
28.542713567839197	0.033844921201814544
28.944723618090453	0.032975863157269525
29.34673366834171	0.03323970282428314
29.748743718592966	0.035230225111160765
30.150753768844222	0.03898109231199321
30.55276381909548	0.04419502070652257
30.954773869346734	0.04992706088898985
31.35678391959799	0.05604821890201418
31.758793969849247	0.06158111578532739
32.16080402010051	0.06559298017381457
32.56281407035176	0.06755657782334612
32.96482412060302	0.06719502301107112
33.366834170854275	0.06467692247818922
33.76884422110553	0.060519815351615505
34.17085427135679	0.055550480831212945
34.572864321608044	0.050526089870091516
34.9748743718593	0.04667167973527213
35.37688442211056	0.04463725055957142
35.77889447236181	0.04476372160543052
36.18090452261307	0.046729329061392016
36.582914572864325	0.05031407921720221
36.98492462311558	0.054614321214212024
37.38693467336684	0.0586702372179729
37.788944723618094	0.061789098302387345
38.19095477386935	0.06399787197278814
38.59296482412061	0.06484158183004168
38.99497487437186	0.06426986825893734
39.39698492462312	0.06232930742560862
39.798994974874375	0.05952175970410907
40.20100502512563	0.05596156118130661
40.60301507537689	0.05219646167602495
41.005025125628144	0.048738893982211144
41.4070351758794	0.04638818439277405
41.80904522613066	0.04555652841626641
42.21105527638191	0.046179998723212955
42.61306532663317	0.048276926063978015
43.015075376884425	0.05143277360337743
43.41708542713568	0.05486526998332266
43.81909547738694	0.05790624258780991
44.221105527638194	0.059827635477482266
44.62311557788945	0.06022135759978511
45.02512562814071	0.059130520454883276
45.42713567839196	0.056839096412729974
45.82914572864322	0.053457805338970474
46.231155778894475	0.04955481401347169
46.63316582914573	0.045805954397458694
47.03517587939699	0.04302753691745671
47.437185929648244	0.04159385902841588
47.8391959798995	0.04199218135978508
48.24120603015076	0.043821919305823256
48.64321608040201	0.04685293880153671
49.04522613065327	0.05042427462916087
49.447236180904525	0.05359534838594543
49.84924623115578	0.05567916798218316
50.25125628140704	0.056477957045341066
50.653266331658294	0.05587007941057866
51.05527638190955	0.05416676204270273
51.45728643216081	0.05210064209821269
51.85929648241206	0.04987487441061679
52.26130653266332	0.047667029305762255
52.663316582914575	0.04611367451207739
53.06532663316583	0.04495834222834573
53.46733668341709	0.04456293791810713
53.869346733668344	0.04506034725778466
54.2713567839196	0.046273607830319786
54.67336683417086	0.048298856928432915
55.07537688442211	0.05048396528595421
55.47738693467337	0.052507921789089286
55.879396984924625	0.05401780664219791
56.28140703517588	0.054616183001660726
56.68341708542714	0.054514801737997796
57.085427135678394	0.05377011875929495
57.48743718592965	0.05226850162409939
57.88944723618091	0.05069321080919072
58.29145728643216	0.04890366642559322
58.69346733668342	0.047445796525013
59.095477386934675	0.04610367449386265
59.49748743718593	0.045406218277689835
59.89949748743719	0.045342219797004535
60.301507537688444	0.04597956446718638
60.7035175879397	0.04698409849794171
61.10552763819096	0.04834544857464856
61.50753768844221	0.050090651670149644
61.90954773869347	0.051258315767231645
62.311557788944725	0.05239481024074024
62.71356783919598	0.05301839515229323
63.11557788944724	0.05293146877471829
63.517587939698494	0.0526364684753451
63.91959798994975	0.05179810356812982
64.32160804020101	0.05111100090205506
64.72361809045226	0.050251952721899765
65.12562814070353	0.04943217080993903
65.52763819095478	0.048658692958864186
65.92964824120604	0.04803751624604668
66.33165829145729	0.04779562116854053
66.73366834170855	0.04833316579006473
67.1356783919598	0.04932204531258976
67.53768844221106	0.051070726817511194
67.93969849246231	0.052745803124217214
68.34170854271358	0.05406524907327474
68.74371859296483	0.054535754177498716
69.14572864321609	0.054689336966901946
69.54773869346734	0.05400488633695442
69.9497487437186	0.05297025349209096
70.35175879396985	0.05169615378638017
70.75376884422111	0.05059782834735631
71.15577889447236	0.04978053812396489
71.55778894472363	0.04924788110672205
71.95979899497488	0.049034635667760104
72.36180904522614	0.049548499634969725
72.76381909547739	0.0503177880853398
73.16582914572865	0.05142456299378665
73.5678391959799	0.05241429808302785
73.96984924623116	0.052995719144002786
74.37185929648241	0.05319017255376167
74.77386934673368	0.052904330692302694
75.17587939698493	0.05228700879232271
75.57788944723619	0.05163413142352483
75.97989949748744	0.05104616423503398
76.3819095477387	0.050767793168905194
76.78391959798995	0.05078259773654603
77.18592964824121	0.050672035407203345
77.58793969849246	0.05049273298534228
77.98994974874373	0.0501748066946461
78.39195979899498	0.04992250184435547
78.79396984924624	0.04968920448991668
79.19597989949749	0.04948144883522894
79.59798994974875	0.04972102582753908
80.0	0.049744550460272714
