0.0	0.018133626069235374
0.4020100502512563	0.01683796742926456
0.8040201005025126	0.012793446620435883
1.206030150753769	0.007197499459131856
1.6080402010050252	0.003431025957004613
2.0100502512562817	0.008449533657902302
2.412060301507538	0.013328811303650611
2.814070351758794	0.015624494480566048
3.2160804020100504	0.015001427359037391
3.6180904522613067	0.011429993064514553
4.020100502512563	0.005419382851087555
4.42211055276382	0.002403551865432957
4.824120603015076	0.009307871614510953
5.226130653266332	0.01532863554308822
5.628140703517588	0.01901336082036338
6.030150753768845	0.01968661065058752
6.432160804020101	0.0172173976087287
6.834170854271357	0.012430509243374192
7.236180904522613	0.007015422770142709
7.63819095477387	0.005081853043393279
8.040201005025127	0.008980885859003218
8.442211055276383	0.011754247682767342
8.84422110552764	0.01194544005014962
9.246231155778895	0.00905373525035805
9.648241206030152	0.003290861606886116
10.050251256281408	0.004317426823758701
10.452261306532664	0.01243711864869304
10.85427135678392	0.020067487256573046
11.256281407035177	0.025886477877158243
11.658291457286433	0.02927963371908738
12.06030150753769	0.029669028662937837
12.462311557788945	0.027040632761015693
12.864321608040202	0.02214273168178687
13.266331658291458	0.01585260364201892
13.668341708542714	0.009474953155837717
14.07035175879397	0.004501075490326254
14.472361809045227	0.0025153921508832204
14.874371859296483	0.0026013765518761445
15.27638190954774	0.003475206740981211
15.678391959798995	0.008239016896331356
16.080402010050253	0.015987389861045406
16.48241206030151	0.025477277327170738
16.884422110552766	0.03483341964274635
17.286432160804022	0.04276350301366219
17.68844221105528	0.04829104867270085
18.090452261306535	0.05050832580841771
18.49246231155779	0.04897417291206832
18.894472361809047	0.04474770600721773
19.296482412060303	0.038810003112242246
19.69849246231156	0.03277272048317623
20.100502512562816	0.02793803266065247
20.502512562814072	0.025540124151331646
20.90452261306533	0.026528816379608855
21.306532663316585	0.03073427185793054
21.70854271356784	0.037937196924148056
22.110552763819097	0.04715955002053486
22.512562814070353	0.05694837444620904
22.91457286432161	0.06617007297081214
23.316582914572866	0.0734623976707196
23.718592964824122	0.07773807000263154
24.12060301507538	0.07883251339072356
24.522613065326635	0.07657453246332868
24.92462311557789	0.07155386672907732
25.326633165829147	0.06466940998421516
25.728643216080403	0.057072574045688204
26.13065326633166	0.049842138225579195
26.532663316582916	0.04382760826413833
26.934673366834172	0.04018155081781632
27.33668341708543	0.039825748683353195
27.738693467336685	0.04254896085223218
28.14070351758794	0.04824381372809787
28.542713567839197	0.05632918316127552
28.944723618090453	0.06502367217765682
29.34673366834171	0.07251428344436818
29.748743718592966	0.07793948437416394
30.150753768844222	0.07979594058139042
30.55276381909548	0.07771463689008393
30.954773869346734	0.07194842907017067
31.35678391959799	0.0636496125226377
31.758793969849247	0.05389975214689763
32.16080402010051	0.04446096202704254
32.56281407035176	0.036631828213492076
32.96482412060302	0.03156044823226421
33.366834170854275	0.030343468338263034
33.76884422110553	0.032846885069497365
34.17085427135679	0.03856952712037838
34.572864321608044	0.04657442195137017
34.9748743718593	0.05505631612984444
35.37688442211056	0.06221256891357067
35.77889447236181	0.0672377750691266
36.18090452261307	0.06930894380753075
36.582914572864325	0.06813879155302069
36.98492462311558	0.06395492934345413
37.38693467336684	0.05774616706988782
37.788944723618094	0.050560197599106446
38.19095477386935	0.04376499444683622
38.59296482412061	0.03852486519584163
38.99497487437186	0.03588491387642486
39.39698492462312	0.036389853922315044
39.798994974874375	0.03994283127938979
40.20100502512563	0.045799108934836644
40.60301507537689	0.05281396544309107
41.005025125628144	0.05982513169012908
41.4070351758794	0.06580351241866207
41.80904522613066	0.06933323463497355
42.21105527638191	0.07039092442858691
42.61306532663317	0.06880808577544724
43.015075376884425	0.06479977348218872
43.41708542713568	0.05941472337471286
43.81909547738694	0.053544933757709745
44.221105527638194	0.04805719221156511
44.62311557788945	0.04406456427849388
45.02512562814071	0.042069465239661735
45.42713567839196	0.0425460893420677
45.82914572864322	0.04513839689096509
46.231155778894475	0.04953595997951536
46.63316582914573	0.05459847429310629
47.03517587939699	0.059802398355809326
47.437185929648244	0.06397319201716502
47.8391959798995	0.06632964332813014
48.24120603015076	0.06678779020094988
48.64321608040201	0.06472697320065139
49.04522613065327	0.06047386930108064
49.447236180904525	0.05511287858369549
49.84924623115578	0.048905686141734545
50.25125628140704	0.04304010734605433
50.653266331658294	0.038443260700696535
51.05527638190955	0.035926972174517055
51.45728643216081	0.035825497420148504
51.85929648241206	0.03838855357563271
52.26130653266332	0.04308953981975185
52.663316582914575	0.04943962480070802
53.06532663316583	0.055801534558464996
53.46733668341709	0.06130438484963628
53.869346733668344	0.06500221226267207
54.2713567839196	0.06596619141137486
54.67336683417086	0.06440904323302585
55.07537688442211	0.060386292708993684
55.47738693467337	0.05478005381975297
55.879396984924625	0.04869324244101432
56.28140703517588	0.04303568838107877
56.68341708542714	0.03874515524052635
57.085427135678394	0.03673351314806042
57.48743718592965	0.03739807933408236
57.88944723618091	0.04084902771109275
58.29145728643216	0.04664272338532089
58.69346733668342	0.05344422076538581
59.095477386934675	0.06026136257095428
59.49748743718593	0.06509923447085632
59.89949748743719	0.06741136280532925
60.301507537688444	0.06660692402249759
60.7035175879397	0.06289360797252405
61.10552763819096	0.05731027784983006
61.50753768844221	0.050812548650476
61.90954773869347	0.04490828166204118
62.311557788944725	0.0403071887986884
62.71356783919598	0.03772021404575944
63.11557788944724	0.037339479488486045
63.517587939698494	0.03975396496892587
63.91959798994975	0.04441238791407599
64.32160804020101	0.05061592398471522
64.72361809045226	0.056980164851278436
65.12562814070353	0.062329220392300634
65.52763819095478	0.06559544884440795
65.92964824120604	0.0661547123846068
66.33165829145729	0.06413250599605849
66.73366834170855	0.06015266151139169
67.1356783919598	0.05527961869747302
67.53768844221106	0.05016197357134398
67.93969849246231	0.045947077840623324
68.34170854271358	0.04287737299818612
68.74371859296483	0.04097841072531569
69.14572864321609	0.04094737185056997
69.54773869346734	0.04274001983941641
69.9497487437186	0.04636569527567087
70.35175879396985	0.05151367970515556
70.75376884422111	0.056586664229958686
71.15577889447236	0.06110371816116893
71.55778894472363	0.06351742888309868
71.95979899497488	0.06356342022614372
72.36180904522614	0.06160859969293464
72.76381909547739	0.058048112800351694
73.16582914572865	0.053463079025243
73.5678391959799	0.049067009996758164
73.96984924623116	0.0449059435560611
74.37185929648241	0.04202750161657998
74.77386934673368	0.04062966460921494
75.17587939698493	0.0407063187740659
75.57788944723619	0.04314475609550536
75.97989949748744	0.0477634553255238
76.3819095477387	0.053275010655593556
76.78391959798995	0.05849753383082997
77.18592964824121	0.06212320660526751
77.58793969849246	0.06319200751788107
77.98994974874373	0.06173498002180931
78.39195979899498	0.05820828315256079
78.79396984924624	0.05342483974845079
79.19597989949749	0.04859535501285515
79.59798994974875	0.044430261300602035
80.0	0.04149571127100762
