0.0	0.01329360880396234
0.4020100502512563	0.01125125524139533
0.8040201005025126	0.007240069231016159
1.206030150753769	0.0020848368525900724
1.6080402010050252	0.0038268753917114428
2.0100502512562817	0.008509394703835362
2.412060301507538	0.011694597069628054
2.814070351758794	0.012504875244968147
3.2160804020100504	0.011115026580993117
3.6180904522613067	0.00765515590731621
4.020100502512563	0.002707069682547767
4.42211055276382	0.0026151928162134234
4.824120603015076	0.0072485321598644206
5.226130653266332	0.010618933566790523
5.628140703517588	0.011972480111999424
6.030150753768845	0.010734283917281233
6.432160804020101	0.007473679251438251
6.834170854271357	0.003034640881892121
7.236180904522613	0.0034621327965014617
7.63819095477387	0.008301888858392606
8.040201005025127	0.012279893434217906
8.442211055276383	0.014338221162186814
8.84422110552764	0.013966450596451466
9.246231155778895	0.011749988874466672
9.648241206030152	0.007848079671527522
10.050251256281408	0.003051389827168322
10.452261306532664	0.0018496519041406377
10.85427135678392	0.005387711258971311
11.256281407035177	0.00717424061593726
11.658291457286433	0.006770039532593757
12.06030150753769	0.004385894510582402
12.462311557788945	0.0034405576776863553
12.864321608040202	0.008427268298924996
13.266331658291458	0.014583875238395699
13.668341708542714	0.02013187103449514
14.07035175879397	0.02396581248657216
14.472361809045227	0.02553651129760569
14.874371859296483	0.024637119717220303
15.27638190954774	0.02147777111305027
15.678391959798995	0.01647213046725445
16.080402010050253	0.010628519393078264
16.48241206030151	0.005488142429757641
16.884422110552766	0.002620494865156148
17.286432160804022	0.001943447872621539
17.68844221105528	0.0014352847558103006
18.090452261306535	0.004539929596658586
18.49246231155779	0.010541816924258733
18.894472361809047	0.017444966843049525
19.296482412060303	0.024369404830364642
19.69849246231156	0.03028517296118628
20.100502512562816	0.03453805873969831
20.502512562814072	0.0365911829075108
20.90452261306533	0.03609521975706896
21.306532663316585	0.03388384751621909
21.70854271356784	0.03036888686314047
22.110552763819097	0.026277619096853166
22.512562814070353	0.02225158848266661
22.91457286432161	0.01945382629947772
23.316582914572866	0.018154412086194668
23.718592964824122	0.018435953770670588
24.12060301507538	0.02064637509445329
24.522613065326635	0.02517071346578928
24.92462311557789	0.03133032333312019
25.326633165829147	0.0376697824785172
25.728643216080403	0.04302001607088936
26.13065326633166	0.046595192634198056
26.532663316582916	0.04772556285423959
26.934673366834172	0.046564899864119866
27.33668341708543	0.0437024006419876
27.738693467336685	0.04038060018068977
28.14070351758794	0.037639155014646763
28.542713567839197	0.03638601289757264
28.944723618090453	0.036286712038693394
29.34673366834171	0.03762131828773359
29.748743718592966	0.03996656680342174
30.150753768844222	0.04393404391255585
30.55276381909548	0.049312734437759645
30.954773869346734	0.05556002114105109
31.35678391959799	0.06177232393524236
31.758793969849247	0.06687547202996105
32.16080402010051	0.07007872391548975
32.56281407035176	0.07071635781262973
32.96482412060302	0.0688437027805165
33.366834170854275	0.06531470477174059
33.76884422110553	0.060729850904595276
34.17085427135679	0.05591316794532845
34.572864321608044	0.05210749881259537
34.9748743718593	0.04961044021810773
35.37688442211056	0.048411380428210186
35.77889447236181	0.04846686309877214
36.18090452261307	0.049829498872090844
36.582914572864325	0.05272309548193395
36.98492462311558	0.056835566206376496
37.38693467336684	0.06173149745846655
37.788944723618094	0.06617108583370639
38.19095477386935	0.06910034304954168
38.59296482412061	0.07016266639812732
38.99497487437186	0.06869992455671645
39.39698492462312	0.06509579760208653
39.798994974874375	0.06012473191336074
40.20100502512563	0.05493683540253349
40.60301507537689	0.050685697875215464
41.005025125628144	0.04765852029798648
41.4070351758794	0.045915309776216856
41.80904522613066	0.045240885611187345
42.21105527638191	0.04573856623960673
42.61306532663317	0.047567819537354485
43.015075376884425	0.05129615125864149
43.41708542713568	0.05575548226564024
43.81909547738694	0.060095577116475354
44.221105527638194	0.06304594295072773
44.62311557788945	0.06408604548953863
45.02512562814071	0.06273610406763003
45.42713567839196	0.05948572249520014
45.82914572864322	0.05520114531189391
46.231155778894475	0.05096215137842648
46.63316582914573	0.04752616436173746
47.03517587939699	0.04518103360014238
47.437185929648244	0.0439727834761704
47.8391959798995	0.04389035638729988
48.24120603015076	0.04541178365864631
48.64321608040201	0.04854901174389124
49.04522613065327	0.053194539141963426
49.447236180904525	0.05818756800260953
49.84924623115578	0.06250975574896028
50.25125628140704	0.06472426117340477
50.653266331658294	0.0647435519189664
51.05527638190955	0.06242523225592328
51.45728643216081	0.058167615706445
51.85929648241206	0.053649242219165574
52.26130653266332	0.049683095467853565
52.663316582914575	0.04681965134152895
53.06532663316583	0.04522013545324617
53.46733668341709	0.044791148058273354
53.869346733668344	0.0454863465140843
54.2713567839196	0.04771122686330499
54.67336683417086	0.05162907625528821
55.07537688442211	0.056658106491587215
55.47738693467337	0.0617450854104333
55.879396984924625	0.06542302783727233
56.28140703517588	0.06650241789526946
56.68341708542714	0.06503467673345432
57.085427135678394	0.06116929496840876
57.48743718592965	0.05593386636851964
57.88944723618091	0.050723328668630704
58.29145728643216	0.047005321266274894
58.69346733668342	0.04505242816929484
59.095477386934675	0.045157000158782955
59.49748743718593	0.04638079058007306
59.89949748743719	0.048845393427806694
60.301507537688444	0.05241488801272397
60.7035175879397	0.056962401899957826
61.10552763819096	0.06208401197091098
61.50753768844221	0.06611583137809182
61.90954773869347	0.06827821476641326
62.311557788944725	0.06796397956979547
62.71356783919598	0.06473393217071031
63.11557788944724	0.05952606610424717
63.517587939698494	0.053561856427405796
63.91959798994975	0.04845984309637129
64.32160804020101	0.04591935260709197
64.72361809045226	0.046326002359036035
65.12562814070353	0.048836688157721825
65.52763819095478	0.052738567261363146
65.92964824120604	0.05711959635914077
66.33165829145729	0.061568918785975424
66.73366834170855	0.06574735629062774
67.1356783919598	0.0690252048735721
67.53768844221106	0.0706897359877714
67.93969849246231	0.07037467291842993
68.34170854271358	0.06799450875204922
68.74371859296483	0.06360617028931995
69.14572864321609	0.058193144557066825
69.54773869346734	0.052969178331695635
69.9497487437186	0.04948860496369817
70.35175879396985	0.04857830851827995
70.75376884422111	0.050107815896438576
71.15577889447236	0.05308291258770872
71.55778894472363	0.05673348029977086
71.95979899497488	0.060447942002391064
72.36180904522614	0.06369151685407604
72.76381909547739	0.06621909603070533
73.16582914572865	0.06782494604404714
73.5678391959799	0.06850057463338878
73.96984924623116	0.06744126463405717
74.37185929648241	0.06457816748376555
74.77386934673368	0.060435562444561795
75.17587939698493	0.05564727488322826
75.57788944723619	0.05131431118421768
75.97989949748744	0.04875173699794192
76.3819095477387	0.04859177424459412
76.78391959798995	0.05049253659262916
77.18592964824121	0.053686700289310704
77.58793969849246	0.05706554389275152
77.98994974874373	0.060028700178478646
78.39195979899498	0.06245495016236739
78.79396984924624	0.06384083899927344
79.19597989949749	0.06445646688535334
79.59798994974875	0.06417577543499992
80.0	0.06284701555599391
