0.0	0.032450378023322145
0.4020100502512563	0.03166935136523648
0.8040201005025126	0.025808091938212853
1.206030150753769	0.016013960802237347
1.6080402010050252	0.004433806103736577
2.0100502512562817	0.008444976350385163
2.412060301507538	0.017573645266909986
2.814070351758794	0.022781091908934542
3.2160804020100504	0.022923576943370234
3.6180904522613067	0.01739971500142943
4.020100502512563	0.007621875689834912
4.42211055276382	0.004934328882773397
4.824120603015076	0.01786015545612673
5.226130653266332	0.02884118845549117
5.628140703517588	0.03609351640203911
6.030150753768845	0.038161759928361016
6.432160804020101	0.03511251938939338
6.834170854271357	0.0274752003759427
7.236180904522613	0.016909557147668012
7.63819095477387	0.006240561888958442
8.040201005025127	0.006199510180998556
8.442211055276383	0.011961142858281244
8.84422110552764	0.013481419530345689
9.246231155778895	0.009579060810319246
9.648241206030152	0.0026056800118467493
10.050251256281408	0.012648353355487077
10.452261306532664	0.026668462826277856
10.85427135678392	0.03972147731823434
11.256281407035177	0.05035123286869414
11.658291457286433	0.056286500896020865
12.06030150753769	0.05732728590695206
12.462311557788945	0.05342023534269692
12.864321608040202	0.045861374482378134
13.266331658291458	0.036656481205425986
13.668341708542714	0.027777886187897543
14.07035175879397	0.021471769379443874
14.472361809045227	0.019309498513386963
14.874371859296483	0.02174747280787985
15.27638190954774	0.02928792611796639
15.678391959798995	0.041222494373868816
16.080402010050253	0.05518371019068689
16.48241206030151	0.06838445889850972
16.884422110552766	0.07824746479853367
17.286432160804022	0.08235417694258909
17.68844221105528	0.07962161670064284
18.090452261306535	0.07032826213885321
18.49246231155779	0.05607158530307571
18.894472361809047	0.039997075405041375
19.296482412060303	0.025732592099349805
19.69849246231156	0.016704193394463378
20.100502512562816	0.014621660252168416
20.502512562814072	0.01960662917090921
20.90452261306533	0.030902563562463098
21.306532663316585	0.04585017661939537
21.70854271356784	0.06131088610268778
22.110552763819097	0.07374383013854278
22.512562814070353	0.08058524215686932
22.91457286432161	0.08056383495538746
23.316582914572866	0.07359429805388698
23.718592964824122	0.06083925177324171
24.12060301507538	0.04456111813455047
24.522613065326635	0.027659913739734067
24.92462311557789	0.012790366992897711
25.326633165829147	0.003465637797781079
25.728643216080403	0.0037452610277573734
26.13065326633166	0.002007348497436323
26.532663316582916	0.00747313471527075
26.934673366834172	0.02002812292213826
27.33668341708543	0.034739444156876506
27.738693467336685	0.04862333573520604
28.14070351758794	0.05952410635244111
28.542713567839197	0.06555259277029844
28.944723618090453	0.06583001493888399
29.34673366834171	0.0600554747324495
29.748743718592966	0.049690485017991906
30.150753768844222	0.036017014880573586
30.55276381909548	0.021526583608651097
30.954773869346734	0.009756886234918338
31.35678391959799	0.008537910001507781
31.758793969849247	0.01146576822997215
32.16080402010051	0.010106162141354898
32.56281407035176	0.006423749057691716
32.96482412060302	0.015737005945284394
33.366834170854275	0.031852407985594994
33.76884422110553	0.049072887366950604
34.17085427135679	0.06401766516461296
34.572864321608044	0.07400395558388585
34.9748743718593	0.07749583420032584
35.37688442211056	0.07352259960486268
35.77889447236181	0.06268205837930928
36.18090452261307	0.04727433379646233
36.582914572864325	0.030273344558606058
36.98492462311558	0.017070360997571653
37.38693467336684	0.013414216312549396
37.788944723618094	0.01483946766538222
38.19095477386935	0.014241926578164116
38.59296482412061	0.016336558153538808
38.99497487437186	0.028627977083069862
39.39698492462312	0.046464048946423864
39.798994974874375	0.06411403562203652
40.20100502512563	0.07759393582257755
40.60301507537689	0.08388272991982645
41.005025125628144	0.081308166939181
41.4070351758794	0.07029662326707573
41.80904522613066	0.052884038962062674
42.21105527638191	0.032815439377455555
42.61306532663317	0.01659285359841705
43.015075376884425	0.014820347790068522
43.41708542713568	0.018948569254217902
43.81909547738694	0.017688321288737242
44.221105527638194	0.01482983939293569
44.62311557788945	0.024631509584179586
45.02512562814071	0.044144945388863946
45.42713567839196	0.06429802190498116
45.82914572864322	0.08019750847030743
46.231155778894475	0.0885351533682215
46.63316582914573	0.08726117006845717
47.03517587939699	0.0771141876620794
47.437185929648244	0.05978359913670794
47.8391959798995	0.03923544593909524
48.24120603015076	0.02101503551187288
48.64321608040201	0.015280384811406136
49.04522613065327	0.02022289636407475
49.447236180904525	0.021865266138388382
49.84924623115578	0.01966436534988609
50.25125628140704	0.02283852035732249
50.653266331658294	0.03778440921587486
51.05527638190955	0.057241556856390874
51.45728643216081	0.07459319126409611
51.85929648241206	0.08620248426446736
52.26130653266332	0.08938546327410493
52.663316582914575	0.08371213458630919
53.06532663316583	0.07028023359780923
53.46733668341709	0.05151295144891782
53.869346733668344	0.031170869429435845
54.2713567839196	0.01652709238874582
54.67336683417086	0.017820349759341145
55.07537688442211	0.023237201705602055
55.47738693467337	0.02340259756018313
55.879396984924625	0.022062113105288262
56.28140703517588	0.030376548351122072
56.68341708542714	0.04878807380271187
57.085427135678394	0.06891579080285246
57.48743718592965	0.08531008790562532
57.88944723618091	0.09430704709146755
58.29145728643216	0.09400537586264217
58.69346733668342	0.0846715531969933
59.095477386934675	0.06830105695764241
59.49748743718593	0.04763397147764204
59.89949748743719	0.027590426081530055
60.301507537688444	0.016352617828169692
60.7035175879397	0.01968407779425877
61.10552763819096	0.024129524395975453
61.50753768844221	0.024798830484225175
61.90954773869347	0.027252359310690883
62.311557788944725	0.03851914801192176
62.71356783919598	0.05598412696969175
63.11557788944724	0.0734486903710298
63.517587939698494	0.08675782577864888
63.91959798994975	0.09263316580393446
64.32160804020101	0.09035902606817085
64.72361809045226	0.08000833774272792
65.12562814070353	0.06330379574629262
65.52763819095478	0.04311707180311141
65.92964824120604	0.02422298197844179
66.33165829145729	0.015390464606134973
66.73366834170855	0.020373325517147472
67.1356783919598	0.02526081372019285
67.53768844221106	0.027321851144959153
67.93969849246231	0.0321321905245251
68.34170854271358	0.04398869584441425
68.74371859296483	0.06069630403140243
69.14572864321609	0.07731907488053666
69.54773869346734	0.08980940877356457
69.9497487437186	0.09552174989329733
70.35175879396985	0.09275901942106587
70.75376884422111	0.08179081801712039
71.15577889447236	0.06388770157856158
71.55778894472363	0.042693230842792106
71.95979899497488	0.02358334754701084
72.36180904522614	0.01825027645562426
72.76381909547739	0.02509336141413541
73.16582914572865	0.029973192740709552
73.5678391959799	0.03124788606570115
73.96984924623116	0.034813887599959945
74.37185929648241	0.046192048073266434
74.77386934673368	0.06274875429350617
75.17587939698493	0.078949714930107
75.57788944723619	0.09000416810391634
75.97989949748744	0.09269333480582441
76.3819095477387	0.08643345981707118
76.78391959798995	0.07165222826406051
77.18592964824121	0.05087461328760571
77.58793969849246	0.028723509967575406
77.98994974874373	0.014034308092128748
78.39195979899498	0.019870870357205285
78.79396984924624	0.028050994187480454
79.19597989949749	0.03043913188237369
79.59798994974875	0.03009544359253502
80.0	0.035354343077884647
