0.0	0.0077237723159284035
0.4020100502512563	0.003512703965136517
0.8040201005025126	0.0012638445031407633
1.206030150753769	0.005742221996718437
1.6080402010050252	0.00922380605694333
2.0100502512562817	0.011182251494047675
2.412060301507538	0.010980223134536043
2.814070351758794	0.008924374666740875
3.2160804020100504	0.0059946934521938255
3.6180904522613067	0.0020627134505079576
4.020100502512563	0.002405785591879037
4.42211055276382	0.005400791525189031
4.824120603015076	0.0067258846707124054
5.226130653266332	0.006599691873789945
5.628140703517588	0.004565610118057622
6.030150753768845	0.0014121096748558474
6.432160804020101	0.003991259475762133
6.834170854271357	0.00857452692280017
7.236180904522613	0.012364285706833606
7.63819095477387	0.014876401996366796
8.040201005025127	0.015585675205820118
8.442211055276383	0.01437879634999483
8.84422110552764	0.011538538682757263
9.246231155778895	0.007726607063870741
9.648241206030152	0.004721632409234711
10.050251256281408	0.005470909675274107
10.452261306532664	0.008184831143497589
10.85427135678392	0.01009865524760248
11.256281407035177	0.010427945523999001
11.658291457286433	0.009625329958212222
12.06030150753769	0.00851710561034855
12.462311557788945	0.008200012878267734
12.864321608040202	0.009053191971005407
13.266331658291458	0.010351434657722213
13.668341708542714	0.011378498481719264
14.07035175879397	0.011590407863119096
14.472361809045227	0.011771813606783496
14.874371859296483	0.012611660209969292
15.27638190954774	0.014241341365846158
15.678391959798995	0.01619519758111742
16.080402010050253	0.0177409016458888
16.48241206030151	0.018646804205281652
16.884422110552766	0.019044226096704184
17.286432160804022	0.019221170062087477
17.68844221105528	0.019476609743052486
18.090452261306535	0.019897150976215347
18.49246231155779	0.020659328764096055
18.894472361809047	0.021737407490258494
19.296482412060303	0.022911393567407935
19.69849246231156	0.024273998288071877
20.100502512562816	0.02595137757872239
20.502512562814072	0.02799842199098087
20.90452261306533	0.03049995993872685
21.306532663316585	0.03313737944300811
21.70854271356784	0.035957246069792254
22.110552763819097	0.03856308255660884
22.512562814070353	0.04069449900365808
22.91457286432161	0.042191044098921424
23.316582914572866	0.042826648955939725
23.718592964824122	0.04289029552494929
24.12060301507538	0.042493602700509774
24.522613065326635	0.0424263286031349
24.92462311557789	0.0430046113967648
25.326633165829147	0.04468824214222052
25.728643216080403	0.04749763696773597
26.13065326633166	0.0514338058796716
26.532663316582916	0.05629801223935364
26.934673366834172	0.06109929751455405
27.33668341708543	0.06564638226061686
27.738693467336685	0.06899897253956722
28.14070351758794	0.07056256964049752
28.542713567839197	0.07018615657013369
28.944723618090453	0.06753434157799292
29.34673366834171	0.06292998769046634
29.748743718592966	0.05743486792231771
30.150753768844222	0.05166363339325295
30.55276381909548	0.046630261151026156
30.954773869346734	0.04373424280277342
31.35678391959799	0.043842403871619515
31.758793969849247	0.04705227262602919
32.16080402010051	0.05286710053840943
32.56281407035176	0.05967747017240351
32.96482412060302	0.06635470881203206
33.366834170854275	0.07141924942275267
33.76884422110553	0.0732680678881786
34.17085427135679	0.07175737795480272
34.572864321608044	0.06678349625602012
34.9748743718593	0.05958681746427845
35.37688442211056	0.051389812733733185
35.77889447236181	0.043403936571899254
36.18090452261307	0.03725333991295314
36.582914572864325	0.03397413050291317
36.98492462311558	0.034084180812320314
37.38693467336684	0.03720945891447579
37.788944723618094	0.04270281730461431
38.19095477386935	0.04918155067430317
38.59296482412061	0.05521110239219159
38.99497487437186	0.05950817641088231
39.39698492462312	0.06126113958114402
39.798994974874375	0.060231291442219614
40.20100502512563	0.056865886405249956
40.60301507537689	0.05192859456481328
41.005025125628144	0.046657659304427265
41.4070351758794	0.042151863783719094
41.80904522613066	0.03937590860300621
42.21105527638191	0.03870564243840988
42.61306532663317	0.04044958935824399
43.015075376884425	0.04399489692553386
43.41708542713568	0.048678617073055444
43.81909547738694	0.053498242617945425
44.221105527638194	0.05769407200008875
44.62311557788945	0.060623060632562786
45.02512562814071	0.06184608309639111
45.42713567839196	0.06113357637799238
45.82914572864322	0.05879268121650422
46.231155778894475	0.05518909346266543
46.63316582914573	0.0513370980221707
47.03517587939699	0.04805683606676613
47.437185929648244	0.0458809783506539
47.8391959798995	0.04502210567804455
48.24120603015076	0.0455941728379486
48.64321608040201	0.0476450012033094
49.04522613065327	0.050385786415833723
49.447236180904525	0.05342506877824025
49.84924623115578	0.05587982011788646
50.25125628140704	0.05793044456596088
50.653266331658294	0.05863764685321278
51.05527638190955	0.05839364179676869
51.45728643216081	0.05730823988772734
51.85929648241206	0.0555632699531573
52.26130653266332	0.05376581150711786
52.663316582914575	0.051837919021282375
53.06532663316583	0.0502905312081536
53.46733668341709	0.049355358065236235
53.869346733668344	0.04901432308611879
54.2713567839196	0.04918539820763757
54.67336683417086	0.050266519934246065
55.07537688442211	0.05183106120362311
55.47738693467337	0.053929560103336584
55.879396984924625	0.05623339245118416
56.28140703517588	0.05875667729557636
56.68341708542714	0.06099008653428327
57.085427135678394	0.06255625607504953
57.48743718592965	0.06334481407902913
57.88944723618091	0.06324929435748848
58.29145728643216	0.06174780095451658
58.69346733668342	0.05891178456819708
59.095477386934675	0.055438116597408535
59.49748743718593	0.05151890875624433
59.89949748743719	0.048226875953003255
60.301507537688444	0.04639363627446517
60.7035175879397	0.04628764723383992
61.10552763819096	0.048096469483983766
61.50753768844221	0.05142595578571881
61.90954773869347	0.055528081746034394
62.311557788944725	0.060033066808454126
62.71356783919598	0.06355004734344787
63.11557788944724	0.06618975719411876
63.517587939698494	0.06664774633625563
63.91959798994975	0.06506755857502489
64.32160804020101	0.06094879423445693
64.72361809045226	0.05533905831414041
65.12562814070353	0.04888765086025223
65.52763819095478	0.042986299698860184
65.92964824120604	0.03890230996937834
66.33165829145729	0.037625222178997476
66.73366834170855	0.03908569477184986
67.1356783919598	0.042815449500511485
67.53768844221106	0.0480967618052073
67.93969849246231	0.053661226453550634
68.34170854271358	0.059027032920421954
68.74371859296483	0.06278787710297726
69.14572864321609	0.06417916498280522
69.54773869346734	0.06283885966620892
69.9497487437186	0.05925044716730924
70.35175879396985	0.053787461208033474
70.75376884422111	0.047791627064248526
71.15577889447236	0.04265464207051649
71.55778894472363	0.03951521497717756
71.95979899497488	0.038667356389892535
72.36180904522614	0.040130800591658224
72.76381909547739	0.043122683599128006
73.16582914572865	0.04721001068932572
73.5678391959799	0.051667127753738905
73.96984924623116	0.056186920923943375
74.37185929648241	0.05993459163328631
74.77386934673368	0.06218139301342516
75.17587939698493	0.062386020453619406
75.57788944723619	0.060714551364352595
75.97989949748744	0.05739082517401576
76.3819095477387	0.052689277195760977
76.78391959798995	0.04798356354732412
77.18592964824121	0.04414034255198547
77.58793969849246	0.041939073100101594
77.98994974874373	0.041490730518393144
78.39195979899498	0.04254999310749174
78.79396984924624	0.04476613420312288
79.19597989949749	0.04777054405470918
79.59798994974875	0.05172548251861533
80.0	0.055694856939996394
