0.0	0.03707989279402939
0.4020100502512563	0.034368728919492955
0.8040201005025126	0.026124596074206648
1.206030150753769	0.013924658338438872
1.6080402010050252	0.003730394211924286
2.0100502512562817	0.01461282319263782
2.412060301507538	0.02442707914787223
2.814070351758794	0.028984913262662754
3.2160804020100504	0.027497278036569307
3.6180904522613067	0.02018028251744811
4.020100502512563	0.008015941767897957
4.42211055276382	0.006917961458983367
4.824120603015076	0.021185635691201025
5.226130653266332	0.03302340584841898
5.628140703517588	0.04003741752664575
6.030150753768845	0.041057175443504915
6.432160804020101	0.036135739199872265
6.834170854271357	0.02648266146438443
7.236180904522613	0.014678295077260511
7.63819095477387	0.008422649361002642
8.040201005025127	0.014910148791230862
8.442211055276383	0.02072641242287695
8.84422110552764	0.021188048409393347
9.246231155778895	0.01591626118836991
9.648241206030152	0.0069248565153473204
10.050251256281408	0.012421691679605407
10.452261306532664	0.026973059501358206
10.85427135678392	0.04059187091683196
11.256281407035177	0.0501632004585104
11.658291457286433	0.05429366871132639
12.06030150753769	0.052492379394533606
12.462311557788945	0.045695420598168425
12.864321608040202	0.037232469724731446
13.266331658291458	0.03138302568443026
13.668341708542714	0.03189612724683606
14.07035175879397	0.03736166526680329
14.472361809045227	0.0427496006453713
14.874371859296483	0.04343860011882299
15.27638190954774	0.03792563281808401
15.678391959798995	0.023463530873996673
16.080402010050253	0.01228233263278019
16.48241206030151	0.034273504512495924
16.884422110552766	0.061143422285096505
17.286432160804022	0.08305918532868681
17.68844221105528	0.09433459074601508
18.090452261306535	0.09311236076043827
18.49246231155779	0.08227914954694719
18.894472361809047	0.0704159053106898
19.296482412060303	0.06695225339189687
19.69849246231156	0.07446768860854228
20.100502512562816	0.08248384851033667
20.502512562814072	0.08217415792292189
20.90452261306533	0.07146912874922647
21.306532663316585	0.05188426659630489
21.70854271356784	0.03062400693771883
22.110552763819097	0.03285295925306166
22.512562814070353	0.05576905184786256
22.91457286432161	0.07705466965280144
23.316582914572866	0.08874325589251414
23.718592964824122	0.08988027158170299
24.12060301507538	0.08304606622087225
24.522613065326635	0.07426423531261216
24.92462311557789	0.0705936032308639
25.326633165829147	0.07408856345644957
25.728643216080403	0.07953233721818889
26.13065326633166	0.08041180407916522
26.532663316582916	0.07357995350502697
26.934673366834172	0.05798148809261781
27.33668341708543	0.03753299874681233
27.738693467336685	0.020875909941479188
28.14070351758794	0.02789257642566597
28.542713567839197	0.04506054107171537
28.944723618090453	0.05759399873278685
29.34673366834171	0.06350107594978516
29.748743718592966	0.06305472777481416
30.150753768844222	0.061260079820015224
30.55276381909548	0.061614663692575414
30.954773869346734	0.06450855479209314
31.35678391959799	0.06698686846144246
31.758793969849247	0.06619040536348718
32.16080402010051	0.06057465080110084
32.56281407035176	0.04984349460831543
32.96482412060302	0.03535835769184426
33.366834170854275	0.019337207949340036
33.76884422110553	0.006163456633402558
34.17085427135679	0.017431726361770643
34.572864321608044	0.03117637309494691
34.9748743718593	0.04189358161785535
35.37688442211056	0.04929864736077915
35.77889447236181	0.05190023665474158
36.18090452261307	0.052192407347336246
36.582914572864325	0.04935605577605622
36.98492462311558	0.04434527841586187
37.38693467336684	0.038151912683878755
37.788944723618094	0.03319262931948215
38.19095477386935	0.03102860869445407
38.59296482412061	0.029898730324704047
38.99497487437186	0.02698185638644473
39.39698492462312	0.01994066743242261
39.798994974874375	0.0102201131299299
40.20100502512563	0.009441068059083173
40.60301507537689	0.021785142404274878
41.005025125628144	0.03386736981498526
41.4070351758794	0.04237646409024895
41.80904522613066	0.04569989954665482
42.21105527638191	0.04285538897463372
42.61306532663317	0.03534357223525326
43.015075376884425	0.026005344132047758
43.41708542713568	0.02144480361417052
43.81909547738694	0.02616762639280464
44.221105527638194	0.032836789647086674
44.62311557788945	0.03563263789711572
45.02512562814071	0.03424016322033975
45.42713567839196	0.03046627513342543
45.82914572864322	0.028466884198325892
46.231155778894475	0.03125238860044578
46.63316582914573	0.03686126086589758
47.03517587939699	0.041771857568138435
47.437185929648244	0.04284843119116255
47.8391959798995	0.039056843505943656
48.24120603015076	0.030553123105935016
48.64321608040201	0.018512775565889213
49.04522613065327	0.009050868853730404
49.447236180904525	0.016838002291504988
49.84924623115578	0.028485084725921733
50.25125628140704	0.036698085323484134
50.653266331658294	0.04159155062498002
51.05527638190955	0.04399278211507361
51.45728643216081	0.04533396304800534
51.85929648241206	0.04599700397324709
52.26130653266332	0.04640628923518943
52.663316582914575	0.045561465640047656
53.06532663316583	0.043710561047715715
53.46733668341709	0.040102895172841366
53.869346733668344	0.03407861938791583
54.2713567839196	0.025610159589995574
54.67336683417086	0.01593225128300178
55.07537688442211	0.011809358802767426
55.47738693467337	0.020163695511647442
55.879396984924625	0.032377802729317964
56.28140703517588	0.043581583613823714
56.68341708542714	0.052571577438440785
57.085427135678394	0.058987690502733815
57.48743718592965	0.06198820307357922
57.88944723618091	0.0621458337755913
58.29145728643216	0.06016354014067504
58.69346733668342	0.05780916424780589
59.095477386934675	0.05553758612708313
59.49748743718593	0.05360702398524386
59.89949748743719	0.05082851361879863
60.301507537688444	0.0462086599273403
60.7035175879397	0.040850623790747984
61.10552763819096	0.0375202531030965
61.50753768844221	0.03949013964190664
61.90954773869347	0.045923884373406894
62.311557788944725	0.05381529643197778
62.71356783919598	0.06026411463837804
63.11557788944724	0.06372465593882091
63.517587939698494	0.06407372465344172
63.91959798994975	0.0625735009903132
64.32160804020101	0.060746533965156876
64.72361809045226	0.060371253490472364
65.12562814070353	0.060616587900606964
65.52763819095478	0.05955477782957151
65.92964824120604	0.05556558607809562
66.33165829145729	0.04849800090497515
66.73366834170855	0.039684962758467966
67.1356783919598	0.03303496671585673
67.53768844221106	0.032383481913258204
67.93969849246231	0.03787968467267294
68.34170854271358	0.04430144640215057
68.74371859296483	0.04842442691754298
69.14572864321609	0.049249611099214316
69.54773869346734	0.0479844358291208
69.9497487437186	0.04663598941298013
70.35175879396985	0.047686219499026766
70.75376884422111	0.05024080634133328
71.15577889447236	0.05157212725859944
71.55778894472363	0.0496528890384995
71.95979899497488	0.04337588296920954
72.36180904522614	0.03317917125748858
72.76381909547739	0.02106517827764998
73.16582914572865	0.013486589898795014
73.5678391959799	0.019040704287544376
73.96984924623116	0.028514661745747634
74.37185929648241	0.03545287926400397
74.77386934673368	0.03876323961468769
75.17587939698493	0.03969231884804124
75.57788944723619	0.04063538913889067
75.97989949748744	0.04343400676609411
76.3819095477387	0.04740171085250482
76.78391959798995	0.0504667366388878
77.18592964824121	0.05049231635371957
77.58793969849246	0.04682864713904145
77.98994974874373	0.039029479926078366
78.39195979899498	0.028352589297227164
78.79396984924624	0.016279963796659806
79.19597989949749	0.008949832915544626
79.59798994974875	0.014908543424114639
80.0	0.023281094875925026
