0.0	0.01732455502627423
0.4020100502512563	0.017936388574855654
0.8040201005025126	0.015628968990517574
1.206030150753769	0.010722814851815173
1.6080402010050252	0.004640916095260786
2.0100502512562817	0.003100766021556006
2.412060301507538	0.008445549655482549
2.814070351758794	0.011929056656537363
3.2160804020100504	0.012644278219743182
3.6180904522613067	0.01044539355959421
4.020100502512563	0.005494884347678636
4.42211055276382	0.0014933893504077704
4.824120603015076	0.008881580917969418
5.226130653266332	0.015763912952159124
5.628140703517588	0.020959913600830993
6.030150753768845	0.02353362224108513
6.432160804020101	0.023105421021578906
6.834170854271357	0.02006066597042994
7.236180904522613	0.014889892931622045
7.63819095477387	0.008931385726123817
8.040201005025127	0.004162224230377084
8.442211055276383	0.003158701451909157
8.84422110552764	0.0038173456369805956
9.246231155778895	0.0025144527092274445
9.648241206030152	0.00340531108761936
10.050251256281408	0.010132618501495298
10.452261306532664	0.018482404438664734
10.85427135678392	0.026889742110383925
11.256281407035177	0.03402965852034111
11.658291457286433	0.038740736338989265
12.06030150753769	0.04040983383054415
12.462311557788945	0.03908317940439248
12.864321608040202	0.03496973386935769
13.266331658291458	0.028752207117367857
13.668341708542714	0.022623944306549244
14.07035175879397	0.017342174055687956
14.472361809045227	0.014302978021601418
14.874371859296483	0.014360117169518035
15.27638190954774	0.016472934391306836
15.678391959798995	0.019243672649107455
16.080402010050253	0.02187191365370477
16.48241206030151	0.02410167617808961
16.884422110552766	0.026029957614532622
17.286432160804022	0.028037919976753943
17.68844221105528	0.030624267289988967
18.090452261306535	0.03386868650671417
18.49246231155779	0.03994892370000365
18.894472361809047	0.04880052172795614
19.296482412060303	0.057960848745559033
19.69849246231156	0.0658607481765196
20.100502512562816	0.07040962209227936
20.502512562814072	0.071648186588516
20.90452261306533	0.06941595878837416
21.306532663316585	0.06557712876026131
21.70854271356784	0.06091226480855766
22.110552763819097	0.05467828226972945
22.512562814070353	0.048695455779333166
22.91457286432161	0.0414096222076016
23.316582914572866	0.035249100892390806
23.718592964824122	0.03272498905893976
24.12060301507538	0.036629583948202996
24.522613065326635	0.04722406211049661
24.92462311557789	0.06312446390180872
25.326633165829147	0.08223632687753812
25.728643216080403	0.1005791582280374
26.13065326633166	0.11325887269781205
26.532663316582916	0.11637809588945351
26.934673366834172	0.10895789552841365
27.33668341708543	0.09151566609208943
27.738693467336685	0.0669055888965296
28.14070351758794	0.04011389246427979
28.542713567839197	0.018480580497872143
28.944723618090453	0.015897958469302073
29.34673366834171	0.022345964878850797
29.748743718592966	0.02227873047702106
30.150753768844222	0.014688674267975538
30.55276381909548	0.015270768537777892
30.954773869346734	0.03546208398102411
31.35678391959799	0.05804427796883983
31.758793969849247	0.0752649965369189
32.16080402010051	0.08222044566654518
32.56281407035176	0.0779038615454763
32.96482412060302	0.06140349453105385
33.366834170854275	0.03602127296283235
33.76884422110553	0.006278423069797331
34.17085427135679	0.026327163276114778
34.572864321608044	0.05165114711065143
34.9748743718593	0.06845208827559482
35.37688442211056	0.07237423668053514
35.77889447236181	0.06286591247284215
36.18090452261307	0.04253327017778105
36.582914572864325	0.014822899658494626
36.98492462311558	0.014674405410588153
37.38693467336684	0.03968371709801747
37.788944723618094	0.05573026606542658
38.19095477386935	0.060493115770017925
38.59296482412061	0.052817833112117886
38.99497487437186	0.0350043580539622
39.39698492462312	0.014974019738361741
39.798994974874375	0.02334638664328407
40.20100502512563	0.044527895792865355
40.60301507537689	0.05876820427852899
41.005025125628144	0.06140919757360067
41.4070351758794	0.05157275113737851
41.80904522613066	0.03157290281575244
42.21105527638191	0.012545445613337225
42.61306532663317	0.03482315583007249
43.015075376884425	0.06347697048082099
43.41708542713568	0.08576731761801917
43.81909547738694	0.09788440886575783
44.221105527638194	0.09834101228220253
44.62311557788945	0.08842995255340351
45.02512562814071	0.07134088871314666
45.42713567839196	0.051568691484468764
45.82914572864322	0.03486749804706314
46.231155778894475	0.025724697429028186
46.63316582914573	0.021971821292627834
47.03517587939699	0.017390020546820324
47.437185929648244	0.016585986859805106
47.8391959798995	0.030376479558541065
48.24120603015076	0.051122638460820644
48.64321608040201	0.07117968435030096
49.04522613065327	0.08573969218326921
49.447236180904525	0.0923462433424527
49.84924623115578	0.08981786889171842
50.25125628140704	0.0791556198621793
50.653266331658294	0.06252117959084816
51.05527638190955	0.042186975418310686
51.45728643216081	0.02212339049129816
51.85929648241206	0.008810919303582425
52.26130653266332	0.01353706310060567
52.663316582914575	0.0179172267844102
53.06532663316583	0.015561216354374222
53.46733668341709	0.006533978209831148
53.869346733668344	0.007156391810530761
54.2713567839196	0.022217167832108142
54.67336683417086	0.03631102488204039
55.07537688442211	0.046654759851165926
55.47738693467337	0.05127340567355728
55.879396984924625	0.04893006782777555
56.28140703517588	0.04028158750696283
56.68341708542714	0.027315648463456316
57.085427135678394	0.016202437285772232
57.48743718592965	0.02051861666963663
57.88944723618091	0.031594473847597615
58.29145728643216	0.038960145959457584
58.69346733668342	0.03904379088254404
59.095477386934675	0.03222544019643381
59.49748743718593	0.020395845999034563
59.89949748743719	0.014800175441893295
60.301507537688444	0.028064593433364583
60.7035175879397	0.04450399168741687
61.10552763819096	0.056993242543980936
61.50753768844221	0.062378561196141304
61.90954773869347	0.05958653250241934
62.311557788944725	0.049406508977089585
62.71356783919598	0.0349370302889474
63.11557788944724	0.021954909760156786
63.517587939698494	0.02109742984829379
63.91959798994975	0.02873642667681788
64.32160804020101	0.033251295400725155
64.72361809045226	0.03087790740988931
65.12562814070353	0.02129171699685629
65.52763819095478	0.008582307982274526
65.92964824120604	0.017390147890228767
66.33165829145729	0.03497868713708541
66.73366834170855	0.04930892529629878
67.1356783919598	0.05672859710431031
67.53768844221106	0.05591324065955178
67.93969849246231	0.047437760063858796
68.34170854271358	0.03391392151325594
68.74371859296483	0.02115622328862732
69.14572864321609	0.021320843104141347
69.54773869346734	0.03029876294004316
69.9497487437186	0.03655133320514648
70.35175879396985	0.03595006071654551
70.75376884422111	0.028045505911126468
71.15577889447236	0.01560913529597228
71.55778894472363	0.014593249972303277
71.95979899497488	0.03170275937372524
72.36180904522614	0.04847297737534781
72.76381909547739	0.0599099986427428
73.16582914572865	0.0635947434852411
73.5678391959799	0.05896851765360751
73.96984924623116	0.047918889516839244
74.37185929648241	0.03349262733842646
74.77386934673368	0.021798753871582942
75.17587939698493	0.021389646609570292
75.57788944723619	0.02707246091640448
75.97989949748744	0.029526850279621937
76.3819095477387	0.025666416616510035
76.78391959798995	0.01755329016020766
77.18592964824121	0.01657665528884379
77.58793969849246	0.030083692634956173
77.98994974874373	0.04601274016169906
78.39195979899498	0.05792609819437973
78.79396984924624	0.06359616305205398
79.19597989949749	0.06205969267801059
79.59798994974875	0.0542268259583078
80.0	0.04151815642514178
