0.0	0.01912037875309489
0.4020100502512563	0.016582630713401558
0.8040201005025126	0.011334114977492222
1.206030150753769	0.004784839546557912
1.6080402010050252	0.0039046454039506316
2.0100502512562817	0.009691936141095531
2.412060301507538	0.013709119415303983
2.814070351758794	0.014737748870635881
3.2160804020100504	0.01256519016419331
3.6180904522613067	0.007733538619729173
4.020100502512563	0.0011236035276343413
4.42211055276382	0.006450086763649334
4.824120603015076	0.013112099594419419
5.226130653266332	0.017905153907797875
5.628140703517588	0.019860480841396112
6.030150753768845	0.01870935668813504
6.432160804020101	0.01504421317426263
6.834170854271357	0.009549097703804667
7.236180904522613	0.004963234124979291
7.63819095477387	0.007031801581042227
8.040201005025127	0.01107959062493934
8.442211055276383	0.012928691326293673
8.84422110552764	0.011934394086901527
9.246231155778895	0.008732005092535893
9.648241206030152	0.005857567274303434
10.050251256281408	0.0093972336231564
10.452261306532664	0.015861662809019596
10.85427135678392	0.02168588464251917
11.256281407035177	0.025599427001378065
11.658291457286433	0.02699430805804446
12.06030150753769	0.025735664564131965
12.462311557788945	0.022673953276229657
12.864321608040202	0.01856527708079033
13.266331658291458	0.015036437752228215
13.668341708542714	0.012973782054745262
14.07035175879397	0.012713245082640521
14.472361809045227	0.012366034392063381
14.874371859296483	0.011291462844108164
15.27638190954774	0.00949128884536771
15.678391959798995	0.009517706069856949
16.080402010050253	0.013276652130711932
16.48241206030151	0.01894059791034959
16.884422110552766	0.024725815737668275
17.286432160804022	0.02925134759667985
17.68844221105528	0.03188244107534367
18.090452261306535	0.03231355615877375
18.49246231155779	0.03064007892598668
18.894472361809047	0.02721674393030541
19.296482412060303	0.022788466341891907
19.69849246231156	0.017920514407302676
20.100502512562816	0.013528302621503938
20.502512562814072	0.010297721432510242
20.90452261306533	0.008093741651002935
21.306532663316585	0.008614519001532876
21.70854271356784	0.012962964859872052
22.110552763819097	0.019713115853423696
22.512562814070353	0.027129801435509016
22.91457286432161	0.03369012420312563
23.316582914572866	0.038214553748766596
23.718592964824122	0.04014034463779071
24.12060301507538	0.039084435380332225
24.522613065326635	0.03504018808119042
24.92462311557789	0.028931005190799424
25.326633165829147	0.021924772195464803
25.728643216080403	0.014702649307617449
26.13065326633166	0.008988848543678677
26.532663316582916	0.005870876261860029
26.934673366834172	0.006345368683080201
27.33668341708543	0.009648477877533427
27.738693467336685	0.01533226565386223
28.14070351758794	0.022709139736194157
28.542713567839197	0.030318484818895257
28.944723618090453	0.03739581861882428
29.34673366834171	0.042737073909737536
29.748743718592966	0.04508473361826454
30.150753768844222	0.044455404615533864
30.55276381909548	0.0409371683011047
30.954773869346734	0.035033992686808
31.35678391959799	0.0280836088502527
31.758793969849247	0.02190367645738204
32.16080402010051	0.018029686602341027
32.56281407035176	0.017186014620896212
32.96482412060302	0.018809038461477932
33.366834170854275	0.022810245235565983
33.76884422110553	0.02879655932891484
34.17085427135679	0.03630523016625425
34.572864321608044	0.044231042157525866
34.9748743718593	0.05087050962007501
35.37688442211056	0.05532949877000683
35.77889447236181	0.05688857635080306
36.18090452261307	0.05608244992233433
36.582914572864325	0.05312135685473427
36.98492462311558	0.04900975105723027
37.38693467336684	0.04501189778561799
37.788944723618094	0.041983985548019985
38.19095477386935	0.04065020024859771
38.59296482412061	0.041883063931784224
38.99497487437186	0.045332051890930605
39.39698492462312	0.050816810755509666
39.798994974874375	0.0575549318487516
40.20100502512563	0.06437718556593994
40.60301507537689	0.06975764266393861
41.005025125628144	0.07288839674825898
41.4070351758794	0.07297712294898347
41.80904522613066	0.06981201853199037
42.21105527638191	0.06417527610290533
42.61306532663317	0.05718424242923555
43.015075376884425	0.050049446734102235
43.41708542713568	0.044844207760565837
43.81909547738694	0.04253952106373419
44.221105527638194	0.04330236913835895
44.62311557788945	0.04681583812223152
45.02512562814071	0.05182645591521347
45.42713567839196	0.05785136885980866
45.82914572864322	0.06344731745988644
46.231155778894475	0.06782043568952453
46.63316582914573	0.0701133639603729
47.03517587939699	0.06984620229410095
47.437185929648244	0.0670018148927747
47.8391959798995	0.06216385588877643
48.24120603015076	0.05613858654887168
48.64321608040201	0.04986513539680352
49.04522613065327	0.04493063709335893
49.447236180904525	0.04221454673315954
49.84924623115578	0.04219598022663147
50.25125628140704	0.04439427762471987
50.653266331658294	0.04810598186062656
51.05527638190955	0.05275413975358949
51.45728643216081	0.057681035451225035
51.85929648241206	0.062093914755133095
52.26130653266332	0.06526622538541181
52.663316582914575	0.0668344507548105
53.06532663316583	0.06654800454577198
53.46733668341709	0.06409621513716691
53.869346733668344	0.0597405882427882
54.2713567839196	0.05434010056073896
54.67336683417086	0.04893212498808978
55.07537688442211	0.04460321346592618
55.47738693467337	0.0421725395647624
55.879396984924625	0.04195811286605617
56.28140703517588	0.04338558645215828
56.68341708542714	0.0463293381562425
57.085427135678394	0.05047566388215309
57.48743718592965	0.05556199722338569
57.88944723618091	0.06086595995420195
58.29145728643216	0.0656885552238837
58.69346733668342	0.06868171065017183
59.095477386934675	0.06911687686776719
59.49748743718593	0.06677826650986877
59.89949748743719	0.06173187800796524
60.301507537688444	0.0549875682435569
60.7035175879397	0.04800858297207651
61.10552763819096	0.04258974122148305
61.50753768844221	0.04006308253114098
61.90954773869347	0.040638664299312975
62.311557788944725	0.043650818585649814
62.71356783919598	0.04830617323162478
63.11557788944724	0.05380699277818444
63.517587939698494	0.05973806331048861
63.91959798994975	0.06528515059191378
64.32160804020101	0.06932686206249841
64.72361809045226	0.07097786586223097
65.12562814070353	0.06965963771833608
65.52763819095478	0.06523430216027876
65.92964824120604	0.05841568649982783
66.33165829145729	0.05049415547316847
66.73366834170855	0.043151404086176334
67.1356783919598	0.03841595409322016
67.53768844221106	0.037675675503278765
67.93969849246231	0.04023474890632685
68.34170854271358	0.04454747046043732
68.74371859296483	0.049579608690016735
69.14572864321609	0.05504364846194028
69.54773869346734	0.060258071652332754
69.9497487437186	0.06504768946527963
70.35175879396985	0.06846174300992684
70.75376884422111	0.06957004724781671
71.15577889447236	0.06775362259041025
71.55778894472363	0.06311003808467783
71.95979899497488	0.05630395999713571
72.36180904522614	0.04874184987774744
72.76381909547739	0.04233489685096201
73.16582914572865	0.039086037149873555
73.5678391959799	0.039782563756062
73.96984924623116	0.04311017513368691
74.37185929648241	0.047573384229305085
74.77386934673368	0.052289367074307515
75.17587939698493	0.05706439613172887
75.57788944723619	0.061334593477781585
75.97989949748744	0.06467101398813427
76.3819095477387	0.06643923315248948
76.78391959798995	0.06593207623955713
77.18592964824121	0.06279031903945481
77.58793969849246	0.057494797680850564
77.98994974874373	0.05084224650019359
78.39195979899498	0.04445089744198141
78.79396984924624	0.04000156739280167
79.19597989949749	0.038970156617173804
79.59798994974875	0.04092896293479068
80.0	0.04454440413024003
