0.0	0.02998036448194012
0.4020100502512563	0.02717438908790566
0.8040201005025126	0.02002650132122899
1.206030150753769	0.010286749442438941
1.6080402010050252	0.004083744259354601
2.0100502512562817	0.012696160516623386
2.412060301507538	0.01967424575105231
2.814070351758794	0.022777679306325536
3.2160804020100504	0.020980841498029597
3.6180904522613067	0.014401497560291493
4.020100502512563	0.0051073414371722164
4.42211055276382	0.007469098686187528
4.824120603015076	0.018073440044832252
5.226130653266332	0.026468247206299606
5.628140703517588	0.03106891915990388
6.030150753768845	0.03074098004460845
6.432160804020101	0.026010828006531088
6.834170854271357	0.017804224961962007
7.236180904522613	0.008540850090426662
7.63819095477387	0.00690480704816177
8.040201005025127	0.013337082100798241
8.442211055276383	0.01751945744980344
8.84422110552764	0.01718947112023976
9.246231155778895	0.012064281232353213
9.648241206030152	0.002855030622262685
10.050251256281408	0.008957185033739264
10.452261306532664	0.02128460991083348
10.85427135678392	0.03221900560065483
11.256281407035177	0.039900113824035424
11.658291457286433	0.04326107906618111
12.06030150753769	0.042092624406794746
12.462311557788945	0.03679612806186114
12.864321608040202	0.028712633657435198
13.266331658291458	0.019723493889840914
13.668341708542714	0.012149742663674011
14.07035175879397	0.007489103631177284
14.472361809045227	0.006192408607739276
14.874371859296483	0.008384951396504092
15.27638190954774	0.015479884850247417
15.678391959798995	0.0263029631480599
16.080402010050253	0.03860952160724883
16.48241206030151	0.05017752572322626
16.884422110552766	0.05936997965438192
17.286432160804022	0.06439980716876201
17.68844221105528	0.06493546637329253
18.090452261306535	0.06105751532169799
18.49246231155779	0.053616589806068635
18.894472361809047	0.04434820487972986
19.296482412060303	0.03593304446925079
19.69849246231156	0.030339389999721605
20.100502512562816	0.029253715648894424
20.502512562814072	0.03320058134110972
20.90452261306533	0.04245299413920098
21.306532663316585	0.055274746842689196
21.70854271356784	0.06950616607340872
22.110552763819097	0.08247602475756576
22.512562814070353	0.09161489652808219
22.91457286432161	0.09534892682611797
23.316582914572866	0.0933724247551921
23.718592964824122	0.08595204413818244
24.12060301507538	0.07462973020226177
24.522613065326635	0.061746550636345654
24.92462311557789	0.049567452752323736
25.326633165829147	0.04024224077562347
25.728643216080403	0.03560262094926743
26.13065326633166	0.03638921163136672
26.532663316582916	0.041712047487198596
26.934673366834172	0.05014859287069133
27.33668341708543	0.05986955794936531
27.738693467336685	0.06855727239162276
28.14070351758794	0.07495204702545541
28.542713567839197	0.07777634576231107
28.944723618090453	0.07678278043152144
29.34673366834171	0.07203245952153321
29.748743718592966	0.06454947944956328
30.150753768844222	0.055240070425137545
30.55276381909548	0.04595135666293816
30.954773869346734	0.0380919675953959
31.35678391959799	0.03307758053755904
31.758793969849247	0.03171897487766361
32.16080402010051	0.033903338469286594
32.56281407035176	0.038667034746057316
32.96482412060302	0.045369732349753056
33.366834170854275	0.05270173290058644
33.76884422110553	0.059492582696476184
34.17085427135679	0.06487231605792933
34.572864321608044	0.06761330144768814
34.9748743718593	0.06751918638629768
35.37688442211056	0.06503190474824436
35.77889447236181	0.06002629502485642
36.18090452261307	0.05396183032489935
36.582914572864325	0.0478266750596715
36.98492462311558	0.042734453011692944
37.38693467336684	0.039565353164529735
37.788944723618094	0.038906233844489914
38.19095477386935	0.040549236231957914
38.59296482412061	0.04424814008887115
38.99497487437186	0.049225718870313726
39.39698492462312	0.05496462978777469
39.798994974874375	0.06035211484058869
40.20100502512563	0.06494077193781236
40.60301507537689	0.06790062853275519
41.005025125628144	0.06871181416762373
41.4070351758794	0.06732292629963317
41.80904522613066	0.06421425045984122
42.21105527638191	0.05992488436227914
42.61306532663317	0.05540996083442261
43.015075376884425	0.051141914497582056
43.41708542713568	0.048174365920762754
43.81909547738694	0.04671351146173801
44.221105527638194	0.046911917254885784
44.62311557788945	0.04864459860252496
45.02512562814071	0.051714862297592215
45.42713567839196	0.056017640155914275
45.82914572864322	0.060811725578249064
46.231155778894475	0.06535274855197987
46.63316582914573	0.06864321669801751
47.03517587939699	0.07013819370800727
47.437185929648244	0.06918933839672149
47.8391959798995	0.06581236822363541
48.24120603015076	0.060548441555391706
48.64321608040201	0.0540215994862636
49.04522613065327	0.047643415716557565
49.447236180904525	0.04259503916882622
49.84924623115578	0.039831618456266336
50.25125628140704	0.03960115814406395
50.653266331658294	0.042029113574767456
51.05527638190955	0.046633191888690834
51.45728643216081	0.052870122680091315
51.85929648241206	0.05996180844470382
52.26130653266332	0.06610174418708198
52.663316582914575	0.0701245939360457
53.06532663316583	0.07118595588119526
53.46733668341709	0.06905042749286508
53.869346733668344	0.06367701318651557
54.2713567839196	0.05644668533459429
54.67336683417086	0.04876746210740239
55.07537688442211	0.04233596346471217
55.47738693467337	0.038750138920677565
55.879396984924625	0.03809081179469949
56.28140703517588	0.04035185728798535
56.68341708542714	0.0455060397795007
57.085427135678394	0.05221603254863001
57.48743718592965	0.05971049276563749
57.88944723618091	0.06629881597339612
58.29145728643216	0.07070636273225109
58.69346733668342	0.07190806158693601
59.095477386934675	0.0694893494441716
59.49748743718593	0.06383934989925438
59.89949748743719	0.05608366188920899
60.301507537688444	0.04798259707390109
60.7035175879397	0.04109741812276914
61.10552763819096	0.03700580828100813
61.50753768844221	0.03611890804332399
61.90954773869347	0.03830030308807307
62.311557788944725	0.042972082969764194
62.71356783919598	0.04933711904337673
63.11557788944724	0.05677137047153537
63.517587939698494	0.06357078175621014
63.91959798994975	0.06866476336038875
64.32160804020101	0.07080556677775249
64.72361809045226	0.0697782267994044
65.12562814070353	0.06537084207706637
65.52763819095478	0.05858153421371658
65.92964824120604	0.050853650020954946
66.33165829145729	0.0443043920762501
66.73366834170855	0.04039517925980986
67.1356783919598	0.040072903933132634
67.53768844221106	0.04267150100678679
67.93969849246231	0.046946117532399814
68.34170854271358	0.05210322016186255
68.74371859296483	0.05794361592053909
69.14572864321609	0.06359691873654225
69.54773869346734	0.0679512999826558
69.9497487437186	0.07012535654395054
70.35175879396985	0.06948129580260706
70.75376884422111	0.06616482872808717
71.15577889447236	0.0606602829520451
71.55778894472363	0.054197257234755956
71.95979899497488	0.04839377079218049
72.36180904522614	0.044804277536526285
72.76381909547739	0.04391737045899258
73.16582914572865	0.045490825655941876
73.5678391959799	0.048434950717210434
73.96984924623116	0.052245823683128224
74.37185929648241	0.05619101169309635
74.77386934673368	0.06012830433161646
75.17587939698493	0.0633080524547073
75.57788944723619	0.06547873125051418
75.97989949748744	0.06627828519101119
76.3819095477387	0.06538544382824026
76.78391959798995	0.06272682019061568
77.18592964824121	0.05875076542526505
77.58793969849246	0.05439873718574546
77.98994974874373	0.05083198015709602
78.39195979899498	0.0491385294831545
78.79396984924624	0.049446291375032786
79.19597989949749	0.05135853927499889
79.59798994974875	0.05384049482262541
80.0	0.05663071859128771
