0.0	0.010709245313246664
0.4020100502512563	0.008944277475899827
0.8040201005025126	0.005657572006228254
1.206030150753769	0.0014881630356420833
1.6080402010050252	0.0029767967117144507
2.0100502512562817	0.006519375543774147
2.412060301507538	0.008898986637433886
2.814070351758794	0.009421298567436974
3.2160804020100504	0.008024942441990007
3.6180904522613067	0.004975517697329048
4.020100502512563	0.0012825558768429803
4.42211055276382	0.003279517716777345
4.824120603015076	0.007084808578790293
5.226130653266332	0.00952758801961155
5.628140703517588	0.01032051647200709
6.030150753768845	0.009281946781417267
6.432160804020101	0.006563298194561784
6.834170854271357	0.0025929063122847396
7.236180904522613	0.0017691650322813435
7.63819095477387	0.005747872023061932
8.040201005025127	0.008531737683380693
8.442211055276383	0.009677242515905043
8.84422110552764	0.00910956709617516
9.246231155778895	0.006873609153889272
9.648241206030152	0.003611804329112539
10.050251256281408	0.002093648395042175
10.452261306532664	0.005089455424413988
10.85427135678392	0.007738764353312037
11.256281407035177	0.009076890420070555
11.658291457286433	0.008634321351878584
12.06030150753769	0.006685576232557127
12.462311557788945	0.0031956982752192283
12.864321608040202	0.0012304124626111722
13.266331658291458	0.005385163130920611
13.668341708542714	0.009267073700310746
14.07035175879397	0.01203825409468384
14.472361809045227	0.013548635561340238
14.874371859296483	0.01353966753977873
15.27638190954774	0.012299090955034076
15.678391959798995	0.010291102387608952
16.080402010050253	0.007597131269525477
16.48241206030151	0.005099083178874124
16.884422110552766	0.0032989758465357477
17.286432160804022	0.0030851393946576605
17.68844221105528	0.004163505669991311
18.090452261306535	0.0061232416775618605
18.49246231155779	0.008844791790383324
18.894472361809047	0.012198344902003238
19.296482412060303	0.01615336361671283
19.69849246231156	0.020385393268710448
20.100502512562816	0.024134534502826186
20.502512562814072	0.026978863858833718
20.90452261306533	0.028721979036584723
21.306532663316585	0.02926717961564999
21.70854271356784	0.028683525497369015
22.110552763819097	0.02724570863804963
22.512562814070353	0.02524173578788031
22.91457286432161	0.02291451528545959
23.316582914572866	0.020807487685075104
23.718592964824122	0.01950509571384126
24.12060301507538	0.01927338563473312
24.522613065326635	0.02024026551274538
24.92462311557789	0.022816620563461835
25.326633165829147	0.026385863253002205
25.728643216080403	0.0305841891509127
26.13065326633166	0.03485210673028324
26.532663316582916	0.03851199465282583
26.934673366834172	0.04096902606763591
27.33668341708543	0.04207229253651989
27.738693467336685	0.04178303796621132
28.14070351758794	0.04008502405524805
28.542713567839197	0.0371794674931363
28.944723618090453	0.03356687761203565
29.34673366834171	0.0305740965946031
29.748743718592966	0.02882822535639621
30.150753768844222	0.029080357008540524
30.55276381909548	0.0315958964412384
30.954773869346734	0.036063166478034765
31.35678391959799	0.041058268353723
31.758793969849247	0.04588419314276322
32.16080402010051	0.05011088529921367
32.56281407035176	0.053056015868733285
32.96482412060302	0.05467970068298805
33.366834170854275	0.05481207604256463
33.76884422110553	0.05397209382615077
34.17085427135679	0.05227300775120368
34.572864321608044	0.05022177632668997
34.9748743718593	0.04858212949636346
35.37688442211056	0.04819763894970419
35.77889447236181	0.04938083446040101
36.18090452261307	0.052411735854714134
36.582914572864325	0.05668418577133001
36.98492462311558	0.06146747460854789
37.38693467336684	0.06618313275555476
37.788944723618094	0.06993982194575235
38.19095477386935	0.07207808749445964
38.59296482412061	0.07188698517724074
38.99497487437186	0.0694651609454339
39.39698492462312	0.06502351228027695
39.798994974874375	0.05941350135071797
40.20100502512563	0.05384955690789793
40.60301507537689	0.04960307437435467
41.005025125628144	0.04770580729319296
41.4070351758794	0.048435223812603664
41.80904522613066	0.05161856245776506
42.21105527638191	0.05642556095557104
42.61306532663317	0.061941786804653474
43.015075376884425	0.06682194134459433
43.41708542713568	0.06991903609865711
43.81909547738694	0.07051426210844018
44.221105527638194	0.06828975208910276
44.62311557788945	0.06363114768826321
45.02512562814071	0.057306574544487954
45.42713567839196	0.050468524271216966
45.82914572864322	0.043932748352167136
46.231155778894475	0.039134876233332595
46.63316582914573	0.03660274131678022
47.03517587939699	0.03652496026965756
47.437185929648244	0.03855162528763914
47.8391959798995	0.04212081382003595
48.24120603015076	0.046901205118411386
48.64321608040201	0.0519297059352401
49.04522613065327	0.05602089230548078
49.447236180904525	0.05873439090896345
49.84924623115578	0.059525699056834414
50.25125628140704	0.058442766420602664
50.653266331658294	0.05577582515723069
51.05527638190955	0.052076910902925835
51.45728643216081	0.04841554267964908
51.85929648241206	0.04538746863587094
52.26130653266332	0.04354365967274984
52.663316582914575	0.0428762305940527
53.06532663316583	0.04328115766923499
53.46733668341709	0.04462290140880183
53.869346733668344	0.04658783642037413
54.2713567839196	0.04913768129664023
54.67336683417086	0.05180054577699768
55.07537688442211	0.05431259148379365
55.47738693467337	0.05605950819617487
55.879396984924625	0.05701705771548861
56.28140703517588	0.05706376517143752
56.68341708542714	0.05641802816576432
57.085427135678394	0.05552807202253788
57.48743718592965	0.05439179555962746
57.88944723618091	0.053280083263723285
58.29145728643216	0.0519950296636873
58.69346733668342	0.05047240466230617
59.095477386934675	0.048915851133542666
59.49748743718593	0.04744304367931632
59.89949748743719	0.04647266382158208
60.301507537688444	0.04668515895898259
60.7035175879397	0.04808322862511454
61.10552763819096	0.050415756708488815
61.50753768844221	0.05325944559948861
61.90954773869347	0.055975434620193366
62.311557788944725	0.058233266418495765
62.71356783919598	0.05946433569397538
63.11557788944724	0.05967960738740911
63.517587939698494	0.058694074067374646
63.91959798994975	0.05663361484586797
64.32160804020101	0.053851896518593734
64.72361809045226	0.05081102560321103
65.12562814070353	0.04768077642417983
65.52763819095478	0.045400934208653834
65.92964824120604	0.04476383257728622
66.33165829145729	0.04659130377410194
66.73366834170855	0.05083435355783096
67.1356783919598	0.056370007745724274
67.53768844221106	0.062212834697979134
67.93969849246231	0.06672918252735478
68.34170854271358	0.06900118298071464
68.74371859296483	0.06868553659288827
69.14572864321609	0.06603915686686194
69.54773869346734	0.06190598281232869
69.9497487437186	0.0572299945173701
70.35175879396985	0.05307325800359054
70.75376884422111	0.049777941155636024
71.15577889447236	0.04804999150360526
71.55778894472363	0.04786959464172788
71.95979899497488	0.0499052757693515
72.36180904522614	0.0538594591140432
72.76381909547739	0.058966584952286884
73.16582914572865	0.06379171733784274
73.5678391959799	0.06705666405451408
73.96984924623116	0.06832281047194806
74.37185929648241	0.06706468876883395
74.77386934673368	0.06378799458540449
75.17587939698493	0.05954454790603482
75.57788944723619	0.05527198787217835
75.97989949748744	0.052044049649888104
76.3819095477387	0.05045946023703505
76.78391959798995	0.04998564032939817
77.18592964824121	0.05036218511078459
77.58793969849246	0.051535393240242436
77.98994974874373	0.05358858592669681
78.39195979899498	0.0569405721384074
78.79396984924624	0.06063641816096773
79.19597989949749	0.06365522445634504
79.59798994974875	0.06533882812531003
80.0	0.0647320766463459
