0.0	0.01719588769975412
0.4020100502512563	0.017683981817162717
0.8040201005025126	0.015417564020385105
1.206030150753769	0.011343767546796021
1.6080402010050252	0.006967511873862993
2.0100502512562817	0.005755440826048468
2.412060301507538	0.008755215172931598
2.814070351758794	0.011319842099101333
3.2160804020100504	0.0112495536465274
3.6180904522613067	0.008691274231374588
4.020100502512563	0.003887782528679021
4.42211055276382	0.0027805483122518297
4.824120603015076	0.00954812184743639
5.226130653266332	0.015649600811336442
5.628140703517588	0.020239451871489886
6.030150753768845	0.022184334529119366
6.432160804020101	0.021669931904582825
6.834170854271357	0.019313648182845797
7.236180904522613	0.015631424821263756
7.63819095477387	0.012680012574081667
8.040201005025127	0.011640650846210424
8.442211055276383	0.011936071671089909
8.84422110552764	0.011681865674609694
9.246231155778895	0.010248193285983273
9.648241206030152	0.00889602733053885
10.050251256281408	0.011035585814985434
10.452261306532664	0.016561561152390953
10.85427135678392	0.023079141008386643
11.256281407035177	0.02879042072042857
11.658291457286433	0.0327559502026889
12.06030150753769	0.034610667198050574
12.462311557788945	0.034459082481546534
12.864321608040202	0.033263490240023265
13.266331658291458	0.03184062683407919
13.668341708542714	0.03112448925394944
14.07035175879397	0.031207109551765866
14.472361809045227	0.03147409508440798
14.874371859296483	0.03162921046645066
15.27638190954774	0.032164898551963125
15.678391959798995	0.03315018392475635
16.080402010050253	0.035439294882957585
16.48241206030151	0.039151335049986934
16.884422110552766	0.04343316187536854
17.286432160804022	0.047588383969878745
17.68844221105528	0.05093163095512554
18.090452261306535	0.053190781773417864
18.49246231155779	0.054411508223450034
18.894472361809047	0.05526600841432409
19.296482412060303	0.05645117447062722
19.69849246231156	0.05830783529212234
20.100502512562816	0.06073093443457036
20.502512562814072	0.063790359135897
20.90452261306533	0.06647355540386066
21.306532663316585	0.0687471259299347
21.70854271356784	0.07013321869426989
22.110552763819097	0.07031032145796334
22.512562814070353	0.06960571758266892
22.91457286432161	0.06804247248018833
23.316582914572866	0.06616660001367486
23.718592964824122	0.06375399981536636
24.12060301507538	0.06130305280216404
24.522613065326635	0.05926006800271383
24.92462311557789	0.05838038969728497
25.326633165829147	0.0593818062507903
25.728643216080403	0.062250150320613026
26.13065326633166	0.06602083455287922
26.532663316582916	0.06933347206193083
26.934673366834172	0.0708763579443556
27.33668341708543	0.07035338549481075
27.738693467336685	0.06748662699716418
28.14070351758794	0.06284381085081066
28.542713567839197	0.05729451887140315
28.944723618090453	0.051686086721869584
29.34673366834171	0.04691552163583166
29.748743718592966	0.043273725908187656
30.150753768844222	0.04102538239450987
30.55276381909548	0.03999055508013828
30.954773869346734	0.0407678977453158
31.35678391959799	0.043481972851929826
31.758793969849247	0.04767906395499875
32.16080402010051	0.051783213055452124
32.56281407035176	0.05506219612319713
32.96482412060302	0.05670481042109915
33.366834170854275	0.0559464474147493
33.76884422110553	0.052912287624070374
34.17085427135679	0.04861278398269952
34.572864321608044	0.04371421530896969
34.9748743718593	0.03980870065068262
35.37688442211056	0.03754762559994754
35.77889447236181	0.036828744026214506
36.18090452261307	0.03837044235559247
36.582914572864325	0.04089813428729795
36.98492462311558	0.045251385756475235
37.38693467336684	0.05055166772040633
37.788944723618094	0.05639724845754642
38.19095477386935	0.061242629357030495
38.59296482412061	0.0643387525009818
38.99497487437186	0.0649784675563289
39.39698492462312	0.06332422399095625
39.798994974874375	0.059969281547646656
40.20100502512563	0.055690737656312175
40.60301507537689	0.0517883929814318
41.005025125628144	0.04860851007309567
41.4070351758794	0.04630615667791253
41.80904522613066	0.04517515917221645
42.21105527638191	0.045031412119833726
42.61306532663317	0.046053048406830964
43.015075376884425	0.04855448215112023
43.41708542713568	0.05192975499161116
43.81909547738694	0.05579375893780982
44.221105527638194	0.059702061678042574
44.62311557788945	0.06266421617590365
45.02512562814071	0.06402952822504966
45.42713567839196	0.06371905483354509
45.82914572864322	0.06185691638010689
46.231155778894475	0.05900833980956681
46.63316582914573	0.0554378910052163
47.03517587939699	0.052092855107127786
47.437185929648244	0.04926198601301839
47.8391959798995	0.04746839120419541
48.24120603015076	0.04630652063451586
48.64321608040201	0.04594812730553869
49.04522613065327	0.04623978336331226
49.447236180904525	0.04774984093402296
49.84924623115578	0.05005378648243599
50.25125628140704	0.05285115395022592
50.653266331658294	0.05529761081060811
51.05527638190955	0.05695123944649331
51.45728643216081	0.0571694973335868
51.85929648241206	0.056085697656004796
52.26130653266332	0.05370429434967359
52.663316582914575	0.05130017777381759
53.06532663316583	0.0492059776787288
53.46733668341709	0.047550115288221353
53.869346733668344	0.046022006113292026
54.2713567839196	0.044878569112649654
54.67336683417086	0.04368490070224866
55.07537688442211	0.04341428599358422
55.47738693467337	0.04425375351694323
55.879396984924625	0.04673115450850713
56.28140703517588	0.05002526996641201
56.68341708542714	0.05318115757880561
57.085427135678394	0.05514842579926431
57.48743718592965	0.055973056139256586
57.88944723618091	0.05583629375090036
58.29145728643216	0.0548812726755115
58.69346733668342	0.05396031383399177
59.095477386934675	0.0531839204555255
59.49748743718593	0.05243571386041115
59.89949748743719	0.05117719277552106
60.301507537688444	0.04936343587452817
60.7035175879397	0.047480574048850074
61.10552763819096	0.04612326350230062
61.50753768844221	0.0459148620099427
61.90954773869347	0.04753888220576331
62.311557788944725	0.050151664854972765
62.71356783919598	0.052905272266639304
63.11557788944724	0.05512737475284624
63.517587939698494	0.056369236067865446
63.91959798994975	0.057043669957541496
64.32160804020101	0.05721921064246845
64.72361809045226	0.056953214278209374
65.12562814070353	0.056452004945674525
65.52763819095478	0.05528703836836657
65.92964824120604	0.053395255004701436
66.33165829145729	0.051036100401860886
66.73366834170855	0.048192374329503754
67.1356783919598	0.04606870429122535
67.53768844221106	0.04597011223391304
67.93969849246231	0.04811945404381799
68.34170854271358	0.05193604523472191
68.74371859296483	0.055921936773619875
69.14572864321609	0.058656693210708044
69.54773869346734	0.059986707351183145
69.9497487437186	0.06018830380326805
70.35175879396985	0.05948511066737252
70.75376884422111	0.058803109768792994
71.15577889447236	0.058347811665261526
71.55778894472363	0.05737073665505429
71.95979899497488	0.05600173091889042
72.36180904522614	0.053592118152615775
72.76381909547739	0.05087477644756196
73.16582914572865	0.048496909696874604
73.5678391959799	0.04749732816607584
73.96984924623116	0.04804752091020968
74.37185929648241	0.049852334355934745
74.77386934673368	0.05164431352940439
75.17587939698493	0.05276284041973568
75.57788944723619	0.05338257150073139
75.97989949748744	0.05391853891866901
76.3819095477387	0.05487946830162077
76.78391959798995	0.056815138388850696
77.18592964824121	0.05910150023724081
77.58793969849246	0.060651829811688165
77.98994974874373	0.060785451644158515
78.39195979899498	0.058988199238572056
78.79396984924624	0.055442395932692345
79.19597989949749	0.05124797531744248
79.59798994974875	0.04794120397924109
80.0	0.04622045168505852
