0.0	0.00215135207225863
0.4020100502512563	0.002283544031195864
0.8040201005025126	0.002515014748134693
1.206030150753769	0.002993110247888237
1.6080402010050252	0.003146630171371763
2.0100502512562817	0.0032798305648147593
2.412060301507538	0.003376634909462639
2.814070351758794	0.0034788960946570877
3.2160804020100504	0.0034481208107854855
3.6180904522613067	0.003092789047050645
4.020100502512563	0.002699227226147704
4.42211055276382	0.0019244143084928133
4.824120603015076	0.0009211789875609741
5.226130653266332	0.0004353485791333216
5.628140703517588	0.0017594819621817872
6.030150753768845	0.0029792487635627585
6.432160804020101	0.004038039202768307
6.834170854271357	0.00508030551832734
7.236180904522613	0.00570937120294827
7.63819095477387	0.006431209785039635
8.040201005025127	0.006967484079844932
8.442211055276383	0.007484798794899904
8.84422110552764	0.007838350191450474
9.246231155778895	0.008265488984448984
9.648241206030152	0.008012652718879743
10.050251256281408	0.007781417405763706
10.452261306532664	0.007207797360372863
10.85427135678392	0.006939218757159969
11.256281407035177	0.007023922308525744
11.658291457286433	0.007436596784580983
12.06030150753769	0.008671030871306318
12.462311557788945	0.010270130410250657
12.864321608040202	0.011889657056460246
13.266331658291458	0.013354852052525018
13.668341708542714	0.013979283032682635
14.07035175879397	0.013522053344197598
14.472361809045227	0.012202155194353683
14.874371859296483	0.010224437439824176
15.27638190954774	0.008193220191497983
15.678391959798995	0.006684847393741364
16.080402010050253	0.005835972207278816
16.48241206030151	0.005871369706344724
16.884422110552766	0.006918129054519957
17.286432160804022	0.009149677015949745
17.68844221105528	0.012053216843585342
18.090452261306535	0.015184993198042196
18.49246231155779	0.018141104141825688
18.894472361809047	0.020141088414354098
19.296482412060303	0.020819249922834106
19.69849246231156	0.0199067258644132
20.100502512562816	0.01796049668525198
20.502512562814072	0.015196099841477271
20.90452261306533	0.01262681557702153
21.306532663316585	0.010904445819522175
21.70854271356784	0.010185234258936467
22.110552763819097	0.010091226138355076
22.512562814070353	0.010314629977481015
22.91457286432161	0.010595965178472787
23.316582914572866	0.011527187573967347
23.718592964824122	0.013325097192561591
24.12060301507538	0.015363278124436738
24.522613065326635	0.016986299907322474
24.92462311557789	0.01753682832526305
25.326633165829147	0.017060430302865904
25.728643216080403	0.015989280760711454
26.13065326633166	0.014989400483024617
26.532663316582916	0.014563896553630804
26.934673366834172	0.014471376977305255
27.33668341708543	0.013934233349469407
27.738693467336685	0.012734555362056438
28.14070351758794	0.0114995767003481
28.542713567839197	0.011493167975130173
28.944723618090453	0.01359023192280225
29.34673366834171	0.016846787656032126
29.748743718592966	0.019936115112346976
30.150753768844222	0.021807869748294104
30.55276381909548	0.02212362479801289
30.954773869346734	0.02142143718769559
31.35678391959799	0.019900179094127144
31.758793969849247	0.01813513896297978
32.16080402010051	0.016725777313389145
32.56281407035176	0.015639765438387146
32.96482412060302	0.01428534023327797
33.366834170854275	0.012967634775150625
33.76884422110553	0.011690285641563375
34.17085427135679	0.011854619656044178
34.572864321608044	0.013388199108438326
34.9748743718593	0.015698768076266075
35.37688442211056	0.017653533443188183
35.77889447236181	0.019022936480960224
36.18090452261307	0.019717689181384807
36.582914572864325	0.020068027044434916
36.98492462311558	0.020220232046971473
37.38693467336684	0.019978611459028787
37.788944723618094	0.019574578359773217
38.19095477386935	0.018835326341283813
38.59296482412061	0.017652198287406294
38.99497487437186	0.016728430127196978
39.39698492462312	0.016191942412452254
39.798994974874375	0.016771555903006177
40.20100502512563	0.018291097596248616
40.60301507537689	0.020488511068490974
41.005025125628144	0.022799718444084162
41.4070351758794	0.024690717799271882
41.80904522613066	0.02631769743812315
42.21105527638191	0.02708705521645066
42.61306532663317	0.027490606639966227
43.015075376884425	0.026937100722905165
43.41708542713568	0.025943147807050003
43.81909547738694	0.024748623630944287
44.221105527638194	0.022560214059766305
44.62311557788945	0.020423687859845087
45.02512562814071	0.018627313137024797
45.42713567839196	0.017420777914564346
45.82914572864322	0.01725121264472865
46.231155778894475	0.017876496586113438
46.63316582914573	0.019451954326217553
47.03517587939699	0.021589211641489914
47.437185929648244	0.024502864931872096
47.8391959798995	0.027760478141270205
48.24120603015076	0.031077234263210886
48.64321608040201	0.03372891698011882
49.04522613065327	0.03549499782531525
49.447236180904525	0.03592231309066192
49.84924623115578	0.035113681553635374
50.25125628140704	0.03312809046996441
50.653266331658294	0.030575771427624836
51.05527638190955	0.027705917699818776
51.45728643216081	0.02543680093118932
51.85929648241206	0.02407898056924252
52.26130653266332	0.023986164873987068
52.663316582914575	0.025500760272055285
53.06532663316583	0.028387132342967924
53.46733668341709	0.03245252374640978
53.869346733668344	0.0369378759416918
54.2713567839196	0.04123156676506505
54.67336683417086	0.044601355409988525
55.07537688442211	0.04660919305713163
55.47738693467337	0.04695541101653443
55.879396984924625	0.04591618257423755
56.28140703517588	0.043809061315733706
56.68341708542714	0.04133483037873522
57.085427135678394	0.038865942609592904
57.48743718592965	0.03704905517841048
57.88944723618091	0.03631178738563155
58.29145728643216	0.037189402464418084
58.69346733668342	0.04001923922375873
59.095477386934675	0.04505321764518942
59.49748743718593	0.05154223216446343
59.89949748743719	0.05850124371264861
60.301507537688444	0.06449980359326982
60.7035175879397	0.06868850276341672
61.10552763819096	0.07084891983367961
61.50753768844221	0.07057823515541926
61.90954773869347	0.06845882728688542
62.311557788944725	0.06481447327848205
62.71356783919598	0.06034584755602611
63.11557788944724	0.05584664922162667
63.517587939698494	0.05191452919793397
63.91959798994975	0.04929445073352184
64.32160804020101	0.04824823089699594
64.72361809045226	0.049001633396418616
65.12562814070353	0.05176109286540842
65.52763819095478	0.05576310092548599
65.92964824120604	0.06009771874632602
66.33165829145729	0.06421892307870534
66.73366834170855	0.06786122102017228
67.1356783919598	0.0699149823030908
67.53768844221106	0.0701387579609186
67.93969849246231	0.06875212217500695
68.34170854271358	0.065717331402221
68.74371859296483	0.061475519323845304
69.14572864321609	0.056418747035002124
69.54773869346734	0.05158163423615643
69.9497487437186	0.0476853198004478
70.35175879396985	0.045350209936490846
70.75376884422111	0.04500162883855971
71.15577889447236	0.04642093717979687
71.55778894472363	0.04925041654148832
71.95979899497488	0.05291406681315244
72.36180904522614	0.056944364856812715
72.76381909547739	0.060523531034654396
73.16582914572865	0.06288627099748528
73.5678391959799	0.06368758371080974
73.96984924623116	0.06287337399822032
74.37185929648241	0.06017476081764804
74.77386934673368	0.056398055146457085
75.17587939698493	0.05178263951762836
75.57788944723619	0.047160452589558984
75.97989949748744	0.0436210512140366
76.3819095477387	0.042060898354422956
76.78391959798995	0.04261478537875514
77.18592964824121	0.04513901085933147
77.58793969849246	0.04937027747827831
77.98994974874373	0.05441637615586564
78.39195979899498	0.05914478182305806
78.79396984924624	0.06306294747258641
79.19597989949749	0.06518799470810813
79.59798994974875	0.06497083434161904
80.0	0.0628591346211837
