0.0	0.012928307375419158
0.40816326530612246	0.012050620113277344
0.8163265306122449	0.00920414457617795
1.2244897959183674	0.004776443011269374
1.6326530612244898	0.0016371437768336484
2.0408163265306123	0.005232242982786177
2.4489795918367347	0.008700178881042245
2.857142857142857	0.010462299879414832
3.2653061224489797	0.010080088757689228
3.673469387755102	0.007500007756203711
4.081632653061225	0.0034360830524587196
4.4897959183673475	0.0014876245837832985
4.8979591836734695	0.006191883637944945
5.3061224489795915	0.01027969640302625
5.714285714285714	0.012800803321060431
6.122448979591837	0.013134548784950698
6.530612244897959	0.011471240904769208
6.938775510204081	0.008101595687907305
7.346938775510204	0.0038892472046547937
7.755102040816327	0.0031248006845995
8.16326530612245	0.006616011061160517
8.571428571428571	0.009395176630925524
8.979591836734695	0.010468483504357983
9.387755102040817	0.009580089868316526
9.795918367346939	0.006489118215548717
10.204081632653061	0.002357054752235654
10.612244897959183	0.0032638381874370375
11.020408163265307	0.007785354224730011
11.428571428571429	0.011518028890545647
11.83673469387755	0.013238077593678182
12.244897959183675	0.012889136631311984
12.653061224489797	0.010836777745767844
13.061224489795919	0.007664826516767327
13.46938775510204	0.005763025054164679
13.877551020408163	0.0073901748433847034
14.285714285714286	0.01027433694019215
14.693877551020408	0.012241352156828865
15.10204081632653	0.012533666347308917
15.510204081632654	0.011066608613721749
15.918367346938776	0.008919817443969833
16.3265306122449	0.007550189214170876
16.73469387755102	0.00864676171408944
17.142857142857142	0.01154176848589898
17.551020408163264	0.014077606759089334
17.95918367346939	0.015516314346745459
18.367346938775512	0.0153841971389293
18.775510204081634	0.01411831450753406
19.183673469387756	0.012986829233739203
19.591836734693878	0.01308904168719995
20.0	0.014662795363446435
