0.0	0.009298075838854645
0.4020100502512563	0.009586282810222566
0.8040201005025126	0.008179189683812815
1.206030150753769	0.005457653434104532
1.6080402010050252	0.0021924242972398613
2.0100502512562817	0.0016326860302017729
2.412060301507538	0.004623165999952889
2.814070351758794	0.006680785589856226
3.2160804020100504	0.007105605167226704
3.6180904522613067	0.006113950111799724
4.020100502512563	0.0037551778747022787
4.42211055276382	0.001730402393410603
4.824120603015076	0.004303824419136139
5.226130653266332	0.0076445050763140135
5.628140703517588	0.009995788516641523
6.030150753768845	0.011085768779822362
6.432160804020101	0.010498366544689785
6.834170854271357	0.008599675087353414
7.236180904522613	0.00555729139056072
7.63819095477387	0.002249695836418029
8.040201005025127	0.001717223627554431
8.442211055276383	0.003931387144160834
8.84422110552764	0.005061710846186294
9.246231155778895	0.0050236425566064285
9.648241206030152	0.004311691811960094
10.050251256281408	0.005000532646614085
10.452261306532664	0.008100160746055553
10.85427135678392	0.012040725755746603
11.256281407035177	0.015636771043668226
11.658291457286433	0.01800833873295847
12.06030150753769	0.019154586906271535
12.462311557788945	0.01876643437178978
12.864321608040202	0.01727762879487331
13.266331658291458	0.015450040013335668
13.668341708542714	0.013675359440171484
14.07035175879397	0.012689467657175105
14.472361809045227	0.012797914519691802
14.874371859296483	0.013619821447848518
15.27638190954774	0.014987733824575467
15.678391959798995	0.016944047556515702
16.080402010050253	0.019349747026662378
16.48241206030151	0.022174650113310847
16.884422110552766	0.024679384437486573
17.286432160804022	0.026415745689051928
17.68844221105528	0.027540301981623994
18.090452261306535	0.0278502693186247
18.49246231155779	0.027207504250769298
18.894472361809047	0.026635480878905844
19.296482412060303	0.026479130488049646
19.69849246231156	0.026514200956095597
20.100502512562816	0.027166309715273368
20.502512562814072	0.028687115447506812
20.90452261306533	0.0306894928146694
21.306532663316585	0.03310042791190902
21.70854271356784	0.03595262996682687
22.110552763819097	0.03943023853222828
22.512562814070353	0.04300190241847086
22.91457286432161	0.04647323807043715
23.316582914572866	0.049106018164195506
23.718592964824122	0.05039005665606875
24.12060301507538	0.05040353691847314
24.522613065326635	0.0493921591061527
24.92462311557789	0.04794260648871774
25.326633165829147	0.046793793969938505
25.728643216080403	0.04667060765604554
26.13065326633166	0.04772270913272093
26.532663316582916	0.05018235047531781
26.934673366834172	0.05405988727677543
27.33668341708543	0.05868791352786257
27.738693467336685	0.06339159902797117
28.14070351758794	0.06715946241661383
28.542713567839197	0.06932740204069361
28.944723618090453	0.06926076870812806
29.34673366834171	0.06657185504375697
29.748743718592966	0.06167057131714991
30.150753768844222	0.05537048695487954
30.55276381909548	0.048850811950446285
30.954773869346734	0.04377032895505607
31.35678391959799	0.0415748845710877
31.758793969849247	0.042459906415607124
32.16080402010051	0.046280917036019276
32.56281407035176	0.052069116908753724
32.96482412060302	0.05860452619078699
33.366834170854275	0.06406850301506598
33.76884422110553	0.06726708517585801
34.17085427135679	0.06754851460991827
34.572864321608044	0.06475088189028778
34.9748743718593	0.05904014649614155
35.37688442211056	0.05183344878383954
35.77889447236181	0.04392927314843982
36.18090452261307	0.03690442854849651
36.582914572864325	0.03165650689424464
36.98492462311558	0.029201972536037894
37.38693467336684	0.02951756983634759
37.788944723618094	0.03239383197129779
38.19095477386935	0.0371842928329272
38.59296482412061	0.04271162611959098
38.99497487437186	0.0481988733162396
39.39698492462312	0.052567675603457154
39.798994974874375	0.055152719183791575
40.20100502512563	0.05566166518983092
40.60301507537689	0.054044243622484875
41.005025125628144	0.050796482984929635
41.4070351758794	0.046498694935275336
41.80904522613066	0.041976917856784764
42.21105527638191	0.03775874260148508
42.61306532663317	0.034612439763184795
43.015075376884425	0.03301162096150343
43.41708542713568	0.03343538405254017
43.81909547738694	0.035395206879650795
44.221105527638194	0.03882863164564528
44.62311557788945	0.04320909634586964
45.02512562814071	0.0477884734193368
45.42713567839196	0.05194133012054838
45.82914572864322	0.054867995006693294
46.231155778894475	0.05646923027603645
46.63316582914573	0.05634366637990108
47.03517587939699	0.054834143702417334
47.437185929648244	0.051923060872713624
47.8391959798995	0.04851999329412649
48.24120603015076	0.04498551501129996
48.64321608040201	0.0420062326073344
49.04522613065327	0.04024290330891157
49.447236180904525	0.039714650307330526
49.84924623115578	0.040905216550051006
50.25125628140704	0.043742363070345104
50.653266331658294	0.04755477262479268
51.05527638190955	0.0517266136551626
51.45728643216081	0.055468153380431075
51.85929648241206	0.05782263961591248
52.26130653266332	0.05847964426239792
52.663316582914575	0.057323142304102445
53.06532663316583	0.05433766194658821
53.46733668341709	0.05032908758986239
53.869346733668344	0.04589409301626222
54.2713567839196	0.04193189691193221
54.67336683417086	0.039764694371180194
55.07537688442211	0.03929946183854016
55.47738693467337	0.04035501471241471
55.879396984924625	0.042820134413378355
56.28140703517588	0.04675273589174982
56.68341708542714	0.05152953676230011
57.085427135678394	0.05681451860844984
57.48743718592965	0.061390168583615026
57.88944723618091	0.06437290726912248
58.29145728643216	0.06486271676436092
58.69346733668342	0.062363222623108526
59.095477386934675	0.057863746911015
59.49748743718593	0.05217993028048997
59.89949748743719	0.047163124424712564
60.301507537688444	0.04395084672573009
60.7035175879397	0.043374069654576554
61.10552763819096	0.04447543858645623
61.50753768844221	0.04657863755469505
61.90954773869347	0.049153891127114845
62.311557788944725	0.05212895508881682
62.71356783919598	0.05572974790043108
63.11557788944724	0.0589215334726511
63.517587939698494	0.06115632994803859
63.91959798994975	0.06171727657254635
64.32160804020101	0.0599913402013811
64.72361809045226	0.05620870851916436
65.12562814070353	0.05136472418713043
65.52763819095478	0.04717828330568476
65.92964824120604	0.04466126825488835
66.33165829145729	0.04450394009573811
66.73366834170855	0.04614371831957188
67.1356783919598	0.04837074536725478
67.53768844221106	0.05067503302177615
67.93969849246231	0.05264122397736356
68.34170854271358	0.05454142128073093
68.74371859296483	0.05642752573719027
69.14572864321609	0.058125382187233954
69.54773869346734	0.059012425984738714
69.9497487437186	0.05862504731414109
70.35175879396985	0.05708491152851168
70.75376884422111	0.054480015868968244
71.15577889447236	0.05192635293921556
71.55778894472363	0.050081458011117755
71.95979899497488	0.04962841170376869
72.36180904522614	0.050077441167848846
72.76381909547739	0.05094694966329975
73.16582914572865	0.051522214688851264
73.5678391959799	0.051399183000447435
73.96984924623116	0.050988804549302755
74.37185929648241	0.050873551009169404
74.77386934673368	0.051318090456082634
75.17587939698493	0.052367531193077674
75.57788944723619	0.05335755818361358
75.97989949748744	0.053881081542839916
76.3819095477387	0.05334211199561634
76.78391959798995	0.05192969636522784
77.18592964824121	0.050062672533703764
77.58793969849246	0.04824318386952092
77.98994974874373	0.047075508996950746
78.39195979899498	0.046678143497755786
78.79396984924624	0.04653706188832222
79.19597989949749	0.04713891818949558
79.59798994974875	0.0482978218032945
80.0	0.05058651769873999
