0.0	0.011193624010773106
0.4020100502512563	0.012373972556569027
0.8040201005025126	0.011415514640253189
1.206030150753769	0.008696088020846126
1.6080402010050252	0.004629993299277187
2.0100502512562817	0.0005177970928308105
2.412060301507538	0.004119822316515536
2.814070351758794	0.0070843732691959534
3.2160804020100504	0.008128699094202609
3.6180904522613067	0.007195140470652561
4.020100502512563	0.004614604272546596
4.42211055276382	0.0015393610198815408
4.824120603015076	0.005335127650332669
5.226130653266332	0.00993889775471907
5.628140703517588	0.013688722483320651
6.030150753768845	0.01567986453076372
6.432160804020101	0.01566191585871111
6.834170854271357	0.0137994710577443
7.236180904522613	0.010142489512661581
7.63819095477387	0.005931042612180986
8.040201005025127	0.0018552636086727088
8.442211055276383	0.0021656209648615718
8.84422110552764	0.004157271051497892
9.246231155778895	0.0044267786511421586
9.648241206030152	0.0034840385309932117
10.050251256281408	0.002999741549816428
10.452261306532664	0.005561592448640752
10.85427135678392	0.00889235133035713
11.256281407035177	0.012001783907441731
11.658291457286433	0.01390989066348176
12.06030150753769	0.014173130720855492
12.462311557788945	0.012883271317112172
12.864321608040202	0.010200908962680885
13.266331658291458	0.006867465131420744
13.668341708542714	0.0039706460831330035
14.07035175879397	0.003438031949181207
14.472361809045227	0.004440147810559312
14.874371859296483	0.004675265992822126
15.27638190954774	0.0038356540239524567
15.678391959798995	0.0015627685871818764
16.080402010050253	0.0012556593759731533
16.48241206030151	0.004523049017731201
16.884422110552766	0.007486532630314442
17.286432160804022	0.00955591788935949
17.68844221105528	0.010228228577316142
18.090452261306535	0.00926906950582339
18.49246231155779	0.0068755018345952375
18.894472361809047	0.0037290677124147444
19.296482412060303	0.0026244140642256238
19.69849246231156	0.005782225763589261
20.100502512562816	0.009247552911517114
20.502512562814072	0.01137165822350428
20.90452261306533	0.012182464511497057
21.306532663316585	0.011407163630569511
21.70854271356784	0.009642072314588728
22.110552763819097	0.007209754850575146
22.512562814070353	0.0056211364237908545
22.91457286432161	0.005307858578560821
23.316582914572866	0.005640849930588577
23.718592964824122	0.005255252123301808
24.12060301507538	0.003766185018914426
24.522613065326635	0.0013024917747742823
24.92462311557789	0.0030790952655499657
25.326633165829147	0.006809574265776393
25.728643216080403	0.010332324386790525
26.13065326633166	0.013059892030804886
26.532663316582916	0.01504915666801392
26.934673366834172	0.01613080606433116
27.33668341708543	0.01616888054543749
27.738693467336685	0.015757986571653664
28.14070351758794	0.015095501854037144
28.542713567839197	0.013979376248787954
28.944723618090453	0.012639359994587127
29.34673366834171	0.010850983643114511
29.748743718592966	0.008886764884598393
30.150753768844222	0.007449426628293146
30.55276381909548	0.007555332867481235
30.954773869346734	0.009485367679666007
31.35678391959799	0.012666831755689723
31.758793969849247	0.01608105191688134
32.16080402010051	0.019184120335647255
32.56281407035176	0.021304646786666593
32.96482412060302	0.02234222773279222
33.366834170854275	0.021952931511919772
33.76884422110553	0.020739557585303048
34.17085427135679	0.01887743459346245
34.572864321608044	0.016992368838842253
34.9748743718593	0.015116979343531529
35.37688442211056	0.01344256256721298
35.77889447236181	0.012517885860184578
36.18090452261307	0.012373665486863425
36.582914572864325	0.01376570198066574
36.98492462311558	0.016723229522170282
37.38693467336684	0.020339506354273538
37.788944723618094	0.02386968964793903
38.19095477386935	0.026963288998574003
38.59296482412061	0.029230991052537913
38.99497487437186	0.030275300292109876
39.39698492462312	0.030428369720352965
39.798994974874375	0.029755328211470883
40.20100502512563	0.028781913347913735
40.60301507537689	0.027775197815362317
41.005025125628144	0.026638572734844372
41.4070351758794	0.025503448468054184
41.80904522613066	0.024367495270348656
42.21105527638191	0.024213904059914144
42.61306532663317	0.025132446178329704
43.015075376884425	0.02732988085166944
43.41708542713568	0.030399969702134773
43.81909547738694	0.03369630989642224
44.221105527638194	0.03638535748684228
44.62311557788945	0.038057817316944305
45.02512562814071	0.03895808871210158
45.42713567839196	0.03871354886957393
45.82914572864322	0.03805632789020494
46.231155778894475	0.037027399459863414
46.63316582914573	0.03582721799560471
47.03517587939699	0.03508788359574656
47.437185929648244	0.0350715670983703
47.8391959798995	0.03579778340145971
48.24120603015076	0.038113380805141324
48.64321608040201	0.04137720390724468
49.04522613065327	0.04544888454030755
49.447236180904525	0.04961515074726008
49.84924623115578	0.05353956129907091
50.25125628140704	0.05673716155276202
50.653266331658294	0.059006430883367156
51.05527638190955	0.06021834386842183
51.45728643216081	0.06044926371600077
51.85929648241206	0.060178109012476166
52.26130653266332	0.059410458619931585
52.663316582914575	0.05889172742001151
53.06532663316583	0.05876365985720024
53.46733668341709	0.05936758528177116
53.869346733668344	0.06044447373715177
54.2713567839196	0.06191919109590562
54.67336683417086	0.06375539803155159
55.07537688442211	0.06518807829077602
55.47738693467337	0.06590220732606998
55.879396984924625	0.06575824480451417
56.28140703517588	0.06475242288499011
56.68341708542714	0.06323701716017135
57.085427135678394	0.0616119161249951
57.48743718592965	0.0603654282190339
57.88944723618091	0.059954391404334464
58.29145728643216	0.06030529477170641
58.69346733668342	0.06137062604355733
59.095477386934675	0.062484814670855336
59.49748743718593	0.06361395727189076
59.89949748743719	0.06410586365872122
60.301507537688444	0.06390583479779234
60.7035175879397	0.06297486546052958
61.10552763819096	0.06148507383539864
61.50753768844221	0.05959458661412158
61.90954773869347	0.057668759850160956
62.311557788944725	0.05567425205147891
62.71356783919598	0.05413624353865226
63.11557788944724	0.05296141289672603
63.517587939698494	0.052726378652162745
63.91959798994975	0.05335268624309007
64.32160804020101	0.05437657008190684
64.72361809045226	0.05551729665523676
65.12562814070353	0.05633960026587222
65.52763819095478	0.056539909358406124
65.92964824120604	0.05615384338887676
66.33165829145729	0.0554153216903692
66.73366834170855	0.05422643851807395
67.1356783919598	0.053305761570321075
67.53768844221106	0.05253048062907223
67.93969849246231	0.05226193652798157
68.34170854271358	0.0527274835914841
68.74371859296483	0.05343829879723466
69.14572864321609	0.05444743909597194
69.54773869346734	0.05557595906121528
69.9497487437186	0.05661040499909157
70.35175879396985	0.057129365412162826
70.75376884422111	0.05681272221316388
71.15577889447236	0.05580051847654296
71.55778894472363	0.05429344357588032
71.95979899497488	0.052955955466979246
72.36180904522614	0.05203699799080662
72.76381909547739	0.05188055760201558
73.16582914572865	0.05232619312813521
73.5678391959799	0.05349252310686329
73.96984924623116	0.05490592547565702
74.37185929648241	0.05644310223962299
74.77386934673368	0.05761292383565778
75.17587939698493	0.058147249379060385
75.57788944723619	0.057971511778878174
75.97989949748744	0.057029824555780116
76.3819095477387	0.0555160541012447
76.78391959798995	0.054003127556073525
77.18592964824121	0.05240087029364414
77.58793969849246	0.05141663869810738
77.98994974874373	0.05112636705690895
78.39195979899498	0.05163808220358792
78.79396984924624	0.05314357376678945
79.19597989949749	0.054971408736039694
79.59798994974875	0.05703811563565988
80.0	0.05853858055748216
