0.0	0.010753629791679509
0.4020100502512563	0.011664238027433927
0.8040201005025126	0.010782011718966245
1.206030150753769	0.007924036709494226
1.6080402010050252	0.004153867251414077
2.0100502512562817	0.0010861720384360294
2.412060301507538	0.004139160396467658
2.814070351758794	0.006688893226574415
3.2160804020100504	0.007517674177218177
3.6180904522613067	0.006516945849804836
4.020100502512563	0.0037087571055098452
4.42211055276382	0.0005581448386402265
4.824120603015076	0.005374425110830593
5.226130653266332	0.01006626846787398
5.628140703517588	0.013806652776928866
6.030150753768845	0.015989928061935492
6.432160804020101	0.016239786770922776
6.834170854271357	0.014902177031678319
7.236180904522613	0.011983233399531045
7.63819095477387	0.008255789832808103
8.040201005025127	0.004882907384156785
8.442211055276383	0.002267247574717324
8.84422110552764	0.0010287633147284855
9.246231155778895	0.0014086375824737488
9.648241206030152	0.004035170094589197
10.050251256281408	0.008599413256900331
10.452261306532664	0.014174189278537216
10.85427135678392	0.02037512809722523
11.256281407035177	0.026081316263588943
11.658291457286433	0.03055220517642167
12.06030150753769	0.03332612003248249
12.462311557788945	0.03439832719220963
12.864321608040202	0.03382877841825204
13.266331658291458	0.03297516019288841
13.668341708542714	0.0315690794271168
14.07035175879397	0.03034360043231913
14.472361809045227	0.029800236160210113
14.874371859296483	0.030289448171286548
15.27638190954774	0.029453943110040442
15.678391959798995	0.02563754865255293
16.080402010050253	0.017714003443435343
16.48241206030151	0.005885633985628817
16.884422110552766	0.011846534047456581
17.286432160804022	0.02603186859747053
17.68844221105528	0.034795035390811475
18.090452261306535	0.034026269126044284
18.49246231155779	0.022253225078469423
18.894472361809047	0.00849573812527529
19.296482412060303	0.02762934208757033
19.69849246231156	0.05154091647424934
20.100502512562816	0.06986914813540548
20.502512562814072	0.07872960545111826
20.90452261306533	0.0756017582080216
21.306532663316585	0.06245957045692922
21.70854271356784	0.04444614152349824
22.110552763819097	0.03654428845977674
22.512562814070353	0.05039206128305036
22.91457286432161	0.0703539247595607
23.316582914572866	0.08351224652304796
23.718592964824122	0.08561562324781544
24.12060301507538	0.07584537428098634
24.522613065326635	0.05551610413349832
24.92462311557789	0.03047018320504093
25.326633165829147	0.018159519032042677
25.728643216080403	0.03254439085150289
26.13065326633166	0.04427647488416992
26.532663316582916	0.044791509602211135
26.934673366834172	0.03557525221618664
27.33668341708543	0.028920956682663514
27.738693467336685	0.0437537195302284
28.14070351758794	0.07039373864548676
28.542713567839197	0.09429492566611616
28.944723618090453	0.10915271345218729
29.34673366834171	0.11046360028542075
29.748743718592966	0.09739575783921053
30.150753768844222	0.0726704574530492
30.55276381909548	0.04001488379315979
30.954773869346734	0.008516633248249481
31.35678391959799	0.027073450365496066
31.758793969849247	0.04847932449048224
32.16080402010051	0.05763019618746579
32.56281407035176	0.05349352820539712
32.96482412060302	0.03713823114349793
33.366834170854275	0.014994507839718538
33.76884422110553	0.021992998014254708
34.17085427135679	0.047321137758773404
34.572864321608044	0.06594553131027295
34.9748743718593	0.07372371175526812
35.37688442211056	0.06786506907449458
35.77889447236181	0.05038704611876158
36.18090452261307	0.025900527748271913
36.582914572864325	0.021090745145371965
36.98492462311558	0.04714104208417975
37.38693467336684	0.07034990104568707
37.788944723618094	0.083574490712754
38.19095477386935	0.0833986612989128
38.59296482412061	0.0705211740545677
38.99497487437186	0.04739247467392081
39.39698492462312	0.01958779575865371
39.798994974874375	0.015075768573317123
40.20100502512563	0.03768640215497351
40.60301507537689	0.05223119122789469
41.005025125628144	0.05451263905831494
41.4070351758794	0.04452885122960425
41.80904522613066	0.024638584747873126
42.21105527638191	0.011721318903092443
42.61306532663317	0.035654458592637626
43.015075376884425	0.05963983724227288
43.41708542713568	0.07598529782602781
43.81909547738694	0.08118294668469848
44.221105527638194	0.07390471905749985
44.62311557788945	0.05574818149473839
45.02512562814071	0.03025889410286326
45.42713567839196	0.004983628281988416
45.82914572864322	0.02742989127703067
46.231155778894475	0.04754434047557575
46.63316582914573	0.05758252407681388
47.03517587939699	0.05499081853643112
47.437185929648244	0.040891690042311565
47.8391959798995	0.017742175176959037
48.24120603015076	0.00937814315816418
48.64321608040201	0.03534846396365607
49.04522613065327	0.05526859317124707
49.447236180904525	0.06501345729497685
49.84924623115578	0.06309950346155363
50.25125628140704	0.04974355766521662
50.653266331658294	0.028823306694034018
51.05527638190955	0.016756576614094732
51.45728643216081	0.03641071140523866
51.85929648241206	0.05766686657983514
52.26130653266332	0.07035390984005499
52.663316582914575	0.07213912866648302
53.06532663316583	0.0626896441630408
53.46733668341709	0.04426581812438355
53.869346733668344	0.02068681467758059
54.2713567839196	0.006819908238373916
54.67336683417086	0.02597686750988278
55.07537688442211	0.03891552376166819
55.47738693467337	0.04176151662766215
55.879396984924625	0.03393866575725965
56.28140703517588	0.017973135441463475
56.68341708542714	0.01329592988125645
57.085427135678394	0.03581034956868626
57.48743718592965	0.05792417184044717
57.88944723618091	0.072542584723796
58.29145728643216	0.07689753356554008
58.69346733668342	0.07050546491596575
59.095477386934675	0.05387302211678274
59.49748743718593	0.030761710576043728
59.89949748743719	0.005454297870139197
60.301507537688444	0.019517123131888105
60.7035175879397	0.03684264630507504
61.10552763819096	0.04444489881337561
61.50753768844221	0.04047939222901486
61.90954773869347	0.026757759132309895
62.311557788944725	0.006486195414544764
62.71356783919598	0.021172994719086315
63.11557788944724	0.044662305482462326
63.517587939698494	0.06206174261778903
63.91959798994975	0.06997534549738219
64.32160804020101	0.06717190435512586
64.72361809045226	0.05435935772450422
65.12562814070353	0.034729295049542634
65.52763819095478	0.01788194870851498
65.92964824120604	0.025934171556906898
66.33165829145729	0.04257204114843622
66.73366834170855	0.052525163572124625
67.1356783919598	0.052836261246159
67.53768844221106	0.04394649115908707
67.93969849246231	0.029551782591236902
68.34170854271358	0.020798135387597193
68.74371859296483	0.030580661571538454
69.14572864321609	0.0447750972028952
69.54773869346734	0.053408049013406865
69.9497487437186	0.05316704480531666
70.35175879396985	0.04402103351396079
70.75376884422111	0.028056518763355198
71.15577889447236	0.013842334298825299
71.55778894472363	0.02433402271080075
71.95979899497488	0.04181846496057542
72.36180904522614	0.054233060998988655
72.76381909547739	0.05859797123436439
73.16582914572865	0.053913927993413116
73.5678391959799	0.04127158889842584
73.96984924623116	0.02429691683205769
74.37185929648241	0.014168375554109634
74.77386934673368	0.024419036931375364
75.17587939698493	0.035891268214966535
75.57788944723619	0.04011213986280624
75.97989949748744	0.03565169084963593
76.3819095477387	0.022453870157409718
76.78391959798995	0.004530661418800025
77.18592964824121	0.020047156519729072
77.58793969849246	0.04070690996632686
77.98994974874373	0.056315917360904355
78.39195979899498	0.06311542998164668
78.79396984924624	0.05978578655715676
79.19597989949749	0.04740047131999778
79.59798994974875	0.028563303401623462
80.0	0.01255897106691337
