0.0	0.029555747640825785
0.4020100502512563	0.027623912476221646
0.8040201005025126	0.02144024685152745
1.206030150753769	0.012424057603590184
1.6080402010050252	0.0058137653547566896
2.0100502512562817	0.01214772439532427
2.412060301507538	0.019386694759299918
2.814070351758794	0.022932513866083887
3.2160804020100504	0.0216167365604606
3.6180904522613067	0.01591159398703965
4.020100502512563	0.007039426397436594
4.42211055276382	0.005993628584105908
4.824120603015076	0.01671744465886709
5.226130653266332	0.025685456964274683
5.628140703517588	0.031008864720668994
6.030150753768845	0.03188789040434441
6.432160804020101	0.028391034447496695
6.834170854271357	0.021502209612293943
7.236180904522613	0.01374556613719186
7.63819095477387	0.010653331935379535
8.040201005025127	0.014398252923798626
8.442211055276383	0.017932214063806233
8.84422110552764	0.01769168702901883
9.246231155778895	0.01298203548903662
9.648241206030152	0.004484994514747528
10.050251256281408	0.008487085899687618
10.452261306532664	0.021256610615352896
10.85427135678392	0.03296485133171156
11.256281407035177	0.041903237919494234
11.658291457286433	0.04690759400377574
12.06030150753769	0.04747232774795155
12.462311557788945	0.04377778605864069
12.864321608040202	0.03715140087108569
13.266331658291458	0.02933233506313752
13.668341708542714	0.021999983679237122
14.07035175879397	0.016718851700334054
14.472361809045227	0.013315333350683129
14.874371859296483	0.013133708480386478
15.27638190954774	0.018140886658195826
15.678391959798995	0.0279620717241088
16.080402010050253	0.04036007546745613
16.48241206030151	0.05318789938746023
16.884422110552766	0.0644479257401568
17.286432160804022	0.07211030780970919
17.68844221105528	0.07576418074699989
18.090452261306535	0.0749112974684357
18.49246231155779	0.07007817475747224
18.894472361809047	0.06290673448244188
19.296482412060303	0.05495979354665208
19.69849246231156	0.048473324006654585
20.100502512562816	0.045079562134058226
20.502512562814072	0.045807296657434333
20.90452261306533	0.05043499870971245
21.306532663316585	0.05833345552136614
21.70854271356784	0.06759276206179338
22.110552763819097	0.07628734901604897
22.512562814070353	0.08276037778815361
22.91457286432161	0.08581972700516764
23.316582914572866	0.08525504601314671
23.718592964824122	0.08138043680342517
24.12060301507538	0.07529255686204908
24.522613065326635	0.06776851836324552
24.92462311557789	0.05985666707996706
25.326633165829147	0.05274330425280453
25.728643216080403	0.04696518297732759
26.13065326633166	0.04322126150886875
26.532663316582916	0.04198313277078716
26.934673366834172	0.042993553240551007
27.33668341708543	0.04587671790654245
27.738693467336685	0.04976573453832218
28.14070351758794	0.053501082303734085
28.542713567839197	0.05623905887645727
28.944723618090453	0.05713350230639436
29.34673366834171	0.05586996139659136
29.748743718592966	0.052359643848289075
30.150753768844222	0.047238526342340804
30.55276381909548	0.041060457781099256
30.954773869346734	0.034481566653240855
31.35678391959799	0.028830495758575003
31.758793969849247	0.024428099746397244
32.16080402010051	0.02161922874547032
32.56281407035176	0.020988068829648363
32.96482412060302	0.022340146263782692
33.366834170854275	0.025782000918502544
33.76884422110553	0.03008383369260529
34.17085427135679	0.03477912543080605
34.572864321608044	0.03856220259069833
34.9748743718593	0.04089950401618436
35.37688442211056	0.04130794652586471
35.77889447236181	0.03961876563361513
36.18090452261307	0.036215550007019925
36.582914572864325	0.03147793832489189
36.98492462311558	0.02620689507679589
37.38693467336684	0.02147036003889379
37.788944723618094	0.018114424657131017
38.19095477386935	0.01654668187620959
38.59296482412061	0.016499680845931432
38.99497487437186	0.0181762810173534
39.39698492462312	0.021470434898698623
39.798994974874375	0.02634284750843201
40.20100502512563	0.031971086926745204
40.60301507537689	0.0375294021981394
41.005025125628144	0.04184408064193622
41.4070351758794	0.044349449390451226
41.80904522613066	0.04479553326445952
42.21105527638191	0.04290597242930739
42.61306532663317	0.03932649973957018
43.015075376884425	0.034897841619154595
43.41708542713568	0.031084615756415253
43.81909547738694	0.02873763556964288
44.221105527638194	0.028127508025182
44.62311557788945	0.029196218748328652
45.02512562814071	0.0320579666604977
45.42713567839196	0.03649446787675095
45.82914572864322	0.04251537984117569
46.231155778894475	0.049315727956783316
46.63316582914573	0.05563182623467859
47.03517587939699	0.06043308986493255
47.437185929648244	0.06274403969759416
47.8391959798995	0.06253911833337678
48.24120603015076	0.060166840756358496
48.64321608040201	0.05700467936912455
49.04522613065327	0.0539676065754807
49.447236180904525	0.05239884820227599
49.84924623115578	0.05261255491140404
50.25125628140704	0.05429747496802169
50.653266331658294	0.05751827745507039
51.05527638190955	0.061941448723742965
51.45728643216081	0.06674090471820326
51.85929648241206	0.07127391758231566
52.26130653266332	0.07404178474867099
52.663316582914575	0.0744613770500698
53.06532663316583	0.0723306121949602
53.46733668341709	0.06856474786965898
53.869346733668344	0.06377279455213192
54.2713567839196	0.05920857794745545
54.67336683417086	0.056447396719902246
55.07537688442211	0.05608490054672427
55.47738693467337	0.057866987550850145
55.879396984924625	0.06099796051779986
56.28140703517588	0.0643019334021297
56.68341708542714	0.06685448598561312
57.085427135678394	0.06819521863487502
57.48743718592965	0.06838315207445983
57.88944723618091	0.06786948518600497
58.29145728643216	0.06628980264654824
58.69346733668342	0.0637874895144522
59.095477386934675	0.06044950996863304
59.49748743718593	0.05639071992959299
59.89949748743719	0.052774117227211446
60.301507537688444	0.05029456171168004
60.7035175879397	0.049642841131438006
61.10552763819096	0.050609341630130575
61.50753768844221	0.05250880380716867
61.90954773869347	0.05442373605808357
62.311557788944725	0.056037347510451294
62.71356783919598	0.057245138639590874
63.11557788944724	0.05804346981878208
63.517587939698494	0.05845886630788142
63.91959798994975	0.05838084210132122
64.32160804020101	0.05760607418583437
64.72361809045226	0.05618273502193237
65.12562814070353	0.05383145381445442
65.52763819095478	0.05110382451939621
65.92964824120604	0.0485785080049252
66.33165829145729	0.04677591034765613
66.73366834170855	0.0463762268263826
67.1356783919598	0.046872508978070375
67.53768844221106	0.047995495007647694
67.93969849246231	0.04969561679861147
68.34170854271358	0.05152945896886842
68.74371859296483	0.05384673135598025
69.14572864321609	0.0562485367689625
69.54773869346734	0.05854041142322598
69.9497487437186	0.0599621289256693
70.35175879396985	0.060094296880762586
70.75376884422111	0.05853751610165825
71.15577889447236	0.05569865924911756
71.55778894472363	0.052235840439793034
71.95979899497488	0.04905839557062905
72.36180904522614	0.04710069205320926
72.76381909547739	0.046883300152310826
73.16582914572865	0.048261242100027975
73.5678391959799	0.05092857400441001
73.96984924623116	0.05418439678801347
74.37185929648241	0.05744424146059714
74.77386934673368	0.06052289201397833
75.17587939698493	0.06286992230109838
75.57788944723619	0.0642304435189251
75.97989949748744	0.06370443734422361
76.3819095477387	0.06142264949303587
76.78391959798995	0.057370374411802726
77.18592964824121	0.052614742212612683
77.58793969849246	0.04805289871961727
77.98994974874373	0.04504848820137759
78.39195979899498	0.04484689266735656
78.79396984924624	0.047287892465117866
79.19597989949749	0.05124966495847437
79.59798994974875	0.05565096629082772
80.0	0.05977156385703762
