0.0	0.03025010971329119
0.4020100502512563	0.027927223699877234
0.8040201005025126	0.02078849969863167
1.206030150753769	0.010470291032825438
1.6080402010050252	0.0022243392132464046
2.0100502512562817	0.012404291736219517
2.412060301507538	0.020199773337269758
2.814070351758794	0.023727653389580213
3.2160804020100504	0.022286827289291898
3.6180904522613067	0.015779017233263172
4.020100502512563	0.00582469168484469
4.42211055276382	0.005937162788898607
4.824120603015076	0.01755617493589593
5.226130653266332	0.02651557421600887
5.628140703517588	0.031439104934003384
6.030150753768845	0.03156748856717044
6.432160804020101	0.026771137166758573
6.834170854271357	0.018244527801457154
7.236180904522613	0.007847171384517699
7.63819095477387	0.005775781338857174
8.040201005025127	0.013583226426621261
8.442211055276383	0.018557890256952057
8.84422110552764	0.018609212393732782
9.246231155778895	0.013808840889137131
9.648241206030152	0.0052105640754626
10.050251256281408	0.00842132581726095
10.452261306532664	0.020769676959329984
10.85427135678392	0.03201520943413982
11.256281407035177	0.03969406864157794
11.658291457286433	0.04304677133957096
12.06030150753769	0.04154342058121607
12.462311557788945	0.035784492234756424
12.864321608040202	0.02725187408075324
13.266331658291458	0.01826044908904256
13.668341708542714	0.011542650975943158
14.07035175879397	0.009115863333375208
14.472361809045227	0.009107430836190747
14.874371859296483	0.010370388210021371
15.27638190954774	0.01659299317855003
15.678391959798995	0.028171767764698236
16.080402010050253	0.04176423187657506
16.48241206030151	0.055378257870886426
16.884422110552766	0.06655189888260223
17.286432160804022	0.07350115651685837
17.68844221105528	0.07532403484505293
18.090452261306535	0.07207882022899505
18.49246231155779	0.0642396635536717
18.894472361809047	0.05325597377268183
19.296482412060303	0.040891513408276556
19.69849246231156	0.02918790731911617
20.100502512562816	0.019990903985830557
20.502512562814072	0.015149396471444193
20.90452261306533	0.01607342852512945
21.306532663316585	0.02363147219966067
21.70854271356784	0.03683683437026508
22.110552763819097	0.05413732017743136
22.512562814070353	0.07243907462206428
22.91457286432161	0.08867386941015713
23.316582914572866	0.09976427576985333
23.718592964824122	0.10378058729982753
24.12060301507538	0.09997127877604094
24.522613065326635	0.08921715871202104
24.92462311557789	0.07330677075235056
25.326633165829147	0.055285335974937844
25.728643216080403	0.03834416402362371
26.13065326633166	0.025917104075238985
26.532663316582916	0.01998050504024134
26.934673366834172	0.02123352287363834
27.33668341708543	0.029639966501122772
27.738693467336685	0.04388991373663924
28.14070351758794	0.0609418630993403
28.542713567839197	0.07777217945616592
28.944723618090453	0.09065540717443435
29.34673366834171	0.09754149278218865
29.748743718592966	0.09678718881602034
30.150753768844222	0.08866592264046577
30.55276381909548	0.07431094895856036
30.954773869346734	0.056151128423765975
31.35678391959799	0.03768421210357354
31.758793969849247	0.021791360912673235
32.16080402010051	0.011519489217208448
32.56281407035176	0.008590360038464803
32.96482412060302	0.012019229094687018
33.366834170854275	0.021855925778198178
33.76884422110553	0.03672543027343585
34.17085427135679	0.05362828227753398
34.572864321608044	0.06903099432428925
34.9748743718593	0.07986123442525184
35.37688442211056	0.08429527375300379
35.77889447236181	0.0812535465063335
36.18090452261307	0.07161237831585929
36.582914572864325	0.057120850563133097
36.98492462311558	0.040304366665715366
37.38693467336684	0.024670926098302008
37.788944723618094	0.01544375335271255
38.19095477386935	0.015285457749190257
38.59296482412061	0.017853651448923515
38.99497487437186	0.020015008370318214
39.39698492462312	0.02524200738099918
39.798994974874375	0.03526288514672213
40.20100502512563	0.04770331040189081
40.60301507537689	0.059043602047782126
41.005025125628144	0.06668765744674945
41.4070351758794	0.0689045450348563
41.80904522613066	0.06488134117164386
42.21105527638191	0.05574958046722454
42.61306532663317	0.04299752074431764
43.015075376884425	0.030679316966989178
43.41708542713568	0.024354622194960384
43.81909547738694	0.026361887138334733
44.221105527638194	0.03164793733665015
44.62311557788945	0.035833018961294386
45.02512562814071	0.03946731461814794
45.42713567839196	0.04456336761392423
45.82914572864322	0.05170357016060845
46.231155778894475	0.05920933386752001
46.63316582914573	0.06492878304452329
47.03517587939699	0.06670098247518985
47.437185929648244	0.06405981471388492
47.8391959798995	0.057143224352675416
48.24120603015076	0.0482128755746524
48.64321608040201	0.040652075372403784
49.04522613065327	0.03873943745529036
49.447236180904525	0.04320145929314604
49.84924623115578	0.05028685258730908
50.25125628140704	0.05673600795608756
50.653266331658294	0.06138920431994756
51.05527638190955	0.06394066276381438
51.45728643216081	0.06533143967497085
51.85929648241206	0.06606183696485875
52.26130653266332	0.06615892078369276
52.663316582914575	0.06524783566827354
53.06532663316583	0.06262460140051418
53.46733668341709	0.05802242431425336
53.869346733668344	0.051841041016106114
54.2713567839196	0.04581558898583904
54.67336683417086	0.042571059767539804
55.07537688442211	0.044971462963176764
55.47738693467337	0.05193780474760018
55.879396984924625	0.060067311125332624
56.28140703517588	0.06642715590011379
56.68341708542714	0.06978517800201929
57.085427135678394	0.06944286525918489
57.48743718592965	0.06618725893049132
57.88944723618091	0.06172586644555881
58.29145728643216	0.057077482102336694
58.69346733668342	0.05353146146249473
59.095477386934675	0.0501022627783174
59.49748743718593	0.04593788624631439
59.89949748743719	0.040905989198082846
60.301507537688444	0.03710937010833531
60.7035175879397	0.038021946865112136
61.10552763819096	0.044581416913248836
61.50753768844221	0.05416442928653857
61.90954773869347	0.06234176945704323
62.311557788944725	0.06668186839828058
62.71356783919598	0.06635285046663156
63.11557788944724	0.06167866163634592
63.517587939698494	0.05405801179566978
63.91959798994975	0.046113631809010305
64.32160804020101	0.04030852964819546
64.72361809045226	0.037129260294847866
65.12562814070353	0.035290254075794676
65.52763819095478	0.03296747807313801
65.92964824120604	0.030396865345297515
66.33165829145729	0.030629800220595145
66.73366834170855	0.036335645728720445
67.1356783919598	0.045928114035017974
67.53768844221106	0.05583054026888577
67.93969849246231	0.0630712865171171
68.34170854271358	0.06611148671534414
68.74371859296483	0.06431503022205669
69.14572864321609	0.05840028998263593
69.54773869346734	0.05003530385429422
69.9497487437186	0.041616035222039535
70.35175879396985	0.0355948602044736
70.75376884422111	0.03265236645396174
71.15577889447236	0.031082602809682752
71.55778894472363	0.029904485434881965
71.95979899497488	0.03017194102049478
72.36180904522614	0.034421122216883066
72.76381909547739	0.04350494484548719
73.16582914572865	0.05436055817008197
73.5678391959799	0.06419505397638628
73.96984924623116	0.07031890917040065
74.37185929648241	0.07120224707529363
74.77386934673368	0.06684953510650826
75.17587939698493	0.057962318102884505
75.57788944723619	0.04685815474825154
75.97989949748744	0.03640667490455625
76.3819095477387	0.0290760996255335
76.78391959798995	0.025506149325917483
77.18592964824121	0.02458791074978626
77.58793969849246	0.02630626409782299
77.98994974874373	0.032273549483316955
78.39195979899498	0.042716986600259604
78.79396984924624	0.055220023708207125
79.19597989949749	0.06681850348288237
79.59798994974875	0.07498792406390584
80.0	0.07802383288589512
