0.0	0.016795396597466813
0.4020100502512563	0.01690376144965488
0.8040201005025126	0.014262317062781266
1.206030150753769	0.009291078379941123
1.6080402010050252	0.003635367616077656
2.0100502512562817	0.004438987612969254
2.412060301507538	0.00939422789823845
2.814070351758794	0.012484821533326326
3.2160804020100504	0.0129180332514803
3.6180904522613067	0.010701906923013541
4.020100502512563	0.0062639610999187635
4.42211055276382	0.003454825251113368
4.824120603015076	0.008781779134510819
5.226130653266332	0.014416738255372933
5.628140703517588	0.01850691136608195
6.030150753768845	0.019913787049502498
6.432160804020101	0.018432128945588787
6.834170854271357	0.01461844057859724
7.236180904522613	0.009267552207896976
7.63819095477387	0.0038155337369863694
8.040201005025127	0.004238686182421852
8.442211055276383	0.007671770863273713
8.84422110552764	0.008830623482188642
9.246231155778895	0.007250040236250009
9.648241206030152	0.0036558120787278667
10.050251256281408	0.0047710315857123166
10.452261306532664	0.011310311908255499
10.85427135678392	0.01809135065191405
11.256281407035177	0.02333384695501688
11.658291457286433	0.026033743814251185
12.06030150753769	0.02571536626522299
12.462311557788945	0.022444567934689245
12.864321608040202	0.01672637345083496
13.266331658291458	0.0099484873790204
13.668341708542714	0.0036546183564610778
14.07035175879397	0.003429107154639013
14.472361809045227	0.006120192806693537
14.874371859296483	0.00650016296626708
15.27638190954774	0.005116299168290254
15.678391959798995	0.006150503852450651
16.080402010050253	0.011264396752507306
16.48241206030151	0.017582547891424
16.884422110552766	0.02324182709649152
17.286432160804022	0.027104733593395748
17.68844221105528	0.028747343643139772
18.090452261306535	0.02761502978818044
18.49246231155779	0.024178417412382556
18.894472361809047	0.018817213390177872
19.296482412060303	0.01216885723910563
19.69849246231156	0.006193067981922675
20.100502512562816	0.004380548386226932
20.502512562814072	0.007150583393743465
20.90452261306533	0.009399894307286109
21.306532663316585	0.010522257479376356
21.70854271356784	0.011845081997461994
22.110552763819097	0.014453822003595318
22.512562814070353	0.018121856719710748
22.91457286432161	0.02145776697396947
23.316582914572866	0.023844524360502703
23.718592964824122	0.024041647297800395
24.12060301507538	0.0219817802035372
24.522613065326635	0.017827282488484777
24.92462311557789	0.01226833277592071
25.326633165829147	0.007021315057937344
25.728643216080403	0.006485490701813713
26.13065326633166	0.01006004675472783
26.532663316582916	0.013152375731941677
26.934673366834172	0.015362609137788651
27.33668341708543	0.016977069623565308
27.738693467336685	0.01871338807073484
28.14070351758794	0.021620386313182118
28.542713567839197	0.024873718441760794
28.944723618090453	0.027527031895289693
29.34673366834171	0.02835141233539772
29.748743718592966	0.026703918540451583
30.150753768844222	0.022776585878495032
30.55276381909548	0.01684454817479091
30.954773869346734	0.010976432681485172
31.35678391959799	0.008649319281829309
31.758793969849247	0.01178161626602948
32.16080402010051	0.016190654782740253
32.56281407035176	0.019655645784524008
32.96482412060302	0.021876834396071004
33.366834170854275	0.02394681114990754
33.76884422110553	0.026092238473941987
34.17085427135679	0.02855779446140493
34.572864321608044	0.030475348427134213
34.9748743718593	0.030803451253631063
35.37688442211056	0.029240961227754096
35.77889447236181	0.025317800889305037
36.18090452261307	0.020034961710411785
36.582914572864325	0.014041098246440412
36.98492462311558	0.009450225675200659
37.38693467336684	0.009405947922447727
37.788944723618094	0.012663107320691152
38.19095477386935	0.016476035357830363
38.59296482412061	0.020444266803460277
38.99497487437186	0.02483506270473223
39.39698492462312	0.02970201974375536
39.798994974874375	0.03395023706308053
40.20100502512563	0.03651332910999273
40.60301507537689	0.03665797600606187
41.005025125628144	0.034251889991150544
41.4070351758794	0.029330259058875548
41.80904522613066	0.02316774787821682
42.21105527638191	0.01665243923123312
42.61306532663317	0.011329270898043595
43.015075376884425	0.009361276334864794
43.41708542713568	0.011161286313916283
43.81909547738694	0.01468166037724491
44.221105527638194	0.01890743953948188
44.62311557788945	0.024087566199388833
45.02512562814071	0.02929969991551145
45.42713567839196	0.033462651781521836
45.82914572864322	0.03593629633600994
46.231155778894475	0.03608372234445216
46.63316582914573	0.03407810871164095
47.03517587939699	0.029864614881608985
47.437185929648244	0.024287791552205062
47.8391959798995	0.01844408016474295
48.24120603015076	0.013510825170095605
48.64321608040201	0.010664944696247621
49.04522613065327	0.010450810016283082
49.447236180904525	0.01265871693294281
49.84924623115578	0.01680967815363452
50.25125628140704	0.021986252703520087
50.653266331658294	0.02760437234480887
51.05527638190955	0.032481474970569565
51.45728643216081	0.03565157902047877
51.85929648241206	0.03691742489742963
52.26130653266332	0.03618122123341619
52.663316582914575	0.033606811767826594
53.06532663316583	0.030071323487998052
53.46733668341709	0.02581712880629255
53.869346733668344	0.021683572705875002
54.2713567839196	0.018451557156171312
54.67336683417086	0.016982799444268927
55.07537688442211	0.017093510462895034
55.47738693467337	0.019131079749540102
55.879396984924625	0.022616151900269423
56.28140703517588	0.027202121078228746
56.68341708542714	0.032045491798590744
57.085427135678394	0.036329773082741094
57.48743718592965	0.03939764863317494
57.88944723618091	0.041087312756147486
58.29145728643216	0.04124169792729973
58.69346733668342	0.04006806417197516
59.095477386934675	0.03767172761290989
59.49748743718593	0.03465496683662348
59.89949748743719	0.03199806692945118
60.301507537688444	0.02970180925429699
60.7035175879397	0.02853979379016574
61.10552763819096	0.02873920105279738
61.50753768844221	0.03038892110698002
61.90954773869347	0.03438416580294742
62.311557788944725	0.039639984036987444
62.71356783919598	0.045739206123574884
63.11557788944724	0.05145530604976158
63.517587939698494	0.05610276130881482
63.91959798994975	0.059075988582772763
64.32160804020101	0.06053162108258081
64.72361809045226	0.059975029202265454
65.12562814070353	0.05793597871078954
65.52763819095478	0.05509486696185305
65.92964824120604	0.052096814733563236
66.33165829145729	0.049449237698951015
66.73366834170855	0.047861495563321456
67.1356783919598	0.04765519240996523
67.53768844221106	0.04956633282067134
67.93969849246231	0.05321204441335682
68.34170854271358	0.05774871677924766
68.74371859296483	0.06178274355623483
69.14572864321609	0.0645139313235203
69.54773869346734	0.06561915563055143
69.9497487437186	0.06485701513608667
70.35175879396985	0.06267942075534362
70.75376884422111	0.05974901519067981
71.15577889447236	0.05698604175034814
71.55778894472363	0.05465185246421621
71.95979899497488	0.05297235936230882
72.36180904522614	0.051927566702190786
72.76381909547739	0.051390586823909644
73.16582914572865	0.05221512808804354
73.5678391959799	0.05372411084938857
73.96984924623116	0.0558055972557686
74.37185929648241	0.05803084769528717
74.77386934673368	0.059879282096754596
75.17587939698493	0.06117797018696232
75.57788944723619	0.0611587665626125
75.97989949748744	0.0603355475760457
76.3819095477387	0.0585542199627892
76.78391959798995	0.055974569855978575
77.18592964824121	0.05319206650251433
77.58793969849246	0.05027959206098944
77.98994974874373	0.04756435158727916
78.39195979899498	0.04573803325136032
78.79396984924624	0.045211230603572135
79.19597989949749	0.04629395156467906
79.59798994974875	0.04927960339116351
80.0	0.05365919468007736
