0.0	0.017093305826373213
0.4020100502512563	0.01658339845426755
0.8040201005025126	0.013609512242273017
1.206030150753769	0.00842679195913092
1.6080402010050252	0.0022902296142819642
2.0100502512562817	0.004269307320534906
2.412060301507538	0.009142131318737066
2.814070351758794	0.011911003578442603
3.2160804020100504	0.011733273828970823
3.6180904522613067	0.008949694546361398
4.020100502512563	0.003992227944071089
4.42211055276382	0.002832440376276677
4.824120603015076	0.009450399911944827
5.226130653266332	0.015089155764272078
5.628140703517588	0.018702118412229848
6.030150753768845	0.019760898158520453
6.432160804020101	0.01793901038919621
6.834170854271357	0.013964461957219792
7.236180904522613	0.00842060268922197
7.63819095477387	0.00337179428541392
8.040201005025127	0.0042178192765111155
8.442211055276383	0.007026317319875268
8.84422110552764	0.007689920167888599
9.246231155778895	0.005674777711973976
9.648241206030152	0.0030862134034069255
10.050251256281408	0.007339442532059298
10.452261306532664	0.01442910175943222
10.85427135678392	0.021235518379408326
11.256281407035177	0.026638885780115317
11.658291457286433	0.02981714480872022
12.06030150753769	0.03036959265833905
12.462311557788945	0.028830870379030475
12.864321608040202	0.02545865707436326
13.266331658291458	0.021356042723824055
13.668341708542714	0.018066983170778844
14.07035175879397	0.016466978125817152
14.472361809045227	0.016579548908679756
14.874371859296483	0.018521968870590023
15.27638190954774	0.022226282546502593
15.678391959798995	0.02800562285936185
16.080402010050253	0.035245706635637475
16.48241206030151	0.042574155495798224
16.884422110552766	0.04887018452985947
17.286432160804022	0.05321445378812463
17.68844221105528	0.05489840757557418
18.090452261306535	0.05416474798148711
18.49246231155779	0.051584127988685766
18.894472361809047	0.047756051566719256
19.296482412060303	0.04401960375866543
19.69849246231156	0.04149358649469015
20.100502512562816	0.0404845914436005
20.502512562814072	0.041850099798454464
20.90452261306533	0.0457090134866081
21.306532663316585	0.05219152636359022
21.70854271356784	0.060578046142100536
22.110552763819097	0.06960511754905173
22.512562814070353	0.07767299660302798
22.91457286432161	0.08344060594317347
23.316582914572866	0.08565725453058765
23.718592964824122	0.08396083876582613
24.12060301507538	0.07877655318435846
24.522613065326635	0.0712746975990052
24.92462311557789	0.06259708659556058
25.326633165829147	0.054825542188274845
25.728643216080403	0.04940320859794722
26.13065326633166	0.047231893261435544
26.532663316582916	0.048114398564825404
26.934673366834172	0.05114468032169017
27.33668341708543	0.05551917043416389
27.738693467336685	0.060538235580047985
28.14070351758794	0.06513809100920574
28.542713567839197	0.06828778704475645
28.944723618090453	0.06910810220092298
29.34673366834171	0.06709465367295904
29.748743718592966	0.062264981729953296
30.150753768844222	0.05542549400430134
30.55276381909548	0.04748662601503903
30.954773869346734	0.040056427354333624
31.35678391959799	0.03455461477172893
31.758793969849247	0.032213510454330956
32.16080402010051	0.03235919963090327
32.56281407035176	0.03428233703688118
32.96482412060302	0.036599488477791965
33.366834170854275	0.0393242453441289
33.76884422110553	0.04215776499035474
34.17085427135679	0.04502551962077119
34.572864321608044	0.04688546696925204
34.9748743718593	0.047581752469216816
35.37688442211056	0.04639720810654146
35.77889447236181	0.04319860007931543
36.18090452261307	0.03823563506266164
36.582914572864325	0.03272881307432513
36.98492462311558	0.027652080798866868
37.38693467336684	0.02458542400507219
37.788944723618094	0.024104711661952057
38.19095477386935	0.025133002964196
38.59296482412061	0.026576825354635392
38.99497487437186	0.028129672047520475
39.39698492462312	0.02991970201642317
39.798994974874375	0.03287480322635912
40.20100502512563	0.03654532233162243
40.60301507537689	0.040042892905072174
41.005025125628144	0.04247678691816485
41.4070351758794	0.0430969244450669
41.80904522613066	0.041704199266343334
42.21105527638191	0.03835048413486696
42.61306532663317	0.03400394447064862
43.015075376884425	0.030154626494813496
43.41708542713568	0.02740927878862951
43.81909547738694	0.026194124995153195
44.221105527638194	0.026356990382524304
44.62311557788945	0.02680846001489378
45.02512562814071	0.028158552045984265
45.42713567839196	0.02999345862975546
45.82914572864322	0.03330301639955217
46.231155778894475	0.036974196174583016
46.63316582914573	0.040532545480246686
47.03517587939699	0.04295285950069335
47.437185929648244	0.04332299476169378
47.8391959798995	0.0417067951127879
48.24120603015076	0.038559206536129535
48.64321608040201	0.03472639526611115
49.04522613065327	0.031509681308619794
49.447236180904525	0.029898569164052424
49.84924623115578	0.030114135087708077
50.25125628140704	0.03129065441044293
50.653266331658294	0.03280015738517818
51.05527638190955	0.03464703499707318
51.45728643216081	0.03736066059614178
51.85929648241206	0.04114860198635731
52.26130653266332	0.0456024325112473
52.663316582914575	0.04980473302900657
53.06532663316583	0.052290679463652255
53.46733668341709	0.05248904685913658
53.869346733668344	0.05045068722891497
54.2713567839196	0.04660346140606436
54.67336683417086	0.04228744627932709
55.07537688442211	0.038548655642580774
55.47738693467337	0.03678798114849067
55.879396984924625	0.03661611986043004
56.28140703517588	0.0377400894558508
56.68341708542714	0.03955590473721666
57.085427135678394	0.04264336851094193
57.48743718592965	0.047324889154771274
57.88944723618091	0.05344142480344764
58.29145728643216	0.059844814960030565
58.69346733668342	0.06528300961239045
59.095477386934675	0.06875723478518941
59.49748743718593	0.06975725369541563
59.89949748743719	0.06846435822449105
60.301507537688444	0.0651951969838968
60.7035175879397	0.06130510994398578
61.10552763819096	0.05741931583794726
61.50753768844221	0.05456535654624235
61.90954773869347	0.05329976019142969
62.311557788944725	0.05351207679226011
62.71356783919598	0.05488945417805319
63.11557788944724	0.05758644826365751
63.517587939698494	0.061088948039293746
63.91959798994975	0.06480994059490658
64.32160804020101	0.06849942405758719
64.72361809045226	0.07100118622211196
65.12562814070353	0.07172055414109565
65.52763819095478	0.07051926299321348
65.92964824120604	0.06773752147567333
66.33165829145729	0.06382048446121077
66.73366834170855	0.059922377206027486
67.1356783919598	0.05641924917041731
67.53768844221106	0.0544378093167203
67.93969849246231	0.05393969153746714
68.34170854271358	0.054523856460122214
68.74371859296483	0.05570565879223884
69.14572864321609	0.057282686883834324
69.54773869346734	0.05885726300142249
69.9497487437186	0.06062975215170012
70.35175879396985	0.06215858109664032
70.75376884422111	0.06332457811277493
71.15577889447236	0.06355886620839116
71.55778894472363	0.06280167820867806
71.95979899497488	0.06072060018833284
72.36180904522614	0.05817052844369416
72.76381909547739	0.05541740735664853
73.16582914572865	0.053035021726990095
73.5678391959799	0.05136236471768668
73.96984924623116	0.05082326782547173
74.37185929648241	0.050989516520902736
74.77386934673368	0.05161371425800519
75.17587939698493	0.05263037404448188
75.57788944723619	0.053758875710367894
75.97989949748744	0.055423306794150654
76.3819095477387	0.05739944458304412
76.78391959798995	0.05944916994136462
77.18592964824121	0.0610735130591951
77.58793969849246	0.06172723913181517
77.98994974874373	0.060976658616902504
78.39195979899498	0.058875818457938524
78.79396984924624	0.055878798550317875
79.19597989949749	0.05276407993719343
79.59798994974875	0.050490567736561076
80.0	0.04937133183089379
