0.0	0.024989911794817375
0.4020100502512563	0.02129653636988385
0.8040201005025126	0.013759954860675777
1.206030150753769	0.004296767524694515
1.6080402010050252	0.005486523140602077
2.0100502512562817	0.014251208037363286
2.412060301507538	0.01980090758677271
2.814070351758794	0.021284806072485295
3.2160804020100504	0.018836787493708346
3.6180904522613067	0.012440881345965668
4.020100502512563	0.003435386781042809
4.42211055276382	0.006294315743180822
4.824120603015076	0.015142467785446015
5.226130653266332	0.021549150719324076
5.628140703517588	0.024057666476229974
6.030150753768845	0.022363656382876438
6.432160804020101	0.01701858368718116
6.834170854271357	0.008630294645710749
7.236180904522613	0.0015966087003523965
7.63819095477387	0.010539943645206086
8.040201005025127	0.0177117489373324
8.442211055276383	0.021367237515176517
8.84422110552764	0.021120160546981424
9.246231155778895	0.017257563887954925
9.648241206030152	0.00987240504326202
10.050251256281408	0.0013340680695246064
10.452261306532664	0.007820880136507016
10.85427135678392	0.015141485221748985
11.256281407035177	0.0194917432354747
11.658291457286433	0.019877850840098625
12.06030150753769	0.0169961839163719
12.462311557788945	0.013134003973921666
12.864321608040202	0.014980783125998706
13.266331658291458	0.02382131680289807
13.668341708542714	0.03555854265863069
14.07035175879397	0.04667756991092394
14.472361809045227	0.054511739195446274
14.874371859296483	0.05772776375226667
15.27638190954774	0.055272604724046194
15.678391959798995	0.046325578905468116
16.080402010050253	0.030290103255175095
16.48241206030151	0.009975137538463552
16.884422110552766	0.017819618613696755
17.286432160804022	0.04057387878535494
17.68844221105528	0.059272311935978726
18.090452261306535	0.06951846286257893
18.49246231155779	0.06690393778600738
18.894472361809047	0.05013225816648522
19.296482412060303	0.022770102204654263
19.69849246231156	0.012946228728780726
20.100502512562816	0.04541132617562273
20.502512562814072	0.0715075435671009
20.90452261306533	0.08602603670759555
21.306532663316585	0.08523695980238256
21.70854271356784	0.06865377476697367
22.110552763819097	0.03984922054718399
22.512562814070353	0.002647339615972768
22.91457286432161	0.0360526609058311
23.316582914572866	0.07031439688187248
23.718592964824122	0.09414541271782015
24.12060301507538	0.10419697523661878
24.522613065326635	0.09885376288623421
24.92462311557789	0.08036624164322213
25.326633165829147	0.051045572919694485
25.728643216080403	0.017017279526808107
26.13065326633166	0.01577296540649843
26.532663316582916	0.04059912523393945
26.934673366834172	0.053312009279438535
27.33668341708543	0.0517704011637249
27.738693467336685	0.03588639342874706
28.14070351758794	0.008820768652081767
28.542713567839197	0.02739182459365036
28.944723618090453	0.06318326219858794
29.34673366834171	0.09323735529527225
29.748743718592966	0.11195814854440958
30.150753768844222	0.11642917644283472
30.55276381909548	0.10452736019685707
30.954773869346734	0.07893709620809389
31.35678391959799	0.0452617866094728
31.758793969849247	0.02362760693131708
32.16080402010051	0.04473668854118211
32.56281407035176	0.06905134538867465
32.96482412060302	0.07990340999794972
33.366834170854275	0.07428081964627567
33.76884422110553	0.053144631273406254
34.17085427135679	0.022285089857234968
34.572864321608044	0.024179403898946582
34.9748743718593	0.05904632559407711
35.37688442211056	0.08632474204671761
35.77889447236181	0.10072766886263998
36.18090452261307	0.09877587458117298
36.582914572864325	0.08134153048311518
36.98492462311558	0.05289214473681436
37.38693467336684	0.025018732575617608
37.788944723618094	0.033803692913737436
38.19095477386935	0.05944689105713639
38.59296482412061	0.07587791448395356
38.99497487437186	0.07801859134692304
39.39698492462312	0.0655238304136098
39.798994974874375	0.04072388607224251
40.20100502512563	0.011474636859507694
40.60301507537689	0.030713314663918745
41.005025125628144	0.06096360236436484
41.4070351758794	0.081831229355076
41.80904522613066	0.0894294778326757
42.21105527638191	0.08284529039384946
42.61306532663317	0.0634588960959216
43.015075376884425	0.03641864213430522
43.41708542713568	0.013513957326860854
43.81909547738694	0.0290953430941564
44.221105527638194	0.046878981265101996
44.62311557788945	0.05334727975276769
45.02512562814071	0.045917168290308154
45.42713567839196	0.025360602959811275
45.82914572864322	0.0054144945356846075
46.231155778894475	0.03971084286735835
46.63316582914573	0.07262201499893782
47.03517587939699	0.0979252975571802
47.437185929648244	0.11102016850702696
47.8391959798995	0.10980141253500711
48.24120603015076	0.09426854083493572
48.64321608040201	0.06785882592555145
49.04522613065327	0.03558325895042576
49.447236180904525	0.008731022153723712
49.84924623115578	0.02738475122687657
50.25125628140704	0.043556048182797964
50.653266331658294	0.04627389481584058
51.05527638190955	0.03487261846145827
51.45728643216081	0.012513005660814768
51.85929648241206	0.02106771582078088
52.26130653266332	0.052758850407976045
52.663316582914575	0.07994766023955482
53.06532663316583	0.09703978220231642
53.46733668341709	0.10125980503432501
53.869346733668344	0.0918578598658291
54.2713567839196	0.07069490125620906
54.67336683417086	0.0427943454646553
55.07537688442211	0.019878489916251314
55.47738693467337	0.030842554451083876
55.879396984924625	0.05000418565398351
56.28140703517588	0.05932223772491033
56.68341708542714	0.05591968859738302
57.085427135678394	0.04203835694920534
57.48743718592965	0.02651175600772835
57.88944723618091	0.033042290339227884
58.29145728643216	0.05462190319728608
58.69346733668342	0.07298344764666743
59.095477386934675	0.08153472568303656
59.49748743718593	0.07776167587439252
59.89949748743719	0.06253309455332003
60.301507537688444	0.038201002178770566
60.7035175879397	0.011843517081517093
61.10552763819096	0.021479704684536798
61.50753768844221	0.042203647081913265
61.90954773869347	0.05335805039174781
62.311557788944725	0.05213149838029141
62.71356783919598	0.039553041894191274
63.11557788944724	0.020397239208944182
63.517587939698494	0.022854256162177573
63.91959798994975	0.0491888452390485
64.32160804020101	0.07344894911286878
64.72361809045226	0.0886964733121632
65.12562814070353	0.09214347189390444
65.52763819095478	0.0831137973841262
65.92964824120604	0.06312312867293547
66.33165829145729	0.03633096746773541
66.73366834170855	0.009161001387114245
67.1356783919598	0.018860999946836616
67.53768844221106	0.0354504699695679
67.93969849246231	0.04069267879586828
68.34170854271358	0.033956098410148974
68.74371859296483	0.017172504550548928
69.14572864321609	0.011798731911354499
69.54773869346734	0.03776712852689616
69.9497487437186	0.06244293681354144
70.35175879396985	0.07964045457979523
70.75376884422111	0.08576617348574386
71.15577889447236	0.07976504722949931
71.55778894472363	0.06286399263674494
71.95979899497488	0.03799513200873993
72.36180904522614	0.011240374097273406
72.76381909547739	0.01727136070201281
73.16582914572865	0.03565600809004909
73.5678391959799	0.04467268822615848
73.96984924623116	0.04186294204056314
74.37185929648241	0.02910717807328852
74.77386934673368	0.01715010048596818
75.17587939698493	0.032070619232433185
75.57788944723619	0.05573024475930616
75.97989949748744	0.07456327612589533
76.3819095477387	0.08394396117795402
76.78391959798995	0.08170546666098596
77.18592964824121	0.06840228664446749
77.58793969849246	0.04642027383326819
77.98994974874373	0.02005434564291276
78.39195979899498	0.010424032326307635
78.79396984924624	0.030764513291947505
79.19597989949749	0.04384165820636175
79.59798994974875	0.04599182099503044
80.0	0.03761488833676886
