0.0	0.013519867339682318
0.4020100502512563	0.010019085621663471
0.8040201005025126	0.0049388076238341535
1.206030150753769	0.0009725468235206239
1.6080402010050252	0.006733237570215557
2.0100502512562817	0.011030555485744855
2.412060301507538	0.013320226736030703
2.814070351758794	0.013168591839149587
3.2160804020100504	0.010407279591963971
3.6180904522613067	0.0059360984074917425
4.020100502512563	0.0008315863927353033
4.42211055276382	0.005285255818851609
4.824120603015076	0.009597767434601185
5.226130653266332	0.011808188303819207
5.628140703517588	0.011958567226866373
6.030150753768845	0.00926979106832355
6.432160804020101	0.004827674478013864
6.834170854271357	0.0015773615113988087
7.236180904522613	0.00698233544437848
7.63819095477387	0.01203785995055175
8.040201005025127	0.015298373983403534
8.442211055276383	0.015998059115093437
8.84422110552764	0.014304250418047148
9.246231155778895	0.010383555436577496
9.648241206030152	0.005070374337397517
10.050251256281408	0.0008032196646301549
10.452261306532664	0.005639532892967303
10.85427135678392	0.008757459815637138
11.256281407035177	0.009653191807703446
11.658291457286433	0.008132177645222486
12.06030150753769	0.00447989335654638
12.462311557788945	0.0015043752476696713
12.864321608040202	0.006516678585281255
13.266331658291458	0.011181720046635573
13.668341708542714	0.014552379567761092
14.07035175879397	0.015748804771929522
14.472361809045227	0.015120696634272976
14.874371859296483	0.012806940393981558
15.27638190954774	0.010556408998741903
15.678391959798995	0.010063078452931092
16.080402010050253	0.011408835842548665
16.48241206030151	0.013014363278454117
16.884422110552766	0.01337298248499216
17.286432160804022	0.012208630721955665
17.68844221105528	0.010368050058250288
18.090452261306535	0.010251467260444598
18.49246231155779	0.01308654892863408
18.894472361809047	0.0178075466524009
19.296482412060303	0.022450766541723278
19.69849246231156	0.025844710138593224
20.100502512562816	0.027960534521480084
20.502512562814072	0.028703719888399714
20.90452261306533	0.02919853117490493
21.306532663316585	0.030004147205317383
21.70854271356784	0.031161296002091676
22.110552763819097	0.03190957585618638
22.512562814070353	0.03174532230863221
22.91457286432161	0.030757040522764796
23.316582914572866	0.02939642874075731
23.718592964824122	0.02918726607397623
24.12060301507538	0.03112665689070478
24.522613065326635	0.03482326305594191
24.92462311557789	0.03895824362140806
25.326633165829147	0.04250841576960036
25.728643216080403	0.04550923480270563
26.13065326633166	0.047828736274651
26.532663316582916	0.04941757551657221
26.934673366834172	0.050548764551603495
27.33668341708543	0.05112816476402456
27.738693467336685	0.0514157808731989
28.14070351758794	0.0519795686029309
28.542713567839197	0.05302805822155744
28.944723618090453	0.05480657690361287
29.34673366834171	0.057336137735617965
29.748743718592966	0.06065341848175204
30.150753768844222	0.06433929436940689
30.55276381909548	0.06760855892976428
30.954773869346734	0.07004609339126994
31.35678391959799	0.07131974927006456
31.758793969849247	0.07147139335973252
32.16080402010051	0.0704102805241564
32.56281407035176	0.06847252185232264
32.96482412060302	0.06599734965374317
33.366834170854275	0.06346457386687486
33.76884422110553	0.06102498120376171
34.17085427135679	0.05908186256109575
34.572864321608044	0.05785346533989814
34.9748743718593	0.057844751706527045
35.37688442211056	0.05898724231395887
35.77889447236181	0.06109672368830445
36.18090452261307	0.06402279986799439
36.582914572864325	0.06693596640601643
36.98492462311558	0.06920040743356913
37.38693467336684	0.07031354685871095
37.788944723618094	0.06991844948698442
38.19095477386935	0.06784935091023551
38.59296482412061	0.0644992107867527
38.99497487437186	0.06025016753195493
39.39698492462312	0.05584826484028077
39.798994974874375	0.05178080169249051
40.20100502512563	0.04868493819027629
40.60301507537689	0.04692744761317531
41.005025125628144	0.046724439856259806
41.4070351758794	0.04775190012052345
41.80904522613066	0.049848137145635005
42.21105527638191	0.05264397007192112
42.61306532663317	0.05546889884349591
43.015075376884425	0.05799177837747473
43.41708542713568	0.05955770000576216
43.81909547738694	0.06010829083315371
44.221105527638194	0.05957300901140623
44.62311557788945	0.05789002428605995
45.02512562814071	0.055402374711683786
45.42713567839196	0.052694488118574925
45.82914572864322	0.05040286412166539
46.231155778894475	0.048653736137276166
46.63316582914573	0.04787080579257618
47.03517587939699	0.04818577309232968
47.437185929648244	0.04972529592332445
47.8391959798995	0.05238485868198939
48.24120603015076	0.05548069822652918
48.64321608040201	0.05837306225479928
49.04522613065327	0.060784488270076806
49.447236180904525	0.06190034923730116
49.84924623115578	0.06167344413231442
50.25125628140704	0.060255498462175504
50.653266331658294	0.05792537511215655
51.05527638190955	0.0553718295559101
51.45728643216081	0.053061051470429
51.85929648241206	0.051371133041967484
52.26130653266332	0.05018503320459029
52.663316582914575	0.05016646701290076
53.06532663316583	0.05099335395219593
53.46733668341709	0.05262205089951203
53.869346733668344	0.0548961808341471
54.2713567839196	0.057425918170218415
54.67336683417086	0.0598624064507038
55.07537688442211	0.06161586404320486
55.47738693467337	0.06237859379318751
55.879396984924625	0.0620136045955287
56.28140703517588	0.06050427682387307
56.68341708542714	0.058277446823671385
57.085427135678394	0.05575307659403572
57.48743718592965	0.053507128079847956
57.88944723618091	0.05170717183725844
58.29145728643216	0.05080491209482948
58.69346733668342	0.05096141349629478
59.095477386934675	0.05191409712081128
59.49748743718593	0.054005702870539705
59.89949748743719	0.056990155204050194
60.301507537688444	0.060584470899233064
60.7035175879397	0.06399188378532016
61.10552763819096	0.06650723873931995
61.50753768844221	0.06744792926194751
61.90954773869347	0.06664794741443406
62.311557788944725	0.06435245934024142
62.71356783919598	0.06088017390137866
63.11557788944724	0.05712102558735667
63.517587939698494	0.05369198898604173
63.91959798994975	0.051167519865507084
64.32160804020101	0.04995792478864365
64.72361809045226	0.05031129744003018
65.12562814070353	0.05225574495166976
65.52763819095478	0.055622471275050524
65.92964824120604	0.05993276448858563
66.33165829145729	0.06442532537252953
66.73366834170855	0.06802839985684836
67.1356783919598	0.07004082786031474
67.53768844221106	0.0696660177214122
67.93969849246231	0.06711345061899528
68.34170854271358	0.06288231528600907
68.74371859296483	0.0579071715107081
69.14572864321609	0.05313235484548241
69.54773869346734	0.04941207499227081
69.9497487437186	0.047384037507121446
70.35175879396985	0.04716734080030592
70.75376884422111	0.0488087191174459
71.15577889447236	0.05207422774710838
71.55778894472363	0.0565062231749273
71.95979899497488	0.06133182417346953
72.36180904522614	0.06568040709797426
72.76381909547739	0.06861493785164594
73.16582914572865	0.0693661294361648
73.5678391959799	0.0680276603345499
73.96984924623116	0.06473347044343411
74.37185929648241	0.059943995460934395
74.77386934673368	0.05511634959304672
75.17587939698493	0.0509944697781218
75.57788944723619	0.04819511214282325
75.97989949748744	0.04711175594009699
76.3819095477387	0.04823253833231625
76.78391959798995	0.051092573503458895
77.18592964824121	0.055122889009372546
77.58793969849246	0.059626147859519044
77.98994974874373	0.06382632238110933
78.39195979899498	0.0669930354842243
78.79396984924624	0.06853425535317985
79.19597989949749	0.06784618529633644
79.59798994974875	0.06558927789207226
80.0	0.06187483905550112
