0.0	0.010097685884027742
0.4020100502512563	0.00872671638563002
0.8040201005025126	0.0069640585317983904
1.206030150753769	0.005870694643409685
1.6080402010050252	0.006375495835928863
2.0100502512562817	0.007872288217892782
2.412060301507538	0.008839896726806889
2.814070351758794	0.008868389919531195
3.2160804020100504	0.0076779588223814576
3.6180904522613067	0.00514971302856163
4.020100502512563	0.0026971701861861334
4.42211055276382	0.003352314763835037
4.824120603015076	0.006246535414458856
5.226130653266332	0.008740705180002278
5.628140703517588	0.01003816253038223
6.030150753768845	0.010512269019802007
6.432160804020101	0.01048935787231974
6.834170854271357	0.010402256585446298
7.236180904522613	0.011110131174747035
7.63819095477387	0.012166858897350788
8.040201005025127	0.013008490284849216
8.442211055276383	0.013116753083273388
8.84422110552764	0.011786380413719837
9.246231155778895	0.009550351806382782
9.648241206030152	0.006695358878058333
10.050251256281408	0.005349360336248179
10.452261306532664	0.007232688785395565
10.85427135678392	0.010007935216532881
11.256281407035177	0.012552533251122721
11.658291457286433	0.014643417885906448
12.06030150753769	0.016871820466873313
12.462311557788945	0.01963713530453228
12.864321608040202	0.022588518332721005
13.266331658291458	0.024705373719719113
13.668341708542714	0.026485903159095436
14.07035175879397	0.027571298683408452
14.472361809045227	0.028576838996298214
14.874371859296483	0.0285109708866227
15.27638190954774	0.027606465353161424
15.678391959798995	0.02464194286495003
16.080402010050253	0.018066549466582416
16.48241206030151	0.008966406330466213
16.884422110552766	0.005238871605101064
17.286432160804022	0.015181175307086103
17.68844221105528	0.022978910649757458
18.090452261306535	0.026755885156720192
18.49246231155779	0.029207733065341173
18.894472361809047	0.032031450082185046
19.296482412060303	0.038532949670953845
19.69849246231156	0.04686800024552561
20.100502512562816	0.053379017068465116
20.502512562814072	0.05478737008444444
20.90452261306533	0.05029106229394971
21.306532663316585	0.03983110419640774
21.70854271356784	0.027405238042498413
22.110552763819097	0.017952630448069662
22.512562814070353	0.013468787782272573
22.91457286432161	0.013110524123374486
23.316582914572866	0.011249592374288271
23.718592964824122	0.006665357437502113
24.12060301507538	0.01091652896888676
24.522613065326635	0.02186527724683584
24.92462311557789	0.03211966659573721
25.326633165829147	0.03876449046187805
25.728643216080403	0.04078101944858577
26.13065326633166	0.03750556478365225
26.532663316582916	0.02959357047713083
26.934673366834172	0.018919155547370108
27.33668341708543	0.010286444118447376
27.738693467336685	0.013310320007085267
28.14070351758794	0.021487002092867975
28.542713567839197	0.02698142758827979
28.944723618090453	0.02736795336777482
29.34673366834171	0.022788771281809325
29.748743718592966	0.013784312345084282
30.150753768844222	0.003641324299718943
30.55276381909548	0.010999589710812597
30.954773869346734	0.020721738904989278
31.35678391959799	0.026584300678200327
31.758793969849247	0.027565272041412188
32.16080402010051	0.02391251088017462
32.56281407035176	0.017772624045744197
32.96482412060302	0.01648266735359818
33.366834170854275	0.024003968264453206
33.76884422110553	0.034462572554212194
34.17085427135679	0.043380095756704214
34.572864321608044	0.04807591133706486
34.9748743718593	0.047735134631641946
35.37688442211056	0.04290772069109124
35.77889447236181	0.035052214973475763
36.18090452261307	0.026823675867681807
36.582914572864325	0.022035718767738834
36.98492462311558	0.021878449152247865
37.38693467336684	0.022896671214985804
37.788944723618094	0.021202582180372086
38.19095477386935	0.015399310509768695
38.59296482412061	0.006240092354446083
38.99497487437186	0.010521098276508179
39.39698492462312	0.023840163398100862
39.798994974874375	0.03680978361893813
40.20100502512563	0.04720337974029183
40.60301507537689	0.053636634865949204
41.005025125628144	0.0564669534445725
41.4070351758794	0.055531349465715016
41.80904522613066	0.05168333774638517
42.21105527638191	0.046259784074913504
42.61306532663317	0.039773777803269156
43.015075376884425	0.032541842470589846
43.41708542713568	0.024959190231509228
43.81909547738694	0.019305560620545843
44.221105527638194	0.01928383532848115
44.62311557788945	0.02643345658232124
45.02512562814071	0.03665367053005037
45.42713567839196	0.04762677082430557
45.82914572864322	0.05756517750710023
46.231155778894475	0.06464181976758268
46.63316582914573	0.06846853029859061
47.03517587939699	0.06823551444551022
47.437185929648244	0.06340275499341244
47.8391959798995	0.05536187195475215
48.24120603015076	0.04482145287406189
48.64321608040201	0.033908843647167966
49.04522613065327	0.025139211872070945
49.447236180904525	0.020562148771383
49.84924623115578	0.021689235972584302
50.25125628140704	0.027315721116782137
50.653266331658294	0.035746354233172115
51.05527638190955	0.04602502662243767
51.45728643216081	0.057245025708204465
51.85929648241206	0.06788504322828287
52.26130653266332	0.0760192984895706
52.663316582914575	0.07931365563691511
53.06532663316583	0.07695159156620004
53.46733668341709	0.06928310228174431
53.869346733668344	0.057750105835466733
54.2713567839196	0.04381705623127717
54.67336683417086	0.03087498154411201
55.07537688442211	0.021422970133081747
55.47738693467337	0.017402885783158534
55.879396984924625	0.018745794095188104
56.28140703517588	0.023603897482170018
56.68341708542714	0.031537875851735835
57.085427135678394	0.04215728543484647
57.48743718592965	0.053003023854445386
57.88944723618091	0.06213049426252524
58.29145728643216	0.06713954888483376
58.69346733668342	0.06720696079081737
59.095477386934675	0.06213514903649956
59.49748743718593	0.05287105695612747
59.89949748743719	0.04151534299367176
60.301507537688444	0.030803373745504327
60.7035175879397	0.023480294854495848
61.10552763819096	0.021076977373929412
61.50753768844221	0.021625767657135316
61.90954773869347	0.02391999790540205
62.311557788944725	0.02876971550416736
62.71356783919598	0.035936711449338174
63.11557788944724	0.044160745322704364
63.517587939698494	0.05122920977441875
63.91959798994975	0.05532630069176121
64.32160804020101	0.055635677063437604
64.72361809045226	0.05186831324650565
65.12562814070353	0.04531284022573033
65.52763819095478	0.038280118232284624
65.92964824120604	0.03377473333291402
66.33165829145729	0.03381772563951109
66.73366834170855	0.03760216172157136
67.1356783919598	0.04228613974337764
67.53768844221106	0.04602527246434648
67.93969849246231	0.04894648767413052
68.34170854271358	0.051397661772393174
68.74371859296483	0.053320421387778406
69.14572864321609	0.05501327132095488
69.54773869346734	0.05538634535315477
69.9497487437186	0.05385540610627437
70.35175879396985	0.049546283475940034
70.75376884422111	0.04318980698594341
71.15577889447236	0.03580404455262668
71.55778894472363	0.030779824944105205
71.95979899497488	0.031762732563740716
72.36180904522614	0.037643890636256575
72.76381909547739	0.044803269334883
73.16582914572865	0.05054242711874705
73.5678391959799	0.05391442239126558
73.96984924623116	0.05494756911026336
74.37185929648241	0.054480116879798
74.77386934673368	0.052950584550959544
75.17587939698493	0.050231015950047087
75.57788944723619	0.04679032039579082
75.97989949748744	0.04212961777417675
76.3819095477387	0.0364833446808779
76.78391959798995	0.03094674401768565
77.18592964824121	0.027946234498252242
77.58793969849246	0.029529704357286978
77.98994974874373	0.03519259425614363
78.39195979899498	0.04138705606693867
78.79396984924624	0.04651057182098958
79.19597989949749	0.04997475297445746
79.59798994974875	0.0513197349202732
80.0	0.05077330869863396
