0.0	0.01274782766467975
0.4020100502512563	0.010932322770062682
0.8040201005025126	0.007223262572844356
1.206030150753769	0.002040171699549423
1.6080402010050252	0.00346707902131753
2.0100502512562817	0.00822316348826429
2.412060301507538	0.011297619413929628
2.814070351758794	0.01233474684160248
3.2160804020100504	0.011289970766269707
3.6180904522613067	0.00816772486865797
4.020100502512563	0.0034985769836516434
4.42211055276382	0.002157773891875269
4.824120603015076	0.0064462244569864074
5.226130653266332	0.00963994642296608
5.628140703517588	0.01086619930604929
6.030150753768845	0.009765136812780698
6.432160804020101	0.006702543563426877
6.834170854271357	0.002127284437427758
7.236180904522613	0.003879950389563599
7.63819095477387	0.008960536694138741
8.040201005025127	0.01283365576368437
8.442211055276383	0.015302215868370897
8.84422110552764	0.015369540808770918
9.246231155778895	0.013333050089545833
9.648241206030152	0.009601683440144317
10.050251256281408	0.004962366261942483
10.452261306532664	0.0008060237545471973
10.85427135678392	0.0037243808843745916
11.256281407035177	0.005871721455378105
11.658291457286433	0.006169002190201113
12.06030150753769	0.005969944633557051
12.462311557788945	0.007703895075241089
12.864321608040202	0.012428184257735241
13.266331658291458	0.01802241936417468
13.668341708542714	0.022794907295177545
14.07035175879397	0.02523268042502836
14.472361809045227	0.024814822519660603
14.874371859296483	0.021312357619618402
15.27638190954774	0.015265734872081072
15.678391959798995	0.007595127299114183
16.080402010050253	0.00043740448929708035
16.48241206030151	0.006580082676287567
16.884422110552766	0.010117804079798717
17.286432160804022	0.010303759996515411
17.68844221105528	0.008230984362873619
18.090452261306535	0.008129831901004919
18.49246231155779	0.013652622463279127
18.894472361809047	0.0209154379664501
19.296482412060303	0.026599589322878876
19.69849246231156	0.029845879912734886
20.100502512562816	0.029536032936590344
20.502512562814072	0.025917094575257003
20.90452261306533	0.0195725971400183
21.306532663316585	0.012338021932016097
21.70854271356784	0.0065448938551918275
22.110552763819097	0.008045528913490113
22.512562814070353	0.012299892819117997
22.91457286432161	0.015001229014322515
23.316582914572866	0.015740519849089474
23.718592964824122	0.015510153229696816
24.12060301507538	0.015734058810922786
24.522613065326635	0.017221909720414402
24.92462311557789	0.019871892584839256
25.326633165829147	0.02200866656577099
25.728643216080403	0.02266868817542157
26.13065326633166	0.020803935029052874
26.532663316582916	0.016486106889168385
26.934673366834172	0.01055766697714464
27.33668341708543	0.007434900638278563
27.738693467336685	0.01213507657348188
28.14070351758794	0.01819739752925327
28.542713567839197	0.02245044530194484
28.944723618090453	0.023403444893990308
29.34673366834171	0.022091587653734993
29.748743718592966	0.02078791480803244
30.150753768844222	0.022271033694928853
30.55276381909548	0.02564230313519224
30.954773869346734	0.02900689002435213
31.35678391959799	0.030024142485646204
31.758793969849247	0.02813225023948752
32.16080402010051	0.02324186725293119
32.56281407035176	0.017318342961473
32.96482412060302	0.014149786198897712
33.366834170854275	0.0166213543951601
33.76884422110553	0.021674153372544483
34.17085427135679	0.0259987218300759
34.572864321608044	0.028325723356864795
34.9748743718593	0.028506820922380903
35.37688442211056	0.027616185148909678
35.77889447236181	0.026744443125599794
36.18090452261307	0.0264839294217599
36.582914572864325	0.02690753907718891
36.98492462311558	0.02680896649219639
37.38693467336684	0.025301121573543188
37.788944723618094	0.022285533912019897
38.19095477386935	0.018662929425938318
38.59296482412061	0.01662948021169888
38.99497487437186	0.018281770124333123
39.39698492462312	0.022638066514100223
39.798994974874375	0.027279515278448397
40.20100502512563	0.031160910254251013
40.60301507537689	0.033763372800555545
41.005025125628144	0.03521104263286833
41.4070351758794	0.03604295348522439
41.80904522613066	0.03645180698191551
42.21105527638191	0.03645990921831371
42.61306532663317	0.03578117822460596
43.015075376884425	0.03418615076766436
43.41708542713568	0.03163487690425071
43.81909547738694	0.028388917445987566
44.221105527638194	0.025804620984968506
44.62311557788945	0.025374098879919336
45.02512562814071	0.028067646664058123
45.42713567839196	0.03270066559830195
45.82914572864322	0.03764920458637061
46.231155778894475	0.04186145307396264
46.63316582914573	0.04462472500138666
47.03517587939699	0.04594101985801066
47.437185929648244	0.04582092919700333
47.8391959798995	0.044729265693783105
48.24120603015076	0.04316508053801304
48.64321608040201	0.0414632131430868
49.04522613065327	0.03988814770205765
49.447236180904525	0.038433968149289156
49.84924623115578	0.03729932245280646
50.25125628140704	0.03719109616144689
50.653266331658294	0.03955929683071407
51.05527638190955	0.04471994981456069
51.45728643216081	0.05187749282111259
51.85929648241206	0.05932359715520534
52.26130653266332	0.06526877643939144
52.663316582914575	0.06852772092956363
53.06532663316583	0.06895836697443361
53.46733668341709	0.06653442916323402
53.869346733668344	0.06308231019437854
54.2713567839196	0.05967261708571623
54.67336683417086	0.056763792616098985
55.07537688442211	0.054810124913562096
55.47738693467337	0.05334916733357074
55.879396984924625	0.05203534906490076
56.28140703517588	0.05155909947934443
56.68341708542714	0.05251449008359614
57.085427135678394	0.05526284493058688
57.48743718592965	0.05933423087915438
57.88944723618091	0.06336051718437276
58.29145728643216	0.06624200614322072
58.69346733668342	0.066758834934566
59.095477386934675	0.06555921262338504
59.49748743718593	0.06346771610500469
59.89949748743719	0.06137591982790881
60.301507537688444	0.05963484040523783
60.7035175879397	0.058617232584071643
61.10552763819096	0.0572737829875983
61.50753768844221	0.055350759350270215
61.90954773869347	0.05323358994597692
62.311557788944725	0.051421348094177796
62.71356783919598	0.05142386121874656
63.11557788944724	0.05301940809704693
63.517587939698494	0.05588951954662491
63.91959798994975	0.05833598139970807
64.32160804020101	0.05964761865031824
64.72361809045226	0.05936517033527046
65.12562814070353	0.05785750998556429
65.52763819095478	0.05597648338738405
65.92964824120604	0.05475279666076899
66.33165829145729	0.05438251812787094
66.73366834170855	0.05468448057372176
67.1356783919598	0.054315351855443214
67.53768844221106	0.05319839861715146
67.93969849246231	0.051565944560426624
68.34170854271358	0.050439889952726746
68.74371859296483	0.05086840486473989
69.14572864321609	0.05270181765937325
69.54773869346734	0.05528947751262133
69.9497487437186	0.05730034327923006
70.35175879396985	0.05818674754975598
70.75376884422111	0.057884726002734185
71.15577889447236	0.05689002980595409
71.55778894472363	0.05577785508358486
71.95979899497488	0.055214034445495344
72.36180904522614	0.05506134658495544
72.76381909547739	0.054896149261138893
73.16582914572865	0.05470050170279909
73.5678391959799	0.054109387438825464
73.96984924623116	0.053634629570907554
74.37185929648241	0.053520249490667395
74.77386934673368	0.054473204070713335
75.17587939698493	0.05614640588541373
75.57788944723619	0.0578603314595741
75.97989949748744	0.05886811227756049
76.3819095477387	0.05880302196572583
76.78391959798995	0.05780528076419365
77.18592964824121	0.056534275303753066
77.58793969849246	0.05524690264413484
77.98994974874373	0.0544996888000203
78.39195979899498	0.054124506704148215
78.79396984924624	0.0542885511293444
79.19597989949749	0.054079657662385025
79.59798994974875	0.05396728527600937
80.0	0.05397737363607522
