0.0	0.003067454137121968
0.4020100502512563	0.0018524707539504877
0.8040201005025126	0.00047831164480203363
1.206030150753769	0.0012887337317966303
1.6080402010050252	0.0025977985441443625
2.0100502512562817	0.0035012272153201367
2.412060301507538	0.003604834955134023
2.814070351758794	0.003217618407863376
3.2160804020100504	0.002389633271227632
3.6180904522613067	0.0010326352555093613
4.020100502512563	0.0005390601663742476
4.42211055276382	0.001591018615973479
4.824120603015076	0.00243984782769368
5.226130653266332	0.002688862314554913
5.628140703517588	0.0023043554336461807
6.030150753768845	0.001665053635312126
6.432160804020101	0.001475332880973248
6.834170854271357	0.0026220528689917246
7.236180904522613	0.0038313716608971648
7.63819095477387	0.005040513681119418
8.040201005025127	0.005404922659805733
8.442211055276383	0.005293962094969259
8.84422110552764	0.0048202666238859266
9.246231155778895	0.0037963766457254624
9.648241206030152	0.003680771058401435
10.050251256281408	0.004697383950066377
10.452261306532664	0.006278264831850391
10.85427135678392	0.007953393851683598
11.256281407035177	0.009544726822891113
11.658291457286433	0.011184137973580224
12.06030150753769	0.013054785228744283
12.462311557788945	0.015011562353620589
12.864321608040202	0.01659966100884807
13.266331658291458	0.017916390801332022
13.668341708542714	0.01915484659905003
14.07035175879397	0.020336093347168717
14.472361809045227	0.020781716895050723
14.874371859296483	0.020253027878239627
15.27638190954774	0.019093030549771083
15.678391959798995	0.016963281931098674
16.080402010050253	0.014953950180385641
16.48241206030151	0.013625414579792505
16.884422110552766	0.015712526354023534
17.286432160804022	0.02008837746903679
17.68844221105528	0.027445119122610412
18.090452261306535	0.03831058389570163
18.49246231155779	0.050761335618320746
18.894472361809047	0.0637436796466277
19.296482412060303	0.07504049224947172
19.69849246231156	0.08145299478212539
20.100502512562816	0.08243498911333674
20.502512562814072	0.07679053065120814
20.90452261306533	0.06601875455160129
21.306532663316585	0.053000978383568965
21.70854271356784	0.040425361829410054
22.110552763819097	0.03202274965008816
22.512562814070353	0.029271455426232017
22.91457286432161	0.03380735827654297
23.316582914572866	0.043607921989195234
23.718592964824122	0.05841175454882841
24.12060301507538	0.07458714316398814
24.522613065326635	0.09012643295411185
24.92462311557789	0.10200487525469648
25.326633165829147	0.10732283930565294
25.728643216080403	0.10538984850354147
26.13065326633166	0.09564012981482153
26.532663316582916	0.0806164338708302
26.934673366834172	0.06287972696235078
27.33668341708543	0.04600941381695882
27.738693467336685	0.033052551213503215
28.14070351758794	0.027732276349028417
28.542713567839197	0.02971712534343795
28.944723618090453	0.03715348471484892
29.34673366834171	0.04929674535849449
29.748743718592966	0.06363248524117279
30.150753768844222	0.07809101961856861
30.55276381909548	0.08989465089809702
30.954773869346734	0.09604700378674003
31.35678391959799	0.09525558535708538
31.758793969849247	0.087429328961184
32.16080402010051	0.07312261906152837
32.56281407035176	0.05473034921234856
32.96482412060302	0.03677524420688395
33.366834170854275	0.024007703091774128
33.76884422110553	0.020176714226820876
34.17085427135679	0.02306812078140153
34.572864321608044	0.028041195425614913
34.9748743718593	0.036007757135314206
35.37688442211056	0.047389911357529395
35.77889447236181	0.06020554757962114
36.18090452261307	0.07155604787169427
36.582914572864325	0.07919718212731833
36.98492462311558	0.08150206319188336
37.38693467336684	0.07745018525493785
37.788944723618094	0.06828927182073177
38.19095477386935	0.055563908641645364
38.59296482412061	0.04198784851476612
38.99497487437186	0.03148991290972026
39.39698492462312	0.027702255375418823
39.798994974874375	0.02969372811438791
40.20100502512563	0.03355255164970512
40.60301507537689	0.037353796081573715
41.005025125628144	0.042440468669379436
41.4070351758794	0.050202484811852396
41.80904522613066	0.060086944661638886
42.21105527638191	0.06979919843458258
42.61306532663317	0.07706256235453116
43.015075376884425	0.07968368779295196
43.41708542713568	0.07772211779250311
43.81909547738694	0.07078932101149779
44.221105527638194	0.06109860681775263
44.62311557788945	0.05082050175225793
45.02512562814071	0.04313740565995769
45.42713567839196	0.03950579468006587
45.82914572864322	0.03903777895424302
46.231155778894475	0.039844564534701234
46.63316582914573	0.04104172343943098
47.03517587939699	0.044718366474313966
47.437185929648244	0.05214412760143665
47.8391959798995	0.06291389887290003
48.24120603015076	0.07349426542314702
48.64321608040201	0.08107159115108481
49.04522613065327	0.08384280674659209
49.447236180904525	0.0808666247072055
49.84924623115578	0.07311549016637356
50.25125628140704	0.06288078252846477
50.653266331658294	0.052840536374811585
51.05527638190955	0.045899822773737234
51.45728643216081	0.043123234793224316
51.85929648241206	0.04255881872260208
52.26130653266332	0.04278202630943281
52.663316582914575	0.043462938436226506
53.06532663316583	0.04632018665838576
53.46733668341709	0.05224790168994296
53.869346733668344	0.06026975035115042
54.2713567839196	0.06835359636053666
54.67336683417086	0.07432860144236056
55.07537688442211	0.07620208570284417
55.47738693467337	0.0737848262922047
55.879396984924625	0.06736861309836042
56.28140703517588	0.05895561540358798
56.68341708542714	0.05050468475010763
57.085427135678394	0.04495016947123066
57.48743718592965	0.04269360701535056
57.88944723618091	0.04296330934584409
58.29145728643216	0.0435601988751996
58.69346733668342	0.044290232543864036
59.095477386934675	0.046400098651856424
59.49748743718593	0.051616615995420556
59.89949748743719	0.05871349007079725
60.301507537688444	0.06529278090782008
60.7035175879397	0.06989346676376636
61.10552763819096	0.07018513927745947
61.50753768844221	0.06682396573215238
61.90954773869347	0.06032657430168161
62.311557788944725	0.052252699995693944
62.71356783919598	0.04525559971633143
63.11557788944724	0.04110804185048008
63.517587939698494	0.04046611292267037
63.91959798994975	0.04211213081629759
64.32160804020101	0.043910676984427494
64.72361809045226	0.04606359990214736
65.12562814070353	0.049156936351674604
65.52763819095478	0.05387366592737357
65.92964824120604	0.059774273400349666
66.33165829145729	0.06529668143616234
66.73366834170855	0.06881358707663966
67.1356783919598	0.06947421463687417
67.53768844221106	0.0661620069749694
67.93969849246231	0.05980295541860714
68.34170854271358	0.05171487343962143
68.74371859296483	0.044086323024743246
69.14572864321609	0.03926369498807573
69.54773869346734	0.03833635996540184
69.9497487437186	0.04005414344346869
70.35175879396985	0.04272383463093683
70.75376884422111	0.04579063141109582
71.15577889447236	0.050334814917043946
71.55778894472363	0.05650369653737192
71.95979899497488	0.06370337884219666
72.36180904522614	0.06952859958937133
72.76381909547739	0.07265268323540353
73.16582914572865	0.07199526583427411
73.5678391959799	0.06697145615624098
73.96984924623116	0.058329780292166046
74.37185929648241	0.048163153371094176
74.77386934673368	0.038465702050840225
75.17587939698493	0.03257362251293539
75.57788944723619	0.03155471627805902
75.97989949748744	0.03462685157568644
76.3819095477387	0.03910538054439265
76.78391959798995	0.0448775028100394
77.18592964824121	0.05136453102256857
77.58793969849246	0.05859497356644679
77.98994974874373	0.06527541721179833
78.39195979899498	0.07019594581593816
78.79396984924624	0.07203802387803662
79.19597989949749	0.06968642614347643
79.59798994974875	0.06388411955848265
80.0	0.05497023271436734
