0.0	0.007463049492878533
0.4020100502512563	0.00784906348827726
0.8040201005025126	0.007037420321915863
1.206030150753769	0.004894497684340545
1.6080402010050252	0.002480378019079938
2.0100502512562817	0.0017082555220867535
2.412060301507538	0.0038401918081334913
2.814070351758794	0.005226750950368304
3.2160804020100504	0.005800803360724421
3.6180904522613067	0.005070720268525807
4.020100502512563	0.003015612886767398
4.42211055276382	0.0002758799179240706
4.824120603015076	0.0029281477334044672
5.226130653266332	0.00581836210809257
5.628140703517588	0.007909550168005637
6.030150753768845	0.00901841774236726
6.432160804020101	0.00890165559025006
6.834170854271357	0.00748388762340285
7.236180904522613	0.005386717864794834
7.63819095477387	0.0028064352665876932
8.040201005025127	0.0015226397869693362
8.442211055276383	0.002618075420473866
8.84422110552764	0.0032003618124010224
9.246231155778895	0.0027437125180224814
9.648241206030152	0.0016360603534571459
10.050251256281408	0.002696715450329946
10.452261306532664	0.005725837273821905
10.85427135678392	0.0090468819654637
11.256281407035177	0.011931249916456624
11.658291457286433	0.013835219022859632
12.06030150753769	0.014571141210434815
12.462311557788945	0.014365974952933189
12.864321608040202	0.013537080901824506
13.266331658291458	0.012414549398079455
13.668341708542714	0.012011464736930396
14.07035175879397	0.01252916688526524
14.472361809045227	0.013602703840947628
14.874371859296483	0.0148566573418074
15.27638190954774	0.016055755118055758
15.678391959798995	0.0170663221045994
16.080402010050253	0.01803903954273509
16.48241206030151	0.018387898076503182
16.884422110552766	0.018366633409800066
17.286432160804022	0.017963668000894585
17.68844221105528	0.016867847925079893
18.090452261306535	0.01553648735069336
18.49246231155779	0.013418697369768584
18.894472361809047	0.010804934865886271
19.296482412060303	0.008190537919168805
19.69849246231156	0.006733926973073077
20.100502512562816	0.008651370197504886
20.502512562814072	0.012866154311912867
20.90452261306533	0.01752787868127032
21.306532663316585	0.02129326253073965
21.70854271356784	0.023592099187729858
22.110552763819097	0.024126529583786145
22.512562814070353	0.022912195036294023
22.91457286432161	0.020220098506775603
23.316582914572866	0.01622488395848629
23.718592964824122	0.011902689661429797
24.12060301507538	0.007348715458529371
24.522613065326635	0.0031227664270028596
24.92462311557789	0.0009231354726481211
25.326633165829147	0.00426058077554893
25.728643216080403	0.007556799927009907
26.13065326633166	0.01091821627343369
26.532663316582916	0.013900165565344074
26.934673366834172	0.01624541735330279
27.33668341708543	0.0176190341409996
27.738693467336685	0.017579356647669853
28.14070351758794	0.016027169702731117
28.542713567839197	0.012948480290461131
28.944723618090453	0.008845606579933472
29.34673366834171	0.004932915635928766
29.748743718592966	0.005756435189268992
30.150753768844222	0.010041783406734811
30.55276381909548	0.013870770019838875
30.954773869346734	0.016174342042796948
31.35678391959799	0.017003484145567398
31.758793969849247	0.01711437555684266
32.16080402010051	0.017879553783050638
32.56281407035176	0.020130230939103613
32.96482412060302	0.0235349933825984
33.366834170854275	0.026331053841994682
33.76884422110553	0.027474986607065155
34.17085427135679	0.02637643327389817
34.572864321608044	0.023719841802021947
34.9748743718593	0.020471564671741292
35.37688442211056	0.018653464646697277
35.77889447236181	0.019578012416500444
36.18090452261307	0.02237280121089593
36.582914572864325	0.02520241755771956
36.98492462311558	0.027010936657452113
37.38693467336684	0.02813934438898761
37.788944723618094	0.02921327033052431
38.19095477386935	0.0310139831802587
38.59296482412061	0.033483949683810216
38.99497487437186	0.03531446664670869
39.39698492462312	0.03529729334093548
39.798994974874375	0.03307138110200579
40.20100502512563	0.028635443786113667
40.60301507537689	0.023895808053624117
41.005025125628144	0.02174929099454506
41.4070351758794	0.02377793806028902
41.80904522613066	0.028019552934212655
42.21105527638191	0.03171760965875225
42.61306532663317	0.033672406129457294
43.015075376884425	0.03441405117762473
43.41708542713568	0.034902745024587685
43.81909547738694	0.036947737353660325
44.221105527638194	0.03997145405248193
44.62311557788945	0.04253206454364144
45.02512562814071	0.04304005841077467
45.42713567839196	0.0408933917030973
45.82914572864322	0.03590065435478133
46.231155778894475	0.030893077034107312
46.63316582914573	0.029813538242440134
47.03517587939699	0.033624888661328234
47.437185929648244	0.03981837458389359
47.8391959798995	0.04562324219712519
48.24120603015076	0.04920805127729872
48.64321608040201	0.05071340453933578
49.04522613065327	0.051093688641458565
49.447236180904525	0.051496735371155476
49.84924623115578	0.052132972167581414
50.25125628140704	0.05267300604847963
50.653266331658294	0.052546331114891306
51.05527638190955	0.05138862945965137
51.45728643216081	0.04989346789806125
51.85929648241206	0.04946581298565681
52.26130653266332	0.051556332322222585
52.663316582914575	0.05574424967473961
53.06532663316583	0.06088041498018528
53.46733668341709	0.06567342191249695
53.869346733668344	0.06867432068797401
54.2713567839196	0.06893876421558572
54.67336683417086	0.06643513884922245
55.07537688442211	0.06183288088530677
55.47738693467337	0.05632949005057014
55.879396984924625	0.05140567864342131
56.28140703517588	0.048381508330222374
56.68341708542714	0.047668275370518834
57.085427135678394	0.048269433254910475
57.48743718592965	0.050328577769327254
57.88944723618091	0.053745804024532905
58.29145728643216	0.05790255253637403
58.69346733668342	0.06283394915629802
59.095477386934675	0.06714030171207526
59.49748743718593	0.06955897524839598
59.89949748743719	0.06923842191046153
60.301507537688444	0.06578051146413474
60.7035175879397	0.059667204117796455
61.10552763819096	0.05224731208394404
61.50753768844221	0.04497796389772456
61.90954773869347	0.0397446640622857
62.311557788944725	0.03758643240119273
62.71356783919598	0.037426199799162736
63.11557788944724	0.0383880887125909
63.517587939698494	0.03973287410441275
63.91959798994975	0.04297788702154817
64.32160804020101	0.0479077858357999
64.72361809045226	0.05416717297932755
65.12562814070353	0.060259157404988065
65.52763819095478	0.06491627737069673
65.92964824120604	0.06696256168175725
66.33165829145729	0.06613866145316927
66.73366834170855	0.06248409063112938
67.1356783919598	0.05711583473789731
67.53768844221106	0.050644672253276714
67.93969849246231	0.04459494086191414
68.34170854271358	0.03951951373879391
68.74371859296483	0.036187271917779734
69.14572864321609	0.034957861019676136
69.54773869346734	0.036077647604045714
69.9497487437186	0.03944963745657814
70.35175879396985	0.04501963016544361
70.75376884422111	0.0517737007833166
71.15577889447236	0.05826541665711299
71.55778894472363	0.06327864353507508
71.95979899497488	0.0661070422668042
72.36180904522614	0.06607318955768623
72.76381909547739	0.06331129581743958
73.16582914572865	0.05808307709813335
73.5678391959799	0.05141923720162421
73.96984924623116	0.044282247166687584
74.37185929648241	0.03790454309441409
74.77386934673368	0.03330549829069901
75.17587939698493	0.031125623559972178
75.57788944723619	0.032258868697820034
75.97989949748744	0.03655860271610428
76.3819095477387	0.043520425210924335
76.78391959798995	0.051458708054753
77.18592964824121	0.059028986615324665
77.58793969849246	0.06433687989518058
77.98994974874373	0.06671345684741097
78.39195979899498	0.06560186693358747
78.79396984924624	0.06108498006656711
79.19597989949749	0.054471239980888084
79.59798994974875	0.04669867096384991
80.0	0.03974899735521149
