0.0	0.008293810908868795
0.4020100502512563	0.008271511153287853
0.8040201005025126	0.006959309874872687
1.206030150753769	0.004714241255034285
1.6080402010050252	0.0021473401861959113
2.0100502512562817	0.0021847433815028712
2.412060301507538	0.00429521972744166
2.814070351758794	0.0058145067123592424
3.2160804020100504	0.005926291563457838
3.6180904522613067	0.004605512775486886
4.020100502512563	0.0023668444089794296
4.42211055276382	0.0012143064302934073
4.824120603015076	0.004609335286362581
5.226130653266332	0.007504920082007221
5.628140703517588	0.009681892424661774
6.030150753768845	0.010887272663439439
6.432160804020101	0.010574721447177745
6.834170854271357	0.00905267290158458
7.236180904522613	0.007120614496187452
7.63819095477387	0.005097741328902965
8.040201005025127	0.003650507001851839
8.442211055276383	0.0033810008315983712
8.84422110552764	0.0029893626140307396
9.246231155778895	0.0022499653085219845
9.648241206030152	0.0032796813559198717
10.050251256281408	0.006471806548806805
10.452261306532664	0.01059530816774277
10.85427135678392	0.01527498113565828
11.256281407035177	0.01946626432989491
11.658291457286433	0.022621450866828062
12.06030150753769	0.02429935379576264
12.462311557788945	0.024769177032202497
12.864321608040202	0.023989010069495942
13.266331658291458	0.022097038891633967
13.668341708542714	0.019594118313778625
14.07035175879397	0.017080209054015978
14.472361809045227	0.014539368879680391
14.874371859296483	0.012251228642404173
15.27638190954774	0.010520828563425118
15.678391959798995	0.009463311732188468
16.080402010050253	0.010454041265083553
16.48241206030151	0.013829641848458746
16.884422110552766	0.018123722233846496
17.286432160804022	0.023993199505118055
17.68844221105528	0.030717327814811894
18.090452261306535	0.03820576827910187
18.49246231155779	0.04669971456280711
18.894472361809047	0.05604089727674645
19.296482412060303	0.06568504956471588
19.69849246231156	0.07429382909061286
20.100502512562816	0.0784649302019961
20.502512562814072	0.07731006011102728
20.90452261306533	0.07004514714502806
21.306532663316585	0.05803063189458331
21.70854271356784	0.043424923102041726
22.110552763819097	0.029652075331887507
22.512562814070353	0.019548539849007847
22.91457286432161	0.016148233715981244
23.316582914572866	0.022474038907895684
23.718592964824122	0.03644169944025379
24.12060301507538	0.05488560541119197
24.522613065326635	0.07392501110459107
24.92462311557789	0.09113683780396707
25.326633165829147	0.10154083337047648
25.728643216080403	0.10313430879413081
26.13065326633166	0.0942686174255846
26.532663316582916	0.07760579280526218
26.934673366834172	0.05608049797754178
27.33668341708543	0.03440948417554062
27.738693467336685	0.0161134428893097
28.14070351758794	0.003851416688624821
28.542713567839197	0.004273491006111402
28.944723618090453	0.00895147606421576
29.34673366834171	0.015954509316916426
29.748743718592966	0.02806883790094004
30.150753768844222	0.043443812275190084
30.55276381909548	0.058601258524287415
30.954773869346734	0.07099927807686643
31.35678391959799	0.0766832326375866
31.758793969849247	0.07389703777889106
32.16080402010051	0.06235027738950434
32.56281407035176	0.04369398118152132
32.96482412060302	0.021102533516958268
33.366834170854275	0.007654475665577293
33.76884422110553	0.024091404321424915
34.17085427135679	0.036562692190289514
34.572864321608044	0.03971904398019431
34.9748743718593	0.032909971378354684
35.37688442211056	0.017897130606776883
35.77889447236181	0.009614686753736163
36.18090452261307	0.03026922519827563
36.582914572864325	0.05130281718337023
36.98492462311558	0.06601966443828425
37.38693467336684	0.07231850521405483
37.788944723618094	0.0694981691831063
38.19095477386935	0.05826245363532421
38.59296482412061	0.041859827950821445
38.99497487437186	0.026466883980163357
39.39698492462312	0.02134269343772447
39.798994974874375	0.02749442933821526
40.20100502512563	0.03183018069026103
40.60301507537689	0.029050663578015584
41.005025125628144	0.018891227510334126
41.4070351758794	0.015178070131930366
41.80904522613066	0.033313159458326476
42.21105527638191	0.05558673229192355
42.61306532663317	0.07443482757912694
43.015075376884425	0.08603157841055362
43.41708542713568	0.08798275749086037
43.81909547738694	0.08125749437839067
44.221105527638194	0.06604571549506863
44.62311557788945	0.04590190991387219
45.02512562814071	0.02361924258534607
45.42713567839196	0.007482129187915176
45.82914572864322	0.013782737024682792
46.231155778894475	0.01914382775218841
46.63316582914573	0.0169893870184357
47.03517587939699	0.012301766869259505
47.437185929648244	0.021891862023837416
47.8391959798995	0.040438958567763875
48.24120603015076	0.05882091398627286
48.64321608040201	0.07240443796336513
49.04522613065327	0.07876515103135834
49.447236180904525	0.0766678801737159
49.84924623115578	0.06635484619137838
50.25125628140704	0.04917914478851195
50.653266331658294	0.028844076427290633
51.05527638190955	0.009120308051788324
51.45728643216081	0.009802014352772002
51.85929648241206	0.018948040936863406
52.26130653266332	0.01960377650702718
52.663316582914575	0.012187843102781216
53.06532663316583	0.00886302220772504
53.46733668341709	0.026584034256217987
53.869346733668344	0.04707840063647316
54.2713567839196	0.0646090801908103
54.67336683417086	0.0754463599625981
55.07537688442211	0.0776241281234609
55.47738693467337	0.07058128598470671
55.879396984924625	0.05487828660560877
56.28140703517588	0.03392566962315871
56.68341708542714	0.011594930943945207
57.085427135678394	0.008193185937428057
57.48743718592965	0.02159066754305044
57.88944723618091	0.026130993967996008
58.29145728643216	0.021154110824050734
58.69346733668342	0.011028602780275612
59.095477386934675	0.018027562192225722
59.49748743718593	0.03865247296129228
59.89949748743719	0.058708090909490696
60.301507537688444	0.07328969953481479
60.7035175879397	0.07985646256652404
61.10552763819096	0.07720663721156755
61.50753768844221	0.06604971231125215
61.90954773869347	0.04895535915901607
62.311557788944725	0.02918338710013721
62.71356783919598	0.011522876049984204
63.11557788944724	0.0078255526952759
63.517587939698494	0.01314342442260888
63.91959798994975	0.011663973089869533
64.32160804020101	0.0041440010470706
64.72361809045226	0.0145040144175725
65.12562814070353	0.03296949136488285
65.52763819095478	0.05140909965217102
65.92964824120604	0.06592332531040593
66.33165829145729	0.07401541501507793
66.73366834170855	0.07435146653509114
67.1356783919598	0.06738702856809303
67.53768844221106	0.055105340992018546
67.93969849246231	0.040576531676233527
68.34170854271358	0.028708245899411462
68.74371859296483	0.024770630478040106
69.14572864321609	0.026519185342718594
69.54773869346734	0.027086700510854645
69.9497487437186	0.02390658735297812
70.35175879396985	0.02137815053194029
70.75376884422111	0.025954440770783533
71.15577889447236	0.03672895239316048
71.55778894472363	0.04818368608983714
71.95979899497488	0.056618734170686594
72.36180904522614	0.05968779493159319
72.76381909547739	0.05720610834684579
73.16582914572865	0.04929534591329506
73.5678391959799	0.03825691802610248
73.96984924623116	0.027508380915579993
74.37185929648241	0.022866555062058112
74.77386934673368	0.02607986919653446
75.17587939698493	0.030363742361715684
75.57788944723619	0.03105041348626573
75.97989949748744	0.02789451534608654
76.3819095477387	0.023865975025572174
76.78391959798995	0.024802053898611814
77.18592964824121	0.03332914586662587
77.58793969849246	0.043856181933486144
77.98994974874373	0.051911285620718374
78.39195979899498	0.05512616393709526
78.79396984924624	0.0525764472358463
79.19597989949749	0.04451672904138639
79.59798994974875	0.03317559129109647
80.0	0.02246391802735078
