0.0	0.026367631680740918
0.4020100502512563	0.023021159459364844
0.8040201005025126	0.01614014510410943
1.206030150753769	0.0076831005812453765
1.6080402010050252	0.006785444166975116
2.0100502512562817	0.01425530441532524
2.412060301507538	0.0200545092832277
2.814070351758794	0.021975343163216525
3.2160804020100504	0.019593024729559975
3.6180904522613067	0.013340704527111178
4.020100502512563	0.004528412995359906
4.42211055276382	0.006766047363263898
4.824120603015076	0.016273421867672177
5.226130653266332	0.023602556084963384
5.628140703517588	0.027216590484488427
6.030150753768845	0.026654648660224774
6.432160804020101	0.022371800492899024
6.834170854271357	0.015934487446488944
7.236180904522613	0.011339802915222493
7.63819095477387	0.013389761646718535
8.040201005025127	0.018108008641265938
8.442211055276383	0.020790839671587107
8.84422110552764	0.019445521112748186
9.246231155778895	0.01447401173011054
9.648241206030152	0.008296157029498949
10.050251256281408	0.011672350975170354
10.452261306532664	0.022158012314292607
10.85427135678392	0.03251716123177588
11.256281407035177	0.040134123403592
11.658291457286433	0.04390655308670525
12.06030150753769	0.04403714975064429
12.462311557788945	0.04172765468228049
12.864321608040202	0.038068890415763924
13.266331658291458	0.03488300822743555
13.668341708542714	0.032885638795523905
14.07035175879397	0.030780446097465275
14.472361809045227	0.027452870187153373
14.874371859296483	0.02270275309305736
15.27638190954774	0.018225279265380836
15.678391959798995	0.016093412234849783
16.080402010050253	0.015561408297421263
16.48241206030151	0.016076601202607375
16.884422110552766	0.019627272518936013
17.286432160804022	0.026023553495578673
17.68844221105528	0.03561408123428856
18.090452261306535	0.04826430343233959
18.49246231155779	0.06261295400251696
18.894472361809047	0.07741863870836789
19.296482412060303	0.08965029231966928
19.69849246231156	0.09722602455505436
20.100502512562816	0.09823347656379791
20.502512562814072	0.09126612225769375
20.90452261306533	0.07721970320833894
21.306532663316585	0.05872226553614449
21.70854271356784	0.03941767423516318
22.110552763819097	0.023490617504259508
22.512562814070353	0.013418509787806532
22.91457286432161	0.009443678620634577
23.316582914572866	0.014483818414032474
23.718592964824122	0.02947837471876416
24.12060301507538	0.04943401079799998
24.522613065326635	0.07004115093608512
24.92462311557789	0.08624053592619654
25.326633165829147	0.09499435892696827
25.728643216080403	0.09435630046551999
26.13065326633166	0.08486880571883947
26.532663316582916	0.06837795377993665
26.934673366834172	0.048064764629403296
27.33668341708543	0.027803673172430533
27.738693467336685	0.013019289494118269
28.14070351758794	0.008358453306684803
28.542713567839197	0.005862725153152262
28.944723618090453	0.0039063283821413105
29.34673366834171	0.01977269376804713
29.748743718592966	0.040043412318153566
30.150753768844222	0.06071495132953977
30.55276381909548	0.07752887650033137
30.954773869346734	0.08703219140441999
31.35678391959799	0.08772866787295816
31.758793969849247	0.07914441629044587
32.16080402010051	0.0631220793428224
32.56281407035176	0.0416715889827547
32.96482412060302	0.02083438582214003
33.366834170854275	0.013548214007789324
33.76884422110553	0.022508409337097218
34.17085427135679	0.0261585550527585
34.572864321608044	0.02042757333442181
34.9748743718593	0.005359352048381493
35.37688442211056	0.018531560497296293
35.77889447236181	0.04391967163099199
36.18090452261307	0.06799085691119726
36.582914572864325	0.08556965123996597
36.98492462311558	0.09405206039205899
37.38693467336684	0.0915460973220799
37.788944723618094	0.07867150395074082
38.19095477386935	0.05854552881263444
38.59296482412061	0.034192944729203804
38.99497487437186	0.010758528314075571
39.39698492462312	0.007551778462759388
39.798994974874375	0.017561897330968433
40.20100502512563	0.01756663563233566
40.60301507537689	0.007472483948051954
41.005025125628144	0.010541143566246799
41.4070351758794	0.03337755725230719
41.80904522613066	0.056521553087631425
42.21105527638191	0.07631103592502887
42.61306532663317	0.08941409131467923
43.015075376884425	0.09365874938033282
43.41708542713568	0.08883312774031442
43.81909547738694	0.0761620648502122
44.221105527638194	0.05819301014990639
44.62311557788945	0.03830311329746098
45.02512562814071	0.020830291937915517
45.42713567839196	0.010101833929946628
45.82914572864322	0.008058966640146027
46.231155778894475	0.007340724599109401
46.63316582914573	0.012279137978864483
47.03517587939699	0.02648331980021317
47.437185929648244	0.0448855166139578
47.8391959798995	0.06342385721428619
48.24120603015076	0.07795774226782404
48.64321608040201	0.0858524623685872
49.04522613065327	0.08548472171104739
49.447236180904525	0.07690988970976383
49.84924623115578	0.06197541740121092
50.25125628140704	0.043778292154649616
50.653266331658294	0.025823071964161965
51.05527638190955	0.013484968934306613
51.45728643216081	0.011151575537276531
51.85929648241206	0.010623531229584877
52.26130653266332	0.005856997884370907
52.663316582914575	0.011222110448461147
53.06532663316583	0.027747903045755057
53.46733668341709	0.0456877130342221
53.869346733668344	0.061490685339961104
54.2713567839196	0.07199611524824992
54.67336683417086	0.07549527792571323
55.07537688442211	0.07106479338079207
55.47738693467337	0.05991456521635226
55.879396984924625	0.04416959765226987
56.28140703517588	0.026786109679819443
56.68341708542714	0.010462385280083118
57.085427135678394	0.004244649465724724
57.48743718592965	0.010150743694583674
57.88944723618091	0.011383115333121755
58.29145728643216	0.011956382778116696
58.69346733668342	0.02099543566208138
59.095477386934675	0.03636149641496502
59.49748743718593	0.05272598163086021
59.89949748743719	0.06615829655310204
60.301507537688444	0.07373665135189465
60.7035175879397	0.07434990066201995
61.10552763819096	0.06744309335091533
61.50753768844221	0.05486462466287227
61.90954773869347	0.03922957629450611
62.311557788944725	0.02462049316024329
62.71356783919598	0.01598001471458731
63.11557788944724	0.01668711796211529
63.517587939698494	0.01985125386975813
63.91959798994975	0.023680176891802532
64.32160804020101	0.03152417535944279
64.72361809045226	0.044072797977814465
65.12562814070353	0.058158649065162604
65.52763819095478	0.06986659057637606
65.92964824120604	0.07695461804588452
66.33165829145729	0.07763177905268052
66.73366834170855	0.0725260023629315
67.1356783919598	0.06211777020564195
67.53768844221106	0.048465602597888444
67.93969849246231	0.03466816509352828
68.34170854271358	0.02364299727856537
68.74371859296483	0.018587032756630522
69.14572864321609	0.01935846327902504
69.54773869346734	0.022473968918913532
69.9497487437186	0.028070958609284897
70.35175879396985	0.035892823201470546
70.75376884422111	0.04546519541774314
71.15577889447236	0.05404381148905385
71.55778894472363	0.05972225610110708
71.95979899497488	0.061080032806623705
72.36180904522614	0.057696402242397936
72.76381909547739	0.05044092909667454
73.16582914572865	0.040239807887176286
73.5678391959799	0.02946781458539826
73.96984924623116	0.020423640598238594
74.37185929648241	0.016538108831981736
74.77386934673368	0.01870046516969387
75.17587939698493	0.02403142824093192
75.57788944723619	0.029995140518280432
75.97989949748744	0.03662453379578622
76.3819095477387	0.04341925653674366
76.78391959798995	0.04942915375686473
77.18592964824121	0.05343323228549858
77.58793969849246	0.0544984867552844
77.98994974874373	0.05241769491425324
78.39195979899498	0.047127580445753034
78.79396984924624	0.03975976917146605
79.19597989949749	0.03128219944546236
79.59798994974875	0.02380303354745186
80.0	0.02033032555331083
