0.0	0.023539465117349948
0.4020100502512563	0.0213251684905616
0.8040201005025126	0.01581966155716835
1.206030150753769	0.008303034666808273
1.6080402010050252	0.0045366388882288914
2.0100502512562817	0.010746578489416089
2.412060301507538	0.016206876631638896
2.814070351758794	0.01842510372273866
3.2160804020100504	0.016906940349592357
3.6180904522613067	0.011852779693644655
4.020100502512563	0.00465817411533206
4.42211055276382	0.005933090220260708
4.824120603015076	0.014092075938833836
5.226130653266332	0.020745422169264206
5.628140703517588	0.024046401470024643
6.030150753768845	0.0238061459710063
6.432160804020101	0.020025554744621744
6.834170854271357	0.01393095480837532
7.236180904522613	0.00832626278820927
7.63819095477387	0.008919145749385318
8.040201005025127	0.013793023787295324
8.442211055276383	0.016825863568332825
8.84422110552764	0.016787677836257012
9.246231155778895	0.013012251542239405
9.648241206030152	0.006239330114171627
10.050251256281408	0.0029822244073274716
10.452261306532664	0.011691818735842475
10.85427135678392	0.019412340055695462
11.256281407035177	0.024394529362375673
11.658291457286433	0.026095178642525085
12.06030150753769	0.024587775719715852
12.462311557788945	0.021067075498603132
12.864321608040202	0.01822816109853389
13.266331658291458	0.018972983197277225
13.668341708542714	0.023063532816922888
14.07035175879397	0.026765163041191198
14.472361809045227	0.02825069859159114
14.874371859296483	0.026098119038162775
15.27638190954774	0.021283189068606677
15.678391959798995	0.014831053423790295
16.080402010050253	0.011338969356803511
16.48241206030151	0.014792568014189572
16.884422110552766	0.02072742163200181
17.286432160804022	0.02548892098153318
17.68844221105528	0.02806573371310222
18.090452261306535	0.02903785340224004
18.49246231155779	0.029718300557384798
18.894472361809047	0.030732373286048102
19.296482412060303	0.031492954047321546
19.69849246231156	0.03166614178817982
20.100502512562816	0.030211112468663988
20.502512562814072	0.026866051749225094
20.90452261306533	0.021991851796193056
21.306532663316585	0.016343919481612196
21.70854271356784	0.010745082259564026
22.110552763819097	0.007231734378756667
22.512562814070353	0.010219355745193476
22.91457286432161	0.016667196218025974
23.316582914572866	0.02317573585272996
23.718592964824122	0.028939021411660493
24.12060301507538	0.03266013675319979
24.522613065326635	0.03397580609224162
24.92462311557789	0.03293293289385018
25.326633165829147	0.030245362366069062
25.728643216080403	0.02650084157804994
26.13065326633166	0.022296173236618633
26.532663316582916	0.018011637855308973
26.934673366834172	0.013588470821327867
27.33668341708543	0.009397875608328684
27.738693467336685	0.005491148983235912
28.14070351758794	0.0033135574462657474
28.542713567839197	0.005178025090581228
28.944723618090453	0.009039615199426091
29.34673366834171	0.013517945914056275
29.748743718592966	0.01806211059120231
30.150753768844222	0.021983508199314737
30.55276381909548	0.02470405057151954
30.954773869346734	0.025614204955745356
31.35678391959799	0.02466455406479736
31.758793969849247	0.022060575993479454
32.16080402010051	0.01852185419452276
32.56281407035176	0.015253479415718354
32.96482412060302	0.013562065605712057
33.366834170854275	0.013473990102362846
33.76884422110553	0.013287473393892763
34.17085427135679	0.011660842991997877
34.572864321608044	0.007890126770189606
34.9748743718593	0.002196031132803777
35.37688442211056	0.005217094071446009
35.77889447236181	0.012519002005674485
36.18090452261307	0.019329777577955388
36.582914572864325	0.024564180862072564
36.98492462311558	0.0278024695732344
37.38693467336684	0.028753177869455675
37.788944723618094	0.027304177337195083
38.19095477386935	0.02436085670981078
38.59296482412061	0.021305533309716407
38.99497487437186	0.019225631850073907
39.39698492462312	0.018665458267485956
39.798994974874375	0.018033914962966593
40.20100502512563	0.01594350684431293
40.60301507537689	0.011868105173928561
41.005025125628144	0.007143790469515349
41.4070351758794	0.008215674516783265
41.80904522613066	0.014985417760590475
42.21105527638191	0.021978724833387198
42.61306532663317	0.027066401371897326
43.015075376884425	0.029543638065481114
43.41708542713568	0.02921189889007761
43.81909547738694	0.026462990673458264
44.221105527638194	0.02219443543663755
44.62311557788945	0.018320560363403467
45.02512562814071	0.016193854385253566
45.42713567839196	0.015906015415753764
45.82914572864322	0.015683194391554273
46.231155778894475	0.013993639134815725
46.63316582914573	0.010483339498611856
47.03517587939699	0.007038071018582734
47.437185929648244	0.00850165433853264
47.8391959798995	0.014805505525173646
48.24120603015076	0.021436911508240085
48.64321608040201	0.026548194935109227
49.04522613065327	0.029324749658590128
49.447236180904525	0.028973120402931506
49.84924623115578	0.025925437306476413
50.25125628140704	0.021011862055591385
50.653266331658294	0.015947147391413105
51.05527638190955	0.01329807582805819
51.45728643216081	0.013895116822538512
51.85929648241206	0.015357903255743374
52.26130653266332	0.015252777702264509
52.663316582914575	0.012835293771025774
53.06532663316583	0.008730931268318701
53.46733668341709	0.0068204165626582535
53.869346733668344	0.012174787995037647
54.2713567839196	0.01908846639078681
54.67336683417086	0.025070389381993703
55.07537688442211	0.028586253602014305
55.47738693467337	0.029130331765353824
55.879396984924625	0.026564120337658793
56.28140703517588	0.021542756695728825
56.68341708542714	0.01566555294200947
57.085427135678394	0.011436654082783635
57.48743718592965	0.011638112495349781
57.88944723618091	0.013716921832600681
58.29145728643216	0.014369409147209614
58.69346733668342	0.011920171806240564
59.095477386934675	0.006727439322875013
59.49748743718593	0.004944554800471544
59.89949748743719	0.01278570114258551
60.301507537688444	0.021332400067780595
60.7035175879397	0.028460040939872627
61.10552763819096	0.03310890713435105
61.50753768844221	0.03442378753318219
61.90954773869347	0.032260586857827636
62.311557788944725	0.02729955051921315
62.71356783919598	0.02095438970076206
63.11557788944724	0.015502223536275256
63.517587939698494	0.013852176322052248
63.91959798994975	0.015160171596356128
64.32160804020101	0.0158850062300391
64.72361809045226	0.014146094810651816
65.12562814070353	0.010110429442746616
65.52763819095478	0.008553105720311928
65.92964824120604	0.014649900905593483
66.33165829145729	0.022907337298940657
66.73366834170855	0.030011453203013228
67.1356783919598	0.034183030915240734
67.53768844221106	0.03453890691917795
67.93969849246231	0.031191554951893317
68.34170854271358	0.024948103719310374
68.74371859296483	0.0170767208760724
69.14572864321609	0.010744351226236192
69.54773869346734	0.010645579788417896
69.9497487437186	0.01359272376445828
70.35175879396985	0.014732593544242343
70.75376884422111	0.012738237591136809
71.15577889447236	0.009209309076295535
71.55778894472363	0.011119407715009346
71.95979899497488	0.019472609622063285
72.36180904522614	0.02862413192733058
72.76381909547739	0.03598227679998681
73.16582914572865	0.03990656892778301
73.5678391959799	0.0393464136630175
73.96984924623116	0.034664650091130796
74.37185929648241	0.026764847408430086
74.77386934673368	0.01693087481109837
75.17587939698493	0.007915601301577006
75.57788944723619	0.0066104187668836216
75.97989949748744	0.010813065381462582
76.3819095477387	0.012886778554078063
76.78391959798995	0.012270790848875161
77.18592964824121	0.012141781512144347
77.58793969849246	0.0158586711016179
77.98994974874373	0.02334609587440114
78.39195979899498	0.03120445133057433
78.79396984924624	0.037388060526950276
79.19597989949749	0.04062411466776044
79.59798994974875	0.04025393123867811
80.0	0.03602366431069674
