0.0	0.016410530411264994
0.4020100502512563	0.018346957482750472
0.8040201005025126	0.017154913041831296
1.206030150753769	0.013295461461128292
1.6080402010050252	0.007700867620705529
2.0100502512562817	0.0024014535893486636
2.412060301507538	0.005820068056208773
2.814070351758794	0.01007218018541692
3.2160804020100504	0.01173863758011027
3.6180904522613067	0.01043224384522726
4.020100502512563	0.006165602710536133
4.42211055276382	0.0006533961245913527
4.824120603015076	0.007803135114141017
5.226130653266332	0.015366500213238269
5.628140703517588	0.02150482135849601
6.030150753768845	0.02521479164421132
6.432160804020101	0.026108118997164698
6.834170854271357	0.024101833851126936
7.236180904522613	0.019839300748103618
7.63819095477387	0.014184447133987445
8.040201005025127	0.009067612245611678
8.442211055276383	0.005791261825958943
8.84422110552764	0.004793635183364902
9.246231155778895	0.0040943861209166614
9.648241206030152	0.0060237467442652085
10.050251256281408	0.01233538758423167
10.452261306532664	0.02095416863991639
10.85427135678392	0.030173902520067325
11.256281407035177	0.03877999669590669
11.658291457286433	0.04524449488213341
12.06030150753769	0.04886213316682347
12.462311557788945	0.049214467458870134
12.864321608040202	0.0467669133272852
13.266331658291458	0.04195903582801057
13.668341708542714	0.03568336508692595
14.07035175879397	0.02942712557055984
14.472361809045227	0.02414797538067362
14.874371859296483	0.021107986426889786
15.27638190954774	0.02107543166332192
15.678391959798995	0.024012783426245056
16.080402010050253	0.030393560764173256
16.48241206030151	0.039879980185968264
16.884422110552766	0.051109512214242106
17.286432160804022	0.06297082805791955
17.68844221105528	0.07385248912290307
18.090452261306535	0.08191863520677953
18.49246231155779	0.08582666832157101
18.894472361809047	0.08543021337279785
19.296482412060303	0.08073204467887324
19.69849246231156	0.07298341426964991
20.100502512562816	0.06381063973224302
20.502512562814072	0.055052373867699136
20.90452261306533	0.048234935276556576
21.306532663316585	0.044847298381836834
21.70854271356784	0.044980666568060684
22.110552763819097	0.048545246373412766
22.512562814070353	0.05517485374542578
22.91457286432161	0.06360579744906412
23.316582914572866	0.07202095827607963
23.718592964824122	0.07890977528462315
24.12060301507538	0.08280098948373175
24.522613065326635	0.08286075068657231
24.92462311557789	0.07883773035848146
25.326633165829147	0.07100916751439489
25.728643216080403	0.06124428513280515
26.13065326633166	0.05098620533179882
26.532663316582916	0.042287522346889914
26.934673366834172	0.03690232418560831
27.33668341708543	0.03519903037815643
27.738693467336685	0.037716417650181674
28.14070351758794	0.04330583062193393
28.542713567839197	0.050977410327980664
28.944723618090453	0.059256282253871154
29.34673366834171	0.06676566839581217
29.748743718592966	0.07189092407633949
30.150753768844222	0.07363359218357149
30.55276381909548	0.07168454384118286
30.954773869346734	0.06637453917180754
31.35678391959799	0.058886882759370804
31.758793969849247	0.05020460195690816
32.16080402010051	0.04224074687479594
32.56281407035176	0.036561206864910115
32.96482412060302	0.034391418223111044
33.366834170854275	0.03576439120266975
33.76884422110553	0.04023758809281554
34.17085427135679	0.04712371499023762
34.572864321608044	0.05493649061231779
34.9748743718593	0.06271854121116756
35.37688442211056	0.0687499361360973
35.77889447236181	0.07216380053325878
36.18090452261307	0.07257402818239463
36.582914572864325	0.06982177276260673
36.98492462311558	0.06426248893629764
37.38693467336684	0.057106190122608515
37.788944723618094	0.049561271657404496
38.19095477386935	0.043397108386907884
38.59296482412061	0.03931435083398878
38.99497487437186	0.03803255719504535
39.39698492462312	0.03982203413095604
39.798994974874375	0.04425684687313006
40.20100502512563	0.050802994538475955
40.60301507537689	0.058184744895485474
41.005025125628144	0.06511666280158172
41.4070351758794	0.07047162587511738
41.80904522613066	0.07373206641862416
42.21105527638191	0.07383363054218367
42.61306532663317	0.07067443505309663
43.015075376884425	0.06489225650231961
43.41708542713568	0.05728565200925778
43.81909547738694	0.04942950167145923
44.221105527638194	0.042462424357829806
44.62311557788945	0.03769123068095067
45.02512562814071	0.03620159658837517
45.42713567839196	0.03812471422328936
45.82914572864322	0.0429792016591428
46.231155778894475	0.050478242693032624
46.63316582914573	0.058940490563033965
47.03517587939699	0.06724086772886897
47.437185929648244	0.07350290756492041
47.8391959798995	0.07682186700668037
48.24120603015076	0.07641107568060654
48.64321608040201	0.07212163627822964
49.04522613065327	0.06463673490574624
49.447236180904525	0.055368140555222586
49.84924623115578	0.046224849025151095
50.25125628140704	0.038750981303687274
50.653266331658294	0.0348690052912136
51.05527638190955	0.03512428426185735
51.45728643216081	0.039453670673814535
51.85929648241206	0.047317238549933985
52.26130653266332	0.05700604120306583
52.663316582914575	0.06683757990995899
53.06532663316583	0.07512463939877966
53.46733668341709	0.08022852608914384
53.869346733668344	0.08131974275918417
54.2713567839196	0.07855435658125057
54.67336683417086	0.07209841123653378
55.07537688442211	0.06331514843613603
55.47738693467337	0.053693319744863556
55.879396984924625	0.04499906538060849
56.28140703517588	0.03876618979659168
56.68341708542714	0.036186238484321245
57.085427135678394	0.037565839966705004
57.48743718592965	0.04290173488280676
57.88944723618091	0.05131203884901275
58.29145728643216	0.06120660838984502
58.69346733668342	0.07079954405718292
59.095477386934675	0.07826863213839408
59.49748743718593	0.08209668450243604
59.89949748743719	0.08165401828292203
60.301507537688444	0.07681729790526938
60.7035175879397	0.06831838977641337
61.10552763819096	0.05790204629427833
61.50753768844221	0.04723081159611213
61.90954773869347	0.038378443606889946
62.311557788944725	0.03291073416242252
62.71356783919598	0.03152527673879877
63.11557788944724	0.03476428754054296
63.517587939698494	0.04196809228166842
63.91959798994975	0.05190265003193852
64.32160804020101	0.06248861959116732
64.72361809045226	0.07192220249699091
65.12562814070353	0.07817666202328369
65.52763819095478	0.08056541924551895
65.92964824120604	0.07854256535309234
66.33165829145729	0.07235297791812212
66.73366834170855	0.063215003440629
67.1356783919598	0.05293473977274351
67.53768844221106	0.04327249394384618
67.93969849246231	0.03592405779303644
68.34170854271358	0.031717773808991254
68.74371859296483	0.03169861064108168
69.14572864321609	0.03596009333415952
69.54773869346734	0.0437744677208758
69.9497487437186	0.053776557527132694
70.35175879396985	0.0640655847487821
70.75376884422111	0.07269893929384069
71.15577889447236	0.07814917084972793
71.55778894472363	0.07950466029241286
71.95979899497488	0.07653768054984852
72.36180904522614	0.06971500802757566
72.76381909547739	0.060334898290851535
73.16582914572865	0.04996434173229894
73.5678391959799	0.04037720789217321
73.96984924623116	0.033122381999061465
74.37185929648241	0.029681204116477074
74.77386934673368	0.030576384352528907
75.17587939698493	0.03565387047937057
75.57788944723619	0.0442935624133492
75.97989949748744	0.054567411825952185
76.3819095477387	0.06493058970443659
76.78391959798995	0.07331395926488957
77.18592964824121	0.07823059112234455
77.58793969849246	0.07889473583918608
77.98994974874373	0.07520467854112525
78.39195979899498	0.06775052578453658
78.79396984924624	0.05786061881924396
79.19597989949749	0.04747736618517929
79.59798994974875	0.03823341277974788
80.0	0.03196228791729377
