0.0	0.016224381681742128
0.4020100502512563	0.01544013136650078
0.8040201005025126	0.012421378239520426
1.206030150753769	0.007605707661630221
1.6080402010050252	0.004122754667422392
2.0100502512562817	0.006687440394924934
2.412060301507538	0.010500170039854883
2.814070351758794	0.01242873150393157
3.2160804020100504	0.011833651827157675
3.6180904522613067	0.008963488497906142
4.020100502512563	0.004017151024432982
4.42211055276382	0.003277107981340146
4.824120603015076	0.009199659761838569
5.226130653266332	0.014531365688506017
5.628140703517588	0.01799716424006818
6.030150753768845	0.01877296590368998
6.432160804020101	0.01728973909897531
6.834170854271357	0.01412157683095458
7.236180904522613	0.010139362551485299
7.63819095477387	0.007840038518947531
8.040201005025127	0.008498637498745312
8.442211055276383	0.01001553163888937
8.84422110552764	0.009908021819646794
9.246231155778895	0.007720968197580347
9.648241206030152	0.005008582738056821
10.050251256281408	0.0068860382542110955
10.452261306532664	0.012878536325145861
10.85427135678392	0.01916331051324838
11.256281407035177	0.024054166182514956
11.658291457286433	0.02665099218562365
12.06030150753769	0.026710143227224127
12.462311557788945	0.024515639080939393
12.864321608040202	0.0210749450375635
13.266331658291458	0.017766429040208368
13.668341708542714	0.01596638723033183
14.07035175879397	0.01669343445699441
14.472361809045227	0.018563351982430386
14.874371859296483	0.019910732905339824
15.27638190954774	0.019219349635581584
15.678391959798995	0.016868083356140432
16.080402010050253	0.013175388922540615
16.48241206030151	0.007686872941959706
16.884422110552766	0.004397585226576721
17.286432160804022	0.01629585112492333
17.68844221105528	0.03279977941682962
18.090452261306535	0.05045024988360597
18.49246231155779	0.0644901620728521
18.894472361809047	0.07141521572177256
19.296482412060303	0.06955658291509978
19.69849246231156	0.059645630816285586
20.100502512562816	0.04683088695173123
20.502512562814072	0.04216167163272071
20.90452261306533	0.048682452658394264
21.306532663316585	0.057707891965745675
21.70854271356784	0.06047845240884516
22.110552763819097	0.053608826038476554
22.512562814070353	0.03997353852981673
22.91457286432161	0.029805842050973086
23.316582914572866	0.039217380691874686
23.718592964824122	0.05908514731461191
24.12060301507538	0.07589984669364229
24.522613065326635	0.0834056127889316
24.92462311557789	0.08088348977462008
25.326633165829147	0.06900971797257013
25.728643216080403	0.05366000561547072
26.13065326633166	0.04371859325342637
26.532663316582916	0.04785385573410578
26.934673366834172	0.05905354783567864
27.33668341708543	0.06583631631558723
27.738693467336685	0.06411906745446633
28.14070351758794	0.05392432805153311
28.542713567839197	0.04251106385619051
28.944723618090453	0.046422858270011545
29.34673366834171	0.06494813025707598
29.748743718592966	0.08402368783322647
30.150753768844222	0.09493441948910716
30.55276381909548	0.09490690921955952
30.954773869346734	0.08487715227934023
31.35678391959799	0.06883786384701188
31.758793969849247	0.05609251061132732
32.16080402010051	0.056400299398637374
32.56281407035176	0.06636142147776018
32.96482412060302	0.07476788663108917
33.366834170854275	0.07461475944088448
33.76884422110553	0.0645057237572764
34.17085427135679	0.04800131818513876
34.572864321608044	0.03650354196037131
34.9748743718593	0.04547322557665198
35.37688442211056	0.06372197417421226
35.77889447236181	0.07863210843989824
36.18090452261307	0.08334188510502072
36.582914572864325	0.0772878658908145
36.98492462311558	0.061672459068250016
37.38693467336684	0.041472073734976286
37.788944723618094	0.029679027466416208
38.19095477386935	0.03768494837185413
38.59296482412061	0.05091339843297671
38.99497487437186	0.056558633333634215
39.39698492462312	0.05235492514065865
39.798994974874375	0.03951072818999674
40.20100502512563	0.024834028850246662
40.60301507537689	0.02981277249695864
41.005025125628144	0.051109968299429265
41.4070351758794	0.07108381935112057
41.80904522613066	0.08406460385300726
42.21105527638191	0.08623518382347055
42.61306532663317	0.07733318953541232
43.015075376884425	0.05879416069429795
43.41708542713568	0.03437708880592151
43.81909547738694	0.01279518500962278
44.221105527638194	0.0208045147064919
44.62311557788945	0.03519966843978244
45.02512562814071	0.04042590520157195
45.42713567839196	0.035076156135978795
45.82914572864322	0.020622600502587535
46.231155778894475	0.01562637618043103
46.63316582914573	0.038205444092357585
47.03517587939699	0.06294408607483967
47.437185929648244	0.08158911719880431
47.8391959798995	0.09135006363660712
48.24120603015076	0.08973802630429009
48.64321608040201	0.07763075403970472
49.04522613065327	0.05772523976409331
49.447236180904525	0.033688041882268996
49.84924623115578	0.010752512218156011
50.25125628140704	0.010189801609909652
50.653266331658294	0.02067767422746896
51.05527638190955	0.020943111443025953
51.45728643216081	0.010753715550853766
51.85929648241206	0.009521709659275809
52.26130653266332	0.034330171902422074
52.663316582914575	0.06040934822586721
53.06532663316583	0.08265843009913774
53.46733668341709	0.09694392517779603
53.869346733668344	0.10058240728002776
54.2713567839196	0.09362772803556438
54.67336683417086	0.077661992789858
55.07537688442211	0.0562270220686187
55.47738693467337	0.03307586216083956
55.879396984924625	0.015963823794996137
56.28140703517588	0.01500376881544788
56.68341708542714	0.0185386586986923
57.085427135678394	0.015570499251470466
57.48743718592965	0.011871261259996803
57.88944723618091	0.02431743611421587
58.29145728643216	0.04511282755900721
58.69346733668342	0.06502717399125416
59.095477386934675	0.08003056512924187
59.49748743718593	0.08694165752355157
59.89949748743719	0.08452926479790854
60.301507537688444	0.07357086401638974
60.7035175879397	0.05671599182160719
61.10552763819096	0.03694289629879829
61.50753768844221	0.022183002369771422
61.90954773869347	0.02329451838067332
62.311557788944725	0.03180350157189839
62.71356783919598	0.036232014840612704
63.11557788944724	0.03371162677699709
63.517587939698494	0.02670078598038263
63.91959798994975	0.0225475685902731
64.32160804020101	0.029481655295530734
64.72361809045226	0.04196640372107641
65.12562814070353	0.052755937101998454
65.52763819095478	0.05784020478227925
65.92964824120604	0.055894404537181544
66.33165829145729	0.04689216816508588
66.73366834170855	0.034324726808227714
67.1356783919598	0.027682305368914195
67.53768844221106	0.036393299941077026
67.93969849246231	0.05117953454203654
68.34170854271358	0.06254167091377172
68.74371859296483	0.06672661151269242
69.14572864321609	0.06308981279755259
69.54773869346734	0.052877885184630866
69.9497487437186	0.039594316600162396
70.35175879396985	0.029548616982868724
70.75376884422111	0.029698904407933647
71.15577889447236	0.03530579697471544
71.55778894472363	0.037751505865987786
71.95979899497488	0.03418500983982719
72.36180904522614	0.027346739945162884
72.76381909547739	0.028105562785824396
73.16582914572865	0.04264209074949599
73.5678391959799	0.061655018806383445
73.96984924623116	0.07711349006474219
74.37185929648241	0.08528422125286785
74.77386934673368	0.08450570112454119
75.17587939698493	0.07503247276849155
75.57788944723619	0.0587598089540179
75.97989949748744	0.03912689558136158
76.3819095477387	0.021328075541874558
76.78391959798995	0.015918742055270593
77.18592964824121	0.021025643564379075
77.58793969849246	0.02182877173810994
77.98994974874373	0.01547223607299252
78.39195979899498	0.011153607298695328
78.79396984924624	0.02659661575577822
79.19597989949749	0.047515127986586705
79.59798994974875	0.06616387596630172
80.0	0.07884598851052507
