0.0	0.01336374387896011
0.4020100502512563	0.010704613998643572
0.8040201005025126	0.006420127811685371
1.206030150753769	0.0015068586022964116
1.6080402010050252	0.004519771645294733
2.0100502512562817	0.009039749833450324
2.412060301507538	0.011672040584023699
2.814070351758794	0.012024893549705571
3.2160804020100504	0.010042138379614348
3.6180904522613067	0.006286744092587419
4.020100502512563	0.0013861111797478806
4.42211055276382	0.004219421000639432
4.824120603015076	0.008755350187587482
5.226130653266332	0.011677210233231853
5.628140703517588	0.012543922783951486
6.030150753768845	0.011084550209595593
6.432160804020101	0.007591668613566338
6.834170854271357	0.0029129306837476334
7.236180904522613	0.00339927900342613
7.63819095477387	0.008075309763835772
8.040201005025127	0.011531033627583951
8.442211055276383	0.012880884702484902
8.84422110552764	0.011834601149218199
9.246231155778895	0.008688132291780403
9.648241206030152	0.0037824548450708087
10.050251256281408	0.0019026710372250567
10.452261306532664	0.0073852492855768295
10.85427135678392	0.01165663330423681
11.256281407035177	0.014136481211317284
11.658291457286433	0.014038017730533866
12.06030150753769	0.012056580512337373
12.462311557788945	0.00851753025636348
12.864321608040202	0.004889371977169413
13.266331658291458	0.0050734631853466125
13.668341708542714	0.00760127004629311
14.07035175879397	0.009134313783572632
14.472361809045227	0.008659663948917774
14.874371859296483	0.0071137345347828855
15.27638190954774	0.006962049646016562
15.678391959798995	0.010861715898170544
16.080402010050253	0.016855219272873014
16.48241206030151	0.022500731918294138
16.884422110552766	0.026443810485759296
17.286432160804022	0.02843742101781265
17.68844221105528	0.02799468568703676
18.090452261306535	0.025452773313697257
18.49246231155779	0.022077939487361146
18.894472361809047	0.01862755710025404
19.296482412060303	0.01615745356995737
19.69849246231156	0.014831717689054261
20.100502512562816	0.01444583991972313
20.502512562814072	0.014541217276354362
20.90452261306533	0.015290698335395078
21.306532663316585	0.01727456749588225
21.70854271356784	0.020664447342515768
22.110552763819097	0.024923653269178805
22.512562814070353	0.029121543877833465
22.91457286432161	0.032825806928645875
23.316582914572866	0.03545877957921841
23.718592964824122	0.03646358846426229
24.12060301507538	0.035700858798803414
24.522613065326635	0.033806443533293255
24.92462311557789	0.031053358108009653
25.326633165829147	0.02827713065158451
25.728643216080403	0.026063683648939028
26.13065326633166	0.024641184124538782
26.532663316582916	0.02427360975701185
26.934673366834172	0.0254592363053269
27.33668341708543	0.028476283832908095
27.738693467336685	0.033583639856349455
28.14070351758794	0.039371942782372674
28.542713567839197	0.04488238834692735
28.944723618090453	0.049073281034235916
29.34673366834171	0.051715695250457126
29.748743718592966	0.05233763396467058
30.150753768844222	0.051233912616727106
30.55276381909548	0.048916190798065244
30.954773869346734	0.04609785461712732
31.35678391959799	0.043670971481633375
31.758793969849247	0.04244517324753558
32.16080402010051	0.042904534333960194
32.56281407035176	0.045306313408070745
32.96482412060302	0.049557517295250805
33.366834170854275	0.05498594220386649
33.76884422110553	0.06089563651625042
34.17085427135679	0.0664477313192198
34.572864321608044	0.07057615535226767
34.9748743718593	0.07236595114340542
35.37688442211056	0.07170863423207681
35.77889447236181	0.06880743256604341
36.18090452261307	0.06387076410252708
36.582914572864325	0.058401095907370124
36.98492462311558	0.053554922403038815
37.38693467336684	0.050135075521331264
37.788944723618094	0.04857180390668919
38.19095477386935	0.04886452647949469
38.59296482412061	0.05086112701490397
38.99497487437186	0.05427915967322391
39.39698492462312	0.05823893184038651
39.798994974874375	0.06228981483846898
40.20100502512563	0.06557784811050409
40.60301507537689	0.0675655960363803
41.005025125628144	0.06779126371285173
41.4070351758794	0.0663057112480793
41.80904522613066	0.06311314009964356
42.21105527638191	0.058588084682330364
42.61306532663317	0.053360829347548135
43.015075376884425	0.048082072154770485
43.41708542713568	0.04346040053318228
43.81909547738694	0.04037362994638647
44.221105527638194	0.03915491359019605
44.62311557788945	0.040000127078641715
45.02512562814071	0.042790271138873966
45.42713567839196	0.047036573337489895
45.82914572864322	0.052094932234632206
46.231155778894475	0.05708075412871767
46.63316582914573	0.06112747849369129
47.03517587939699	0.0636334203288951
47.437185929648244	0.064372560506852
47.8391959798995	0.06310707201619416
48.24120603015076	0.06027060378763225
48.64321608040201	0.056272897368028485
49.04522613065327	0.052147437034502066
49.447236180904525	0.04844151445967359
49.84924623115578	0.04611584421374508
50.25125628140704	0.04560715156538692
50.653266331658294	0.04715639338885213
51.05527638190955	0.0502671127929182
51.45728643216081	0.05437152371275589
51.85929648241206	0.059064726111918944
52.26130653266332	0.06326211355134331
52.663316582914575	0.06651943742276842
53.06532663316583	0.06820288242291037
53.46733668341709	0.06819747595122869
53.869346733668344	0.06653184913354246
54.2713567839196	0.06347893858072004
54.67336683417086	0.05962692758383301
55.07537688442211	0.05540626657193935
55.47738693467337	0.051746202145174405
55.879396984924625	0.04919002526135626
56.28140703517588	0.048143631318188274
56.68341708542714	0.04864109649776012
57.085427135678394	0.050561713732959555
57.48743718592965	0.05359929960713957
57.88944723618091	0.05731537435633101
58.29145728643216	0.06092768369635486
58.69346733668342	0.06399057162632556
59.095477386934675	0.06575920493772677
59.49748743718593	0.06595845630621884
59.89949748743719	0.06455261772756088
60.301507537688444	0.061097083186835446
60.7035175879397	0.056613187876868275
61.10552763819096	0.05197931520075767
61.50753768844221	0.04825280786016072
61.90954773869347	0.046049230511444224
62.311557788944725	0.04527484495689218
62.71356783919598	0.04619949587259179
63.11557788944724	0.04827462735661818
63.517587939698494	0.05169366409119418
63.91959798994975	0.05579547449648482
64.32160804020101	0.05973591570348119
64.72361809045226	0.06279431388094275
65.12562814070353	0.06417361022208426
65.52763819095478	0.0636058432966738
65.92964824120604	0.0611160723153004
66.33165829145729	0.057461266636018096
66.73366834170855	0.05367310276180729
67.1356783919598	0.04996090338626731
67.53768844221106	0.0473787928494035
67.93969849246231	0.04592195039209869
68.34170854271358	0.04577982363665069
68.74371859296483	0.04679330775796607
69.14572864321609	0.04903122813331198
69.54773869346734	0.05198695494034834
69.9497487437186	0.05578006147765617
70.35175879396985	0.058990477673809084
70.75376884422111	0.061053738324382156
71.15577889447236	0.06163826956565892
71.55778894472363	0.06034062897797189
71.95979899497488	0.057591345362160894
72.36180904522614	0.053799319792280885
72.76381909547739	0.04983880769245956
73.16582914572865	0.04659810241518963
73.5678391959799	0.04431641216382835
73.96984924623116	0.043473586963742664
74.37185929648241	0.043923022558275404
74.77386934673368	0.04570737530661988
75.17587939698493	0.048635123427264844
75.57788944723619	0.052655302137362046
75.97989949748744	0.056922260595401356
76.3819095477387	0.06046613382606467
76.78391959798995	0.06270928351067459
77.18592964824121	0.0630041850844775
77.58793969849246	0.06169693294444527
77.98994974874373	0.058885097202080405
78.39195979899498	0.055414518550855774
78.79396984924624	0.051915924456255244
79.19597989949749	0.04878236493365551
79.59798994974875	0.046624610033596206
80.0	0.04588016910242328
