0.0	0.013462890121313414
0.4020100502512563	0.01057216678647373
0.8040201005025126	0.009053524239781098
1.206030150753769	0.010419916946883663
1.6080402010050252	0.013311105691363595
2.0100502512562817	0.015217773475864425
2.412060301507538	0.015470069386709065
2.814070351758794	0.013788945545255522
3.2160804020100504	0.010168443802953191
3.6180904522613067	0.005931623760607741
4.020100502512563	0.0038412293003603514
4.42211055276382	0.006375703209003237
4.824120603015076	0.009525404904037657
5.226130653266332	0.011168496743783918
5.628140703517588	0.012122912235635722
6.030150753768845	0.013336274251937699
6.432160804020101	0.015603774416238106
6.834170854271357	0.019045050149085994
7.236180904522613	0.022594394892141913
7.63819095477387	0.02526324643877432
8.040201005025127	0.025920716987248384
8.442211055276383	0.024750335497832943
8.84422110552764	0.021826629005374965
9.246231155778895	0.017627507730000436
9.648241206030152	0.013661239137869558
10.050251256281408	0.011052010007880083
10.452261306532664	0.012074058391772719
10.85427135678392	0.015622618954014239
11.256281407035177	0.019587252041365553
11.658291457286433	0.023167627014821498
12.06030150753769	0.026587923123361584
12.462311557788945	0.029365706692020717
12.864321608040202	0.03094510375621739
13.266331658291458	0.030988998032288072
13.668341708542714	0.02921957794272268
14.07035175879397	0.026126054897112633
14.472361809045227	0.022149026070481897
14.874371859296483	0.017437574915011224
15.27638190954774	0.014195355056442713
15.678391959798995	0.015556248088752703
16.080402010050253	0.021667921262303096
16.48241206030151	0.030658848512425025
16.884422110552766	0.03950662747875032
17.286432160804022	0.04717317660402208
17.68844221105528	0.052545407727324064
18.090452261306535	0.055536645940779596
18.49246231155779	0.056494714191250815
18.894472361809047	0.05665364773134628
19.296482412060303	0.05527769189236409
19.69849246231156	0.053675404518998784
20.100502512562816	0.04994915703180888
20.502512562814072	0.04557443981941121
20.90452261306533	0.041076984190453095
21.306532663316585	0.03899679904491536
21.70854271356784	0.03966049649706928
22.110552763819097	0.04210027008314235
22.512562814070353	0.04608286415428641
22.91457286432161	0.05152249757865137
23.316582914572866	0.05846246326474117
23.718592964824122	0.06651147869928695
24.12060301507538	0.07454628436334967
24.522613065326635	0.0808671170732554
24.92462311557789	0.08369903034349487
25.326633165829147	0.0821047444599727
25.728643216080403	0.0764296645300667
26.13065326633166	0.06787472012569452
26.532663316582916	0.058708014806121825
26.934673366834172	0.051228466174944184
27.33668341708543	0.046630933398294265
27.738693467336685	0.04481073578697396
28.14070351758794	0.045345632219555634
28.542713567839197	0.04940311293942042
28.944723618090453	0.05788847137911265
29.34673366834171	0.06864191322173153
29.748743718592966	0.07907074458436893
30.150753768844222	0.0864065302088705
30.55276381909548	0.08874107542287925
30.954773869346734	0.08426932251351921
31.35678391959799	0.07442240240529652
31.758793969849247	0.06209415230124068
32.16080402010051	0.052526333213011464
32.56281407035176	0.04985544108722068
32.96482412060302	0.052033355184077056
33.366834170854275	0.053174619501251894
33.76884422110553	0.04969145371579091
34.17085427135679	0.04254697026814094
34.572864321608044	0.03481258159942046
34.9748743718593	0.03430160902147467
35.37688442211056	0.04240202976022091
35.77889447236181	0.05104004251311989
36.18090452261307	0.05586859655816366
36.582914572864325	0.05341646516255523
36.98492462311558	0.044187024358732556
37.38693467336684	0.031300621526509045
37.788944723618094	0.022051785637524433
38.19095477386935	0.02721539708477149
38.59296482412061	0.03856712530005887
38.99497487437186	0.04721780633125984
39.39698492462312	0.04885862205560522
39.798994974874375	0.043087727156178535
40.20100502512563	0.03149555200860731
40.60301507537689	0.018840058918036428
41.005025125628144	0.02013887052625393
41.4070351758794	0.03463344371977671
41.80904522613066	0.047126066226239396
42.21105527638191	0.0534089100581709
42.61306532663317	0.05129270980891917
43.015075376884425	0.04127033500549956
43.41708542713568	0.025492639447584592
43.81909547738694	0.01414838473628833
44.221105527638194	0.02497307293501078
44.62311557788945	0.03950677166787392
45.02512562814071	0.04827514720497713
45.42713567839196	0.049425039724192696
45.82914572864322	0.04329361159056403
46.231155778894475	0.03385115262221981
46.63316582914573	0.029300649998370332
47.03517587939699	0.036319407317003054
47.437185929648244	0.04898198100135219
47.8391959798995	0.05879315334338494
48.24120603015076	0.06270218367233647
48.64321608040201	0.0588933246908739
49.04522613065327	0.04789428401202895
49.447236180904525	0.03209846111338764
49.84924623115578	0.01760696868468193
50.25125628140704	0.01912024036067648
50.653266331658294	0.03125874570740043
51.05527638190955	0.04003379483559058
51.45728643216081	0.042329853052514244
51.85929648241206	0.03915366892616087
52.26130653266332	0.03486554907622953
52.663316582914575	0.03702182607221301
53.06532663316583	0.048525574385651554
53.46733668341709	0.06271373559874618
53.869346733668344	0.07326977540786987
54.2713567839196	0.07716688810938446
54.67336683417086	0.07314005802600462
55.07537688442211	0.061891570010842376
55.47738693467337	0.0462437255156904
55.879396984924625	0.03191379909252044
56.28140703517588	0.028201962895233322
56.68341708542714	0.034585436004529777
57.085427135678394	0.04110716602817023
57.48743718592965	0.04327763201675511
57.88944723618091	0.04245745012207027
58.29145728643216	0.043580846527522185
58.69346733668342	0.051852428688723515
59.095477386934675	0.06471015708199783
59.49748743718593	0.07645669429702925
59.89949748743719	0.08296193236530017
60.301507537688444	0.08188315486662501
60.7035175879397	0.07333892670391709
61.10552763819096	0.059739410837269524
61.50753768844221	0.04560288499672312
61.90954773869347	0.039533481888822726
62.311557788944725	0.045510850804172345
62.71356783919598	0.05553221210854749
63.11557788944724	0.06259622105264359
63.517587939698494	0.06441627847776359
63.91959798994975	0.061851543477033276
64.32160804020101	0.058126656537073426
64.72361809045226	0.056639377880021345
65.12562814070353	0.05881778048075802
65.52763819095478	0.06182092259047086
65.92964824120604	0.06236524997217935
66.33165829145729	0.058389834319708254
66.73366834170855	0.0493345326107491
67.1356783919598	0.03886105414168939
67.53768844221106	0.03544704650719355
67.93969849246231	0.04491245372389944
68.34170854271358	0.05921777619011441
68.74371859296483	0.07064356078009552
69.14572864321609	0.07552548134184156
69.54773869346734	0.07293039797699935
69.9497487437186	0.06410350137852049
70.35175879396985	0.05190473605103
70.75376884422111	0.04129909208304292
71.15577889447236	0.036604060883975394
71.55778894472363	0.03654195637275185
71.95979899497488	0.03596625899067207
72.36180904522614	0.030643373219914432
72.76381909547739	0.020840602120998468
73.16582914572865	0.015797617643674426
73.5678391959799	0.02824977571035578
73.96984924623116	0.045584196764821866
74.37185929648241	0.06066907491277492
74.77386934673368	0.0692000313412938
75.17587939698493	0.07049742846678873
75.57788944723619	0.0646927550770838
75.97989949748744	0.05254705297501803
76.3819095477387	0.03778854738796521
76.78391959798995	0.02594603691442367
77.18592964824121	0.023310491251454533
77.58793969849246	0.026466524995065632
77.98994974874373	0.02688860091029972
78.39195979899498	0.020574090518511678
78.79396984924624	0.00861816836618853
79.19597989949749	0.011478329319255845
79.59798994974875	0.03019201591558688
80.0	0.04770685546308086
