0.0	0.01648722247891547
0.4020100502512563	0.013968403617658817
0.8040201005025126	0.009346002819079104
1.206030150753769	0.004597971509611819
1.6080402010050252	0.0052980911685945615
2.0100502512562817	0.009823083103386926
2.412060301507538	0.012766080739313183
2.814070351758794	0.013255852879732258
3.2160804020100504	0.011092265275714648
3.6180904522613067	0.006467008294256798
4.020100502512563	0.0013149383028582052
4.42211055276382	0.006492455611435645
4.824120603015076	0.012200127218637499
5.226130653266332	0.016193468505935893
5.628140703517588	0.017636347441251744
6.030150753768845	0.01647351741106203
6.432160804020101	0.012946880794776346
6.834170854271357	0.008891645468495865
7.236180904522613	0.007112867082347854
7.63819095477387	0.009524009793432361
8.040201005025127	0.01251725387968585
8.442211055276383	0.013508676128389425
8.84422110552764	0.01209008721559831
9.246231155778895	0.008479485736740334
9.648241206030152	0.004272093070828587
10.050251256281408	0.006022605208373189
10.452261306532664	0.011393569067337331
10.85427135678392	0.01577827142357141
11.256281407035177	0.018136000283695903
11.658291457286433	0.017932664414938505
12.06030150753769	0.01581741642281826
12.462311557788945	0.013247270618739107
12.864321608040202	0.012766264451470607
13.266331658291458	0.015214856199101212
13.668341708542714	0.018949691515076417
14.07035175879397	0.021972084727905176
14.472361809045227	0.023081706557828794
14.874371859296483	0.022233766330851758
15.27638190954774	0.019158825336096304
15.678391959798995	0.015267467098419973
16.080402010050253	0.011830831282538347
16.48241206030151	0.010564096635371504
16.884422110552766	0.012132555530794016
17.286432160804022	0.014124059176090276
17.68844221105528	0.015507600129409391
18.090452261306535	0.01638773430106265
18.49246231155779	0.01726905005870342
18.894472361809047	0.019083902271073722
19.296482412060303	0.021217842582995937
19.69849246231156	0.023398022388206832
20.100502512562816	0.025180643849867086
20.502512562814072	0.02615002221222006
20.90452261306533	0.02614387686220951
21.306532663316585	0.02545195150797346
21.70854271356784	0.02405156079163364
22.110552763819097	0.022371069956403554
22.512562814070353	0.021314759395637727
22.91457286432161	0.020894179430868506
23.316582914572866	0.02124824231221866
23.718592964824122	0.022534372181263036
24.12060301507538	0.024509294612933576
24.522613065326635	0.026716490574774515
24.92462311557789	0.029144599783049823
25.326633165829147	0.031661258159688614
25.728643216080403	0.03402306837176447
26.13065326633166	0.03569017144339023
26.532663316582916	0.03636727185661052
26.934673366834172	0.03564707112456395
27.33668341708543	0.03357389212284807
27.738693467336685	0.03065606068777027
28.14070351758794	0.027661558846036625
28.542713567839197	0.02573659125133282
28.944723618090453	0.025607270928495296
29.34673366834171	0.02713711203983013
29.748743718592966	0.02944381596829747
30.150753768844222	0.03210200437273973
30.55276381909548	0.034557158294361
30.954773869346734	0.036776031136976105
31.35678391959799	0.039115209236627306
31.758793969849247	0.04152725960766613
32.16080402010051	0.04366268837479967
32.56281407035176	0.04505218875893613
32.96482412060302	0.045248491810970105
33.366834170854275	0.04407322719943454
33.76884422110553	0.04175097872940519
34.17085427135679	0.03963632241715709
34.572864321608044	0.03864206475508341
34.9748743718593	0.03906565467191532
35.37688442211056	0.040873875715690754
35.77889447236181	0.043096581895012975
36.18090452261307	0.04582584034600311
36.582914572864325	0.049138110593620096
36.98492462311558	0.05306389208960518
37.38693467336684	0.05754271473584212
37.788944723618094	0.06164653202785325
38.19095477386935	0.0648345764184335
38.59296482412061	0.06635750579515638
38.99497487437186	0.0663283304234439
39.39698492462312	0.06490397567983533
39.798994974874375	0.06267897800222813
40.20100502512563	0.060290437050648404
40.60301507537689	0.058019350435585204
41.005025125628144	0.05611082039903019
41.4070351758794	0.05440411806056057
41.80904522613066	0.0528629834118022
42.21105527638191	0.05154543207871996
42.61306532663317	0.0507763930651031
43.015075376884425	0.05118500709755205
43.41708542713568	0.0536936487740014
43.81909547738694	0.05716791543159795
44.221105527638194	0.061495870733199766
44.62311557788945	0.06539760826175309
45.02512562814071	0.06818756974883518
45.42713567839196	0.06946774111568906
45.82914572864322	0.06879189556780227
46.231155778894475	0.06628151950709285
46.63316582914573	0.06228909171084026
47.03517587939699	0.05688331698574879
47.437185929648244	0.05093170684733021
47.8391959798995	0.045648291832634594
48.24120603015076	0.04201845827841019
48.64321608040201	0.0412476372094122
49.04522613065327	0.04313361155104324
49.447236180904525	0.046841750438510674
49.84924623115578	0.05102241892174871
50.25125628140704	0.055060862497700036
50.653266331658294	0.058165258885293315
51.05527638190955	0.059918380994247775
51.45728643216081	0.060103100338463375
51.85929648241206	0.0589833225876123
52.26130653266332	0.05642165098001595
52.663316582914575	0.05301040373600348
53.06532663316583	0.0495076995362292
53.46733668341709	0.04632229861002134
53.869346733668344	0.0443048386794844
54.2713567839196	0.04362264965601414
54.67336683417086	0.044430133863663165
55.07537688442211	0.046281785090479755
55.47738693467337	0.0484623036102795
55.879396984924625	0.05031020490173469
56.28140703517588	0.052055925889956015
56.68341708542714	0.05332037544049183
57.085427135678394	0.0541637859488884
57.48743718592965	0.054700613444272295
57.88944723618091	0.0545227977579393
58.29145728643216	0.05386437578850931
58.69346733668342	0.0524877732697979
59.095477386934675	0.05068417437780785
59.49748743718593	0.048811817247688884
59.89949748743719	0.047122282695026704
60.301507537688444	0.04591081375712175
60.7035175879397	0.04545300413425164
61.10552763819096	0.045936119649292825
61.50753768844221	0.04724510283311913
61.90954773869347	0.04902848270796765
62.311557788944725	0.051134458007216665
62.71356783919598	0.0532441554430268
63.11557788944724	0.05498083394275967
63.517587939698494	0.05580171558371616
63.91959798994975	0.055469730074410514
64.32160804020101	0.05406102037259839
64.72361809045226	0.05173572747693454
65.12562814070353	0.04887788808702474
65.52763819095478	0.0459607255231991
65.92964824120604	0.043746806850674794
66.33165829145729	0.04227099937694727
66.73366834170855	0.04215782906068013
67.1356783919598	0.04318955134966921
67.53768844221106	0.04535588065492126
67.93969849246231	0.04818926508106696
68.34170854271358	0.05121580805164695
68.74371859296483	0.05380097569958947
69.14572864321609	0.05574937965529782
69.54773869346734	0.05635313667863293
69.9497487437186	0.05569236425933459
70.35175879396985	0.053618723813860125
70.75376884422111	0.05066013613690812
71.15577889447236	0.04768895973695267
71.55778894472363	0.04518981657623403
71.95979899497488	0.04402048525179967
72.36180904522614	0.044626299899295424
72.76381909547739	0.046524820104129345
73.16582914572865	0.049510497575556686
73.5678391959799	0.052659441799188356
73.96984924623116	0.05534242750681952
74.37185929648241	0.05697037161979747
74.77386934673368	0.0573139874444062
75.17587939698493	0.05638327557110208
75.57788944723619	0.05419372419134498
75.97989949748744	0.05148374843611653
76.3819095477387	0.0484785782791042
76.78391959798995	0.04591860028155083
77.18592964824121	0.04422903084145012
77.58793969849246	0.04408227257927736
77.98994974874373	0.04561099409052923
78.39195979899498	0.04873237759333897
78.79396984924624	0.05248954866699449
79.19597989949749	0.05601164440765657
79.59798994974875	0.058327872950357317
80.0	0.059045746270551015
