0.0	0.008143818266176887
0.4020100502512563	0.007039379063110701
0.8040201005025126	0.004816856161768326
1.206030150753769	0.002150841292605912
1.6080402010050252	0.0014407389698862087
2.0100502512562817	0.0035788761650331576
2.412060301507538	0.005128664415102842
2.814070351758794	0.005448457631262253
3.2160804020100504	0.004345850608899692
3.6180904522613067	0.002494499853116227
4.020100502512563	0.000649273717828053
4.42211055276382	0.0033925570699687513
4.824120603015076	0.005899374062698005
5.226130653266332	0.007805551332314017
5.628140703517588	0.008624605009085604
6.030150753768845	0.00823372432299925
6.432160804020101	0.006736957610493195
6.834170854271357	0.004393819747147069
7.236180904522613	0.0022476679718477313
7.63819095477387	0.0023241732710878996
8.040201005025127	0.003631893108169798
8.442211055276383	0.004021513796813663
8.84422110552764	0.0031076072019854076
9.246231155778895	0.0013610489873299109
9.648241206030152	0.002699711518195648
10.050251256281408	0.006250583996623843
10.452261306532664	0.010190085352748653
10.85427135678392	0.013356657847234827
11.256281407035177	0.015747180494683294
11.658291457286433	0.01666379424544806
12.06030150753769	0.016381221411241192
12.462311557788945	0.015221489095116208
12.864321608040202	0.013206512359149363
13.266331658291458	0.011278178169600809
13.668341708542714	0.009483020554044767
14.07035175879397	0.00877193090545751
14.472361809045227	0.008498171964984941
14.874371859296483	0.009406360233537532
15.27638190954774	0.010770559967550898
15.678391959798995	0.012573667003646821
16.080402010050253	0.014321673874179822
16.48241206030151	0.01577637090725784
16.884422110552766	0.01690894278381738
17.286432160804022	0.017590654001453036
17.68844221105528	0.01787798642202503
18.090452261306535	0.0180449372354397
18.49246231155779	0.017959639263522988
18.894472361809047	0.017876430650477157
19.296482412060303	0.01767474697221319
19.69849246231156	0.01772559746857446
20.100502512562816	0.018110635518655865
20.502512562814072	0.01872642774989005
20.90452261306533	0.01975020590934498
21.306532663316585	0.020984812607264643
21.70854271356784	0.02264311977152423
22.110552763819097	0.02391356021972515
22.512562814070353	0.02513352126678466
22.91457286432161	0.02597272926199561
23.316582914572866	0.02625704637254332
23.718592964824122	0.025888704118162166
24.12060301507538	0.025070871316067705
24.522613065326635	0.023733372250690117
24.92462311557789	0.022574634987530363
25.326633165829147	0.021553512652551395
25.728643216080403	0.020918142754851744
26.13065326633166	0.021025101955901036
26.532663316582916	0.02176049601870083
26.934673366834172	0.023079985540419373
27.33668341708543	0.02453998110753208
27.738693467336685	0.025942876070759135
28.14070351758794	0.02740218202406291
28.542713567839197	0.02890840537971155
28.944723618090453	0.030325276427236942
29.34673366834171	0.031245430757260256
29.748743718592966	0.032143783796625865
30.150753768844222	0.032695405361631215
30.55276381909548	0.033017022271570926
30.954773869346734	0.03349130675332486
31.35678391959799	0.0343283605914239
31.758793969849247	0.03530866476732292
32.16080402010051	0.036467793696100335
32.56281407035176	0.03786690661487878
32.96482412060302	0.039245021603252744
33.366834170854275	0.04035577744501851
33.76884422110553	0.041593848284902105
34.17085427135679	0.04267286984145134
34.572864321608044	0.043988904587445435
34.9748743718593	0.045604887242946736
35.37688442211056	0.047658102602977565
35.77889447236181	0.04991417185719576
36.18090452261307	0.052489393507716274
36.582914572864325	0.05493691129264642
36.98492462311558	0.05741925370056402
37.38693467336684	0.05939528716421542
37.788944723618094	0.06092162662542615
38.19095477386935	0.061538103321888804
38.59296482412061	0.06128713458526926
38.99497487437186	0.060008110062265696
39.39698492462312	0.05761800926413019
39.798994974874375	0.05433019154581603
40.20100502512563	0.05027747186541616
40.60301507537689	0.04644249416321698
41.005025125628144	0.04368659975224531
41.4070351758794	0.04283924455219654
41.80904522613066	0.044718528226278295
42.21105527638191	0.04894977594380502
42.61306532663317	0.0546445442424547
43.015075376884425	0.06063023664467049
43.41708542713568	0.0654562500037685
43.81909547738694	0.06788835606603616
44.221105527638194	0.06767026905210385
44.62311557788945	0.06414830755965945
45.02512562814071	0.058332455038437245
45.42713567839196	0.05125398578955655
45.82914572864322	0.04375529699197943
46.231155778894475	0.03759821433326156
46.63316582914573	0.033549690875616135
47.03517587939699	0.03236673613995216
47.437185929648244	0.03377710168812583
47.8391959798995	0.03756980685542024
48.24120603015076	0.04285446340666602
48.64321608040201	0.04845782417809285
49.04522613065327	0.05340327967865838
49.447236180904525	0.05680218546756853
49.84924623115578	0.05832280481827708
50.25125628140704	0.05786283791835874
50.653266331658294	0.056069522240665436
51.05527638190955	0.053110855920944534
51.45728643216081	0.04991131448139227
51.85929648241206	0.046971509107349915
52.26130653266332	0.044863025806453086
52.663316582914575	0.043965967825261784
53.06532663316583	0.04386873771661274
53.46733668341709	0.04483695362749994
53.869346733668344	0.04660265683192215
54.2713567839196	0.04863507839893784
54.67336683417086	0.05040160166313647
55.07537688442211	0.051999671601437834
55.47738693467337	0.05326013767376868
55.879396984924625	0.054443071375071164
56.28140703517588	0.05565933945529655
56.68341708542714	0.05683073503492814
57.085427135678394	0.05808050362550117
57.48743718592965	0.058808194852860395
57.88944723618091	0.05893067745957015
58.29145728643216	0.0583870471236871
58.69346733668342	0.057118386254754475
59.095477386934675	0.055484124083488996
59.49748743718593	0.053587722475586075
59.89949748743719	0.052096193260273385
60.301507537688444	0.05121346456626032
60.7035175879397	0.05132353060614157
61.10552763819096	0.05226486004697376
61.50753768844221	0.05418227727227306
61.90954773869347	0.0566564520101707
62.311557788944725	0.05873467792367831
62.71356783919598	0.060317062730475254
63.11557788944724	0.06097943031284932
63.517587939698494	0.0603468413197535
63.91959798994975	0.058795164984532335
64.32160804020101	0.05660172769855768
64.72361809045226	0.05383145551286791
65.12562814070353	0.05112802597002154
65.52763819095478	0.048794787035292234
65.92964824120604	0.04696427800638831
66.33165829145729	0.045721217338777986
66.73366834170855	0.045736565784173996
67.1356783919598	0.046911792958309176
67.53768844221106	0.049292407207008296
67.93969849246231	0.052160747845570364
68.34170854271358	0.054883872438683715
68.74371859296483	0.05670232622519804
69.14572864321609	0.05736816448934627
69.54773869346734	0.056939663488867906
69.9497487437186	0.055581024274889035
70.35175879396985	0.05330619150970402
70.75376884422111	0.05066886505885802
71.15577889447236	0.04783209258692135
71.55778894472363	0.04506949503500971
71.95979899497488	0.043255361257057194
72.36180904522614	0.04208287480770991
72.76381909547739	0.04212880984178486
73.16582914572865	0.04319975034373064
73.5678391959799	0.04496273145602915
73.96984924623116	0.04671646521274126
74.37185929648241	0.04831425821402595
74.77386934673368	0.04908074551795961
75.17587939698493	0.049383968914940776
75.57788944723619	0.04939057670618074
75.97989949748744	0.049050806337332505
76.3819095477387	0.04856081483649001
76.78391959798995	0.04800413549574458
77.18592964824121	0.0468884768609074
77.58793969849246	0.04535719996681671
77.98994974874373	0.043170304241131094
78.39195979899498	0.04090370079405299
78.79396984924624	0.039017093119420296
79.19597989949749	0.03843081092763991
79.59798994974875	0.03977420760644861
80.0	0.04271878350796228
