0.0	0.03320049953491702
0.4020100502512563	0.0330222033227066
0.8040201005025126	0.02716311068614637
1.206030150753769	0.016999002018678603
1.6080402010050252	0.0050856337142923215
2.0100502512562817	0.009570672608242861
2.412060301507538	0.019932790624547995
2.814070351758794	0.026075097873969333
3.2160804020100504	0.026577499834964137
3.6180904522613067	0.021370831608836093
4.020100502512563	0.011555790098588427
4.42211055276382	0.0042289187412366605
4.824120603015076	0.016442521369240244
5.226130653266332	0.028268106607705817
5.628140703517588	0.03637585188932997
6.030150753768845	0.03928106161097692
6.432160804020101	0.03617725252388915
6.834170854271357	0.028199614006663785
7.236180904522613	0.016705393643732202
7.63819095477387	0.004608755258933809
8.040201005025127	0.008517696879256315
8.442211055276383	0.01597317389467279
8.84422110552764	0.018385631939587293
9.246231155778895	0.015152015661866363
9.648241206030152	0.006908532878210113
10.050251256281408	0.007536521009321862
10.452261306532664	0.021770086816469796
10.85427135678392	0.035616252137214734
11.256281407035177	0.04639048864826175
11.658291457286433	0.05252415650753871
12.06030150753769	0.052977814963729206
12.462311557788945	0.0475459181942451
12.864321608040202	0.03769817460046598
13.266331658291458	0.0254828628293848
13.668341708542714	0.01386752584156926
14.07035175879397	0.0076408684946916204
14.472361809045227	0.009392777863957764
14.874371859296483	0.01037528918927785
15.27638190954774	0.008635916433442947
15.678391959798995	0.01164765527065667
16.080402010050253	0.022935213904697264
16.48241206030151	0.03694739115859537
16.884422110552766	0.050506861668349445
17.286432160804022	0.06113577726306581
17.68844221105528	0.06714877909040264
18.090452261306535	0.06774249272891589
18.49246231155779	0.06321899223680674
18.894472361809047	0.055115957666696455
19.296482412060303	0.045500675743763874
19.69849246231156	0.03682270035359458
20.100502512562816	0.03093516633947549
20.502512562814072	0.028342302271988258
20.90452261306533	0.029131206902766365
21.306532663316585	0.03365147999495518
21.70854271356784	0.042740532324930226
22.110552763819097	0.054879955520092595
22.512562814070353	0.06771655778995904
22.91457286432161	0.07890267252044468
23.316582914572866	0.08615089562856519
23.718592964824122	0.08823728188800432
24.12060301507538	0.0851491881093168
24.522613065326635	0.07702646058118866
24.92462311557789	0.0657420545333238
25.326633165829147	0.05334861820035528
25.728643216080403	0.042045913648791525
26.13065326633166	0.03395596284174116
26.532663316582916	0.03043950453139635
26.934673366834172	0.031672426759977355
27.33668341708543	0.03801615848652905
27.738693467336685	0.048359632735197715
28.14070351758794	0.0611338437884543
28.542713567839197	0.073809796565804
28.944723618090453	0.08362283965606579
29.34673366834171	0.08849014033110678
29.748743718592966	0.0873756321154783
30.150753768844222	0.08075913266957649
30.55276381909548	0.06967039459380212
30.954773869346734	0.056520303102704506
31.35678391959799	0.043626349995634486
31.758793969849247	0.03405994482632883
32.16080402010051	0.029174335342373327
32.56281407035176	0.028748603675053108
32.96482412060302	0.032407574243889604
33.366834170854275	0.03974190300096285
33.76884422110553	0.0501462151074711
34.17085427135679	0.06158903635831457
34.572864321608044	0.0716848565443797
34.9748743718593	0.07855865053123354
35.37688442211056	0.0809841563921673
35.77889447236181	0.07855696200951531
36.18090452261307	0.0720568980040583
36.582914572864325	0.06263404862202984
36.98492462311558	0.05250304133331537
37.38693467336684	0.04359814083586813
37.788944723618094	0.03794558117649306
38.19095477386935	0.03639530882269047
38.59296482412061	0.038287524603511716
38.99497487437186	0.04283420568931493
39.39698492462312	0.049826049204206725
39.798994974874375	0.05797629448912959
40.20100502512563	0.06622737893078665
40.60301507537689	0.0734665173773086
41.005025125628144	0.07810540947216313
41.4070351758794	0.07935492465117189
41.80904522613066	0.076960900172774
42.21105527638191	0.07165064610463265
42.61306532663317	0.06411912714165097
43.015075376884425	0.05620705534885175
43.41708542713568	0.04945674102089555
43.81909547738694	0.04598457534114408
44.221105527638194	0.045580732244435304
44.62311557788945	0.04730928663975656
45.02512562814071	0.05090888277400709
45.42713567839196	0.05530829540415472
45.82914572864322	0.06048570817979872
46.231155778894475	0.06581661523019132
46.63316582914573	0.0703025415012262
47.03517587939699	0.07283281521446426
47.437185929648244	0.07299168019645039
47.8391959798995	0.07005090050366045
48.24120603015076	0.06479638435202176
48.64321608040201	0.05786014746075643
49.04522613065327	0.05094754299621455
49.447236180904525	0.0457486403143539
49.84924623115578	0.043607536754464465
50.25125628140704	0.04416059654188703
50.653266331658294	0.046241111960564976
51.05527638190955	0.04859180025718717
51.45728643216081	0.051367420685221286
51.85929648241206	0.05501119922665822
52.26130653266332	0.05934558865737649
52.663316582914575	0.06367298826314341
53.06532663316583	0.06706682637138615
53.46733668341709	0.06855939814595888
53.869346733668344	0.06722121117285951
54.2713567839196	0.06340509805907146
54.67336683417086	0.05762361029778299
55.07537688442211	0.05181846660067563
55.47738693467337	0.04817627771219875
55.879396984924625	0.0475668164174774
56.28140703517588	0.049229754984165944
56.68341708542714	0.051212167707530454
57.085427135678394	0.05261005241363381
57.48743718592965	0.05354510192332736
57.88944723618091	0.05524069329702126
58.29145728643216	0.058437324621079714
58.69346733668342	0.0624977089563057
59.095477386934675	0.06641371811536098
59.49748743718593	0.0682482948710764
59.89949748743719	0.06696659830533915
60.301507537688444	0.06279575124439866
60.7035175879397	0.05702086100443551
61.10552763819096	0.05177957347930186
61.50753768844221	0.04962888209630163
61.90954773869347	0.050703868296254936
62.311557788944725	0.053300678731057635
62.71356783919598	0.05546936698923831
63.11557788944724	0.056359331708830875
63.517587939698494	0.0567049748931028
63.91959798994975	0.05816113213310833
64.32160804020101	0.06174007145974782
64.72361809045226	0.06657395775200378
65.12562814070353	0.07052729009771545
65.52763819095478	0.07175496099242168
65.92964824120604	0.0694528720664823
66.33165829145729	0.0642799082813249
66.73366834170855	0.058702447720985554
67.1356783919598	0.05550469877545171
67.53768844221106	0.055992685048564236
67.93969849246231	0.05862577937284996
68.34170854271358	0.061252815909872506
68.74371859296483	0.0621656816284746
69.14572864321609	0.06142862880097314
69.54773869346734	0.06050622390888495
69.9497487437186	0.06076426159754542
70.35175879396985	0.06285880461089076
70.75376884422111	0.06587770281301511
71.15577889447236	0.0680130428661915
71.55778894472363	0.06824008754805991
71.95979899497488	0.06614950612029988
72.36180904522614	0.0623593720073524
72.76381909547739	0.05869444005627161
73.16582914572865	0.0564507491584077
73.5678391959799	0.05602436818663834
73.96984924623116	0.05684391434190948
74.37185929648241	0.05759516357225529
74.77386934673368	0.05740898908573559
75.17587939698493	0.05687429522898504
75.57788944723619	0.056147468405214604
75.97989949748744	0.05710717343470362
76.3819095477387	0.059512581369183394
76.78391959798995	0.06269307332795125
77.18592964824121	0.06513543757849281
77.58793969849246	0.06525778148734941
77.98994974874373	0.06276339837468584
78.39195979899498	0.05842480491433165
78.79396984924624	0.05393721187371971
79.19597989949749	0.051159897801574906
79.59798994974875	0.05081452473158378
80.0	0.052176387012887605
