0.0	0.021311850383111695
0.4020100502512563	0.018590882909721343
0.8040201005025126	0.012694169231707944
1.206030150753769	0.005048085972195861
1.6080402010050252	0.0034593252924755547
2.0100502512562817	0.010896056385130633
2.412060301507538	0.015886246703144476
2.814070351758794	0.017730596538168372
3.2160804020100504	0.01604095629281555
3.6180904522613067	0.01090695019264336
4.020100502512563	0.003533409764432855
4.42211055276382	0.004765521444266808
4.824120603015076	0.012624665675751105
5.226130653266332	0.01844126179843055
5.628140703517588	0.021162701104669644
6.030150753768845	0.02042100041852057
6.432160804020101	0.016433150722378758
6.834170854271357	0.00968300710921519
7.236180904522613	0.001933966156953331
7.63819095477387	0.0062330151951972956
8.040201005025127	0.012501793108803042
8.442211055276383	0.016006416865271038
8.84422110552764	0.015978617056010575
9.246231155778895	0.012555507706614616
9.648241206030152	0.006509477979982735
10.050251256281408	0.0012339975659252866
10.452261306532664	0.009289147628012301
10.85427135678392	0.016162693111009294
11.256281407035177	0.020399978444552283
11.658291457286433	0.021572482581792268
12.06030150753769	0.01925888759585028
12.462311557788945	0.013987486856898632
12.864321608040202	0.0070568881006064345
13.266331658291458	0.006170538836909633
13.668341708542714	0.014443467038305832
14.07035175879397	0.022787254284034306
14.472361809045227	0.029032137679225873
14.874371859296483	0.03278687641479138
15.27638190954774	0.03469242906422263
15.678391959798995	0.03496429715323737
16.080402010050253	0.033087374645553516
16.48241206030151	0.02958147107911068
16.884422110552766	0.024719648441754973
17.286432160804022	0.01700824583363352
17.68844221105528	0.008042856389544543
18.090452261306535	0.011523802294624302
18.49246231155779	0.02100668077646789
18.894472361809047	0.028029070913547192
19.296482412060303	0.03020721060301159
19.69849246231156	0.02531071930284141
20.100502512562816	0.01373665015361375
20.502512562814072	0.004417320094688722
20.90452261306533	0.02196481201344782
21.306532663316585	0.03809647385026983
21.70854271356784	0.04921472196222873
22.110552763819097	0.05381030551136616
22.512562814070353	0.05087320418072918
22.91457286432161	0.04259363696888556
23.316582914572866	0.032300702145396924
23.718592964824122	0.026459701570223433
24.12060301507538	0.030911065724196655
24.522613065326635	0.039840461962371176
24.92462311557789	0.04603960641774881
25.326633165829147	0.04668551965323263
25.728643216080403	0.04221398509847152
26.13065326633166	0.03515498950161933
26.532663316582916	0.03216269478899727
26.934673366834172	0.03765114555941962
27.33668341708543	0.04568410940706698
27.738693467336685	0.05006253874851722
28.14070351758794	0.04776708349279348
28.542713567839197	0.0398224389902687
28.944723618090453	0.03275154195331849
29.34673366834171	0.03793916266600704
29.748743718592966	0.054204005871582785
30.150753768844222	0.07146115283462687
30.55276381909548	0.08314046932553273
30.954773869346734	0.0864838025491457
31.35678391959799	0.08186106077156938
31.758793969849247	0.07067384080223424
32.16080402010051	0.05844543658764269
32.56281407035176	0.050317451252719095
32.96482412060302	0.050003520163186176
33.366834170854275	0.05248834222709821
33.76884422110553	0.05258836967624444
34.17085427135679	0.05049900933880501
34.572864321608044	0.049059837611404276
34.9748743718593	0.054423329396262585
35.37688442211056	0.0665890923383187
35.77889447236181	0.07898543619084016
36.18090452261307	0.08711751729903625
36.582914572864325	0.08769809415911586
36.98492462311558	0.08076274590071406
37.38693467336684	0.06749136520745987
37.788944723618094	0.049413310808997704
38.19095477386935	0.029642603211263836
38.59296482412061	0.01162317930231103
38.99497487437186	0.0045163335783144475
39.39698492462312	0.010403642556026521
39.798994974874375	0.012476437483923575
40.20100502512563	0.017189661289040644
40.60301507537689	0.03030291212032309
41.005025125628144	0.04779245716531828
41.4070351758794	0.06523136855204767
41.80904522613066	0.07846734932676543
42.21105527638191	0.08465580734205982
42.61306532663317	0.0821909251469212
43.015075376884425	0.0714040254935719
43.41708542713568	0.05412117700245781
43.81909547738694	0.035519886512931385
44.221105527638194	0.023685834471027782
44.62311557788945	0.026235811850085257
45.02512562814071	0.031787758776535946
45.42713567839196	0.03157699156210397
45.82914572864322	0.024062040895250474
46.231155778894475	0.0121103741187835
46.63316582914573	0.014554617937033928
47.03517587939699	0.030608904668854707
47.437185929648244	0.0447879615710169
47.8391959798995	0.05371408800225545
48.24120603015076	0.05552656712083309
48.64321608040201	0.051023130340273525
49.04522613065327	0.043028556415439616
49.447236180904525	0.03644102491737605
49.84924623115578	0.03786301948488855
50.25125628140704	0.0453058245463107
50.653266331658294	0.05257635511862685
51.05527638190955	0.055337535259960435
51.45728643216081	0.05144690883718188
51.85929648241206	0.04232384999160728
52.26130653266332	0.029824792755599537
52.663316582914575	0.02085647336879806
53.06532663316583	0.02296420983673989
53.46733668341709	0.030125280301507722
53.869346733668344	0.034399368696769475
54.2713567839196	0.03374047618569521
54.67336683417086	0.030633601190487497
55.07537688442211	0.031499397667850315
55.47738693467337	0.04110952561555827
55.879396984924625	0.055761101210632345
56.28140703517588	0.06928257985610833
56.68341708542714	0.07741811980954441
57.085427135678394	0.07777764727230262
57.48743718592965	0.07034759197464105
57.88944723618091	0.05628749765786286
58.29145728643216	0.03798313788810152
58.69346733668342	0.019304065916670145
59.095477386934675	0.0036539029087040674
59.49748743718593	0.006837824955748048
59.89949748743719	0.009230331492054367
60.301507537688444	0.005414807582054545
60.7035175879397	0.011491533821043844
61.10552763819096	0.02725914148844019
61.50753768844221	0.044839168244666376
61.90954773869347	0.05997322167561199
62.311557788944725	0.06991844712441947
62.71356783919598	0.0730405474436617
63.11557788944724	0.06853361089880639
63.517587939698494	0.05772573430281357
63.91959798994975	0.04313571368339118
64.32160804020101	0.028831317565381754
64.72361809045226	0.022402253844618605
65.12562814070353	0.026150144533026255
65.52763819095478	0.031766642028072174
65.92964824120604	0.034442284650037555
66.33165829145729	0.034912239201352516
66.73366834170855	0.036202628452076134
67.1356783919598	0.04022849866551949
67.53768844221106	0.046148582738653646
67.93969849246231	0.05108262355021766
68.34170854271358	0.05264073661908795
68.74371859296483	0.04939943654453007
69.14572864321609	0.041687956423668196
69.54773869346734	0.03270025949147713
69.9497487437186	0.02902428895186917
70.35175879396985	0.03546243256666633
70.75376884422111	0.046387969579774715
71.15577889447236	0.0551685995435397
71.55778894472363	0.05901846256516572
71.95979899497488	0.05736875710880281
72.36180904522614	0.050359367020052545
72.76381909547739	0.04084318560270532
73.16582914572865	0.03149633524510444
73.5678391959799	0.025131570205519742
73.96984924623116	0.022000675079330345
74.37185929648241	0.019017630558017216
74.77386934673368	0.01456598444143295
75.17587939698493	0.014797648709464687
75.57788944723619	0.026120479333371038
75.97989949748744	0.041998883935530265
76.3819095477387	0.05710177639827568
76.78391959798995	0.06824196256410343
77.18592964824121	0.07312740851275225
77.58793969849246	0.07106596924589717
77.98994974874373	0.06249374166381798
78.39195979899498	0.04905318544524841
78.79396984924624	0.03301832734789758
79.19597989949749	0.01779161294440294
79.59798994974875	0.00909582828977024
80.0	0.012878210046937797
