0.0	0.009768612357775607
0.4020100502512563	0.0112361448143097
0.8040201005025126	0.011351072300564823
1.206030150753769	0.010714300157576528
1.6080402010050252	0.008853456695208869
2.0100502512562817	0.006792739614212967
2.412060301507538	0.006054643775615888
2.814070351758794	0.00623530805804897
3.2160804020100504	0.006716033868109499
3.6180904522613067	0.006164860684815554
4.020100502512563	0.004549783561939945
4.42211055276382	0.002784435448820532
4.824120603015076	0.004333450742306188
5.226130653266332	0.008163002876016914
5.628140703517588	0.011815547546507842
6.030150753768845	0.014652273705066273
6.432160804020101	0.016373630363510073
6.834170854271357	0.016652130151860844
7.236180904522613	0.015619531897460287
7.63819095477387	0.013894264957459893
8.040201005025127	0.01177805937064364
8.442211055276383	0.009715571195802738
8.84422110552764	0.0076007141123156045
9.246231155778895	0.005784576911346298
9.648241206030152	0.003941365171019006
10.050251256281408	0.004451664976412047
10.452261306532664	0.00821695852447792
10.85427135678392	0.013069263743510178
11.256281407035177	0.017930602768797394
11.658291457286433	0.02214571877921833
12.06030150753769	0.024881636447786033
12.462311557788945	0.026042257401190826
12.864321608040202	0.025370142951028622
13.266331658291458	0.022857346949203192
13.668341708542714	0.019052213050212395
14.07035175879397	0.014546017850511073
14.472361809045227	0.010013815994641505
14.874371859296483	0.00611944784924069
15.27638190954774	0.00402119176466582
15.678391959798995	0.005508889284710562
16.080402010050253	0.009110492841713698
16.48241206030151	0.013802469578434118
16.884422110552766	0.01888730986253043
17.286432160804022	0.02351966257664425
17.68844221105528	0.02749980998181507
18.090452261306535	0.02997413583837255
18.49246231155779	0.030581384191313087
18.894472361809047	0.02910740269302111
19.296482412060303	0.025857988315760177
19.69849246231156	0.021083109666204004
20.100502512562816	0.01572396924141327
20.502512562814072	0.01052214548759075
20.90452261306533	0.007199249814452092
21.306532663316585	0.006890746274806349
21.70854271356784	0.009385508688025474
22.110552763819097	0.013318354110066585
22.512562814070353	0.01794040185025459
22.91457286432161	0.02282177928722132
23.316582914572866	0.02700402633165916
23.718592964824122	0.029804786944345286
24.12060301507538	0.0304778359007907
24.522613065326635	0.02891698717880149
24.92462311557789	0.025237356211747174
25.326633165829147	0.020608214663368464
25.728643216080403	0.016275871005367988
26.13065326633166	0.013679273284066174
26.532663316582916	0.013482039728636732
26.934673366834172	0.014225646215400355
27.33668341708543	0.015060594522321991
27.738693467336685	0.016616890412310382
28.14070351758794	0.019658515574228867
28.542713567839197	0.023840786393755704
28.944723618090453	0.02844641493952681
29.34673366834171	0.03207800454475939
29.748743718592966	0.03434834956701581
30.150753768844222	0.03450296495426233
30.55276381909548	0.032638696233127935
30.954773869346734	0.029659395994189874
31.35678391959799	0.02661392562574525
31.758793969849247	0.024971375809425735
32.16080402010051	0.02460053853147085
32.56281407035176	0.024747928303069423
32.96482412060302	0.02530428758083897
33.366834170854275	0.02624976226404676
33.76884422110553	0.028511799968184464
34.17085427135679	0.03237226270996424
34.572864321608044	0.03750900892160137
34.9748743718593	0.042369730661157894
35.37688442211056	0.045905946123141424
35.77889447236181	0.047566489808737
36.18090452261307	0.04730860710960343
36.582914572864325	0.04565583142616717
36.98492462311558	0.04366748126546003
37.38693467336684	0.041823811141527806
37.788944723618094	0.04063718610277227
38.19095477386935	0.040306756614141355
38.59296482412061	0.040386160185389416
38.99497487437186	0.04108385060315476
39.39698492462312	0.04319230536555897
39.798994974874375	0.047092811630397136
40.20100502512563	0.05226609456852516
40.60301507537689	0.05829739264266024
41.005025125628144	0.06399976657692744
41.4070351758794	0.06853701704127851
41.80904522613066	0.07160656804658776
42.21105527638191	0.0725380461683985
42.61306532663317	0.07133717078636358
43.015075376884425	0.06813318642699957
43.41708542713568	0.06318778460259741
43.81909547738694	0.05719567824684341
44.221105527638194	0.05155350396765611
44.62311557788945	0.04679722799417401
45.02512562814071	0.04356045053418721
45.42713567839196	0.042863301289630146
45.82914572864322	0.04520225209463066
46.231155778894475	0.05049564376524397
46.63316582914573	0.05784130538916234
47.03517587939699	0.06538497902447823
47.437185929648244	0.071451391925837
47.8391959798995	0.07463496306176766
48.24120603015076	0.07440674012791562
48.64321608040201	0.07058413817021889
49.04522613065327	0.06395590379678924
49.447236180904525	0.056253226871507155
49.84924623115578	0.04884044091023251
50.25125628140704	0.043045100726135495
50.653266331658294	0.03923457978770372
51.05527638190955	0.03749191999323111
51.45728643216081	0.03784522174143163
51.85929648241206	0.04060757447009209
52.26130653266332	0.0459795172881227
52.663316582914575	0.05284852111010744
53.06532663316583	0.059122514780073535
53.46733668341709	0.06382430823735966
53.869346733668344	0.0656141386229879
54.2713567839196	0.06377819843407516
54.67336683417086	0.05942930677554521
55.07537688442211	0.05346442415954507
55.47738693467337	0.04734952397443262
55.879396984924625	0.04288146486459626
56.28140703517588	0.040781036047236145
56.68341708542714	0.040311118383777614
57.085427135678394	0.04083393592178865
57.48743718592965	0.04246641086463172
57.88944723618091	0.04528783646062329
58.29145728643216	0.049077501908984064
58.69346733668342	0.05347571563548309
59.095477386934675	0.05754460713937396
59.49748743718593	0.06029855886082095
59.89949748743719	0.060999039055186735
60.301507537688444	0.05949908742572111
60.7035175879397	0.05632599918787264
61.10552763819096	0.05244715745891735
61.50753768844221	0.04911299691511058
61.90954773869347	0.0473706350620594
62.311557788944725	0.04713452204111342
62.71356783919598	0.04794554697567114
63.11557788944724	0.04869826755502756
63.517587939698494	0.04929005594766592
63.91959798994975	0.05016151523661484
64.32160804020101	0.05155260745538913
64.72361809045226	0.053822454274271805
65.12562814070353	0.0563675170153994
65.52763819095478	0.058208368790984476
65.92964824120604	0.05889165556192116
66.33165829145729	0.05777181899389751
66.73366834170855	0.05535417532905741
67.1356783919598	0.0522890836897771
67.53768844221106	0.04930579115085601
67.93969849246231	0.04699932752412034
68.34170854271358	0.04573237395101774
68.74371859296483	0.04475610959734257
69.14572864321609	0.04424610573728553
69.54773869346734	0.044491757293684424
69.9497487437186	0.04589850143483898
70.35175879396985	0.04895564124818615
70.75376884422111	0.05332033178130087
71.15577889447236	0.05787153273708416
71.55778894472363	0.06152785525793967
71.95979899497488	0.06329312534388754
72.36180904522614	0.0630277673416197
72.76381909547739	0.06048701850457248
73.16582914572865	0.05678611042002968
73.5678391959799	0.05274772602823846
73.96984924623116	0.049100985018899264
74.37185929648241	0.04666546129723047
74.77386934673368	0.04506575183612768
75.17587939698493	0.044370973308952164
75.57788944723619	0.044748836576165615
75.97989949748744	0.047242297384816195
76.3819095477387	0.05166466223930333
76.78391959798995	0.057538167519086705
77.18592964824121	0.06313024775852927
77.58793969849246	0.06686472136161804
77.98994974874373	0.06758734994126543
78.39195979899498	0.06537141966968385
78.79396984924624	0.06049336440190489
79.19597989949749	0.054379887999204624
79.59798994974875	0.048720550216267026
80.0	0.045215257693991276
