0.0	0.012169872151062331
0.4020100502512563	0.01127575415471333
0.8040201005025126	0.00859425030034054
1.206030150753769	0.004445303397141047
1.6080402010050252	0.00031383186555130975
2.0100502512562817	0.004614841343850816
2.412060301507538	0.008009085666745363
2.814070351758794	0.009669725413536182
3.2160804020100504	0.00920494452677845
3.6180904522613067	0.006909511154359503
4.020100502512563	0.0030253412427109776
4.42211055276382	0.0016642667096379762
4.824120603015076	0.006322469092672036
5.226130653266332	0.009891014640693757
5.628140703517588	0.011969622694153739
6.030150753768845	0.01215576635667907
6.432160804020101	0.010256589145286215
6.834170854271357	0.006663150840985764
7.236180904522613	0.0022352943711968195
7.63819095477387	0.0025439905565738815
8.040201005025127	0.006342267558338495
8.442211055276383	0.008622194006278009
8.84422110552764	0.009187118431709284
9.246231155778895	0.007658737738467621
9.648241206030152	0.004469441454509402
10.050251256281408	0.0021885569846841154
10.452261306532664	0.00537728175008923
10.85427135678392	0.009362208437214033
11.256281407035177	0.012276488565043275
11.658291457286433	0.013675061307296801
12.06030150753769	0.01378849857740615
12.462311557788945	0.012809471037431155
12.864321608040202	0.011921725622534334
13.266331658291458	0.01190359777817757
13.668341708542714	0.013361306794136043
14.07035175879397	0.015516579277044884
14.472361809045227	0.017550622012153044
14.874371859296483	0.018838049613938847
15.27638190954774	0.018903315341709023
15.678391959798995	0.017736727295922305
16.080402010050253	0.015296419798755446
16.48241206030151	0.012563797540799393
16.884422110552766	0.010185412910509353
17.286432160804022	0.009512812933699466
17.68844221105528	0.010108529133383639
18.090452261306535	0.010157847361154559
18.49246231155779	0.008616227406262975
18.894472361809047	0.005146295076636307
19.296482412060303	0.005356466289698275
19.69849246231156	0.012202576380256003
20.100502512562816	0.019675327165915874
20.502512562814072	0.026305700072675613
20.90452261306533	0.030300254906777034
21.306532663316585	0.03103261098601658
21.70854271356784	0.028240555781860927
22.110552763819097	0.022558585990480155
22.512562814070353	0.015126155330722294
22.91457286432161	0.007630476527830836
23.316582914572866	0.002126489073995112
23.718592964824122	0.003776813328986027
24.12060301507538	0.004409809003120638
24.522613065326635	0.0023751059262576988
24.92462311557789	0.004412822193612742
25.326633165829147	0.01148364135685149
25.728643216080403	0.019038306216358117
26.13065326633166	0.02562204993718232
26.532663316582916	0.03023755161658554
26.934673366834172	0.03191237533037213
27.33668341708543	0.030226824631032233
27.738693467336685	0.026053468309434124
28.14070351758794	0.020037929977268425
28.542713567839197	0.014491845892973726
28.944723618090453	0.013052946757024666
29.34673366834171	0.015847039592689908
29.748743718592966	0.01864162293512465
30.150753768844222	0.01917340025502693
30.55276381909548	0.017182005797471523
30.954773869346734	0.015473932996985112
31.35678391959799	0.018572011456662096
31.758793969849247	0.026520546578400788
32.16080402010051	0.03514570692965515
32.56281407035176	0.04148514782048324
32.96482412060302	0.04416286364677975
33.366834170854275	0.042630633366794464
33.76884422110553	0.037972892776068856
34.17085427135679	0.0316310379626811
34.572864321608044	0.026313200295814215
34.9748743718593	0.02454007614563262
35.37688442211056	0.025512157288758563
35.77889447236181	0.026597328854095537
36.18090452261307	0.026167783040393695
36.582914572864325	0.02557526759533458
36.98492462311558	0.027533792641670673
37.38693467336684	0.03315351912850961
37.788944723618094	0.04053445130524678
38.19095477386935	0.04705605877932269
38.59296482412061	0.050823623495810655
38.99497487437186	0.05092009450665298
39.39698492462312	0.04764171951264483
39.798994974874375	0.042299959217279866
40.20100502512563	0.037187374020579984
40.60301507537689	0.03470587507467024
41.005025125628144	0.034618268578251565
41.4070351758794	0.035173178118447765
41.80904522613066	0.034446451087952204
42.21105527638191	0.033708667384058276
42.61306532663317	0.0352114716402353
43.015075376884425	0.041004388454234535
43.41708542713568	0.04956826190669188
43.81909547738694	0.05801635241575448
44.221105527638194	0.06401615090761112
44.62311557788945	0.06670649612695327
45.02512562814071	0.06590687477047387
45.42713567839196	0.06268430723309132
45.82914572864322	0.0586247555485309
46.231155778894475	0.05490488818175302
46.63316582914573	0.05247111889046967
47.03517587939699	0.05092806729828249
47.437185929648244	0.05015634031671703
47.8391959798995	0.049572399560345426
48.24120603015076	0.049823944872120315
48.64321608040201	0.051815660817292074
49.04522613065327	0.055676622668333065
49.447236180904525	0.06077321963243112
49.84924623115578	0.0654696772802125
50.25125628140704	0.06840405487763171
50.653266331658294	0.06872719443808374
51.05527638190955	0.06657750725642159
51.45728643216081	0.06284929249874893
51.85929648241206	0.058653130397741636
52.26130653266332	0.05518487606206764
52.663316582914575	0.05333702952766006
53.06532663316583	0.05274459431777465
53.46733668341709	0.052897893788073115
53.869346733668344	0.05341200920283919
54.2713567839196	0.054316057953266605
54.67336683417086	0.05621879900715156
55.07537688442211	0.05914528655303782
55.47738693467337	0.0624021944332121
55.879396984924625	0.06480248958894548
56.28140703517588	0.06580187738397739
56.68341708542714	0.06463350680617935
57.085427135678394	0.061408998179549444
57.48743718592965	0.05673487723387669
57.88944723618091	0.051779352552925005
58.29145728643216	0.0480665218102959
58.69346733668342	0.04646815673769882
59.095477386934675	0.046664783728826015
59.49748743718593	0.04785251742701458
59.89949748743719	0.04944689240779586
60.301507537688444	0.051260578361781516
60.7035175879397	0.05347279788453244
61.10552763819096	0.05645365809801921
61.50753768844221	0.05967867600689264
61.90954773869347	0.062078233555480325
62.311557788944725	0.06314767333579953
62.71356783919598	0.06190415917152584
63.11557788944724	0.058538333304229154
63.517587939698494	0.053637742587843276
63.91959798994975	0.04853411859401265
64.32160804020101	0.04477945919696143
64.72361809045226	0.04364908411773481
65.12562814070353	0.04472012104062589
65.52763819095478	0.04714934331029931
65.92964824120604	0.04990747247546687
66.33165829145729	0.052392915465209036
66.73366834170855	0.054498181245618685
67.1356783919598	0.05682874963037695
67.53768844221106	0.05903308497865959
67.93969849246231	0.060904422991599504
68.34170854271358	0.06171182236440794
68.74371859296483	0.060576915984051516
69.14572864321609	0.057524338053100275
69.54773869346734	0.052927191144380346
69.9497487437186	0.04800447221016708
70.35175879396985	0.04456692220829759
70.75376884422111	0.0434592515167315
71.15577889447236	0.04486971403581307
71.55778894472363	0.04727135129745501
71.95979899497488	0.04951799241612524
72.36180904522614	0.05157317132205417
72.76381909547739	0.05343268892890266
73.16582914572865	0.05561197726563173
73.5678391959799	0.05845615076733368
73.96984924623116	0.060943292243033985
74.37185929648241	0.06251032385506507
74.77386934673368	0.06177607218132045
75.17587939698493	0.058886532845325676
75.57788944723619	0.054043751891617656
75.97989949748744	0.04875419468935875
76.3819095477387	0.04477630556910943
76.78391959798995	0.043128474544718264
77.18592964824121	0.04410802736868261
77.58793969849246	0.04630750934454198
77.98994974874373	0.049066047607502654
78.39195979899498	0.051945647379962524
78.79396984924624	0.05573608259280392
79.19597989949749	0.060196595139112095
79.59798994974875	0.06466193548150197
80.0	0.06782394204531321
