0.0	0.022141572181226664
0.4020100502512563	0.019751424945689936
0.8040201005025126	0.01503328145786629
1.206030150753769	0.009984950814024725
1.6080402010050252	0.009096974496596933
2.0100502512562817	0.01296587606949232
2.412060301507538	0.016678023241407523
2.814070351758794	0.01762200763879463
3.2160804020100504	0.015639143148766736
3.6180904522613067	0.010639704940438045
4.020100502512563	0.004259508721446659
4.42211055276382	0.005830397223319719
4.824120603015076	0.012844066891643528
5.226130653266332	0.018621434022831933
5.628140703517588	0.02164641097072947
6.030150753768845	0.02164100508569022
6.432160804020101	0.01927787793479677
6.834170854271357	0.016164673148627514
7.236180904522613	0.014863310528384069
7.63819095477387	0.016637335340399205
8.040201005025127	0.019185591603616145
8.442211055276383	0.020235990152011957
8.84422110552764	0.01883433476551883
9.246231155778895	0.014545939961755742
9.648241206030152	0.008674911038401213
10.050251256281408	0.006966622438830542
10.452261306532664	0.013080478563521594
10.85427135678392	0.02003085836231478
11.256281407035177	0.02531545810706485
11.658291457286433	0.028066494173079454
12.06030150753769	0.02815967951443337
12.462311557788945	0.02650515519452241
12.864321608040202	0.024829773161304625
13.266331658291458	0.024070901211526413
13.668341708542714	0.02489917852776893
14.07035175879397	0.025886490290841363
14.472361809045227	0.02555418362100311
14.874371859296483	0.02305190123133296
15.27638190954774	0.018815505841345948
15.678391959798995	0.014330426819167574
16.080402010050253	0.013600298570688868
16.48241206030151	0.01845474081956789
16.884422110552766	0.02531067206262528
17.286432160804022	0.03106972052859088
17.68844221105528	0.034525313122993735
18.090452261306535	0.035118318458269335
18.49246231155779	0.03382801961260691
18.894472361809047	0.03198439640287922
19.296482412060303	0.0311585464789645
19.69849246231156	0.031661036655880395
20.100502512562816	0.032629188384938584
20.502512562814072	0.03246023998898194
20.90452261306533	0.030350485797527478
21.306532663316585	0.026117414148598
21.70854271356784	0.021808910104256084
22.110552763819097	0.01999507169516808
22.512562814070353	0.022559122061248056
22.91457286432161	0.027101351408300646
23.316582914572866	0.03115428830452823
23.718592964824122	0.033022621752557886
24.12060301507538	0.03287378597431598
24.522613065326635	0.03142882797498571
24.92462311557789	0.03057517360522775
25.326633165829147	0.031106560504609682
25.728643216080403	0.033243288360227656
26.13065326633166	0.035299407831340175
26.532663316582916	0.035661614108803474
26.934673366834172	0.03373750691836701
27.33668341708543	0.030027289051055134
27.738693467336685	0.026426093861767714
28.14070351758794	0.025627780283588707
28.542713567839197	0.02842182242687884
28.944723618090453	0.03266093352616959
29.34673366834171	0.0358182859067091
29.748743718592966	0.036515757587432085
30.150753768844222	0.03496039525331339
30.55276381909548	0.033215951756579
30.954773869346734	0.03365064290367769
31.35678391959799	0.03705956572345541
31.758793969849247	0.04173808873713943
32.16080402010051	0.045214204536940125
32.56281407035176	0.04590667713705574
32.96482412060302	0.04339738729913955
33.366834170854275	0.03881353830979888
33.76884422110553	0.034505223766853145
34.17085427135679	0.0327977537050645
34.572864321608044	0.03439011838867165
34.9748743718593	0.03721285829758116
35.37688442211056	0.03925062521884144
35.77889447236181	0.03951993035848293
36.18090452261307	0.03935864561891582
36.582914572864325	0.04001234414471868
36.98492462311558	0.0428301982050081
37.38693467336684	0.04766111207847582
37.788944723618094	0.052646350280700006
38.19095477386935	0.05576221177966928
38.59296482412061	0.05625495090284425
38.99497487437186	0.05451215296451787
39.39698492462312	0.05141029349103636
39.798994974874375	0.04950331420768693
40.20100502512563	0.04973708573309427
40.60301507537689	0.052342895677350454
41.005025125628144	0.05547307412617064
41.4070351758794	0.05837110107660291
41.80904522613066	0.06040541706211115
42.21105527638191	0.06164765725195581
42.61306532663317	0.06261932954701828
43.015075376884425	0.06364866078919493
43.41708542713568	0.06416948341062702
43.81909547738694	0.06394122516098902
44.221105527638194	0.06223233605672639
44.62311557788945	0.05880105115350652
45.02512562814071	0.05416857525958124
45.42713567839196	0.04987815481352656
45.82914572864322	0.047728668810696234
46.231155778894475	0.04867242457371197
46.63316582914573	0.05256134091617855
47.03517587939699	0.057619631064299584
47.437185929648244	0.0620604971104937
47.8391959798995	0.06483965136769146
48.24120603015076	0.06590352164990533
48.64321608040201	0.06557607204809641
49.04522613065327	0.06463361685148196
49.447236180904525	0.06314873038918714
49.84924623115578	0.06090783047637501
50.25125628140704	0.05778883942490557
50.653266331658294	0.05363390943220061
51.05527638190955	0.049076060296199
51.45728643216081	0.045215731240048164
51.85929648241206	0.04373264557561587
52.26130653266332	0.04581364560741144
52.663316582914575	0.050596580865737185
53.06532663316583	0.05621379681790498
53.46733668341709	0.06092186482302061
53.869346733668344	0.06377866252277302
54.2713567839196	0.06436429499396411
54.67336683417086	0.06324373874637261
55.07537688442211	0.060884092274454224
55.47738693467337	0.05813015171818845
55.879396984924625	0.055218417084206564
56.28140703517588	0.05214763592157482
56.68341708542714	0.0485620995243997
57.085427135678394	0.045111863605611154
57.48743718592965	0.04267718627648492
57.88944723618091	0.042637388768948695
58.29145728643216	0.046068334270149267
58.69346733668342	0.05203238167328206
59.095477386934675	0.05830324345773489
59.49748743718593	0.06335119672102241
59.89949748743719	0.06576970301527736
60.301507537688444	0.06558590132525352
60.7035175879397	0.06282263603702239
61.10552763819096	0.05895336093383128
61.50753768844221	0.055348461461963816
61.90954773869347	0.052554557605668885
62.311557788944725	0.05049152062657819
62.71356783919598	0.048296698066735685
63.11557788944724	0.04599023621618857
63.517587939698494	0.044378283399288385
63.91959798994975	0.045124334296458554
64.32160804020101	0.048864804930999144
64.72361809045226	0.054859336030795194
65.12562814070353	0.06075284439209744
65.52763819095478	0.06437315109375222
65.92964824120604	0.06510837151206077
66.33165829145729	0.06299734158592
66.73366834170855	0.05862681395049437
67.1356783919598	0.053877115553263966
67.53768844221106	0.050290383135655994
67.93969849246231	0.04825730463464876
68.34170854271358	0.047488629291398785
68.74371859296483	0.046973524407833214
69.14572864321609	0.0463266857589786
69.54773869346734	0.04639283773254667
69.9497487437186	0.04796667651119023
70.35175879396985	0.05155823917391439
70.75376884422111	0.05644001568602804
71.15577889447236	0.061373823849768416
71.55778894472363	0.06471479702669171
71.95979899497488	0.0654571959389389
72.36180904522614	0.06372463353674594
72.76381909547739	0.060146269881943694
73.16582914572865	0.056358339687493486
73.5678391959799	0.053470975806465405
73.96984924623116	0.0521466724283884
74.37185929648241	0.051542431878000616
74.77386934673368	0.05065161400128473
75.17587939698493	0.04929339649604435
75.57788944723619	0.048367545712022605
75.97989949748744	0.04917475568437595
76.3819095477387	0.052629232697966044
76.78391959798995	0.05763847961246018
77.18592964824121	0.0620926584246996
77.58793969849246	0.06508335747408747
77.98994974874373	0.0655890701466067
78.39195979899498	0.06373137837025554
78.79396984924624	0.0605058557810873
79.19597989949749	0.05684400886580489
79.59798994974875	0.053640757953847595
80.0	0.050988944051865784
