0.0	0.015713824008489516
0.4020100502512563	0.014291294713713187
0.8040201005025126	0.010408568020406874
1.206030150753769	0.005109092796170582
1.6080402010050252	0.0033108515900529775
2.0100502512562817	0.008313640696627767
2.412060301507538	0.012370619332298811
2.814070351758794	0.01403703197722278
3.2160804020100504	0.013134787041830026
3.6180904522613067	0.00967807369838673
4.020100502512563	0.004200940305354886
4.42211055276382	0.002237355815727026
4.824120603015076	0.008252568290125682
5.226130653266332	0.013277048719365966
5.628140703517588	0.015957216080049092
6.030150753768845	0.016110571085353208
6.432160804020101	0.013435968280160032
6.834170854271357	0.009482086625768667
7.236180904522613	0.0059175934027539245
7.63819095477387	0.00715380150076346
8.040201005025127	0.010877111844482182
8.442211055276383	0.013246891181967998
8.84422110552764	0.013246417538131022
9.246231155778895	0.010675825576896256
9.648241206030152	0.00607815273448081
10.050251256281408	0.004492797183810276
10.452261306532664	0.010147525769897503
10.85427135678392	0.016403208772072287
11.256281407035177	0.021124249979059883
11.658291457286433	0.02343517191895189
12.06030150753769	0.023273383046896686
12.462311557788945	0.021238642639638625
12.864321608040202	0.01775766152270562
13.266331658291458	0.01473219551415814
13.668341708542714	0.013005535560354758
14.07035175879397	0.012704553973761825
14.472361809045227	0.012818423187261544
14.874371859296483	0.012928114213494343
15.27638190954774	0.013868705297521253
15.678391959798995	0.017158821287984703
16.080402010050253	0.022346134418881558
16.48241206030151	0.028372976629276913
16.884422110552766	0.03349675369980072
17.286432160804022	0.037072277376593396
17.68844221105528	0.037835765768769555
18.090452261306535	0.035856154366578935
18.49246231155779	0.03175411534475299
18.894472361809047	0.02616773085325328
19.296482412060303	0.02009046984943716
19.69849246231156	0.015166382278244902
20.100502512562816	0.012085723863818275
20.502512562814072	0.011710003980753619
20.90452261306533	0.014431894762859252
21.306532663316585	0.01982065765000065
21.70854271356784	0.027192804962471444
22.110552763819097	0.03533641791654674
22.512562814070353	0.042958569137379214
22.91457286432161	0.04875014069739801
23.316582914572866	0.051985021671872286
23.718592964824122	0.052139246380240756
24.12060301507538	0.04961273835299491
24.522613065326635	0.04495650255818182
24.92462311557789	0.03917767481756455
25.326633165829147	0.033752446418916615
25.728643216080403	0.029687900052439077
26.13065326633166	0.02784765476903362
26.532663316582916	0.02890365702244031
26.934673366834172	0.03265232429821216
27.33668341708543	0.03906263391713408
27.738693467336685	0.04705313585875416
28.14070351758794	0.05572902699569996
28.542713567839197	0.06365148162457217
28.944723618090453	0.07003849067138793
29.34673366834171	0.073399110499443
29.748743718592966	0.07409449091461022
30.150753768844222	0.07220600340407818
30.55276381909548	0.06756870006825023
30.954773869346734	0.06162579777823115
31.35678391959799	0.05554839994457524
31.758793969849247	0.04992343794442726
32.16080402010051	0.045528732987452095
32.56281407035176	0.04335004793753091
32.96482412060302	0.04346246626991336
33.366834170854275	0.045739210185664084
33.76884422110553	0.050096727548533546
34.17085427135679	0.05580377131313835
34.572864321608044	0.06226651321899829
34.9748743718593	0.06824734385215367
35.37688442211056	0.07245586165092777
35.77889447236181	0.07427605110721666
36.18090452261307	0.07313899846937408
36.582914572864325	0.06904279240055752
36.98492462311558	0.06317585271271722
37.38693467336684	0.05638705612490306
37.788944723618094	0.05012467673368588
38.19095477386935	0.04541650959744052
38.59296482412061	0.042963601789662145
38.99497487437186	0.043042901903235585
39.39698492462312	0.045057507832646795
39.798994974874375	0.048572615947733024
40.20100502512563	0.05343669503121139
40.60301507537689	0.05866161170934643
41.005025125628144	0.06331370818466006
41.4070351758794	0.06625404763102555
41.80904522613066	0.06693950775338198
42.21105527638191	0.06557037138343538
42.61306532663317	0.06251090024062433
43.015075376884425	0.05869746297684485
43.41708542713568	0.05494168955698857
43.81909547738694	0.05220051736977973
44.221105527638194	0.05072237422395409
44.62311557788945	0.05039941976361856
45.02512562814071	0.05116576323393633
45.42713567839196	0.0524712368845787
45.82914572864322	0.05421733558479589
46.231155778894475	0.05593583985870519
46.63316582914573	0.05788030648047697
47.03517587939699	0.05961218662484373
47.437185929648244	0.061013187086717005
47.8391959798995	0.0616873554471443
48.24120603015076	0.061860697754454706
48.64321608040201	0.061578113038135464
49.04522613065327	0.060902036433139906
49.447236180904525	0.060144779981167004
49.84924623115578	0.05938252665285794
50.25125628140704	0.058462006590297155
50.653266331658294	0.057272905676895344
51.05527638190955	0.05595632795012734
51.45728643216081	0.05418136241135535
51.85929648241206	0.052358958246804324
52.26130653266332	0.05108687880723972
52.663316582914575	0.051019413571062655
53.06532663316583	0.05245779963099802
53.46733668341709	0.05468873364421656
53.869346733668344	0.05731928576066412
54.2713567839196	0.05948569475101958
54.67336683417086	0.06091203218558825
55.07537688442211	0.06150649837526083
55.47738693467337	0.0615532979859593
55.879396984924625	0.06099886171524223
56.28140703517588	0.06001500870706146
56.68341708542714	0.058380214094987004
57.085427135678394	0.055791066228049024
57.48743718592965	0.052742687194953154
57.88944723618091	0.04958613751182413
58.29145728643216	0.047453678211813316
58.69346733668342	0.04688919919966253
59.095477386934675	0.04824384657682864
59.49748743718593	0.05113090250222976
59.89949748743719	0.05439522556086214
60.301507537688444	0.057486759327371996
60.7035175879397	0.059971394877923134
61.10552763819096	0.061858796387618806
61.50753768844221	0.06276130110979554
61.90954773869347	0.06279818594736218
62.311557788944725	0.06180440576377653
62.71356783919598	0.059973866764409633
63.11557788944724	0.056918231381192105
63.517587939698494	0.0533164501043966
63.91959798994975	0.04966235808353489
64.32160804020101	0.04686522739407809
64.72361809045226	0.045994522803016226
65.12562814070353	0.04723347247222394
65.52763819095478	0.050065950334555645
65.92964824120604	0.053439311881148754
66.33165829145729	0.05666005832309066
66.73366834170855	0.05925478136073732
67.1356783919598	0.061105311960754916
67.53768844221106	0.06219838450733546
67.93969849246231	0.06267036065237733
68.34170854271358	0.06236674369806365
68.74371859296483	0.061034699862856645
69.14572864321609	0.05833234162169345
69.54773869346734	0.05457961775776647
69.9497487437186	0.05040337335947057
70.35175879396985	0.046992477200635714
70.75376884422111	0.045305947369606275
71.15577889447236	0.04556304807221003
71.55778894472363	0.04723779320154108
71.95979899497488	0.04944368876751121
72.36180904522614	0.0515322275958516
72.76381909547739	0.05324638501141765
73.16582914572865	0.05543026191120589
73.5678391959799	0.05789941849183041
73.96984924623116	0.06042785231926058
74.37185929648241	0.062108013010891874
74.77386934673368	0.06244103598835989
75.17587939698493	0.06083000134707549
75.57788944723619	0.0576152512852696
75.97989949748744	0.0531037895227073
76.3819095477387	0.04843013836372551
76.78391959798995	0.04483587634897066
77.18592964824121	0.042876363095627555
77.58793969849246	0.04281845857207398
77.98994974874373	0.043990690290145636
78.39195979899498	0.04640200541730997
78.79396984924624	0.04927911163955646
79.19597989949749	0.0529327005862958
79.59798994974875	0.0565205275504448
80.0	0.06017932866459498
