0.0	0.00826852443108807
0.4020100502512563	0.009644724103602193
0.8040201005025126	0.009695329988950065
1.206030150753769	0.008391549133999136
1.6080402010050252	0.005931316294182568
2.0100502512562817	0.003556966082823629
2.412060301507538	0.003089676110381879
2.814070351758794	0.004295451692899283
3.2160804020100504	0.005268668860889506
3.6180904522613067	0.004820771057332262
4.020100502512563	0.0031530886251811842
4.42211055276382	0.0002710566043311592
4.824120603015076	0.0034215806232307648
5.226130653266332	0.00712734525493251
5.628140703517588	0.010561043107893225
6.030150753768845	0.012815787118386893
6.432160804020101	0.0137884630795574
6.834170854271357	0.013682472049207741
7.236180904522613	0.01238333887668061
7.63819095477387	0.01064124320956514
8.040201005025127	0.008798101749153242
8.442211055276383	0.007388855863745972
8.84422110552764	0.006725545543948962
9.246231155778895	0.006463723231858132
9.648241206030152	0.007184173506901556
10.050251256281408	0.008967962818509147
10.452261306532664	0.012140223675470454
10.85427135678392	0.01610030922959563
11.256281407035177	0.020132457506964706
11.658291457286433	0.023965530724248826
12.06030150753769	0.02688539614444509
12.462311557788945	0.028825725770162108
12.864321608040202	0.029466502351204866
13.266331658291458	0.028912414927631847
13.668341708542714	0.02738911504221425
14.07035175879397	0.02518707013547255
14.472361809045227	0.02269239183562858
14.874371859296483	0.020187529176912068
15.27638190954774	0.017832269952594362
15.678391959798995	0.015909568642134025
16.080402010050253	0.01489281927228516
16.48241206030151	0.015205660185802036
16.884422110552766	0.017136763717221233
17.286432160804022	0.020223620414469918
17.68844221105528	0.024003924588894616
18.090452261306535	0.027570846618046523
18.49246231155779	0.030161541935361004
18.894472361809047	0.03183489764998925
19.296482412060303	0.032103045624695146
19.69849246231156	0.03120585439485894
20.100502512562816	0.029480380185201705
20.502512562814072	0.027445363880764108
20.90452261306533	0.025414346095761507
21.306532663316585	0.02367834890697188
21.70854271356784	0.022004078014668284
22.110552763819097	0.020868735089831766
22.512562814070353	0.020095070896021423
22.91457286432161	0.020081970178074067
23.316582914572866	0.020797459078503784
23.718592964824122	0.022387086531604684
24.12060301507538	0.023753325071455937
24.522613065326635	0.02463230414676277
24.92462311557789	0.02475357316566505
25.326633165829147	0.024279075409481606
25.728643216080403	0.023835044242609744
26.13065326633166	0.02411155256212528
26.532663316582916	0.02504962608522371
26.934673366834172	0.02629642129791491
27.33668341708543	0.027171160818298262
27.738693467336685	0.027249849143251192
28.14070351758794	0.02620676400398465
28.542713567839197	0.02437488987720008
28.944723618090453	0.022286042915367184
29.34673366834171	0.02099991995417871
29.748743718592966	0.020970296703247935
30.150753768844222	0.02272802212160201
30.55276381909548	0.025277231478388822
30.954773869346734	0.028248032101768832
31.35678391959799	0.031195347107637928
31.758793969849247	0.03400189422666449
32.16080402010051	0.03646947688699483
32.56281407035176	0.0386716804728336
32.96482412060302	0.04069369794506089
33.366834170854275	0.041762256061322396
33.76884422110553	0.04193248540385937
34.17085427135679	0.04099587905514927
34.572864321608044	0.038828863127516364
34.9748743718593	0.03618752100228665
35.37688442211056	0.033695295255250786
35.77889447236181	0.03228761083617811
36.18090452261307	0.03209160243291477
36.582914572864325	0.03340489960010287
36.98492462311558	0.035215126873476894
37.38693467336684	0.037467910669017106
37.788944723618094	0.04002366935468967
38.19095477386935	0.04295685546114929
38.59296482412061	0.04611754966868009
38.99497487437186	0.04893818772572195
39.39698492462312	0.0508363793543896
39.798994974874375	0.05134920816203888
40.20100502512563	0.0505458802613468
40.60301507537689	0.04894851790037215
41.005025125628144	0.0477847663274405
41.4070351758794	0.047837119972632694
41.80904522613066	0.04887128227994293
42.21105527638191	0.05084603108167103
42.61306532663317	0.052774026925000606
43.015075376884425	0.05477749283875375
43.41708542713568	0.056708179869607155
43.81909547738694	0.058885053702985135
44.221105527638194	0.061469222121252595
44.62311557788945	0.0640187184314954
45.02512562814071	0.06580021213744172
45.42713567839196	0.06663581507371408
45.82914572864322	0.06604582216675454
46.231155778894475	0.06437596435798229
46.63316582914573	0.06152334285180665
47.03517587939699	0.05813511325224783
47.437185929648244	0.054509254633972035
47.8391959798995	0.051099236935526815
48.24120603015076	0.048605629851074784
48.64321608040201	0.047186982839259484
49.04522613065327	0.047392628966224995
49.447236180904525	0.04969324744246624
49.84924623115578	0.0534026758645272
50.25125628140704	0.05782773861823186
50.653266331658294	0.06239754847963376
51.05527638190955	0.06622283391393044
51.45728643216081	0.06847594084602926
51.85929648241206	0.06855667791572825
52.26130653266332	0.06633996915611781
52.663316582914575	0.06241723128337012
53.06532663316583	0.05717894345827673
53.46733668341709	0.051452654341689684
53.869346733668344	0.04629261258648273
54.2713567839196	0.04242904290676271
54.67336683417086	0.04082192028238907
55.07537688442211	0.04134302954812138
55.47738693467337	0.04400630160251483
55.879396984924625	0.04814206728542854
56.28140703517588	0.05330503830699492
56.68341708542714	0.05829961156993434
57.085427135678394	0.06213366330018992
57.48743718592965	0.06435489499066352
57.88944723618091	0.0647087682799958
58.29145728643216	0.06285305060773383
58.69346733668342	0.05923195316268496
59.095477386934675	0.0545004816300532
59.49748743718593	0.049158711440291505
59.89949748743719	0.04460515733960714
60.301507537688444	0.04150976103710079
60.7035175879397	0.04025423761386479
61.10552763819096	0.04110530800740268
61.50753768844221	0.04386193665610459
61.90954773869347	0.048078515531344776
62.311557788944725	0.052962893263293245
62.71356783919598	0.05786724673745834
63.11557788944724	0.06221042437483108
63.517587939698494	0.06497507278056444
63.91959798994975	0.06538966131344495
64.32160804020101	0.0637319155106714
64.72361809045226	0.06019537941912524
65.12562814070353	0.05482406478247509
65.52763819095478	0.04923118378392104
65.92964824120604	0.044447207143352756
66.33165829145729	0.04121766134075475
66.73366834170855	0.04053980175427997
67.1356783919598	0.04223308406239415
67.53768844221106	0.04594899144134574
67.93969849246231	0.05068386654320254
68.34170854271358	0.055846037552909865
68.74371859296483	0.060460539815640056
69.14572864321609	0.06368362829903801
69.54773869346734	0.06482140973784732
69.9497487437186	0.0638849118309254
70.35175879396985	0.06088302500601027
70.75376884422111	0.05631422746749618
71.15577889447236	0.05124780945875436
71.55778894472363	0.04633970802947336
71.95979899497488	0.04255854997786243
72.36180904522614	0.04079579289896365
72.76381909547739	0.041305441186536784
73.16582914572865	0.044073408253545984
73.5678391959799	0.04811097106457663
73.96984924623116	0.052974315680538744
74.37185929648241	0.057687345964991865
74.77386934673368	0.06135498571796562
75.17587939698493	0.06307802453052233
75.57788944723619	0.06294544870237692
75.97989949748744	0.06102170317563801
76.3819095477387	0.05755554687397276
76.78391959798995	0.05344229943528086
77.18592964824121	0.04943406325730707
77.58793969849246	0.046243144992508964
77.98994974874373	0.04439274544413797
78.39195979899498	0.0440197888893363
78.79396984924624	0.04548203683976605
79.19597989949749	0.04825698353455674
79.59798994974875	0.05201182610334809
80.0	0.0561466418457867
