0.0	0.013638375120896561
0.4020100502512563	0.013570139495271102
0.8040201005025126	0.011262723826851066
1.206030150753769	0.007237644702257816
1.6080402010050252	0.0023271038754786736
2.0100502512562817	0.0033337694661544777
2.412060301507538	0.007413678033258858
2.814070351758794	0.009722102782170682
3.2160804020100504	0.009940249952459165
3.6180904522613067	0.007839534658601762
4.020100502512563	0.003955357162408634
4.42211055276382	0.0012509050434015773
4.824120603015076	0.006790952538923358
5.226130653266332	0.011409681584787206
5.628140703517588	0.014534431081830968
6.030150753768845	0.015732805259697277
6.432160804020101	0.01448330941997883
6.834170854271357	0.011397489607284476
7.236180904522613	0.00720860127758235
7.63819095477387	0.003281968020759275
8.040201005025127	0.0038392998606275623
8.442211055276383	0.006222626654841292
8.84422110552764	0.006909256776933567
9.246231155778895	0.0056654167580172665
9.648241206030152	0.002708374857347839
10.050251256281408	0.004325985064569948
10.452261306532664	0.009741184866099942
10.85427135678392	0.01544652653295409
11.256281407035177	0.01997931601916583
11.658291457286433	0.02284162700279113
12.06030150753769	0.023531966347041577
12.462311557788945	0.022067445181896
12.864321608040202	0.019321083361851243
13.266331658291458	0.015431467066649676
13.668341708542714	0.011896870205425437
14.07035175879397	0.009412015190173841
14.472361809045227	0.008318902926518858
14.874371859296483	0.009015011993633016
15.27638190954774	0.011725099883255418
15.678391959798995	0.016544352661068216
16.080402010050253	0.02246625373054987
16.48241206030151	0.029119714970271722
16.884422110552766	0.03500364238864653
17.286432160804022	0.03958876845331342
17.68844221105528	0.04220235545297305
18.090452261306535	0.04248509300660615
18.49246231155779	0.04091858563982194
18.894472361809047	0.03815837736389084
19.296482412060303	0.0353530320895111
19.69849246231156	0.03360222367491623
20.100502512562816	0.03367601854679414
20.502512562814072	0.03577949819041991
20.90452261306533	0.03962260819943947
21.306532663316585	0.044676164784950276
21.70854271356784	0.05028174146657484
22.110552763819097	0.05520107873378739
22.512562814070353	0.05891817940883374
22.91457286432161	0.06109966699167727
23.316582914572866	0.06144704044012126
23.718592964824122	0.06023358970040223
24.12060301507538	0.0579117700071128
24.522613065326635	0.055548295378695656
24.92462311557789	0.05311187045913862
25.326633165829147	0.05179917381964462
25.728643216080403	0.051793860171997
26.13065326633166	0.054092440536048544
26.532663316582916	0.05753836922127662
26.934673366834172	0.06207747715262407
27.33668341708543	0.0665507764412261
27.738693467336685	0.0703607381687843
28.14070351758794	0.07277252954523639
28.542713567839197	0.07344430213441941
28.944723618090453	0.07238840034268391
29.34673366834171	0.06979016547562211
29.748743718592966	0.06596593552262187
30.150753768844222	0.061619386545013186
30.55276381909548	0.05763964765372396
30.954773869346734	0.05454765565818159
31.35678391959799	0.05296921867555147
31.758793969849247	0.05325031192198426
32.16080402010051	0.05518895881888258
32.56281407035176	0.05860901005905581
32.96482412060302	0.0622328597819279
33.366834170854275	0.0655254365952536
33.76884422110553	0.06754493561391203
34.17085427135679	0.06779728627761936
34.572864321608044	0.06642132565234457
34.9748743718593	0.06332241342475156
35.37688442211056	0.05917324165189347
35.77889447236181	0.05471953769753489
36.18090452261307	0.05050980299673293
36.582914572864325	0.047222750195060795
36.98492462311558	0.04526389019956792
37.38693467336684	0.04500033863738046
37.788944723618094	0.04630717340728258
38.19095477386935	0.04893344543110036
38.59296482412061	0.052474137005109035
38.99497487437186	0.055957081216547876
39.39698492462312	0.058734870102013836
39.798994974874375	0.06036044949141576
40.20100502512563	0.06069931478451444
40.60301507537689	0.05965217061231966
41.005025125628144	0.057183124721523135
41.4070351758794	0.05382682680617812
41.80904522613066	0.04994430327314653
42.21105527638191	0.046108816259459985
42.61306532663317	0.04300387665908591
43.015075376884425	0.04107756487870491
43.41708542713568	0.04078199655403089
43.81909547738694	0.04209236324241149
44.221105527638194	0.04478025952403306
44.62311557788945	0.04846800863123385
45.02512562814071	0.05244732497200257
45.42713567839196	0.05583868624434278
45.82914572864322	0.05822499488372165
46.231155778894475	0.058998388133793
46.63316582914573	0.058161181609640844
47.03517587939699	0.05605716185093875
47.437185929648244	0.05294678975037827
47.8391959798995	0.049067484069670445
48.24120603015076	0.045581652522479
48.64321608040201	0.04267163250145631
49.04522613065327	0.04133833102667728
49.447236180904525	0.0417285852474614
49.84924623115578	0.04379720760916607
50.25125628140704	0.0474361417334342
50.653266331658294	0.051719046937340155
51.05527638190955	0.05610629845628452
51.45728643216081	0.05979065964476678
51.85929648241206	0.06241007647304753
52.26130653266332	0.06335781346371311
52.663316582914575	0.062336369636418865
53.06532663316583	0.05959110623845219
53.46733668341709	0.055712656556157335
53.869346733668344	0.05127550140238962
54.2713567839196	0.047348845508589706
54.67336683417086	0.044779319370307644
55.07537688442211	0.043957735290951115
55.47738693467337	0.04512720435119726
55.879396984924625	0.0481632226815205
56.28140703517588	0.05247973132288365
56.68341708542714	0.05746469230264595
57.085427135678394	0.0621605780028706
57.48743718592965	0.06604061999551476
57.88944723618091	0.06829141965294457
58.29145728643216	0.06872792864642989
58.69346733668342	0.06724811610687495
59.095477386934675	0.0641116634096505
59.49748743718593	0.059878187029170395
59.89949748743719	0.055410901886138134
60.301507537688444	0.05158438762965902
60.7035175879397	0.04927576197802515
61.10552763819096	0.04909545880590284
61.50753768844221	0.05070524828417168
61.90954773869347	0.05413434917812886
62.311557788944725	0.058613877287896334
62.71356783919598	0.06329002199232306
63.11557788944724	0.0673844949454375
63.517587939698494	0.07024657479157186
63.91959798994975	0.07098354155961681
64.32160804020101	0.06988805278317009
64.72361809045226	0.06724065608029162
65.12562814070353	0.06314652387293362
65.52763819095478	0.058540811695372355
65.92964824120604	0.05400885876107855
66.33165829145729	0.05062920934734216
66.73366834170855	0.04895514427072233
67.1356783919598	0.04924493327637093
67.53768844221106	0.05151975669632791
67.93969849246231	0.05527025917925178
68.34170854271358	0.05957895965757955
68.74371859296483	0.06381451248396673
69.14572864321609	0.06701465580120312
69.54773869346734	0.06877894636497431
69.9497487437186	0.06870183000302259
70.35175879396985	0.06659298842634492
70.75376884422111	0.0626181072132478
71.15577889447236	0.05795475296132957
71.55778894472363	0.05297576810071203
71.95979899497488	0.048911291994348564
72.36180904522614	0.04634517102517386
72.76381909547739	0.045789190378002206
73.16582914572865	0.0472742263895742
73.5678391959799	0.05030761110768976
73.96984924623116	0.054548388070370546
74.37185929648241	0.05867696272777965
74.77386934673368	0.0623687402717978
75.17587939698493	0.06474088901762581
75.57788944723619	0.06550729741061304
75.97989949748744	0.064405595209883
76.3819095477387	0.06172344142546955
76.78391959798995	0.05784353593195912
77.18592964824121	0.053414128504940074
77.58793969849246	0.04935593283257379
77.98994974874373	0.04613806815054526
78.39195979899498	0.04482476328567548
78.79396984924624	0.04553423696212881
79.19597989949749	0.04802799963646672
79.59798994974875	0.052052779561654626
80.0	0.05659313340972903
