0.0	0.009796488675703159
0.4020100502512563	0.00895164286500365
0.8040201005025126	0.006723065582035297
1.206030150753769	0.003719480874423871
1.6080402010050252	0.0018227660826627573
2.0100502512562817	0.004294344990475137
2.412060301507538	0.00653444360683513
2.814070351758794	0.007541705287852672
3.2160804020100504	0.006964961939725995
3.6180904522613067	0.0049438320852405225
4.020100502512563	0.001724778010758669
4.42211055276382	0.002376220375524843
4.824120603015076	0.005860155019650948
5.226130653266332	0.008756416966585134
5.628140703517588	0.010181983504091172
6.030150753768845	0.010199997234884245
6.432160804020101	0.008642308048869705
6.834170854271357	0.006018398505305379
7.236180904522613	0.003915553581950299
7.63819095477387	0.004059877779707677
8.040201005025127	0.005989840237444311
8.442211055276383	0.007266068115289086
8.84422110552764	0.007287214786058637
9.246231155778895	0.0061505632235275744
9.648241206030152	0.0046159070324250945
10.050251256281408	0.004755937158339691
10.452261306532664	0.006926594360385502
10.85427135678392	0.009512153415895596
11.256281407035177	0.011261112635089162
11.658291457286433	0.011725156763094189
12.06030150753769	0.010974773260880269
12.462311557788945	0.010027884399377855
12.864321608040202	0.010444829208844798
13.266331658291458	0.012809969158303968
13.668341708542714	0.016380349341741686
14.07035175879397	0.019932306528087022
14.472361809045227	0.022013165470449524
14.874371859296483	0.022279239842831963
15.27638190954774	0.02046764583508719
15.678391959798995	0.017099797508368462
16.080402010050253	0.013155181418847642
16.48241206030151	0.010902850573812396
16.884422110552766	0.012196276893848446
17.286432160804022	0.015047490326271687
17.68844221105528	0.017247361631820925
18.090452261306535	0.01786867653962818
18.49246231155779	0.017034912843466764
18.894472361809047	0.016025370389578127
19.296482412060303	0.016785601241701684
19.69849246231156	0.020011947439416807
20.100502512562816	0.02398526099433517
20.502512562814072	0.027172274913431875
20.90452261306533	0.02815162538730186
21.306532663316585	0.026674100977541575
21.70854271356784	0.023350647033383475
22.110552763819097	0.019473935931763702
22.512562814070353	0.01698352607379571
22.91457286432161	0.017101643141932247
23.316582914572866	0.01864672890348811
23.718592964824122	0.020078390397966474
24.12060301507538	0.02043233820367174
24.522613065326635	0.020108062839046904
24.92462311557789	0.02035531106246212
25.326633165829147	0.02200537233140952
25.728643216080403	0.024531059818167427
26.13065326633166	0.026687462683388834
26.532663316582916	0.02701996580972705
26.934673366834172	0.025005981364149478
27.33668341708543	0.021666089700757892
27.738693467336685	0.018272208642405214
28.14070351758794	0.01678441667073124
28.542713567839197	0.018074324024129222
28.944723618090453	0.020710532518216314
29.34673366834171	0.023130189351676576
29.748743718592966	0.02417815427868692
30.150753768844222	0.024095693002273034
30.55276381909548	0.024093179774954197
30.954773869346734	0.024935629105904238
31.35678391959799	0.027435602700428847
31.758793969849247	0.030365961160461457
32.16080402010051	0.03247052224541986
32.56281407035176	0.03300169251760022
32.96482412060302	0.03161035362161755
33.366834170854275	0.02873769075236061
33.76884422110553	0.025218645007784916
34.17085427135679	0.02313629749459323
34.572864321608044	0.022560484104294364
34.9748743718593	0.023158790277684006
35.37688442211056	0.02392125196073018
35.77889447236181	0.02471376863384043
36.18090452261307	0.0256391045069058
36.582914572864325	0.027376858979295614
36.98492462311558	0.030124256501385664
37.38693467336684	0.03313144308511765
37.788944723618094	0.03571961572265917
38.19095477386935	0.0370085291622634
38.59296482412061	0.03700723105897169
38.99497487437186	0.03575028432248868
39.39698492462312	0.03397923253097489
39.798994974874375	0.03219775416906476
40.20100502512563	0.031309375237905814
40.60301507537689	0.030799222378579717
41.005025125628144	0.031028214704572794
41.4070351758794	0.03174329110065269
41.80904522613066	0.03340596036189471
42.21105527638191	0.036537327443630994
42.61306532663317	0.04135035390549327
43.015075376884425	0.04670533142443736
43.41708542713568	0.0518586778870081
43.81909547738694	0.05567681544730006
44.221105527638194	0.05769831692942966
44.62311557788945	0.05813004024781092
45.02512562814071	0.057022448739215414
45.42713567839196	0.055255790589565854
45.82914572864322	0.05297064325523382
46.231155778894475	0.05108105164764278
46.63316582914573	0.05016908525239231
47.03517587939699	0.05096389563172955
47.437185929648244	0.05318274410176799
47.8391959798995	0.05693677372848453
48.24120603015076	0.061695189660447666
48.64321608040201	0.06669641044715419
49.04522613065327	0.07078033464909851
49.447236180904525	0.07326000534638531
49.84924623115578	0.07338503928618781
50.25125628140704	0.07074549680583384
50.653266331658294	0.06573472148487841
51.05527638190955	0.05969271941818678
51.45728643216081	0.05377238110887981
51.85929648241206	0.049787203572329124
52.26130653266332	0.04823625366841138
52.663316582914575	0.048926984062679375
53.06532663316583	0.0520579464097903
53.46733668341709	0.05688092088429817
53.869346733668344	0.06214887659682163
54.2713567839196	0.06649597002950298
54.67336683417086	0.06923119778166736
55.07537688442211	0.06964114805577173
55.47738693467337	0.06746444555240158
55.879396984924625	0.0632492734372042
56.28140703517588	0.057631930696842325
56.68341708542714	0.05143403428516415
57.085427135678394	0.04532090457180402
57.48743718592965	0.040119303536309506
57.88944723618091	0.03622410720990118
58.29145728643216	0.03416668653123568
58.69346733668342	0.03447502108551977
59.095477386934675	0.03702054824761457
59.49748743718593	0.04123847070162543
59.89949748743719	0.046168143252085916
60.301507537688444	0.05094235592841356
60.7035175879397	0.05457289949320835
61.10552763819096	0.05642573248244641
61.50753768844221	0.056669512358455146
61.90954773869347	0.054846789107979466
62.311557788944725	0.05157371825229985
62.71356783919598	0.04709120991079631
63.11557788944724	0.042161909221323374
63.517587939698494	0.037006591853725235
63.91959798994975	0.032411774925858935
64.32160804020101	0.028973434377837986
64.72361809045226	0.02780498707991983
65.12562814070353	0.029490134839672742
65.52763819095478	0.03358035130247797
65.92964824120604	0.0389036461290463
66.33165829145729	0.04480186454063102
66.73366834170855	0.0500902627919639
67.1356783919598	0.054143439393117686
67.53768844221106	0.05626238653376527
67.93969849246231	0.05655226745090103
68.34170854271358	0.054518414068539786
68.74371859296483	0.05088968101813729
69.14572864321609	0.04582696865959049
69.54773869346734	0.04020611017576698
69.9497487437186	0.0349322680302037
70.35175879396985	0.03081781938949622
70.75376884422111	0.029277520066109793
71.15577889447236	0.03073163858812602
71.55778894472363	0.03495171880022221
71.95979899497488	0.04128521266116812
72.36180904522614	0.047808601955933575
72.76381909547739	0.05380563773664306
73.16582914572865	0.05818495268345375
73.5678391959799	0.06001724512292156
73.96984924623116	0.05933366354498226
74.37185929648241	0.055945535364420894
74.77386934673368	0.05094981946622763
75.17587939698493	0.0453049786966343
75.57788944723619	0.03987277016950973
75.97989949748744	0.03525548164569752
76.3819095477387	0.03224690027385008
76.78391959798995	0.03153994193737199
77.18592964824121	0.034288119813196474
77.58793969849246	0.040058772697915454
77.98994974874373	0.04764723606857941
78.39195979899498	0.05479092611827365
78.79396984924624	0.060327465273652715
79.19597989949749	0.06314209788685651
79.59798994974875	0.06342812505923452
80.0	0.06157159336645396
