0.0	0.006118595632114879
0.4020100502512563	0.006229297407208625
0.8040201005025126	0.005461017620874195
1.206030150753769	0.003973601039307734
1.6080402010050252	0.0025809996059284667
2.0100502512562817	0.0027644500293043306
2.412060301507538	0.003692732685908363
2.814070351758794	0.004672957031087009
3.2160804020100504	0.004535244681743444
3.6180904522613067	0.003592920550688332
4.020100502512563	0.0017998958351529092
4.42211055276382	0.0012580956057316173
4.824120603015076	0.0038017033657704764
5.226130653266332	0.006024848374963943
5.628140703517588	0.007901101068936416
6.030150753768845	0.008820976836345496
6.432160804020101	0.008653889156361944
6.834170854271357	0.007647696146477531
7.236180904522613	0.006349592203028309
7.63819095477387	0.004962686259720942
8.040201005025127	0.00427571382705822
8.442211055276383	0.003894312627454457
8.84422110552764	0.0034059125384497562
9.246231155778895	0.0025722710178164563
9.648241206030152	0.0023503513149743627
10.050251256281408	0.004072839570639363
10.452261306532664	0.006751423196958836
10.85427135678392	0.009493947726226483
11.256281407035177	0.011687252673881869
11.658291457286433	0.013317302626202746
12.06030150753769	0.01399359604426328
12.462311557788945	0.013817090732996187
12.864321608040202	0.012972190006118139
13.266331658291458	0.011489093696674498
13.668341708542714	0.009802011892139358
14.07035175879397	0.00794154141317316
14.472361809045227	0.0063136972983589236
14.874371859296483	0.0048330691135322155
15.27638190954774	0.0042374499021072
15.678391959798995	0.004775110887621099
16.080402010050253	0.0062041748398714135
16.48241206030151	0.008411187959015803
16.884422110552766	0.010840498852976742
17.286432160804022	0.013466248305917907
17.68844221105528	0.015541968989718172
18.090452261306535	0.01709798301630906
18.49246231155779	0.017656311302571694
18.894472361809047	0.01719085885488352
19.296482412060303	0.015889035660332413
19.69849246231156	0.014190956585810011
20.100502512562816	0.012001811552180977
20.502512562814072	0.009964509994458743
20.90452261306533	0.008089790891204146
21.306532663316585	0.006873530689692861
21.70854271356784	0.006490824355521755
22.110552763819097	0.007317888488560362
22.512562814070353	0.009058332273355115
22.91457286432161	0.01115330750958188
23.316582914572866	0.01311213471892433
23.718592964824122	0.014751626233833349
24.12060301507538	0.015647089066475117
24.522613065326635	0.015657100986758477
24.92462311557789	0.014940472288803982
25.326633165829147	0.013363896754775579
25.728643216080403	0.011428618988163195
26.13065326633166	0.009354864269565777
26.532663316582916	0.007490240701783545
26.934673366834172	0.006250317422529258
27.33668341708543	0.0057037755351723365
27.738693467336685	0.006219814317711309
28.14070351758794	0.0076810815669205125
28.542713567839197	0.009637315815532493
28.944723618090453	0.012037053567782358
29.34673366834171	0.014355249669846564
29.748743718592966	0.01642763823615816
30.150753768844222	0.017664709091758556
30.55276381909548	0.017888077762936952
30.954773869346734	0.017278319712921614
31.35678391959799	0.015721289032484993
31.758793969849247	0.013449882517677213
32.16080402010051	0.011146219089425705
32.56281407035176	0.008931348356709562
32.96482412060302	0.007419781588866539
33.366834170854275	0.006748268826149063
33.76884422110553	0.007164976705834374
34.17085427135679	0.008557634361914304
34.572864321608044	0.01045492780841803
34.9748743718593	0.012423360941717112
35.37688442211056	0.013908298230347444
35.77889447236181	0.014772717870733698
36.18090452261307	0.014519619088414138
36.582914572864325	0.01345902020425269
36.98492462311558	0.01151233679116435
37.38693467336684	0.009343176707462658
37.788944723618094	0.0074215250202167155
38.19095477386935	0.00651786739991825
38.59296482412061	0.007048823019948493
38.99497487437186	0.008161264091886907
39.39698492462312	0.009636158550730698
39.798994974874375	0.010674552814241173
40.20100502512563	0.011991353525346332
40.60301507537689	0.012569062720679355
41.005025125628144	0.012845743035070408
41.4070351758794	0.012495137967619597
41.80904522613066	0.011420000294605812
42.21105527638191	0.009692132541546458
42.61306532663317	0.007385363096072239
43.015075376884425	0.005099669967527414
43.41708542713568	0.002582882918606859
43.81909547738694	0.0009355475859109492
44.221105527638194	0.0022157700264283215
44.62311557788945	0.003847989870120254
45.02512562814071	0.0052940112227506265
45.42713567839196	0.006318295244974949
45.82914572864322	0.00709496650762436
46.231155778894475	0.007270033737210217
46.63316582914573	0.007440827595881834
47.03517587939699	0.007183667785571814
47.437185929648244	0.00662943252317903
47.8391959798995	0.005835089796878273
48.24120603015076	0.004743029929174451
48.64321608040201	0.003139095663801221
49.04522613065327	0.0012055749774247727
49.447236180904525	0.0019081934702791608
49.84924623115578	0.004619959303516069
50.25125628140704	0.007275052102570669
50.653266331658294	0.009120027108836613
51.05527638190955	0.010227111552244957
51.45728643216081	0.010201305277312032
51.85929648241206	0.009231649551124911
52.26130653266332	0.0074987628083162585
52.663316582914575	0.005919605657498165
53.06532663316583	0.004596724286404055
53.46733668341709	0.003961865652463514
53.869346733668344	0.0032391523237607555
54.2713567839196	0.0020736904097012035
54.67336683417086	0.0008212481785069394
55.07537688442211	0.0028526868592397034
55.47738693467337	0.00527827457703784
55.879396984924625	0.007602706200762201
56.28140703517588	0.009522929262905988
56.68341708542714	0.011037564400056448
57.085427135678394	0.01182274143334968
57.48743718592965	0.01198705739734676
57.88944723618091	0.0115143488366376
58.29145728643216	0.010632297637789312
58.69346733668342	0.00940098778696465
59.095477386934675	0.008119524598311792
59.49748743718593	0.006551986423060058
59.89949748743719	0.0050959215789691875
60.301507537688444	0.0038592154611065306
60.7035175879397	0.0035329729579909016
61.10552763819096	0.004852291097078569
61.50753768844221	0.006649214410053579
61.90954773869347	0.008813939244404333
62.311557788944725	0.01087510297058484
62.71356783919598	0.012659060816520967
63.11557788944724	0.013727976001818567
63.517587939698494	0.013879199302855147
63.91959798994975	0.013010110702658135
64.32160804020101	0.011213935419787838
64.72361809045226	0.008817060499213537
65.12562814070353	0.0064001650737876645
65.52763819095478	0.0039115114354618865
65.92964824120604	0.00267220149159904
66.33165829145729	0.0030242298951713574
66.73366834170855	0.004544251305249209
67.1356783919598	0.0068323895034611
67.53768844221106	0.009459065198749875
67.93969849246231	0.01226302528254973
68.34170854271358	0.014602830067732506
68.74371859296483	0.016186137114159237
69.14572864321609	0.01655208069466705
69.54773869346734	0.015754080838224473
69.9497487437186	0.013715465322808332
70.35175879396985	0.011248880807243435
70.75376884422111	0.00834578185078043
71.15577889447236	0.005796408198152742
71.55778894472363	0.004645988344614709
71.95979899497488	0.0048333671222509575
72.36180904522614	0.006196517291606673
72.76381909547739	0.008222911326826074
73.16582914572865	0.010786691685014645
73.5678391959799	0.013665911474631082
73.96984924623116	0.01618843805354564
74.37185929648241	0.01807850732877248
74.77386934673368	0.018933411841660787
75.17587939698493	0.01875027710834574
75.57788944723619	0.017532735424311652
75.97989949748744	0.015719809129074155
76.3819095477387	0.0135653663923189
76.78391959798995	0.011387921513794847
77.18592964824121	0.010043412541901015
77.58793969849246	0.009649955827761656
77.98994974874373	0.00992387740247804
78.39195979899498	0.01086914041899196
78.79396984924624	0.012593391507337754
79.19597989949749	0.014838667417418702
79.59798994974875	0.017517961058145712
80.0	0.02016468429719267
