0.0	0.024640906088009496
0.4020100502512563	0.022733976043263944
0.8040201005025126	0.017186251173649233
1.206030150753769	0.009006969588650143
1.6080402010050252	0.0027592651209592317
2.0100502512562817	0.009726064263806105
2.412060301507538	0.016053069767326136
2.814070351758794	0.01884527990893713
3.2160804020100504	0.0176790271778682
3.6180904522613067	0.012669757418514976
4.020100502512563	0.004888920574846472
4.42211055276382	0.005175554164322826
4.824120603015076	0.014161162693381362
5.226130653266332	0.021210760822661885
5.628140703517588	0.024887176066472196
6.030150753768845	0.02478829143685629
6.432160804020101	0.02060111542962895
6.834170854271357	0.01343969898920926
7.236180904522613	0.0054693342464566886
7.63819095477387	0.006618475690799086
8.040201005025127	0.013364596469456865
8.442211055276383	0.017506173874088142
8.84422110552764	0.017795069204404733
9.246231155778895	0.014240734260788705
9.648241206030152	0.007309646479463311
10.050251256281408	0.0020047406331871525
10.452261306532664	0.010879328318106108
10.85427135678392	0.01831091753255098
11.256281407035177	0.022707268139949617
11.658291457286433	0.023280597433803566
12.06030150753769	0.019826088411008313
12.462311557788945	0.013769992775311182
12.864321608040202	0.009008215339672308
13.266331658291458	0.012608293249394437
13.668341708542714	0.01970996822443527
14.07035175879397	0.025034833808556894
14.472361809045227	0.02636299559864126
14.874371859296483	0.023255136764190408
15.27638190954774	0.01687013807132964
15.678391959798995	0.010672983338783084
16.080402010050253	0.013536954065702742
16.48241206030151	0.021731948471767095
16.884422110552766	0.028357851954764517
17.286432160804022	0.031170378606162442
17.68844221105528	0.029879436062833175
18.090452261306535	0.02525165968072752
18.49246231155779	0.020857436563871564
18.894472361809047	0.021576838282335607
19.296482412060303	0.027675869643910445
19.69849246231156	0.034012157511105395
20.100502512562816	0.03770454517236478
20.502512562814072	0.03774100637662116
20.90452261306533	0.034416548117163805
21.306532663316585	0.030152752739832617
21.70854271356784	0.028123211580213435
22.110552763819097	0.030283809996847304
22.512562814070353	0.034874371824027764
22.91457286432161	0.03825820853746452
23.316582914572866	0.03859277445524518
23.718592964824122	0.03602252162498175
24.12060301507538	0.032706231967254126
24.522613065326635	0.031994150929628415
24.92462311557789	0.03506817373139864
25.326633165829147	0.03971106932701309
25.728643216080403	0.04330911973490784
26.13065326633166	0.04449395731432232
26.532663316582916	0.043467664282863576
26.934673366834172	0.041952714774027025
27.33668341708543	0.04192991915250141
27.738693467336685	0.04415315727156457
28.14070351758794	0.047552630856949246
28.542713567839197	0.050558304231771836
28.944723618090453	0.05203091987624714
29.34673366834171	0.05243293192152091
29.748743718592966	0.052564850105103186
30.150753768844222	0.053883744043152104
30.55276381909548	0.05612292010575785
30.954773869346734	0.059403282893429624
31.35678391959799	0.062112219233414534
31.758793969849247	0.06373075411955767
32.16080402010051	0.06404578105811769
32.56281407035176	0.06325929258168836
32.96482412060302	0.0621504076519238
33.366834170854275	0.06114556189666411
33.76884422110553	0.06068483357247341
34.17085427135679	0.060431024278459075
34.572864321608044	0.05994330227924912
34.9748743718593	0.058472839471987115
35.37688442211056	0.0565941880654115
35.77889447236181	0.0550025987628326
36.18090452261307	0.054538187717136886
36.582914572864325	0.055563768607972464
36.98492462311558	0.05853804782152283
37.38693467336684	0.06248723976848054
37.788944723618094	0.06548252874017994
38.19095477386935	0.06722133308888703
38.59296482412061	0.0672126770548048
38.99497487437186	0.06568286248454622
39.39698492462312	0.06322539706970734
39.798994974874375	0.060321772281722884
40.20100502512563	0.057383615844036374
40.60301507537689	0.05468213523544134
41.005025125628144	0.051949444416271376
41.4070351758794	0.04954023782794201
41.80904522613066	0.04765570929668792
42.21105527638191	0.04732213337965131
42.61306532663317	0.04953464625236982
43.015075376884425	0.05339502852494795
43.41708542713568	0.057928714333411034
43.81909547738694	0.06162854308700594
44.221105527638194	0.06329583602648288
44.62311557788945	0.06273628068946392
45.02512562814071	0.06017958433876517
45.42713567839196	0.05654574031269669
45.82914572864322	0.05283978967943535
46.231155778894475	0.04988875615563398
46.63316582914573	0.047919603213678566
47.03517587939699	0.04666751463216938
47.437185929648244	0.04605042499880327
47.8391959798995	0.04605137870006306
48.24120603015076	0.04797436561282416
48.64321608040201	0.05238874381290737
49.04522613065327	0.05837274142452285
49.447236180904525	0.06412757244822975
49.84924623115578	0.06770194999815651
50.25125628140704	0.06811484496997369
50.653266331658294	0.06544264050684254
51.05527638190955	0.06005758159016754
51.45728643216081	0.05386125337660221
51.85929648241206	0.04899290030266657
52.26130653266332	0.046490583282278335
52.663316582914575	0.046186374963205386
53.06532663316583	0.046903109956949865
53.46733668341709	0.047845605098910914
53.869346733668344	0.049799728501582985
54.2713567839196	0.05344641743001523
54.67336683417086	0.058896610966825844
55.07537688442211	0.06454660131333516
55.47738693467337	0.06846681430999377
55.879396984924625	0.06965467761455042
56.28140703517588	0.067218073010408
56.68341708542714	0.0613525704016394
57.085427135678394	0.054056376787568916
57.48743718592965	0.04749319231354471
57.88944723618091	0.04374589221168821
58.29145728643216	0.0437904481619329
58.69346733668342	0.045837615733075224
59.095477386934675	0.048484397028824414
59.49748743718593	0.050896018994960456
59.89949748743719	0.05388187044536562
60.301507537688444	0.057352484381174997
60.7035175879397	0.06097263551748192
61.10552763819096	0.06381847459656471
61.50753768844221	0.06482063090216619
61.90954773869347	0.06332159938356337
62.311557788944725	0.05947941052624404
62.71356783919598	0.05426557487479883
63.11557788944724	0.048734201220213366
63.517587939698494	0.04535890739952787
63.91959798994975	0.04480639843338017
64.32160804020101	0.04687688227421439
64.72361809045226	0.049814599202126365
65.12562814070353	0.05227250049421628
65.52763819095478	0.05417450809882961
65.92964824120604	0.055659585475323944
66.33165829145729	0.05726996373715095
66.73366834170855	0.059073204535095555
67.1356783919598	0.06054923321587422
67.53768844221106	0.06101461241335053
67.93969849246231	0.059923159846274186
68.34170854271358	0.05711021215030326
68.74371859296483	0.05335651544025359
69.14572864321609	0.05034790176051106
69.54773869346734	0.04897935350201199
69.9497487437186	0.04937046244362857
70.35175879396985	0.05091076746375282
70.75376884422111	0.0526160823063172
71.15577889447236	0.05389410079297108
71.55778894472363	0.05455480183096188
71.95979899497488	0.055126957750663466
72.36180904522614	0.0558911751104474
72.76381909547739	0.057121215715911375
73.16582914572865	0.05822358254671438
73.5678391959799	0.058839991957410645
73.96984924623116	0.05864707141582397
74.37185929648241	0.05713152349949242
74.77386934673368	0.05505494377657022
75.17587939698493	0.05317717292260769
75.57788944723619	0.052057016178246374
75.97989949748744	0.052199003354530184
76.3819095477387	0.052742759357517564
76.78391959798995	0.053240852904835004
77.18592964824121	0.05329946673725446
77.58793969849246	0.05312389433199982
77.98994974874373	0.05322393259632193
78.39195979899498	0.05425482119122765
78.79396984924624	0.05625429802040177
79.19597989949749	0.058867691146100506
79.59798994974875	0.06085603378259381
80.0	0.06165216444335647
