0.0	0.010382286972775602
0.4020100502512563	0.009252045696841817
0.8040201005025126	0.006649430196800888
1.206030150753769	0.0034675814158595906
1.6080402010050252	0.0019934443928920223
2.0100502512562817	0.004612401227515544
2.412060301507538	0.006707762429501813
2.814070351758794	0.007537594986808635
3.2160804020100504	0.006728901540436446
3.6180904522613067	0.004543560861318429
4.020100502512563	0.0018934817654123353
4.42211055276382	0.003747258135929099
4.824120603015076	0.006970616477002238
5.226130653266332	0.00969798066849144
5.628140703517588	0.010844991314150022
6.030150753768845	0.010477130979850055
6.432160804020101	0.008774758196984768
6.834170854271357	0.005742196369201402
7.236180904522613	0.0032411601608932717
7.63819095477387	0.0037523998297981235
8.040201005025127	0.005871492196554679
8.442211055276383	0.006747269549065167
8.84422110552764	0.0061101000283220125
9.246231155778895	0.004072709437045791
9.648241206030152	0.0015420010972262087
10.050251256281408	0.004018197514423462
10.452261306532664	0.007730150177787912
10.85427135678392	0.010503669971468475
11.256281407035177	0.011972930604955552
11.658291457286433	0.011703477834590382
12.06030150753769	0.009855177492894983
12.462311557788945	0.006495592924349851
12.864321608040202	0.0027592109278538482
13.266331658291458	0.00168197312088468
13.668341708542714	0.004649535871966523
14.07035175879397	0.0068824325312110985
14.472361809045227	0.007374871222919124
14.874371859296483	0.006281430257779058
15.27638190954774	0.00429511573285831
15.678391959798995	0.003744847472121851
16.080402010050253	0.006331605861909071
16.48241206030151	0.009708389253870218
16.884422110552766	0.01209511869942707
17.286432160804022	0.01319130370559812
17.68844221105528	0.01251966199056119
18.090452261306535	0.010442764901607938
18.49246231155779	0.007895592447806101
18.894472361809047	0.006399577116459323
19.296482412060303	0.007187925673687656
19.69849246231156	0.009163691023182853
20.100502512562816	0.010817512016877967
20.502512562814072	0.011307040167273701
20.90452261306533	0.010979963521536691
21.306532663316585	0.010650748172526378
21.70854271356784	0.011320339549394069
22.110552763819097	0.013478561593482851
22.512562814070353	0.016046423011023887
22.91457286432161	0.017896090221014
23.316582914572866	0.01809868445812348
23.718592964824122	0.016718847934197992
24.12060301507538	0.014469225397637429
24.522613065326635	0.012419975865600282
24.92462311557789	0.01228364841460542
25.326633165829147	0.013935005320666624
25.728643216080403	0.01562427140171554
26.13065326633166	0.01616167089107274
26.532663316582916	0.015690779265822692
26.934673366834172	0.01514579838203425
27.33668341708543	0.016820747280713942
27.738693467336685	0.020074229338934525
28.14070351758794	0.02372712154473636
28.542713567839197	0.0262300915068663
28.944723618090453	0.026922316196593993
29.34673366834171	0.02593356656311651
29.748743718592966	0.023664007311880356
30.150753768844222	0.021911682583122805
30.55276381909548	0.021380203514360263
30.954773869346734	0.0221102055203764
31.35678391959799	0.022940838951588747
31.758793969849247	0.023415621975062844
32.16080402010051	0.0231549263705224
32.56281407035176	0.022702450063447923
32.96482412060302	0.022854892699907526
33.366834170854275	0.024062588090048805
33.76884422110553	0.025889181338509804
34.17085427135679	0.027597284642285957
34.572864321608044	0.02842318300418381
34.9748743718593	0.02841888689277678
35.37688442211056	0.027854875593876272
35.77889447236181	0.02740000380618175
36.18090452261307	0.027213566828592373
36.582914572864325	0.02767555756932419
36.98492462311558	0.028198119679988635
37.38693467336684	0.028740051085186978
37.788944723618094	0.028819564147804753
38.19095477386935	0.029367289451979812
38.59296482412061	0.030378495356983067
38.99497487437186	0.03209594570212759
39.39698492462312	0.03471032224757812
39.798994974874375	0.0375794221598415
40.20100502512563	0.03979834384379496
40.60301507537689	0.04151975437700165
41.005025125628144	0.04250324522595848
41.4070351758794	0.04298712475543701
41.80904522613066	0.04275450058371109
42.21105527638191	0.04216493343659323
42.61306532663317	0.04177053385008673
43.015075376884425	0.04155526905706136
43.41708542713568	0.04199798261874425
43.81909547738694	0.043148149094986335
44.221105527638194	0.04545244919094915
44.62311557788945	0.0488611733971507
45.02512562814071	0.05272988119612408
45.42713567839196	0.0573496066141137
45.82914572864322	0.06187317705192018
46.231155778894475	0.06611411162349838
46.63316582914573	0.06875275171124555
47.03517587939699	0.06977347888862664
47.437185929648244	0.06908585686775379
47.8391959798995	0.06660634615466605
48.24120603015076	0.06267968375296926
48.64321608040201	0.058363023244504784
49.04522613065327	0.0538450278385025
49.447236180904525	0.049871910162741215
49.84924623115578	0.04695085494855923
50.25125628140704	0.04584422882237902
50.653266331658294	0.04707195292871615
51.05527638190955	0.05089322698375852
51.45728643216081	0.05672488651055746
51.85929648241206	0.06349895679140254
52.26130653266332	0.06967588650637303
52.663316582914575	0.07349038932896973
53.06532663316583	0.07429753195781612
53.46733668341709	0.07178875999754245
53.869346733668344	0.06608113089170198
54.2713567839196	0.05880712475873369
54.67336683417086	0.05142819798125936
55.07537688442211	0.045457905916935444
55.47738693467337	0.04189348168044453
55.879396984924625	0.040717457516861726
56.28140703517588	0.041424249948261285
56.68341708542714	0.043605383288243774
57.085427135678394	0.04733456805583959
57.48743718592965	0.05219461313155196
57.88944723618091	0.05713247884253077
58.29145728643216	0.061078298190822014
58.69346733668342	0.06352131487010654
59.095477386934675	0.06383969490065931
59.49748743718593	0.06230658563800641
59.89949748743719	0.05918584764041936
60.301507537688444	0.05568785188927798
60.7035175879397	0.05255199665139247
61.10552763819096	0.049971329163754914
61.50753768844221	0.0479447557928133
61.90954773869347	0.04597869598345603
62.311557788944725	0.04437130732430989
62.71356783919598	0.04330085214624399
63.11557788944724	0.04346631768756955
63.517587939698494	0.045594620701589365
63.91959798994975	0.04942311172718699
64.32160804020101	0.05431946453773704
64.72361809045226	0.058826703588159515
65.12562814070353	0.062477714115490725
65.52763819095478	0.06454705444558922
65.92964824120604	0.06510565369472275
66.33165829145729	0.06373572474297731
66.73366834170855	0.06132072271761323
67.1356783919598	0.05743437640553174
67.53768844221106	0.05295319557267758
67.93969849246231	0.04790801958085454
68.34170854271358	0.04348402252026442
68.74371859296483	0.04051298852646001
69.14572864321609	0.04022440667761884
69.54773869346734	0.04283633890163061
69.9497487437186	0.04784589449561086
70.35175879396985	0.054262646297887726
70.75376884422111	0.06063607984476509
71.15577889447236	0.06550199105708886
71.55778894472363	0.06794719417757264
71.95979899497488	0.06760825269388389
72.36180904522614	0.06450309483183646
72.76381909547739	0.05896670228989369
73.16582914572865	0.052319392302370496
73.5678391959799	0.04532139249594912
73.96984924623116	0.039097619929945635
74.37185929648241	0.03425183224822888
74.77386934673368	0.03230230187041534
75.17587939698493	0.03420952363063369
75.57788944723619	0.040260190366130336
75.97989949748744	0.04917349877043123
76.3819095477387	0.058923369959687145
76.78391959798995	0.06712464819081115
77.18592964824121	0.0722843262994997
77.58793969849246	0.07347326547109088
77.98994974874373	0.07041039911939692
78.39195979899498	0.06384243640050845
78.79396984924624	0.05521346843248074
79.19597989949749	0.04654196335504912
79.59798994974875	0.03950855321826744
80.0	0.0348136458783712
