0.0	0.007627255359233155
0.4020100502512563	0.00460728959802708
0.8040201005025126	0.004394230377340081
1.206030150753769	0.007427949847188804
1.6080402010050252	0.010424337873671821
2.0100502512562817	0.011870941741749522
2.412060301507538	0.011557363876260163
2.814070351758794	0.009578227589563258
3.2160804020100504	0.006349257773142639
3.6180904522613067	0.002459284097302967
4.020100502512563	0.002033852559324801
4.42211055276382	0.004802509954194266
4.824120603015076	0.006296278216714271
5.226130653266332	0.006189356349572014
5.628140703517588	0.005206158720669582
6.030150753768845	0.005158868802266204
6.432160804020101	0.007821944987068848
6.834170854271357	0.011708451829291141
7.236180904522613	0.015057378526802442
7.63819095477387	0.017123038403423274
8.040201005025127	0.017420700096261996
8.442211055276383	0.015826270888608114
8.84422110552764	0.012850522591753708
9.246231155778895	0.009022909650990492
9.648241206030152	0.005061132966791445
10.050251256281408	0.0016727524150248608
10.452261306532664	0.001047518226875249
10.85427135678392	0.0022634869930116654
11.256281407035177	0.003065024518022055
11.658291457286433	0.004945925260216916
12.06030150753769	0.008238575190130293
12.462311557788945	0.01215418020521471
12.864321608040202	0.015981252378314055
13.266331658291458	0.019191813896568273
13.668341708542714	0.02116526785637001
14.07035175879397	0.021657858338932245
14.472361809045227	0.020975821391633873
14.874371859296483	0.01869032663594485
15.27638190954774	0.015826781249794274
15.678391959798995	0.012586773355362724
16.080402010050253	0.009950144690509201
16.48241206030151	0.008405586809824549
16.884422110552766	0.008246159750694027
17.286432160804022	0.009938392414579963
17.68844221105528	0.013200867037940493
18.090452261306535	0.017224059382153697
18.49246231155779	0.021557933564320546
18.894472361809047	0.025067818234158507
19.296482412060303	0.027221473219237697
19.69849246231156	0.02737791921893699
20.100502512562816	0.025746175711209785
20.502512562814072	0.022597905546657325
20.90452261306533	0.0188843673605373
21.306532663316585	0.01569414846610156
21.70854271356784	0.013938687991555374
22.110552763819097	0.013960335891504074
22.512562814070353	0.014916818853261968
22.91457286432161	0.016644365450812167
23.316582914572866	0.019149069130555498
23.718592964824122	0.02225041446374786
24.12060301507538	0.0252777382827855
24.522613065326635	0.028156612971001894
24.92462311557789	0.029921815626115615
25.326633165829147	0.030400378535768102
25.728643216080403	0.029380418856331643
26.13065326633166	0.02740621651148059
26.532663316582916	0.024870141217839207
26.934673366834172	0.022527699589604815
27.33668341708543	0.021202748278618393
27.738693467336685	0.021094434348142066
28.14070351758794	0.021935720696214918
28.542713567839197	0.022836390255673175
28.944723618090453	0.02366809204779999
29.34673366834171	0.024653736969475086
29.748743718592966	0.0256419151275639
30.150753768844222	0.026908335113689102
30.55276381909548	0.028041320296054707
30.954773869346734	0.028770578159159066
31.35678391959799	0.028899055918062865
31.758793969849247	0.028419016561222733
32.16080402010051	0.02743458264956416
32.56281407035176	0.02659521377205769
32.96482412060302	0.026926648697191642
33.366834170854275	0.028176463786413884
33.76884422110553	0.029938651591614168
34.17085427135679	0.0320324680353654
34.572864321608044	0.033735413823442854
34.9748743718593	0.03480054272801919
35.37688442211056	0.035047738777151574
35.77889447236181	0.03493018906613145
36.18090452261307	0.03457056478987751
36.582914572864325	0.034289338429736096
36.98492462311558	0.03406556140276957
37.38693467336684	0.034191779368438494
37.788944723618094	0.034776455793037384
38.19095477386935	0.03592506968930265
38.59296482412061	0.03790773385335762
38.99497487437186	0.04046454809507567
39.39698492462312	0.04387322471881995
39.798994974874375	0.047260704563330404
40.20100502512563	0.049990050974234916
40.60301507537689	0.0520314435278196
41.005025125628144	0.05303772663899564
41.4070351758794	0.053312854275246055
41.80904522613066	0.05322563314322357
42.21105527638191	0.052956522810048846
42.61306532663317	0.05311546564263292
43.015075376884425	0.05420568007634071
43.41708542713568	0.05575657661019151
43.81909547738694	0.05776812154770915
44.221105527638194	0.06020123006101465
44.62311557788945	0.06283703660229642
45.02512562814071	0.06550036419601162
45.42713567839196	0.06775973372384068
45.82914572864322	0.06926144279991552
46.231155778894475	0.06984357325563595
46.63316582914573	0.06901116001425181
47.03517587939699	0.06704799826787822
47.437185929648244	0.06392896399381555
47.8391959798995	0.06032855690976333
48.24120603015076	0.057325646542135254
48.64321608040201	0.05578253282100076
49.04522613065327	0.0556780033048927
49.447236180904525	0.05725289493447685
49.84924623115578	0.05978179790950816
50.25125628140704	0.06271035772987812
50.653266331658294	0.06554070299435846
51.05527638190955	0.06768815074125427
51.45728643216081	0.0685892665279873
51.85929648241206	0.0680277299440187
52.26130653266332	0.06597708686737343
52.663316582914575	0.06278816118161132
53.06532663316583	0.058837480393073904
53.46733668341709	0.054477331799378304
53.869346733668344	0.050820617751030785
54.2713567839196	0.048082376086513154
54.67336683417086	0.04710515251658408
55.07537688442211	0.04758101427892632
55.47738693467337	0.04929285967713734
55.879396984924625	0.05154608214886852
56.28140703517588	0.05388736282298917
56.68341708542714	0.05612339831321209
57.085427135678394	0.05786570868067983
57.48743718592965	0.058836136255049944
57.88944723618091	0.059162425924867076
58.29145728643216	0.05859306627150074
58.69346733668342	0.0570884641915186
59.095477386934675	0.05514995645461433
59.49748743718593	0.052489156765703815
59.89949748743719	0.050005506408798826
60.301507537688444	0.04809117166381615
60.7035175879397	0.04715858379832289
61.10552763819096	0.04754204647758549
61.50753768844221	0.04855682813736292
61.90954773869347	0.04996385951003225
62.311557788944725	0.051590131071256304
62.71356783919598	0.05308500625077704
63.11557788944724	0.054687405426761815
63.517587939698494	0.0564120070703375
63.91959798994975	0.05784200216033446
64.32160804020101	0.05852807020465832
64.72361809045226	0.058413486153716464
65.12562814070353	0.057041115145042565
65.52763819095478	0.055188064382062155
65.92964824120604	0.052754336460895765
66.33165829145729	0.05065533188303323
66.73366834170855	0.04917184012367874
67.1356783919598	0.04847923100068553
67.53768844221106	0.04853668916945783
67.93969849246231	0.0493316622053009
68.34170854271358	0.05076078596041379
68.74371859296483	0.052933068561661765
69.14572864321609	0.05507915201730409
69.54773869346734	0.05733188058314659
69.9497487437186	0.0592557775993832
70.35175879396985	0.06026176283827829
70.75376884422111	0.05976893253883222
71.15577889447236	0.05792262085058394
71.55778894472363	0.055254277942731064
71.95979899497488	0.05189548990435976
72.36180904522614	0.04880095708961147
72.76381909547739	0.046727564544339496
73.16582914572865	0.046113915287569876
73.5678391959799	0.04660602325230007
73.96984924623116	0.048421771009466076
74.37185929648241	0.0514440125278673
74.77386934673368	0.05500613354981475
75.17587939698493	0.058384947295403444
75.57788944723619	0.061203291291459516
75.97989949748744	0.06259229825458504
76.3819095477387	0.06217321207949529
76.78391959798995	0.06018509041736022
77.18592964824121	0.05668645770936639
77.58793969849246	0.052842098151418104
77.98994974874373	0.048968829817443056
78.39195979899498	0.04632885998185175
78.79396984924624	0.04535473237822683
79.19597989949749	0.04604461187775499
79.59798994974875	0.0483939382382573
80.0	0.05198632172938946
