0.0	0.005975303706763663
0.4020100502512563	0.006006935481939467
0.8040201005025126	0.005045351501976237
1.206030150753769	0.003279362227249837
1.6080402010050252	0.0010349418287639261
2.0100502512562817	0.0019543263420581563
2.412060301507538	0.004022299002774652
2.814070351758794	0.005524577326415057
3.2160804020100504	0.0059655200819713
3.6180904522613067	0.005463605150333856
4.020100502512563	0.003815892895494484
4.42211055276382	0.0016517140445438572
4.824120603015076	0.001350254169263391
5.226130653266332	0.0035429478879634713
5.628140703517588	0.00547324176714147
6.030150753768845	0.006619852848030712
6.432160804020101	0.006539057942854111
6.834170854271357	0.005386334466033847
7.236180904522613	0.0033516522838401134
7.63819095477387	0.0010848765593533527
8.040201005025127	0.0012843376613381288
8.442211055276383	0.003482746605221509
8.84422110552764	0.004990220381119472
9.246231155778895	0.005317470167090967
9.648241206030152	0.0046915145469267035
10.050251256281408	0.0033487877276942774
10.452261306532664	0.002060002035049791
10.85427135678392	0.002829716289072327
11.256281407035177	0.0048794379827835285
11.658291457286433	0.006558881726340987
12.06030150753769	0.007198944330801765
12.462311557788945	0.006946675230828319
12.864321608040202	0.0057275915050606346
13.266331658291458	0.003953300725106452
13.668341708542714	0.002299960622871957
14.07035175879397	0.002842096684966931
14.472361809045227	0.004651673481721173
14.874371859296483	0.006173770770073983
15.27638190954774	0.0071239143371655735
15.678391959798995	0.007300879812270787
16.080402010050253	0.006745204083563149
16.48241206030151	0.006053149840223906
16.884422110552766	0.005708066754890233
17.286432160804022	0.00600594638277772
17.68844221105528	0.006626485945080864
18.090452261306535	0.007002392810139635
18.49246231155779	0.007041310706428149
18.894472361809047	0.006466817114000131
19.296482412060303	0.005539202728723303
19.69849246231156	0.004697585728010173
20.100502512562816	0.0045685896631847385
20.502512562814072	0.005084681872429537
20.90452261306533	0.005651137507798982
21.306532663316585	0.0057955361299831705
21.70854271356784	0.0052345545719213
22.110552763819097	0.004166211411041601
22.512562814070353	0.003033777446914772
22.91457286432161	0.0030274371800469426
23.316582914572866	0.004440587255241537
23.718592964824122	0.006267002288028825
24.12060301507538	0.007752929977731647
24.522613065326635	0.008563256372438353
24.92462311557789	0.008726323096995121
25.326633165829147	0.008183229757480034
25.728643216080403	0.007014130075474865
26.13065326633166	0.006051770681948759
26.532663316582916	0.005542936428408
26.934673366834172	0.005524355910837655
27.33668341708543	0.005920486490004451
27.738693467336685	0.0058604366044336656
28.14070351758794	0.005192144519430249
28.542713567839197	0.004196829957272821
28.944723618090453	0.0031341742451623513
29.34673366834171	0.003802130648979437
29.748743718592966	0.005496785028213166
30.150753768844222	0.0068908775988622785
30.55276381909548	0.007632306779168338
30.954773869346734	0.007461095812879248
31.35678391959799	0.006479431893900364
31.758793969849247	0.004665095532107507
32.16080402010051	0.0025898556461650298
32.56281407035176	0.0019948629613874024
32.96482412060302	0.003543454713494278
33.366834170854275	0.004867150736721679
33.76884422110553	0.005388639346574606
34.17085427135679	0.005042458744465365
34.572864321608044	0.003533160043213336
34.9748743718593	0.001361464852166937
35.37688442211056	0.0014143393169837569
35.77889447236181	0.003689877410058529
36.18090452261307	0.005694034808948932
36.582914572864325	0.0069379113167580605
36.98492462311558	0.007140721019949568
37.38693467336684	0.00626749241186123
37.788944723618094	0.0046314014563261985
38.19095477386935	0.0031707129832953184
38.59296482412061	0.003206492035674341
38.99497487437186	0.004571246259093315
39.39698492462312	0.005834211065292789
39.798994974874375	0.006194119625395129
40.20100502512563	0.005599538793529405
40.60301507537689	0.004213762784007293
41.005025125628144	0.001973495605350644
41.4070351758794	0.0005545135854311303
41.80904522613066	0.0026899438124012047
42.21105527638191	0.0042569974156792395
42.61306532663317	0.005073938554574122
43.015075376884425	0.0050307069896914055
43.41708542713568	0.004083582375658742
43.81909547738694	0.0025442676198246337
44.221105527638194	0.0014356789274663176
44.62311557788945	0.0027582315381828757
45.02512562814071	0.004525102458472942
45.42713567839196	0.005683697525079573
45.82914572864322	0.006333172458908088
46.231155778894475	0.006028639083039989
46.63316582914573	0.004791401933808925
47.03517587939699	0.0031997677202231156
47.437185929648244	0.001405182675085168
47.8391959798995	0.0011125545961080652
48.24120603015076	0.0022236645286298094
48.64321608040201	0.002937451328374618
49.04522613065327	0.002897795045459375
49.447236180904525	0.0021028865964226413
49.84924623115578	0.0013636713518342418
50.25125628140704	0.002430674222895556
50.653266331658294	0.004681021229227327
51.05527638190955	0.006806451694897896
51.45728643216081	0.008329776579854412
51.85929648241206	0.009087763475635917
52.26130653266332	0.009053801063885699
52.663316582914575	0.008209208651728155
53.06532663316583	0.006762931792328811
53.46733668341709	0.004961968927680615
53.869346733668344	0.003204703221778983
54.2713567839196	0.001857315704227597
54.67336683417086	0.0015499713666733985
55.07537688442211	0.001723375179486451
55.47738693467337	0.0022491616193457313
55.879396984924625	0.003608940660246173
56.28140703517588	0.005482894725569716
56.68341708542714	0.0076640522247662215
57.085427135678394	0.009641339402571373
57.48743718592965	0.010989278254404057
57.88944723618091	0.011713350786050881
58.29145728643216	0.011430235526139424
58.69346733668342	0.010596191550396886
59.095477386934675	0.00914848976190963
59.49748743718593	0.0072564465221208515
59.89949748743719	0.005565533746463219
60.301507537688444	0.004021943804710958
60.7035175879397	0.00309347352374695
61.10552763819096	0.0033002112514508193
61.50753768844221	0.004529153646572093
61.90954773869347	0.00606540500020221
62.311557788944725	0.008071770566253807
62.71356783919598	0.009969646522157507
63.11557788944724	0.01162925012683751
63.517587939698494	0.012870071403259128
63.91959798994975	0.01355622374119957
64.32160804020101	0.013277222360855828
64.72361809045226	0.012174921359106002
65.12562814070353	0.010726073231469404
65.52763819095478	0.008973928086852897
65.92964824120604	0.007087887180664708
66.33165829145729	0.005552264888744225
66.73366834170855	0.004526767394854755
67.1356783919598	0.004389335108915176
67.53768844221106	0.005214542808290283
67.93969849246231	0.006757652833313662
68.34170854271358	0.008622073333557436
68.74371859296483	0.010672648644202053
69.14572864321609	0.012347848269154608
69.54773869346734	0.013722970840111301
69.9497487437186	0.014534541149430164
70.35175879396985	0.014711654102948493
70.75376884422111	0.014231731380931336
71.15577889447236	0.013132827313495238
71.55778894472363	0.011518361357298574
71.95979899497488	0.009790178491165659
72.36180904522614	0.00793388795769991
72.76381909547739	0.006484384920676299
73.16582914572865	0.005921007569330146
73.5678391959799	0.006071084774873324
73.96984924623116	0.007045932582544043
74.37185929648241	0.008730305085253095
74.77386934673368	0.010452134770363077
75.17587939698493	0.012294452886328288
75.57788944723619	0.014039067212441164
75.97989949748744	0.015246024901608212
76.3819095477387	0.01580828009999919
76.78391959798995	0.015538810329201121
77.18592964824121	0.014346955503200223
77.58793969849246	0.012554415011036995
77.98994974874373	0.01078491644058668
78.39195979899498	0.009109301045307452
78.79396984924624	0.00782487355298955
79.19597989949749	0.00716184961588682
79.59798994974875	0.007214137044470587
80.0	0.007955308688061394
