0.0	0.020825213634525885
0.4020100502512563	0.019747690673318892
0.8040201005025126	0.01552540170682607
1.206030150753769	0.00862473090896357
1.6080402010050252	0.0012119591716488467
2.0100502512562817	0.007465361406424456
2.412060301507538	0.01347471764412141
2.814070351758794	0.016619506902472696
3.2160804020100504	0.016285388248538177
3.6180904522613067	0.012242454341025244
4.020100502512563	0.005676940121310555
4.42211055276382	0.0027114927879489195
4.824120603015076	0.011224670352749462
5.226130653266332	0.018017810440732234
5.628140703517588	0.022282084173392898
6.030150753768845	0.02331922022472397
6.432160804020101	0.02069766973515939
6.834170854271357	0.014922600544819026
7.236180904522613	0.007447918794076398
7.63819095477387	0.0009073127437800915
8.040201005025127	0.007201561748668778
8.442211055276383	0.011237211651024122
8.84422110552764	0.01184575097057208
9.246231155778895	0.008810392759282325
9.648241206030152	0.0027069075343244533
10.050251256281408	0.005936493723514012
10.452261306532664	0.0152419208832656
10.85427135678392	0.0239156315399877
11.256281407035177	0.030420692944388445
11.658291457286433	0.03391519978216168
12.06030150753769	0.0339141485905037
12.462311557788945	0.03067102849139095
12.864321608040202	0.02497098552696133
13.266331658291458	0.018119130188299016
13.668341708542714	0.011517766288373225
14.07035175879397	0.0068179212032650925
14.472361809045227	0.005021434853230852
14.874371859296483	0.006689755676608027
15.27638190954774	0.011841765626860679
15.678391959798995	0.020353624976205915
16.080402010050253	0.03037566134603063
16.48241206030151	0.040423166755480314
16.884422110552766	0.04869027450531879
17.286432160804022	0.05382098545748789
17.68844221105528	0.054619606056529865
18.090452261306535	0.051434052720635594
18.49246231155779	0.04493414483944617
18.894472361809047	0.03685761836363256
19.296482412060303	0.028979011418821747
19.69849246231156	0.023380267465336564
20.100502512562816	0.02063635226361123
20.502512562814072	0.02010093055235012
20.90452261306533	0.02155213105308382
21.306532663316585	0.026938036277119094
21.70854271356784	0.03576104509282505
22.110552763819097	0.046076357130815045
22.512562814070353	0.055913368279970246
22.91457286432161	0.06300090247758092
23.316582914572866	0.06651831683402243
23.718592964824122	0.06625377657897816
24.12060301507538	0.06304960276034394
24.522613065326635	0.05774357507509372
24.92462311557789	0.05198124713266824
25.326633165829147	0.04640282901313343
25.728643216080403	0.04186046016371021
26.13065326633166	0.038251068581428925
26.532663316582916	0.03590861879953945
26.934673366834172	0.03584564112016918
27.33668341708543	0.0390420290851115
27.738693467336685	0.045683840565896985
28.14070351758794	0.05433818405773483
28.542713567839197	0.06285264153402301
28.944723618090453	0.06958952598681165
29.34673366834171	0.07323005746045444
29.748743718592966	0.07330707992601515
30.150753768844222	0.07023967541484447
30.55276381909548	0.06497282446782682
30.954773869346734	0.05843309297594096
31.35678391959799	0.05239829625093807
31.758793969849247	0.04742975960265487
32.16080402010051	0.04392475335902089
32.56281407035176	0.04206569469799212
32.96482412060302	0.042508563215628334
33.366834170854275	0.04631809313854583
33.76884422110553	0.05293237403906712
34.17085427135679	0.060839731909158944
34.572864321608044	0.06805707073499494
34.9748743718593	0.07332184341102337
35.37688442211056	0.07528625379104678
35.77889447236181	0.07388612793438971
36.18090452261307	0.06949982736154794
36.582914572864325	0.062955211509992
36.98492462311558	0.055582492501350264
37.38693467336684	0.048892966975642986
37.788944723618094	0.04361795483605339
38.19095477386935	0.04051265053749222
38.59296482412061	0.039771206678543745
38.99497487437186	0.041548706628793786
39.39698492462312	0.046076365137206095
39.798994974874375	0.05272227992657099
40.20100502512563	0.060112360906588225
40.60301507537689	0.06711268779917041
41.005025125628144	0.07189644013740906
41.4070351758794	0.07376836614495655
41.80904522613066	0.07241330065993865
42.21105527638191	0.06790301069103784
42.61306532663317	0.06075445021071317
43.015075376884425	0.0524387294912784
43.41708542713568	0.044132533725963645
43.81909547738694	0.037503550842954335
44.221105527638194	0.03356759829077245
44.62311557788945	0.03279219088021086
45.02512562814071	0.03536221615469574
45.42713567839196	0.041078761281959184
45.82914572864322	0.0492945257906949
46.231155778894475	0.058525160942736035
46.63316582914573	0.0670624729685844
47.03517587939699	0.07289470983013335
47.437185929648244	0.0749370844620632
47.8391959798995	0.07239191112584335
48.24120603015076	0.06543210854049342
48.64321608040201	0.05553001375751104
49.04522613065327	0.04433442822160399
49.447236180904525	0.03409722801735453
49.84924623115578	0.0270363562166823
50.25125628140704	0.023855028057948553
50.653266331658294	0.02530907703185818
51.05527638190955	0.031021868821543723
51.45728643216081	0.04029489558897458
51.85929648241206	0.05112276514364367
52.26130653266332	0.06149174421196032
52.663316582914575	0.06933788539009114
53.06532663316583	0.0731766081525113
53.46733668341709	0.07230063659566963
53.869346733668344	0.06673204336560293
54.2713567839196	0.05769785666918479
54.67336683417086	0.04665955517192344
55.07537688442211	0.03594525013537347
55.47738693467337	0.027398262618201035
55.879396984924625	0.022791528187354262
56.28140703517588	0.022576302743621213
56.68341708542714	0.02685296717432223
57.085427135678394	0.034942197490645206
57.48743718592965	0.04564043751265064
57.88944723618091	0.05664001100618279
58.29145728643216	0.06603039805040938
58.69346733668342	0.0719570183561759
59.095477386934675	0.07335293804051075
59.49748743718593	0.06982896836757833
59.89949748743719	0.06221318552047937
60.301507537688444	0.05153655619337164
60.7035175879397	0.040059217772149
61.10552763819096	0.02993470922838783
61.50753768844221	0.022884984380058815
61.90954773869347	0.020293673864126012
62.311557788944725	0.022692568067569762
62.71356783919598	0.029759370266232415
63.11557788944724	0.03974429932543631
63.517587939698494	0.051011977695439206
63.91959798994975	0.06136906370065165
64.32160804020101	0.06891487218480202
64.72361809045226	0.07239341872158625
65.12562814070353	0.07106914790349037
65.52763819095478	0.06534197611570453
65.92964824120604	0.05621512809853842
66.33165829145729	0.04559892108519213
66.73366834170855	0.03531258726255234
67.1356783919598	0.027446183411088614
67.53768844221106	0.023072899153414952
67.93969849246231	0.023102962769619914
68.34170854271358	0.027446333461440216
68.74371859296483	0.03542380989885417
69.14572864321609	0.04532962940893983
69.54773869346734	0.05540768155745731
69.9497487437186	0.06354930576267559
70.35175879396985	0.06871715328996221
70.75376884422111	0.0696717750643543
71.15577889447236	0.06669192002767912
71.55778894472363	0.0603966539110138
71.95979899497488	0.051919526583424434
72.36180904522614	0.04254955304332578
72.76381909547739	0.03386920431938016
73.16582914572865	0.02765361241611774
73.5678391959799	0.02454294358150093
73.96984924623116	0.02493506870107911
74.37185929648241	0.029030433457156606
74.77386934673368	0.036327078805835626
75.17587939698493	0.04545524633534792
75.57788944723619	0.05507736610530247
75.97989949748744	0.0632404819387948
76.3819095477387	0.068185263203669
76.78391959798995	0.06945642031572413
77.18592964824121	0.06631375910085356
77.58793969849246	0.059475353449740954
77.98994974874373	0.0500038748917464
78.39195979899498	0.03979995916779257
78.79396984924624	0.031235736395597884
79.19597989949749	0.025854388491871143
79.59798994974875	0.024346527153549104
80.0	0.02712587259663666
