0.0	0.031375425640221444
0.4020100502512563	0.02877777032713551
0.8040201005025126	0.021460095452607457
1.206030150753769	0.010644878943691812
1.6080402010050252	0.001630328217945782
2.0100502512562817	0.012741913949608621
2.412060301507538	0.020926775414378304
2.814070351758794	0.024623022838872112
3.2160804020100504	0.02288899943212666
3.6180904522613067	0.01629971380146121
4.020100502512563	0.005966153831414964
4.42211055276382	0.006611628194513534
4.824120603015076	0.018438006772903116
5.226130653266332	0.02767876061282661
5.628140703517588	0.0328219811859058
6.030150753768845	0.03271870905070354
6.432160804020101	0.027501609728951097
6.834170854271357	0.018367783728423324
7.236180904522613	0.006713190105443424
7.63819095477387	0.00456414174375753
8.040201005025127	0.013856832768593947
8.442211055276383	0.019036026063407006
8.84422110552764	0.01919429683618721
9.246231155778895	0.013893876330000105
9.648241206030152	0.004308485315158586
10.050251256281408	0.00848136254520439
10.452261306532664	0.021436623825022698
10.85427135678392	0.032894097634010105
11.256281407035177	0.04073009951841618
11.658291457286433	0.043718855396442616
12.06030150753769	0.041562061057127175
12.462311557788945	0.03465549827065873
12.864321608040202	0.02494540327560047
13.266331658291458	0.014341512198378684
13.668341708542714	0.005296306326736579
14.07035175879397	0.003344346972319253
14.472361809045227	0.004825444631736696
14.874371859296483	0.00559376717399142
15.27638190954774	0.01272392832014006
15.678391959798995	0.024802101809817727
16.080402010050253	0.0385681697574185
16.48241206030151	0.051547533345481455
16.884422110552766	0.061536321109380766
17.286432160804022	0.06695241874893351
17.68844221105528	0.06684605918128048
18.090452261306535	0.06178076262847373
18.49246231155779	0.05275498026903693
18.894472361809047	0.042252072505768234
19.296482412060303	0.03289790725268738
19.69849246231156	0.026765145229476178
20.100502512562816	0.024582392356392882
20.502512562814072	0.02580707388860439
20.90452261306533	0.030140585637198587
21.306532663316585	0.037649293293025916
21.70854271356784	0.047594990142714996
22.110552763819097	0.05800743266995567
22.512562814070353	0.06704123982368229
22.91457286432161	0.07323313527053081
23.316582914572866	0.07570568898353666
23.718592964824122	0.0744573829527905
24.12060301507538	0.06998203668548122
24.522613065326635	0.06393924205979637
24.92462311557789	0.05820146738982004
25.326633165829147	0.054111072275121255
25.728643216080403	0.05253116124626389
26.13065326633166	0.05304572482601053
26.532663316582916	0.05450636935165952
26.934673366834172	0.05679332163167637
27.33668341708543	0.05976454631947871
27.738693467336685	0.06297292496306925
28.14070351758794	0.06596827943935595
28.542713567839197	0.06809588838346879
28.944723618090453	0.06840002028536175
29.34673366834171	0.06634668917540794
29.748743718592966	0.06254161974697606
30.150753768844222	0.05766742942497969
30.55276381909548	0.05374646053177754
30.954773869346734	0.05189527148126806
31.35678391959799	0.05212670945577891
31.758793969849247	0.05318109159875295
32.16080402010051	0.0538590875091758
32.56281407035176	0.053473449170212926
32.96482412060302	0.05231192235860751
33.366834170854275	0.0516807354199821
33.76884422110553	0.052218697201301324
34.17085427135679	0.0535664110666841
34.572864321608044	0.05482123685191469
34.9748743718593	0.054575273570528195
35.37688442211056	0.05263838757087537
35.77889447236181	0.04944724863160526
36.18090452261307	0.04607791720640296
36.582914572864325	0.04403283728692546
36.98492462311558	0.04404549219381154
37.38693467336684	0.045506243004948266
37.788944723618094	0.04728725735344304
38.19095477386935	0.048003698479876115
38.59296482412061	0.04755908021761677
38.99497487437186	0.04605855016671771
39.39698492462312	0.04448278017130085
39.798994974874375	0.043692289729345336
40.20100502512563	0.04361378233493073
40.60301507537689	0.04391887465360352
41.005025125628144	0.04402907735564018
41.4070351758794	0.04288536148748727
41.80904522613066	0.0408872459506935
42.21105527638191	0.039105843719988403
42.61306532663317	0.03865129307753591
43.015075376884425	0.04048919946985994
43.41708542713568	0.04376807539827195
43.81909547738694	0.04658285509944347
44.221105527638194	0.047795008139676305
44.62311557788945	0.046926895482870205
45.02512562814071	0.044444087522854336
45.42713567839196	0.041564934399614444
45.82914572864322	0.03984219169693075
46.231155778894475	0.04011193455983055
46.63316582914573	0.041474609360440874
47.03517587939699	0.04267310332008396
47.437185929648244	0.043181532750546814
47.8391959798995	0.04271087867976499
48.24120603015076	0.04223269554436099
48.64321608040201	0.04323146179891726
49.04522613065327	0.046015154919668386
49.447236180904525	0.049926923476327253
49.84924623115578	0.053178694540702995
50.25125628140704	0.05473303456181141
50.653266331658294	0.053916615007578814
51.05527638190955	0.050769112976027285
51.45728643216081	0.046526468768708154
51.85929648241206	0.04225712887480384
52.26130653266332	0.0389707258601801
52.663316582914575	0.03730264362255441
53.06532663316583	0.03644077204436213
53.46733668341709	0.03612022398143588
53.869346733668344	0.03714172358911319
54.2713567839196	0.040653476697153454
54.67336683417086	0.046423456971106475
55.07537688442211	0.05328934819562396
55.47738693467337	0.05941744674379344
55.879396984924625	0.06306927509468066
56.28140703517588	0.06319657418233245
56.68341708542714	0.06034355599211326
57.085427135678394	0.054956529893506946
57.48743718592965	0.04850066502397405
57.88944723618091	0.04315481865736081
58.29145728643216	0.04032094592907172
58.69346733668342	0.04060439690276302
59.095477386934675	0.04299272583319679
59.49748743718593	0.04645436682510985
59.89949748743719	0.0512792273398216
60.301507537688444	0.05725895374717005
60.7035175879397	0.06389443769729317
61.10552763819096	0.07012569772090226
61.50753768844221	0.0743736966988589
61.90954773869347	0.07576754966034131
62.311557788944725	0.07401675823363804
62.71356783919598	0.06913248797083624
63.11557788944724	0.06209907664266705
63.517587939698494	0.05467322748613972
63.91959798994975	0.04840312905108839
64.32160804020101	0.04522287886471728
64.72361809045226	0.045670014599777195
65.12562814070353	0.04851192019438058
65.52763819095478	0.0526288881488471
65.92964824120604	0.05728013543597933
66.33165829145729	0.06247677091807073
66.73366834170855	0.06716544851472082
67.1356783919598	0.07084684789350329
67.53768844221106	0.07272956457920546
67.93969849246231	0.07213283440967032
68.34170854271358	0.06891161056140581
68.74371859296483	0.06361317096235872
69.14572864321609	0.056981551405558384
69.54773869346734	0.050763637909576866
69.9497487437186	0.04631557008178276
70.35175879396985	0.044735093242662144
70.75376884422111	0.04594482662084466
71.15577889447236	0.04905806670900003
71.55778894472363	0.052442175483279764
71.95979899497488	0.05574845362300611
72.36180904522614	0.058822713374771574
72.76381909547739	0.06115369783569606
73.16582914572865	0.06280764446835943
73.5678391959799	0.06340792143078126
73.96984924623116	0.062360120065003986
74.37185929648241	0.05969575221825163
74.77386934673368	0.05540995834629573
75.17587939698493	0.050818449878326996
75.57788944723619	0.04643141354722197
75.97989949748744	0.04426930949977085
76.3819095477387	0.04474673806508281
76.78391959798995	0.04715194828076043
77.18592964824121	0.050239213722861754
77.58793969849246	0.0529756911540946
77.98994974874373	0.05473194757003088
78.39195979899498	0.05604769501147179
78.79396984924624	0.05717278458231406
79.19597989949749	0.058502922007989046
79.59798994974875	0.05979815379770833
80.0	0.06020155254871886
