0.0	0.020318748119805993
0.4020100502512563	0.018935557285808893
0.8040201005025126	0.01462188280372079
1.206030150753769	0.008126171277027566
1.6080402010050252	0.002943891999599051
2.0100502512562817	0.008510880057759455
2.412060301507538	0.014290252602698946
2.814070351758794	0.017482452606191568
3.2160804020100504	0.01754598965266131
3.6180904522613067	0.014358725467127733
4.020100502512563	0.008467124772819004
4.42211055276382	0.0014820738653988762
4.824120603015076	0.007243233517139086
5.226130653266332	0.01421959163513418
5.628140703517588	0.019009564479662296
6.030150753768845	0.02072036465926365
6.432160804020101	0.019204385710461284
6.834170854271357	0.01487501612339676
7.236180904522613	0.008409235698595436
7.63819095477387	0.004085885894999261
8.040201005025127	0.008846391762627474
8.442211055276383	0.014078898847338872
8.84422110552764	0.017093973750456803
9.246231155778895	0.016658274453248786
9.648241206030152	0.012881556008225955
10.050251256281408	0.006471387284316401
10.452261306532664	0.0013028951886444103
10.85427135678392	0.009402489064098315
11.256281407035177	0.016459012179568494
11.658291457286433	0.021070681551290514
12.06030150753769	0.0225453377734978
12.462311557788945	0.02074990681905698
12.864321608040202	0.016177289016658672
13.266331658291458	0.009697655653092946
13.668341708542714	0.0048165236928857155
14.07035175879397	0.00809131192322569
14.472361809045227	0.012916224740225773
14.874371859296483	0.015225069412368158
15.27638190954774	0.014322595295033533
15.678391959798995	0.010477615644852513
16.080402010050253	0.004460533435177808
16.48241206030151	0.0031317679911465855
16.884422110552766	0.010820707681186292
17.286432160804022	0.01735917667247902
17.68844221105528	0.021631291357596026
18.090452261306535	0.023137774254723235
18.49246231155779	0.021631404146405818
18.894472361809047	0.017312547027945522
19.296482412060303	0.011187685575501713
19.69849246231156	0.005342030813906667
20.100502512562816	0.0059137955556109335
20.502512562814072	0.010156873128465877
20.90452261306533	0.01241655477440729
21.306532663316585	0.012027082453569208
21.70854271356784	0.008566408409562626
22.110552763819097	0.002613765312855188
22.512562814070353	0.004781786476744083
22.91457286432161	0.012556059678154142
23.316582914572866	0.019240843424857094
23.718592964824122	0.024022230486195194
24.12060301507538	0.02581089561183253
24.522613065326635	0.02442132425867207
24.92462311557789	0.020036097399934352
25.326633165829147	0.013764092035381753
25.728643216080403	0.006600980511124279
26.13065326633166	0.0010881286055371966
26.532663316582916	0.005810802385101418
26.934673366834172	0.008639656256603572
27.33668341708543	0.008254668393991785
27.738693467336685	0.004859648278234794
28.14070351758794	0.002302943792717297
28.542713567839197	0.009220966696267683
28.944723618090453	0.016911021010061953
29.34673366834171	0.023710125307927522
29.748743718592966	0.02845885250718999
30.150753768844222	0.030178009000485857
30.55276381909548	0.0289732834279105
30.954773869346734	0.025131594370434433
31.35678391959799	0.019315603928265358
31.758793969849247	0.012392847105631568
32.16080402010051	0.006055351494218713
32.56281407035176	0.0027901253759699844
32.96482412060302	0.0041435161469218695
33.366834170854275	0.004525896339698354
33.76884422110553	0.004131852929113668
34.17085427135679	0.006468429070630425
34.572864321608044	0.011801096905922154
34.9748743718593	0.017969463524159582
35.37688442211056	0.023515372127437435
35.77889447236181	0.0271052062937081
36.18090452261307	0.028694557202390177
36.582914572864325	0.027578447987919634
36.98492462311558	0.024239680071031323
37.38693467336684	0.019389593106919904
37.788944723618094	0.014125542759572349
38.19095477386935	0.009803724603419422
38.59296482412061	0.007872938357645732
38.99497487437186	0.007794155218474682
39.39698492462312	0.007636612032159798
39.798994974874375	0.007471382941893481
40.20100502512563	0.009194147024080786
40.60301507537689	0.01367449140915775
41.005025125628144	0.019163735290826323
41.4070351758794	0.024106667295922878
41.80904522613066	0.02731846096622769
42.21105527638191	0.028387426162685518
42.61306532663317	0.027061084175712395
43.015075376884425	0.02349552671382395
43.41708542713568	0.018964080704805274
43.81909547738694	0.01454853933794073
44.221105527638194	0.011575486490673813
44.62311557788945	0.010917750420808477
45.02512562814071	0.011022400937076796
45.42713567839196	0.010658204052706724
45.82914572864322	0.010463669525954674
46.231155778894475	0.012013970620247649
46.63316582914573	0.015698182412964928
47.03517587939699	0.020488114595761036
47.437185929648244	0.024656571559442914
47.8391959798995	0.027535544972918952
48.24120603015076	0.028154301608596444
48.64321608040201	0.026628872449336333
49.04522613065327	0.02341119273439066
49.447236180904525	0.019322328673038174
49.84924623115578	0.015840232477492524
50.25125628140704	0.013872793335113976
50.653266331658294	0.013676375348757024
51.05527638190955	0.013987062807204135
51.45728643216081	0.013880630174408876
51.85929648241206	0.013872218529782593
52.26130653266332	0.015332045740477552
52.663316582914575	0.019002101274911483
53.06532663316583	0.02359366677519707
53.46733668341709	0.02773208744725057
53.869346733668344	0.03045444271561029
54.2713567839196	0.031288320849772615
54.67336683417086	0.030128709366234612
55.07537688442211	0.027215518150737424
55.47738693467337	0.023544772759779474
55.879396984924625	0.020095916693320344
56.28140703517588	0.017841117991499993
56.68341708542714	0.017308610787259492
57.085427135678394	0.017583677312277234
57.48743718592965	0.017898006881604478
57.88944723618091	0.018689156133826976
58.29145728643216	0.020413922614552653
58.69346733668342	0.023461449318845903
59.095477386934675	0.027498916403733427
59.49748743718593	0.03134319562064323
59.89949748743719	0.03421339438072079
60.301507537688444	0.03534967638695481
60.7035175879397	0.03464729028159396
61.10552763819096	0.03255500073408991
61.50753768844221	0.029331285477256868
61.90954773869347	0.026328200693803032
62.311557788944725	0.02432670319614442
62.71356783919598	0.023501447893070466
63.11557788944724	0.023842519904163292
63.517587939698494	0.02470023529964348
63.91959798994975	0.026148040200327925
64.32160804020101	0.028425963858879987
64.72361809045226	0.031536878862199066
65.12562814070353	0.03529769220886835
65.52763819095478	0.03875964213937959
65.92964824120604	0.04120844564293293
66.33165829145729	0.041942855886691145
66.73366834170855	0.04077963148562273
67.1356783919598	0.03801717175441316
67.53768844221106	0.0342756470428287
67.93969849246231	0.03051480096898519
68.34170854271358	0.027441577791721468
68.74371859296483	0.026222160920254218
69.14572864321609	0.026365560806342198
69.54773869346734	0.027439333563067
69.9497487437186	0.028999724023218786
70.35175879396985	0.031132811162976448
70.75376884422111	0.03344748007046995
71.15577889447236	0.03624767335714648
71.55778894472363	0.038749103036622934
71.95979899497488	0.04013539897966033
72.36180904522614	0.04014588213583671
72.76381909547739	0.03855052603724871
73.16582914572865	0.0354735375820418
73.5678391959799	0.03178098340048491
73.96984924623116	0.02784926440792094
74.37185929648241	0.025406436618798368
74.77386934673368	0.024676499552737437
75.17587939698493	0.025717493794643324
75.57788944723619	0.02727983457989952
75.97989949748744	0.028585506639341042
76.3819095477387	0.029557509692172478
76.78391959798995	0.03085314833331896
77.18592964824121	0.03191138350918692
77.58793969849246	0.03323157054510693
77.98994974874373	0.03419216471673331
78.39195979899498	0.03428965024537332
78.79396984924624	0.03301789679909607
79.19597989949749	0.03078266278288145
79.59798994974875	0.0280036397096119
80.0	0.025223997573683543
