0.0	0.020713378386078188
0.4020100502512563	0.019086733212400543
0.8040201005025126	0.014655462989433654
1.206030150753769	0.00793324274699068
1.6080402010050252	0.002728353541819846
2.0100502512562817	0.008276402955902826
2.412060301507538	0.013656305281477935
2.814070351758794	0.016280861891523862
3.2160804020100504	0.015278745430045754
3.6180904522613067	0.011211396188640208
4.020100502512563	0.004591966073209335
4.42211055276382	0.004043553559797899
4.824120603015076	0.01183867402481455
5.226130653266332	0.01846571237634235
5.628140703517588	0.022467647876884787
6.030150753768845	0.0229825742130749
6.432160804020101	0.02050256061583944
6.834170854271357	0.015560572770134524
7.236180904522613	0.009300867161406604
7.63819095477387	0.005881525865081298
8.040201005025127	0.008281936256251902
8.442211055276383	0.010930391545902796
8.84422110552764	0.010693200426529416
9.246231155778895	0.007276530207625895
9.648241206030152	0.0032805888665730773
10.050251256281408	0.009635915154413798
10.452261306532664	0.019212054012422326
10.85427135678392	0.028017577610245446
11.256281407035177	0.03588805916807937
11.658291457286433	0.04126100586696052
12.06030150753769	0.04310132810029746
12.462311557788945	0.04182916739596494
12.864321608040202	0.038676805498705766
13.266331658291458	0.03459173418752089
13.668341708542714	0.03046216513182488
14.07035175879397	0.027485621898993774
14.472361809045227	0.025254200815364652
14.874371859296483	0.02407494484843716
15.27638190954774	0.024890033464261576
15.678391959798995	0.026503966228731902
16.080402010050253	0.02630629785175618
16.48241206030151	0.024347243553399872
16.884422110552766	0.022169011675158244
17.286432160804022	0.02159342112306661
17.68844221105528	0.02432673918288471
18.090452261306535	0.02881541037740463
18.49246231155779	0.03569133286573192
18.894472361809047	0.04527019730786079
19.296482412060303	0.05833002061652424
19.69849246231156	0.07260551609053303
20.100502512562816	0.08474257883734666
20.502512562814072	0.09173518576679204
20.90452261306533	0.09219368855086199
21.306532663316585	0.0850144899237428
21.70854271356784	0.07167831412701901
22.110552763819097	0.055394562689403806
22.512562814070353	0.0410210637919121
22.91457286432161	0.03420026751731576
23.316582914572866	0.03404623557229906
23.718592964824122	0.033806877494276875
24.12060301507538	0.03010206802746007
24.522613065326635	0.027279005717920208
24.92462311557789	0.03418694466671407
25.326633165829147	0.04965778569848738
25.728643216080403	0.06518987781205661
26.13065326633166	0.07525832960193228
26.532663316582916	0.07682235430270222
26.934673366834172	0.06781112813870728
27.33668341708543	0.04925352933762003
27.738693467336685	0.026460836263163517
28.14070351758794	0.014528047661184823
28.542713567839197	0.029991679605786616
28.944723618090453	0.044390384028184515
29.34673366834171	0.05031455427837121
29.748743718592966	0.046953113572225966
30.150753768844222	0.03580953947481043
30.55276381909548	0.01913762343636987
30.954773869346734	0.008416322958420914
31.35678391959799	0.022013029873768387
31.758793969849247	0.03429687583861358
32.16080402010051	0.038840223302430046
32.56281407035176	0.03387131909493208
32.96482412060302	0.02254393415780095
33.366834170854275	0.020943703896590303
33.76884422110553	0.04074594112435922
34.17085427135679	0.06387581228406211
34.572864321608044	0.08219571598363086
34.9748743718593	0.09144164211700406
35.37688442211056	0.08985867750530938
35.77889447236181	0.0773320763659445
36.18090452261307	0.05605965279193059
36.582914572864325	0.03101515614779784
36.98492462311558	0.015766938632849926
37.38693467336684	0.02949848920537061
37.788944723618094	0.04370276886993332
38.19095477386935	0.04925860078974973
38.59296482412061	0.04638527094364415
38.99497487437186	0.03985629918023832
39.39698492462312	0.03752983810449915
39.798994974874375	0.04447819175173341
40.20100502512563	0.0549858706908952
40.60301507537689	0.062249681027883495
41.005025125628144	0.06259308129922911
41.4070351758794	0.053781909604098
41.80904522613066	0.037995268315948794
42.21105527638191	0.022520076805258922
42.61306532663317	0.030895911081138476
43.015075376884425	0.05395422782964676
43.41708542713568	0.07495333631204966
43.81909547738694	0.08878033162303485
44.221105527638194	0.09332514849838107
44.62311557788945	0.0878151501218398
45.02512562814071	0.07413786215532363
45.42713567839196	0.054095045500779294
45.82914572864322	0.03187648883744439
46.231155778894475	0.012623822475130992
46.63316582914573	0.013147872276042869
47.03517587939699	0.021904618187034448
47.437185929648244	0.024360847111591914
47.8391959798995	0.020347943299917313
48.24120603015076	0.01673893474650294
48.64321608040201	0.023760775567794747
49.04522613065327	0.035848165693133156
49.447236180904525	0.0460263916758824
49.84924623115578	0.05072414563687845
50.25125628140704	0.047690200099757114
50.653266331658294	0.03711610026180713
51.05527638190955	0.02100769365206452
51.45728643216081	0.01112137730590498
51.85929648241206	0.028869142233508838
52.26130653266332	0.04846236298252001
52.663316582914575	0.06298633274871995
53.06532663316583	0.06958751267077894
53.46733668341709	0.06806517465193364
53.869346733668344	0.05884799591102182
54.2713567839196	0.043719931497262436
54.67336683417086	0.02623114546673639
55.07537688442211	0.009576963891043361
55.47738693467337	0.0034179740726985896
55.879396984924625	0.011248438259564123
56.28140703517588	0.017035355667995244
56.68341708542714	0.02511521605103027
57.085427135678394	0.03746991975478346
57.48743718592965	0.051788945579065014
57.88944723618091	0.06487816011549372
58.29145728643216	0.07382383660798328
58.69346733668342	0.07590501087002297
59.095477386934675	0.07030796454798223
59.49748743718593	0.057428097325382246
59.89949748743719	0.038644604823743114
60.301507537688444	0.016834560989498294
60.7035175879397	0.008440019223703634
61.10552763819096	0.027871838771090313
61.50753768844221	0.04326141129089159
61.90954773869347	0.05187462905606721
62.311557788944725	0.052622447705713594
62.71356783919598	0.0466253171967992
63.11557788944724	0.03575202992644
63.517587939698494	0.023636947572828276
63.91959798994975	0.015108742423536187
64.32160804020101	0.015208251771247048
64.72361809045226	0.017186116281541142
65.12562814070353	0.0161736704989229
65.52763819095478	0.016333080292204163
65.92964824120604	0.023818014903832407
66.33165829145729	0.03576357916776556
66.73366834170855	0.04699819257744863
67.1356783919598	0.05417811600499524
67.53768844221106	0.055282245640322566
67.93969849246231	0.04934739059707469
68.34170854271358	0.03685565994272677
68.74371859296483	0.01919821711588868
69.14572864321609	0.0020283745186809262
69.54773869346734	0.02164483113542809
69.9497487437186	0.03926016679298471
70.35175879396985	0.0523054054865769
70.75376884422111	0.05866875089112421
71.15577889447236	0.05860086340060452
71.55778894472363	0.05272505430124104
71.95979899497488	0.04261803097693189
72.36180904522614	0.030633917829151647
72.76381909547739	0.018819172942437155
73.16582914572865	0.008536104096713532
73.5678391959799	0.0020543613986709155
73.96984924623116	0.011628538882555387
74.37185929648241	0.02413168693694229
74.77386934673368	0.03821963956555926
75.17587939698493	0.05153954844058578
75.57788944723619	0.06190237829802821
75.97989949748744	0.06685277385131046
76.3819095477387	0.06522224984662811
76.78391959798995	0.05701367962805178
77.18592964824121	0.04293882741790596
77.58793969849246	0.025283749045540937
77.98994974874373	0.007090356691214215
78.39195979899498	0.013152777480885062
78.79396984924624	0.02704524995846979
79.19597989949749	0.03568227211796727
79.59798994974875	0.038183907332347236
80.0	0.0347739356858841
