0.0	0.01302918664634948
0.4020100502512563	0.013311061263839758
0.8040201005025126	0.011495052962784542
1.206030150753769	0.008054276660518363
1.6080402010050252	0.004485025601578712
2.0100502512562817	0.004111883353880812
2.412060301507538	0.007022618406302532
2.814070351758794	0.00906233048160879
3.2160804020100504	0.00925610186980087
3.6180904522613067	0.007623090720086943
4.020100502512563	0.004124076043984063
4.42211055276382	0.002040614262465781
4.824120603015076	0.006359725555531169
5.226130653266332	0.010929308373567528
5.628140703517588	0.013998275154492267
6.030150753768845	0.015427566556527278
6.432160804020101	0.014675471525684911
6.834170854271357	0.01217634706524588
7.236180904522613	0.008972380411955302
7.63819095477387	0.006251889087109645
8.040201005025127	0.006248491106288281
8.442211055276383	0.007452487421635287
8.84422110552764	0.008103467847548671
9.246231155778895	0.007116251890684294
9.648241206030152	0.004574845208972173
10.050251256281408	0.001940479219174799
10.452261306532664	0.00488564076535121
10.85427135678392	0.00899859082830617
11.256281407035177	0.01207648986277023
11.658291457286433	0.013537513398274376
12.06030150753769	0.013108014153199236
12.462311557788945	0.011390032351055455
12.864321608040202	0.010339902902039151
13.266331658291458	0.011961307524235737
13.668341708542714	0.015887145472200118
14.07035175879397	0.01989108267810239
14.472361809045227	0.0219562588391412
14.874371859296483	0.021399627175390082
15.27638190954774	0.018098144738232826
15.678391959798995	0.013045759694768242
16.080402010050253	0.009670475711282257
16.48241206030151	0.012220318137481825
16.884422110552766	0.017380412275240002
17.286432160804022	0.02127586747304659
17.68844221105528	0.022618703996310965
18.090452261306535	0.021442978801526024
18.49246231155779	0.019381739571999963
18.894472361809047	0.0185750701834624
19.296482412060303	0.021082563256335514
19.69849246231156	0.02565915209214878
20.100502512562816	0.02968498852441987
20.502512562814072	0.03165248184184601
20.90452261306533	0.03120682041066623
21.306532663316585	0.028619214037428575
21.70854271356784	0.02555038579967863
22.110552763819097	0.023992055923123687
22.512562814070353	0.025235987637781548
22.91457286432161	0.028195008656290606
23.316582914572866	0.031020042668518894
23.718592964824122	0.032372427343391234
24.12060301507538	0.032328903598938516
24.522613065326635	0.03189971924849069
24.92462311557789	0.03199468713260227
25.326633165829147	0.03311106974846073
25.728643216080403	0.034925500031223335
26.13065326633166	0.036184254637701876
26.532663316582916	0.03623407313067378
26.934673366834172	0.03505236740325922
27.33668341708543	0.03413661694374113
27.738693467336685	0.03472872780616497
28.14070351758794	0.03717493706888662
28.542713567839197	0.04066840169469678
28.944723618090453	0.0438494333483853
29.34673366834171	0.0459741444824117
29.748743718592966	0.046685642003283984
30.150753768844222	0.04703529132909803
30.55276381909548	0.04777117829411699
30.954773869346734	0.04990725157992858
31.35678391959799	0.05300085833020908
31.758793969849247	0.05638721939078839
32.16080402010051	0.05877171569720403
32.56281407035176	0.06000669268192671
32.96482412060302	0.06013398147992777
33.366834170854275	0.060067326082634466
33.76884422110553	0.06010366136431654
34.17085427135679	0.060661736801755795
34.572864321608044	0.06147736118696281
34.9748743718593	0.0621183129484455
35.37688442211056	0.06258799855436975
35.77889447236181	0.06258264713289728
36.18090452261307	0.06235380629187787
36.582914572864325	0.06239388593885246
36.98492462311558	0.0627436026117695
37.38693467336684	0.06337916620263388
37.788944723618094	0.06341249828151055
38.19095477386935	0.0631512308693584
38.59296482412061	0.062130824747709236
38.99497487437186	0.06058923152007747
39.39698492462312	0.05937035504132162
39.798994974874375	0.05863185047981728
40.20100502512563	0.05875356247696493
40.60301507537689	0.059881451711431596
41.005025125628144	0.061405506520318245
41.4070351758794	0.06305512529425536
41.80904522613066	0.06408847286677245
42.21105527638191	0.064185703174338
42.61306532663317	0.06349712367874658
43.015075376884425	0.06227004404840778
43.41708542713568	0.06101039129848059
43.81909547738694	0.05955477340481909
44.221105527638194	0.05786748672778504
44.62311557788945	0.05593875253747969
45.02512562814071	0.05380535685376599
45.42713567839196	0.05203820779075805
45.82914572864322	0.05143692665380495
46.231155778894475	0.05265484285274541
46.63316582914573	0.05503876397776687
47.03517587939699	0.0578979450030885
47.437185929648244	0.06037090227016136
47.8391959798995	0.061682342367864594
48.24120603015076	0.061977675069136054
48.64321608040201	0.06122470486669777
49.04522613065327	0.06028077083926011
49.447236180904525	0.0588254762194538
49.84924623115578	0.057064417272119916
50.25125628140704	0.05497149567033406
50.653266331658294	0.052488340942347035
51.05527638190955	0.05024138207375386
51.45728643216081	0.048956018170240166
51.85929648241206	0.0488491149137077
52.26130653266332	0.050620028001254404
52.663316582914575	0.05358337766669211
53.06532663316583	0.05664379912416061
53.46733668341709	0.059099737651093553
53.869346733668344	0.060454275915854394
54.2713567839196	0.060727354103252904
54.67336683417086	0.06042426495618677
55.07537688442211	0.05973156386014369
55.47738693467337	0.05861640363768931
55.879396984924625	0.057086321862645395
56.28140703517588	0.05490455502437151
56.68341708542714	0.05217020906252133
57.085427135678394	0.04939017943345769
57.48743718592965	0.047483953939621446
57.88944723618091	0.047298988104848665
58.29145728643216	0.049355279283269535
58.69346733668342	0.05261418333463489
59.095477386934675	0.0561331500137914
59.49748743718593	0.05890562603088704
59.89949748743719	0.060456148311865396
60.301507537688444	0.06098956673695645
60.7035175879397	0.06122478023531062
61.10552763819096	0.06147077351751793
61.50753768844221	0.06140403666590842
61.90954773869347	0.060801151921780205
62.311557788944725	0.05927755833973051
62.71356783919598	0.05639276727844596
63.11557788944724	0.05318910127249562
63.517587939698494	0.05041046770484152
63.91959798994975	0.0495682942045075
64.32160804020101	0.05083544443608902
64.72361809045226	0.05442646959453727
65.12562814070353	0.05865065849746017
65.52763819095478	0.0626647444790113
65.92964824120604	0.066074596299702
66.33165829145729	0.06832091942513244
66.73366834170855	0.0693276866064573
67.1356783919598	0.06888660266454513
67.53768844221106	0.06693185473674661
67.93969849246231	0.06365336267290529
68.34170854271358	0.059367224940955234
68.74371859296483	0.054732338452809545
69.14572864321609	0.050734983905625676
69.54773869346734	0.04827695376400599
69.9497487437186	0.04850208717947548
70.35175879396985	0.05112353800979319
70.75376884422111	0.056024652433660505
71.15577889447236	0.061194116910373096
71.55778894472363	0.06565027521697078
71.95979899497488	0.06813382422017321
72.36180904522614	0.06826943969856557
72.76381909547739	0.06648514058408199
73.16582914572865	0.06330772657329334
73.5678391959799	0.05942085792487968
73.96984924623116	0.05537912990297713
74.37185929648241	0.05207159230610993
74.77386934673368	0.04913660404279625
75.17587939698493	0.0469817497727209
75.57788944723619	0.04653123562320944
75.97989949748744	0.0482215112443217
76.3819095477387	0.05146126594835519
76.78391959798995	0.05570994447985387
77.18592964824121	0.059783220850353015
77.58793969849246	0.06278375481041723
77.98994974874373	0.06387914716797206
78.39195979899498	0.0630635052462281
78.79396984924624	0.06113991872482777
79.19597989949749	0.05871487867917193
79.59798994974875	0.05661862266283678
80.0	0.055084752798023565
