0.0	0.025055180515445086
0.4020100502512563	0.02183186566676803
0.8040201005025126	0.015047202629570756
1.206030150753769	0.0058390539526808356
1.6080402010050252	0.00393211264994721
2.0100502512562817	0.01247296822366552
2.412060301507538	0.018464511654967243
2.814070351758794	0.02046606529608045
3.2160804020100504	0.01800209720938661
3.6180904522613067	0.01205423743008168
4.020100502512563	0.0034339401226743116
4.42211055276382	0.00630674779812386
4.824120603015076	0.015360436929868432
5.226130653266332	0.02171418009322305
5.628140703517588	0.02463997208335466
6.030150753768845	0.02338020620293447
6.432160804020101	0.017923845793815806
6.834170854271357	0.00976569898134819
7.236180904522613	0.0008673203605951815
7.63819095477387	0.008928889240037647
8.040201005025127	0.015839013867947564
8.442211055276383	0.01905316420409017
8.84422110552764	0.018238861821520982
9.246231155778895	0.013449336812286184
9.648241206030152	0.004988584798174546
10.050251256281408	0.004811457799255765
10.452261306532664	0.014600984706436452
10.85427135678392	0.022782256708638315
11.256281407035177	0.027557880809065915
11.658291457286433	0.028028439220346375
12.06030150753769	0.024510429647326047
12.462311557788945	0.017690902593441114
12.864321608040202	0.008848317819186985
13.266331658291458	0.0007519013724099117
13.668341708542714	0.007869851811072566
14.07035175879397	0.01234774467222852
14.472361809045227	0.012864329969359784
14.874371859296483	0.009064030655993822
15.27638190954774	0.002110032592520248
15.678391959798995	0.007517178907449062
16.080402010050253	0.0173940188533511
16.48241206030151	0.02574241344260922
16.884422110552766	0.031089931250007696
17.286432160804022	0.03232681779208907
17.68844221105528	0.029029078235733093
18.090452261306535	0.021945324771554364
18.49246231155779	0.012892571871876212
18.894472361809047	0.005898780158637463
19.296482412060303	0.00911538746020762
19.69849246231156	0.01357384865036527
20.100502512562816	0.014166894628527441
20.502512562814072	0.010293164207975493
20.90452261306533	0.004706794064732624
21.306532663316585	0.010596185296430636
21.70854271356784	0.021323467526783484
22.110552763819097	0.03080281719047236
22.512562814070353	0.037107497917077945
22.91457286432161	0.03929371171071623
23.316582914572866	0.036909817428428394
23.718592964824122	0.030770152599210947
24.12060301507538	0.023205536220035915
24.522613065326635	0.017691722078437645
24.92462311557789	0.017636727527740974
25.326633165829147	0.0206889698645733
25.728643216080403	0.02248201597734905
26.13065326633166	0.0214227583438329
26.532663316582916	0.01808826877719945
26.934673366834172	0.016288082364861
27.33668341708543	0.02040020934988556
27.738693467336685	0.02794278049141722
28.14070351758794	0.034899266478572104
28.542713567839197	0.03889070016741743
28.944723618090453	0.03928543306099676
29.34673366834171	0.03607846761128629
29.748743718592966	0.031036112891340416
30.150753768844222	0.026726766129815772
30.55276381909548	0.024985724666961882
30.954773869346734	0.025735413108638704
31.35678391959799	0.026606211763496486
31.758793969849247	0.025721163280325882
32.16080402010051	0.023717375151656887
32.56281407035176	0.022844172175947357
32.96482412060302	0.025769712166988958
33.366834170854275	0.032008685049949845
33.76884422110553	0.038488329268645594
34.17085427135679	0.04331289524455722
34.572864321608044	0.045671071044831216
34.9748743718593	0.04522579821566196
35.37688442211056	0.043097717243215226
35.77889447236181	0.04021662677582196
36.18090452261307	0.03806480534354681
36.582914572864325	0.0370026005064288
36.98492462311558	0.03663784808541337
37.38693467336684	0.03615215874247254
37.788944723618094	0.035068038897378764
38.19095477386935	0.03426037074702366
38.59296482412061	0.03523076352740958
38.99497487437186	0.03918562370811039
39.39698492462312	0.04525105804312369
39.798994974874375	0.05200925720996339
40.20100502512563	0.05785005359917518
40.60301507537689	0.06162131695761858
41.005025125628144	0.06338459342313821
41.4070351758794	0.06301124171749602
41.80904522613066	0.06131231093959423
42.21105527638191	0.059045631684891096
42.61306532663317	0.05734878062573676
43.015075376884425	0.055857080906438074
43.41708542713568	0.05460655945872513
43.81909547738694	0.05308444291096574
44.221105527638194	0.051669624475751616
44.62311557788945	0.05104816233365195
45.02512562814071	0.051880697982084424
45.42713567839196	0.05440830772952733
45.82914572864322	0.05748824641632625
46.231155778894475	0.060231288728915346
46.63316582914573	0.062149021072459044
47.03517587939699	0.06297904356248253
47.437185929648244	0.06278749769853804
47.8391959798995	0.06182091894924826
48.24120603015076	0.06062554320738902
48.64321608040201	0.059028093234110804
49.04522613065327	0.05712711247511926
49.447236180904525	0.05487347295319506
49.84924623115578	0.05178662935514894
50.25125628140704	0.04812215553485101
50.653266331658294	0.04454837636768156
51.05527638190955	0.042515500342546426
51.45728643216081	0.04263581169320084
51.85929648241206	0.04465181965212495
52.26130653266332	0.04751026160620784
52.663316582914575	0.04992381373531523
53.06532663316583	0.05119441147901266
53.46733668341709	0.051381257272361126
53.869346733668344	0.051176412243845594
54.2713567839196	0.050902284026902514
54.67336683417086	0.05062366187703633
55.07537688442211	0.05004780853640913
55.47738693467337	0.048387346176925444
55.879396984924625	0.04535438108702391
56.28140703517588	0.041125648423087045
56.68341708542714	0.03741640437766769
57.085427135678394	0.03609882525136716
57.48743718592965	0.03819216004260335
57.88944723618091	0.04246818472408767
58.29145728643216	0.04690021780360084
58.69346733668342	0.05000278420626786
59.095477386934675	0.05124089853019481
59.49748743718593	0.05057878804919301
59.89949748743719	0.04911496758267721
60.301507537688444	0.04754877504861772
60.7035175879397	0.046498086732644765
61.10552763819096	0.045368965795055366
61.50753768844221	0.04415519823414306
61.90954773869347	0.041896810284735506
62.311557788944725	0.03919622747505603
62.71356783919598	0.03754389471767198
63.11557788944724	0.03805299941140554
63.517587939698494	0.041439271578942734
63.91959798994975	0.046120981351999935
64.32160804020101	0.05028930512311978
64.72361809045226	0.052644217330137175
65.12562814070353	0.05267377771461852
65.52763819095478	0.05107582257682336
65.92964824120604	0.0489270740374166
66.33165829145729	0.047532595321313195
66.73366834170855	0.04678267130830974
67.1356783919598	0.04636567056748761
67.53768844221106	0.04484382710415934
67.93969849246231	0.04258501257707014
68.34170854271358	0.0397596878299577
68.74371859296483	0.038355850244785786
69.14572864321609	0.03952167511857097
69.54773869346734	0.043191928284422004
69.9497487437186	0.047701836995182295
70.35175879396985	0.05136041639778123
70.75376884422111	0.05287611562942283
71.15577889447236	0.05246756177284034
71.55778894472363	0.05048001471020397
71.95979899497488	0.04820623865445362
72.36180904522614	0.04619033097806561
72.76381909547739	0.044503014013128166
73.16582914572865	0.04281565487790524
73.5678391959799	0.04105932405222993
73.96984924623116	0.0392339519248322
74.37185929648241	0.03819327682726793
74.77386934673368	0.03927856019802605
75.17587939698493	0.0426751400359894
75.57788944723619	0.0473759237562207
75.97989949748744	0.05175383670439819
76.3819095477387	0.054482951983343186
76.78391959798995	0.055244996131932955
77.18592964824121	0.05359584467846863
77.58793969849246	0.05072760745596139
77.98994974874373	0.04731815639257347
78.39195979899498	0.04427252263845803
78.79396984924624	0.041881359047762114
79.19597989949749	0.04003846666793284
79.59798994974875	0.03842699666963501
80.0	0.03700601777740409
