0.0	0.01733696737271691
0.4020100502512563	0.015522930602798562
0.8040201005025126	0.01142344274798696
1.206030150753769	0.005763218245713636
1.6080402010050252	0.002663526935275126
2.0100502512562817	0.007702000442667523
2.412060301507538	0.01214817580100967
2.814070351758794	0.013987994125351167
3.2160804020100504	0.013006158820916516
3.6180904522613067	0.009302786986985495
4.020100502512563	0.003601181297554075
4.42211055276382	0.003202511669165055
4.824120603015076	0.009568656265953341
5.226130653266332	0.014583942880618645
5.628140703517588	0.017164029797793585
6.030150753768845	0.016993424008314717
6.432160804020101	0.014328578343948245
6.834170854271357	0.009189518602233802
7.236180904522613	0.0033100952441208163
7.63819095477387	0.003894877380162483
8.040201005025127	0.00878580434866323
8.442211055276383	0.011671090733637571
8.84422110552764	0.011875597894646154
9.246231155778895	0.009345442990497733
9.648241206030152	0.004956891935625754
10.050251256281408	0.00332799587665161
10.452261306532664	0.009180403006792584
10.85427135678392	0.014742117086679371
11.256281407035177	0.01851802795291394
11.658291457286433	0.019809047586165494
12.06030150753769	0.018563515731237604
12.462311557788945	0.015368352063074478
12.864321608040202	0.012049882524913676
13.266331658291458	0.011620358396854661
13.668341708542714	0.014387788208075788
14.07035175879397	0.017962471949053045
14.472361809045227	0.02001467592200657
14.874371859296483	0.020277077392093504
15.27638190954774	0.018812491528106313
15.678391959798995	0.01703770562908482
16.080402010050253	0.016783836215771154
16.48241206030151	0.01854765492145789
16.884422110552766	0.0216638807205195
17.286432160804022	0.02411548647672019
17.68844221105528	0.024658291478160312
18.090452261306535	0.023305415276160528
18.49246231155779	0.020251594341317396
18.894472361809047	0.015579013182836249
19.296482412060303	0.0108203094245339
19.69849246231156	0.009416579735737694
20.100502512562816	0.012648279904906462
20.502512562814072	0.017455839273204245
20.90452261306533	0.021487560936028747
21.306532663316585	0.024380104045468826
21.70854271356784	0.0259148331606265
22.110552763819097	0.026834377652816162
22.512562814070353	0.027916602428513106
22.91457286432161	0.029327557775770972
23.316582914572866	0.030994569746009254
23.718592964824122	0.031769937187894996
24.12060301507538	0.030678520950327776
24.522613065326635	0.02754015583332777
24.92462311557789	0.022575423467509022
25.326633165829147	0.016927560953936764
25.728643216080403	0.012339604532593891
26.13065326633166	0.011343604911570103
26.532663316582916	0.013814379743653316
26.934673366834172	0.01722218506585482
27.33668341708543	0.020874829925523992
27.738693467336685	0.02475533671855015
28.14070351758794	0.02919133636024514
28.542713567839197	0.03386343537817972
28.944723618090453	0.037869540323229596
29.34673366834171	0.040554193470503166
29.748743718592966	0.04068545207395212
30.150753768844222	0.038527730306995765
30.55276381909548	0.034325770069054955
30.954773869346734	0.02897189012489203
31.35678391959799	0.0237483496243281
31.758793969849247	0.019426206061685818
32.16080402010051	0.017220597459372426
32.56281407035176	0.016663452664322762
32.96482412060302	0.017889988965478953
33.366834170854275	0.021407149060696157
33.76884422110553	0.027041148916061082
34.17085427135679	0.03405830181750547
34.572864321608044	0.041164792136521876
34.9748743718593	0.047280200355310754
35.37688442211056	0.05125768179930594
35.77889447236181	0.052686434333901674
36.18090452261307	0.051483402081975806
36.582914572864325	0.04820312741080128
36.98492462311558	0.04362559866040049
37.38693467336684	0.0389668014214339
37.788944723618094	0.034960825634224785
38.19095477386935	0.03258115946555819
38.59296482412061	0.03269025938643788
38.99497487437186	0.03496307570939255
39.39698492462312	0.039914517846020306
39.798994974874375	0.04640456103173793
40.20100502512563	0.05351615373856515
40.60301507537689	0.06042736906275359
41.005025125628144	0.06628320859160217
41.4070351758794	0.07017846513165726
41.80904522613066	0.07209942213698503
42.21105527638191	0.07183571685438477
42.61306532663317	0.06984364754145829
43.015075376884425	0.06658353320101598
43.41708542713568	0.0625687226342547
43.81909547738694	0.05862066898497925
44.221105527638194	0.05499401084879536
44.62311557788945	0.051571244253004224
45.02512562814071	0.04904413199833493
45.42713567839196	0.04787762577471311
45.82914572864322	0.04848281977533955
46.231155778894475	0.05121747901215653
46.63316582914573	0.05588608229503357
47.03517587939699	0.06170377692131481
47.437185929648244	0.06808217033156792
47.8391959798995	0.073518463119974
48.24120603015076	0.07676910332336154
48.64321608040201	0.07712841900519975
49.04522613065327	0.07358401022543751
49.447236180904525	0.06727251129993836
49.84924623115578	0.05871263869038453
50.25125628140704	0.04968441068539377
50.653266331658294	0.04189774153589852
51.05527638190955	0.03621002947827241
51.45728643216081	0.03354226894292478
51.85929648241206	0.033784117009092965
52.26130653266332	0.03706460073495054
52.663316582914575	0.04317359245285525
53.06532663316583	0.050824001349883796
53.46733668341709	0.05864051996707215
53.869346733668344	0.06467614881465691
54.2713567839196	0.06793282699693803
54.67336683417086	0.06759569160492157
55.07537688442211	0.06385349974226377
55.47738693467337	0.05735468656764712
55.879396984924625	0.049102442418945694
56.28140703517588	0.04077006795466002
56.68341708542714	0.03390597901086233
57.085427135678394	0.029733872768288927
57.48743718592965	0.02882748218911868
57.88944723618091	0.031177922302499238
58.29145728643216	0.03645653827528546
58.69346733668342	0.043758672664856335
59.095477386934675	0.05173047362673985
59.49748743718593	0.05883311328735957
59.89949748743719	0.06406172120381734
60.301507537688444	0.06684086223870975
60.7035175879397	0.06657659787327125
61.10552763819096	0.06376173758302277
61.50753768844221	0.05887927488189708
61.90954773869347	0.05295666735806187
62.311557788944725	0.047251239394873024
62.71356783919598	0.042901555082367385
63.11557788944724	0.04038809274268743
63.517587939698494	0.04026583624734616
63.91959798994975	0.04249289686700151
64.32160804020101	0.04669201873495664
64.72361809045226	0.05231660379054487
65.12562814070353	0.0580670880814971
65.52763819095478	0.06341329571512504
65.92964824120604	0.06716574783673408
66.33165829145729	0.06878058352125947
66.73366834170855	0.06802966046781989
67.1356783919598	0.06524097092160937
67.53768844221106	0.06061823901897536
67.93969849246231	0.05514458839360028
68.34170854271358	0.04964465764654308
68.74371859296483	0.04494608930135008
69.14572864321609	0.04193572663753524
69.54773869346734	0.0407218193284883
69.9497487437186	0.041679357184975674
70.35175879396985	0.04465143675647103
70.75376884422111	0.04939507971526853
71.15577889447236	0.054893739182848476
71.55778894472363	0.060508591857655517
71.95979899497488	0.06505800839352074
72.36180904522614	0.06780168097250976
72.76381909547739	0.06776155026932469
73.16582914572865	0.06505941185791092
73.5678391959799	0.060004383574569185
73.96984924623116	0.05377828492778155
74.37185929648241	0.04721508751391604
74.77386934673368	0.041720275485469985
75.17587939698493	0.03825463906340795
75.57788944723619	0.03749430282129561
75.97989949748744	0.03899808378877329
76.3819095477387	0.0430771983865728
76.78391959798995	0.04841166727633116
77.18592964824121	0.054476686748568606
77.58793969849246	0.059878483838664634
77.98994974874373	0.06341803625811385
78.39195979899498	0.06425048232736053
78.79396984924624	0.062309857512514534
79.19597989949749	0.05789014555255909
79.59798994974875	0.05185311835018123
80.0	0.04583199732987394
