0.0	0.014036668095306865
0.4020100502512563	0.013403921141576902
0.8040201005025126	0.010528082955544572
1.206030150753769	0.005887737800021097
1.6080402010050252	0.001200935586568092
2.0100502512562817	0.005311298269732418
2.412060301507538	0.009429933544806667
2.814070351758794	0.011388594966665024
3.2160804020100504	0.011317463172253874
3.6180904522613067	0.008704993683510565
4.020100502512563	0.004109198402836095
4.42211055276382	0.0018445712295909393
4.824120603015076	0.007417794194534896
5.226130653266332	0.012018514227854946
5.628140703517588	0.014854782013495035
6.030150753768845	0.015269139556326675
6.432160804020101	0.013446410876483966
6.834170854271357	0.009566393129296902
7.236180904522613	0.004843841226209941
7.63819095477387	0.0021908692220481453
8.040201005025127	0.005771686428642733
8.442211055276383	0.008141528987360909
8.84422110552764	0.008728392434983686
9.246231155778895	0.007062630125849169
9.648241206030152	0.003910134128169294
10.050251256281408	0.0036120955998829663
10.452261306532664	0.008078129763539041
10.85427135678392	0.012643760028201936
11.256281407035177	0.016173192041367593
11.658291457286433	0.017977459057475165
12.06030150753769	0.017666008250295885
12.462311557788945	0.015946108054825738
12.864321608040202	0.01324301115650386
13.266331658291458	0.010551623194429592
13.668341708542714	0.009297572116863276
14.07035175879397	0.009814420625879052
14.472361809045227	0.011133227941595448
14.874371859296483	0.01175922023451562
15.27638190954774	0.011251529221770518
15.678391959798995	0.009915194412855906
16.080402010050253	0.008910199403871728
16.48241206030151	0.010346633221165151
16.884422110552766	0.014021321016547777
17.286432160804022	0.018113926269866288
17.68844221105528	0.021143120991957493
18.090452261306535	0.022456875731639406
18.49246231155779	0.022222145408241044
18.894472361809047	0.020727081493420778
19.296482412060303	0.019145585975555393
19.69849246231156	0.01871300417839586
20.100502512562816	0.02016689451160531
20.502512562814072	0.02225241146060975
20.90452261306533	0.0236690241115892
21.306532663316585	0.023792039885501957
21.70854271356784	0.022842186898093343
22.110552763819097	0.02182998951880383
22.512562814070353	0.021353830047258618
22.91457286432161	0.021631509455601886
23.316582914572866	0.02224748293846778
23.718592964824122	0.022591972007810716
24.12060301507538	0.02152940210000164
24.522613065326635	0.020093011284684985
24.92462311557789	0.019206974308307527
25.326633165829147	0.020598479233438723
25.728643216080403	0.023892203701508
26.13065326633166	0.028291326894954737
26.532663316582916	0.03224333109575042
26.934673366834172	0.03476326544684087
27.33668341708543	0.035766769326115486
27.738693467336685	0.035034118354403454
28.14070351758794	0.03319494312714963
28.542713567839197	0.030916996694964432
28.944723618090453	0.02869886017037333
29.34673366834171	0.026772460096321032
29.748743718592966	0.025269099893375762
30.150753768844222	0.024306216305976854
30.55276381909548	0.024807121517150952
30.954773869346734	0.027276234302153535
31.35678391959799	0.031379403852748
31.758793969849247	0.036052903969806385
32.16080402010051	0.03995970619209333
32.56281407035176	0.042422424180247977
32.96482412060302	0.043079577322679204
33.366834170854275	0.041773969171420046
33.76884422110553	0.03903525771008202
34.17085427135679	0.03559536910725753
34.572864321608044	0.032320838234715696
34.9748743718593	0.029858609857951895
35.37688442211056	0.029229556242715816
35.77889447236181	0.030333654203027555
36.18090452261307	0.033253747284691104
36.582914572864325	0.037881012117908064
36.98492462311558	0.043856515746850774
37.38693467336684	0.050108641835269606
37.788944723618094	0.05574819767423259
38.19095477386935	0.06005430488469499
38.59296482412061	0.062260469242077766
38.99497487437186	0.06239191863608209
39.39698492462312	0.06046345706779151
39.798994974874375	0.05710343290588642
40.20100502512563	0.05354435162752695
40.60301507537689	0.05075846675989857
41.005025125628144	0.04923596822945413
41.4070351758794	0.049700087213441456
41.80904522613066	0.052199066742434394
42.21105527638191	0.055790820984134105
42.61306532663317	0.059849694086063665
43.015075376884425	0.06343291084290814
43.41708542713568	0.06598575678370891
43.81909547738694	0.06671124445208867
44.221105527638194	0.06604262565117275
44.62311557788945	0.06397210822064178
45.02512562814071	0.06109191507135571
45.42713567839196	0.05781442190795494
45.82914572864322	0.054990002656829254
46.231155778894475	0.053029933113549976
46.63316582914573	0.05254801436878322
47.03517587939699	0.053091218012577546
47.437185929648244	0.05480787434180108
47.8391959798995	0.05710597539864391
48.24120603015076	0.05917278656585363
48.64321608040201	0.06052005426871484
49.04522613065327	0.060682398182997435
49.447236180904525	0.05998158300832189
49.84924623115578	0.058306933453643975
50.25125628140704	0.05663324425822495
50.653266331658294	0.054588751157282976
51.05527638190955	0.052558379686319254
51.45728643216081	0.050387551209889594
51.85929648241206	0.048471355200257756
52.26130653266332	0.047159244203327164
52.663316582914575	0.04665250794756963
53.06532663316583	0.04733132639201054
53.46733668341709	0.04900484430531844
53.869346733668344	0.05115694718469255
54.2713567839196	0.05345133464288724
54.67336683417086	0.055419398832213126
55.07537688442211	0.05712226623976867
55.47738693467337	0.05836764656666531
55.879396984924625	0.0593699566042313
56.28140703517588	0.05947416347196216
56.68341708542714	0.058348131244223375
57.085427135678394	0.0557711181748376
57.48743718592965	0.052445040526247946
57.88944723618091	0.04882402742508242
58.29145728643216	0.045848547304715756
58.69346733668342	0.04415722804532255
59.095477386934675	0.04410885812084408
59.49748743718593	0.045894937471157964
59.89949748743719	0.048927092060824975
60.301507537688444	0.0525845002840125
60.7035175879397	0.0567182580582636
61.10552763819096	0.06058822269740592
61.50753768844221	0.06367479405346357
61.90954773869347	0.06550645324628021
62.311557788944725	0.0650435400784089
62.71356783919598	0.06255176493444896
63.11557788944724	0.05803004410433377
63.517587939698494	0.052434995777116813
63.91959798994975	0.046825423159798624
64.32160804020101	0.04246371582342978
64.72361809045226	0.04031870935748003
65.12562814070353	0.04069099854399465
65.52763819095478	0.04365707393278738
65.92964824120604	0.04799845965123687
66.33165829145729	0.05340978542784741
66.73366834170855	0.05884197711900454
67.1356783919598	0.06307351337496078
67.53768844221106	0.06554322268586932
67.93969849246231	0.06576125348184048
68.34170854271358	0.06365339105378127
68.74371859296483	0.05963080472228434
69.14572864321609	0.054373028480794984
69.54773869346734	0.048617996485191335
69.9497487437186	0.04339424686630715
70.35175879396985	0.039761681598948925
70.75376884422111	0.03875445655509124
71.15577889447236	0.04061951834674541
71.55778894472363	0.04488665529030605
71.95979899497488	0.050756025204705214
72.36180904522614	0.0569904931509023
72.76381909547739	0.06239700233140953
73.16582914572865	0.06607660887317587
73.5678391959799	0.06720515136691038
73.96984924623116	0.06583388706163548
74.37185929648241	0.06254320171803596
74.77386934673368	0.05760561008178683
75.17587939698493	0.05243746144693732
75.57788944723619	0.04748485967855533
75.97989949748744	0.04363822173613747
76.3819095477387	0.04139485180621151
76.78391959798995	0.04137556927389497
77.18592964824121	0.043805496201125976
77.58793969849246	0.0481210896672767
77.98994974874373	0.05329347902410807
78.39195979899498	0.058142337669338906
78.79396984924624	0.061862205259431216
79.19597989949749	0.06347462112724482
79.59798994974875	0.06294843719651863
80.0	0.06051997125834502
