0.0	0.022547964884562965
0.4020100502512563	0.02300750185459623
0.8040201005025126	0.020007139833819746
1.206030150753769	0.013910968773680473
1.6080402010050252	0.006917113195024147
2.0100502512562817	0.006051381061822544
2.412060301507538	0.011611494969310434
2.814070351758794	0.01561490314466311
3.2160804020100504	0.016162515088840132
3.6180904522613067	0.013158528629301188
4.020100502512563	0.007160297219831026
4.42211055276382	0.0043611080345636235
4.824120603015076	0.012066981859536637
5.226130653266332	0.01992189446858651
5.628140703517588	0.025425760839450418
6.030150753768845	0.027445450089424332
6.432160804020101	0.025761111541138904
6.834170854271357	0.020960601909456728
7.236180904522613	0.014053493305498935
7.63819095477387	0.007378852626514063
8.040201005025127	0.006340606338287728
8.442211055276383	0.010047947374693358
8.84422110552764	0.012127390593702787
9.246231155778895	0.011402997958733648
9.648241206030152	0.008092740678817727
10.050251256281408	0.005241993616961387
10.452261306532664	0.00906936197603419
10.85427135678392	0.015602896640923927
11.256281407035177	0.02069510512661774
11.658291457286433	0.02314537088111245
12.06030150753769	0.021985002350871117
12.462311557788945	0.017632570257183917
12.864321608040202	0.010496786002473875
13.266331658291458	0.0024463695918778183
13.668341708542714	0.007088171096617297
14.07035175879397	0.01428192283567448
14.472361809045227	0.018764523062938306
14.874371859296483	0.020219687641489664
15.27638190954774	0.018198285978428874
15.678391959798995	0.014135328501759614
16.080402010050253	0.011223554910984087
16.48241206030151	0.013069203910800017
16.884422110552766	0.01785091265778241
17.286432160804022	0.021910895916506214
17.68844221105528	0.02379701162085065
18.090452261306535	0.022863092446428503
18.49246231155779	0.019509796035225895
18.894472361809047	0.01424432395475056
19.296482412060303	0.007384692114233792
19.69849246231156	0.0031469754549237144
20.100502512562816	0.009196144223672311
20.502512562814072	0.015246816351956452
20.90452261306533	0.01939190790252942
21.306532663316585	0.02121568569208464
21.70854271356784	0.020704186446333636
22.110552763819097	0.01943219050504038
22.512562814070353	0.019221014569381006
22.91457286432161	0.02130727317756911
23.316582914572866	0.024706062427177506
23.718592964824122	0.02771918576560392
24.12060301507538	0.028491739691315725
24.522613065326635	0.026460052373159803
24.92462311557789	0.02166947068982174
25.326633165829147	0.014672773457261945
25.728643216080403	0.006997281360480235
26.13065326633166	0.004172833945518994
26.532663316582916	0.009186280430411265
26.934673366834172	0.013017454056142647
27.33668341708543	0.014923795554505551
27.738693467336685	0.016154702565372936
28.14070351758794	0.018480080469161726
28.542713567839197	0.02248579944603498
28.944723618090453	0.026671262795894
29.34673366834171	0.029854686469405138
29.748743718592966	0.030582491310680297
30.150753768844222	0.02882589433005115
30.55276381909548	0.024602001939378573
30.954773869346734	0.018519778649387406
31.35678391959799	0.012116051157173489
31.758793969849247	0.0064620517352235105
32.16080402010051	0.004557310176582979
32.56281407035176	0.007071520726042875
32.96482412060302	0.010446502452713976
33.366834170854275	0.014355609494111243
33.76884422110553	0.019112037902788676
34.17085427135679	0.02397760471388441
34.572864321608044	0.02821569083186437
34.9748743718593	0.031110234658911724
35.37688442211056	0.032316701288993346
35.77889447236181	0.03114442675162471
36.18090452261307	0.02798844917623889
36.582914572864325	0.023395043616505996
36.98492462311558	0.018125557648164335
37.38693467336684	0.013536705616691638
37.788944723618094	0.011080605567999825
38.19095477386935	0.011342635327642911
38.59296482412061	0.01373105185816561
38.99497487437186	0.01710374827419764
39.39698492462312	0.02123788424000767
39.798994974874375	0.02579996789883509
40.20100502512563	0.029946383146744016
40.60301507537689	0.03340942934755184
41.005025125628144	0.035373514129413496
41.4070351758794	0.03571671305948085
41.80904522613066	0.03400265136329644
42.21105527638191	0.03069964015275889
42.61306532663317	0.026168072588884428
43.015075376884425	0.021155649296063443
43.41708542713568	0.016512832440025514
43.81909547738694	0.013662611888491613
44.221105527638194	0.013432727238554284
44.62311557788945	0.016006827089767885
45.02512562814071	0.02012408282419957
45.42713567839196	0.025082475590134122
45.82914572864322	0.030222751594132086
46.231155778894475	0.03504770162878743
46.63316582914573	0.03927552421722528
47.03517587939699	0.04216110854537531
47.437185929648244	0.04350535371904963
47.8391959798995	0.04284136687932592
48.24120603015076	0.040115777716299886
48.64321608040201	0.03538768511068869
49.04522613065327	0.02984985502231193
49.447236180904525	0.024717726839920705
49.84924623115578	0.02136800741834049
50.25125628140704	0.020940029578514083
50.653266331658294	0.02370685553590684
51.05527638190955	0.02844406262509065
51.45728643216081	0.03440326785965945
51.85929648241206	0.04113109285688244
52.26130653266332	0.04774712359058898
52.663316582914575	0.053412101537386326
53.06532663316583	0.05725463661871246
53.46733668341709	0.05864632560070945
53.869346733668344	0.05733048460155242
54.2713567839196	0.053521113197781155
54.67336683417086	0.04811629573809083
55.07537688442211	0.04220288769163121
55.47738693467337	0.03745167925818775
55.879396984924625	0.03536887960449463
56.28140703517588	0.03771089529841467
56.68341708542714	0.044081184153469594
57.085427135678394	0.053359390302393575
57.48743718592965	0.06344182526750683
57.88944723618091	0.07241337503504462
58.29145728643216	0.07909861848182129
58.69346733668342	0.08194983039180075
59.095477386934675	0.08046570133453346
59.49748743718593	0.07523291981881383
59.89949748743719	0.06685296752975034
60.301507537688444	0.05723697293257144
60.7035175879397	0.047824717060866176
61.10552763819096	0.04028904287005804
61.50753768844221	0.035867094954297324
61.90954773869347	0.035649795408529944
62.311557788944725	0.0398584022274243
62.71356783919598	0.047624307627524044
63.11557788944724	0.05730509565520978
63.517587939698494	0.06657729634602401
63.91959798994975	0.0736697003863963
64.32160804020101	0.07744593708112987
64.72361809045226	0.07671808810950617
65.12562814070353	0.07188266072041963
65.52763819095478	0.06383118223498972
65.92964824120604	0.05428852368018354
66.33165829145729	0.04492070017912593
66.73366834170855	0.03706665378989592
67.1356783919598	0.03181482647420185
67.53768844221106	0.029770652342728937
67.93969849246231	0.031580952695804895
68.34170854271358	0.03756827283026846
68.74371859296483	0.04642169577651655
69.14572864321609	0.05621276836513221
69.54773869346734	0.06465323989174673
69.9497487437186	0.07028640896472935
70.35175879396985	0.07184685994453911
70.75376884422111	0.06943857402816614
71.15577889447236	0.06395099260334358
71.55778894472363	0.056502769404333505
71.95979899497488	0.0487397125300329
72.36180904522614	0.0418375582736361
72.76381909547739	0.03661996400844584
73.16582914572865	0.0336104044708269
73.5678391959799	0.03284171337841106
73.96984924623116	0.0351552436792186
74.37185929648241	0.04079746943182032
74.77386934673368	0.04843032912108246
75.17587939698493	0.05639390916270322
75.57788944723619	0.06304929491220153
75.97989949748744	0.06733334730431453
76.3819095477387	0.06857531821294585
76.78391959798995	0.06651644336921211
77.18592964824121	0.06214085028396438
77.58793969849246	0.0563511593655359
77.98994974874373	0.04998525919655542
78.39195979899498	0.04423602210423138
78.79396984924624	0.03927872714477407
79.19597989949749	0.035793472825032306
79.59798994974875	0.03437721436373299
80.0	0.036064203646432716
