0.0	0.010245615175085645
0.4020100502512563	0.010970238276175591
0.8040201005025126	0.009983058371715094
1.206030150753769	0.007419136590460551
1.6080402010050252	0.003826702990375349
2.0100502512562817	0.0022991556439324635
2.412060301507538	0.004878508738920785
2.814070351758794	0.007387739890818449
3.2160804020100504	0.00816605562525739
3.6180904522613067	0.00697042622467616
4.020100502512563	0.004548067051891826
4.42211055276382	0.0023948606058260885
4.824120603015076	0.005439795248188298
5.226130653266332	0.009359848329134115
5.628140703517588	0.01260560398911811
6.030150753768845	0.014334935417726688
6.432160804020101	0.014118137051117793
6.834170854271357	0.012285778773861115
7.236180904522613	0.009056679178347498
7.63819095477387	0.005475611095193617
8.040201005025127	0.003267205438832034
8.442211055276383	0.00391474400677102
8.84422110552764	0.004582779934246675
9.246231155778895	0.0038140119888675585
9.648241206030152	0.001495138587282031
10.050251256281408	0.0028032495053609825
10.452261306532664	0.007574305547929305
10.85427135678392	0.012047478111979574
11.256281407035177	0.015854856145498333
11.658291457286433	0.017841933673847538
12.06030150753769	0.01777467436154419
12.462311557788945	0.015756213997647088
12.864321608040202	0.012531037745703267
13.266331658291458	0.009480273355454242
13.668341708542714	0.008322359476034253
14.07035175879397	0.010001543692662235
14.472361809045227	0.011796303198749112
14.874371859296483	0.012381374938706429
15.27638190954774	0.01114570649699594
15.678391959798995	0.008459037650707584
16.080402010050253	0.0055614483251842945
16.48241206030151	0.005655419177717428
16.884422110552766	0.008818236839537913
17.286432160804022	0.012039350419481492
17.68844221105528	0.014305027524713151
18.090452261306535	0.01510116140384785
18.49246231155779	0.01441785064024241
18.894472361809047	0.01260537422183539
19.296482412060303	0.010254777945578742
19.69849246231156	0.008680152784077202
20.100502512562816	0.008900087626108773
20.502512562814072	0.010186577874998212
20.90452261306533	0.011428923809980621
21.306532663316585	0.011673596244974008
21.70854271356784	0.01055605712560804
22.110552763819097	0.008400507198280917
22.512562814070353	0.0060422445400127615
22.91457286432161	0.005481852229354086
23.316582914572866	0.006889067756086405
23.718592964824122	0.008538716285650437
24.12060301507538	0.00925230192689063
24.522613065326635	0.009060857279376052
24.92462311557789	0.007992019061495523
25.326633165829147	0.007140771729732175
25.728643216080403	0.0075746614853739545
26.13065326633166	0.00911243354773113
26.532663316582916	0.01044433551375929
26.934673366834172	0.010499217400552313
27.33668341708543	0.008949764129838446
27.738693467336685	0.005242305613170626
28.14070351758794	0.0005631635493733834
28.542713567839197	0.005450299674282391
28.944723618090453	0.010888779677880971
29.34673366834171	0.015007640518729997
29.748743718592966	0.017477531981891517
30.150753768844222	0.01750083983154993
30.55276381909548	0.015383322019202703
30.954773869346734	0.011236627307076082
31.35678391959799	0.006185043996780622
31.758793969849247	0.0024859501518811646
32.16080402010051	0.0046428631379488074
32.56281407035176	0.006901391583449497
32.96482412060302	0.006776435028406707
33.366834170854275	0.004634964853156193
33.76884422110553	0.000971285360096941
34.17085427135679	0.004890548631937106
34.572864321608044	0.009736951976415517
34.9748743718593	0.013688655083897983
35.37688442211056	0.01579187644771895
35.77889447236181	0.015819683770889697
36.18090452261307	0.014066968677088763
36.582914572864325	0.010688087935989809
36.98492462311558	0.006127540759771885
37.38693467336684	0.001626101354118003
37.788944723618094	0.0021581894919710095
38.19095477386935	0.004166309128012153
38.59296482412061	0.004332102902500401
38.99497487437186	0.0021801077894738016
39.39698492462312	0.0035510549963298117
39.798994974874375	0.009229315201517695
40.20100502512563	0.015282384772699298
40.60301507537689	0.0204130986364546
41.005025125628144	0.023548387257501795
41.4070351758794	0.02399057865194807
41.80904522613066	0.021378374148002227
42.21105527638191	0.01649118046823176
42.61306532663317	0.009654831063718509
43.015075376884425	0.0032354318960404944
43.41708542713568	0.0049999520222500735
43.81909547738694	0.009200082701848009
44.221105527638194	0.010928498508278612
44.62311557788945	0.009849549289940007
45.02512562814071	0.006944692685492885
45.42713567839196	0.005520812654836795
45.82914572864322	0.009841933984940241
46.231155778894475	0.015474620847386242
46.63316582914573	0.019959974938790332
47.03517587939699	0.02200685185358659
47.437185929648244	0.021265058307292903
47.8391959798995	0.017531477252666725
48.24120603015076	0.01211582609340783
48.64321608040201	0.00707296996339267
49.04522613065327	0.007402489838548504
49.447236180904525	0.010769469547513132
49.84924623115578	0.012472033862816225
50.25125628140704	0.011398321098483497
50.653266331658294	0.007874177639766642
51.05527638190955	0.007039624830093245
51.45728643216081	0.012351371067159124
51.85929648241206	0.018928481521284672
52.26130653266332	0.02386452579142543
52.663316582914575	0.025998251388097453
53.06532663316583	0.024703385593865233
53.46733668341709	0.02024729140696408
53.869346733668344	0.014658008694807273
54.2713567839196	0.010799686242418048
54.67336683417086	0.012394624361224087
55.07537688442211	0.016076415575594534
55.47738693467337	0.017852223991003995
55.879396984924625	0.016957058422938924
56.28140703517588	0.013834602046777587
56.68341708542714	0.011133967937992534
57.085427135678394	0.012837204962653346
57.48743718592965	0.0181024895069916
57.88944723618091	0.023328920129066753
58.29145728643216	0.026316794449084642
58.69346733668342	0.02623921811689229
59.095477386934675	0.023410900242179535
59.49748743718593	0.01890180234506269
59.89949748743719	0.015201870614424368
60.301507537688444	0.014458496852667563
60.7035175879397	0.01624467858989212
61.10552763819096	0.01735058412976013
61.50753768844221	0.01618447352096793
61.90954773869347	0.013259422937367971
62.311557788944725	0.012010365877181675
62.71356783919598	0.01558755736688897
63.11557788944724	0.02150742429852658
63.517587939698494	0.02639043394627666
63.91959798994975	0.028577063580391783
64.32160804020101	0.02779861702298984
64.72361809045226	0.02476676010687511
65.12562814070353	0.02116439969905344
65.52763819095478	0.01894121945426904
65.92964824120604	0.018957402277944145
66.33165829145729	0.020128363408060138
66.73366834170855	0.02050740296820304
67.1356783919598	0.019699542931361152
67.53768844221106	0.017557993920307973
67.93969849246231	0.01636074517620122
68.34170854271358	0.017727427642332018
68.74371859296483	0.021221044316044754
69.14572864321609	0.024772303635392
69.54773869346734	0.02711592610248261
69.9497487437186	0.02765748735455838
70.35175879396985	0.0265477235007819
70.75376884422111	0.024737466588623393
71.15577889447236	0.023060666783892562
71.55778894472363	0.022044099672516557
71.95979899497488	0.021683661691386618
72.36180904522614	0.021143635999919648
72.76381909547739	0.020280713725288998
73.16582914572865	0.019279222223229003
73.5678391959799	0.01901512718894311
73.96984924623116	0.019911849665145552
74.37185929648241	0.022061604537429648
74.77386934673368	0.02492117291692361
75.17587939698493	0.02782096127962243
75.57788944723619	0.030481794539747635
75.97989949748744	0.03222688857860305
76.3819095477387	0.03327540514614695
76.78391959798995	0.03343049816227551
77.18592964824121	0.0329363000695551
77.58793969849246	0.03161425295367158
77.98994974874373	0.030200928033189682
78.39195979899498	0.02861982058191987
78.79396984924624	0.02775315243247864
79.19597989949749	0.02741679520959226
79.59798994974875	0.027556142022067236
80.0	0.028392177696922184
