0.0	0.027006298215669928
0.4020100502512563	0.025232562490042333
0.8040201005025126	0.019254434621972287
1.206030150753769	0.010551783442180425
1.6080402010050252	0.0026519771904882634
2.0100502512562817	0.010543982066034453
2.412060301507538	0.017658722247872956
2.814070351758794	0.02109640832474205
3.2160804020100504	0.019980019478282835
3.6180904522613067	0.014374611005524545
4.020100502512563	0.005512878849028507
4.42211055276382	0.005256179025064429
4.824120603015076	0.015912000695176724
5.226130653266332	0.024315266769631187
5.628140703517588	0.029328264488077137
6.030150753768845	0.029836568875702053
6.432160804020101	0.02586388949630832
6.834170854271357	0.018493012788536562
7.236180904522613	0.009180155058331875
7.63819095477387	0.004337147918655059
8.040201005025127	0.01057692000896434
8.442211055276383	0.014878743074615628
8.84422110552764	0.01521806085638108
9.246231155778895	0.010785690081852994
9.648241206030152	0.0034418103092452397
10.050251256281408	0.009362611081679635
10.452261306532664	0.020840250125761517
10.85427135678392	0.0312429840094929
11.256281407035177	0.03878126715474596
11.658291457286433	0.04230983139887205
12.06030150753769	0.041561099580878655
12.462311557788945	0.036766213321373725
12.864321608040202	0.02927187427404617
13.266331658291458	0.020622151928990494
13.668341708542714	0.01281818889264862
14.07035175879397	0.00756942964599031
14.472361809045227	0.005335024485165468
14.874371859296483	0.006309838498355565
15.27638190954774	0.011050178469116925
15.678391959798995	0.018495784349649973
16.080402010050253	0.027402632843228285
16.48241206030151	0.036280227432240804
16.884422110552766	0.04356162466543441
17.286432160804022	0.04803347797735978
17.68844221105528	0.04954613267612447
18.090452261306535	0.048066035854427716
18.49246231155779	0.04413660942987117
18.894472361809047	0.03888403362398012
19.296482412060303	0.03326177747246414
19.69849246231156	0.02874546949680481
20.100502512562816	0.0258339907480248
20.502512562814072	0.025756946833770195
20.90452261306533	0.02880706167376491
21.306532663316585	0.03483650093172382
21.70854271356784	0.04306023213764288
22.110552763819097	0.052003396563256074
22.512562814070353	0.06027809571005164
22.91457286432161	0.06654202765461685
23.316582914572866	0.06985049999777888
23.718592964824122	0.07002248625841725
24.12060301507538	0.0672587466302384
24.522613065326635	0.06262015403721262
24.92462311557789	0.05693292009232751
25.326633165829147	0.05188293870489702
25.728643216080403	0.04829722139793005
26.13065326633166	0.04721110924339122
26.532663316582916	0.048722438478158894
26.934673366834172	0.05219898664282533
27.33668341708543	0.056397997015103896
27.738693467336685	0.06078003078883075
28.14070351758794	0.0638289520778382
28.542713567839197	0.06492690339332596
28.944723618090453	0.06441015410147251
29.34673366834171	0.06239905766146216
29.748743718592966	0.05993862432978179
30.150753768844222	0.057662291198912904
30.55276381909548	0.05586222320057771
30.954773869346734	0.05506593741233551
31.35678391959799	0.05494885199524807
31.758793969849247	0.05554871531655756
32.16080402010051	0.05608018756211373
32.56281407035176	0.05642111739894652
32.96482412060302	0.055991327789095435
33.366834170854275	0.054790893812424156
33.76884422110553	0.05287146399134427
34.17085427135679	0.0506862733422786
34.572864321608044	0.048482924356727436
34.9748743718593	0.046696499683550656
35.37688442211056	0.04565166650368376
35.77889447236181	0.04505305196636992
36.18090452261307	0.04504237126706145
36.582914572864325	0.04530424299257102
36.98492462311558	0.04592076005703742
37.38693467336684	0.04673276508953112
37.788944723618094	0.04787261326232227
38.19095477386935	0.04889853248926214
38.59296482412061	0.04991565886291964
38.99497487437186	0.05071076923710599
39.39698492462312	0.051154990845947455
39.798994974874375	0.051294206935815455
40.20100502512563	0.050687762101886455
40.60301507537689	0.04971083047873546
41.005025125628144	0.048408714009067995
41.4070351758794	0.04659494161089832
41.80904522613066	0.04477733621658779
42.21105527638191	0.04289374027449575
42.61306532663317	0.04181977042283537
43.015075376884425	0.04186756156530559
43.41708542713568	0.043353733717720985
43.81909547738694	0.04598515714506995
44.221105527638194	0.049485514334578734
44.62311557788945	0.05309276805685346
45.02512562814071	0.0562386420240627
45.42713567839196	0.05825842149454959
45.82914572864322	0.05907054745063456
46.231155778894475	0.05796350783804159
46.63316582914573	0.055899429570641576
47.03517587939699	0.052800926983085764
47.437185929648244	0.04919238131229413
47.8391959798995	0.04593513506801614
48.24120603015076	0.04313286678556563
48.64321608040201	0.04158630624410743
49.04522613065327	0.04155402707086347
49.447236180904525	0.043142752445291664
49.84924623115578	0.046218423530543715
50.25125628140704	0.050346831624424396
50.653266331658294	0.05451469969849737
51.05527638190955	0.05828423474575547
51.45728643216081	0.06047971197853251
51.85929648241206	0.06094213413957731
52.26130653266332	0.05934273256478674
52.663316582914575	0.0557144746490536
53.06532663316583	0.05091050061948117
53.46733668341709	0.04569914774600533
53.869346733668344	0.041240325496060014
54.2713567839196	0.038654782356952494
54.67336683417086	0.038222304702410066
55.07537688442211	0.040310277915984856
55.47738693467337	0.04459197512103946
55.879396984924625	0.050104684693053514
56.28140703517588	0.05600098597172367
56.68341708542714	0.0609883241656846
57.085427135678394	0.06421288148020676
57.48743718592965	0.06491858017154703
57.88944723618091	0.06331388213189436
58.29145728643216	0.059301568495926424
58.69346733668342	0.053605706382295074
59.095477386934675	0.047635055359381756
59.49748743718593	0.04218281954519516
59.89949748743719	0.03856427277830386
60.301507537688444	0.037196587549339924
60.7035175879397	0.03846979230967415
61.10552763819096	0.042065831950960204
61.50753768844221	0.04749340305525114
61.90954773869347	0.05297479228394103
62.311557788944725	0.0579427475304463
62.71356783919598	0.06122088776402931
63.11557788944724	0.061834016338835174
63.517587939698494	0.05994066810502913
63.91959798994975	0.055938442944979835
64.32160804020101	0.050541633307719616
64.72361809045226	0.04524102638770168
65.12562814070353	0.04091623540850205
65.52763819095478	0.03869563654253981
65.92964824120604	0.03880193354514648
66.33165829145729	0.041054732475758464
66.73366834170855	0.04511705329825479
67.1356783919598	0.050222364770050584
67.53768844221106	0.05510304925813231
67.93969849246231	0.059208986162590904
68.34170854271358	0.06171634037394351
68.74371859296483	0.06218292152192423
69.14572864321609	0.060849710935485676
69.54773869346734	0.057820860401672794
69.9497487437186	0.0538432096130045
70.35175879396985	0.04946629242594425
70.75376884422111	0.04549216663181374
71.15577889447236	0.04243757434034487
71.55778894472363	0.04101757934691442
71.95979899497488	0.04116439347424085
72.36180904522614	0.04303623900366749
72.76381909547739	0.0459700042687594
73.16582914572865	0.04947982064531692
73.5678391959799	0.05296957035222103
73.96984924623116	0.055666912389383504
74.37185929648241	0.0570183637993573
74.77386934673368	0.05692262847567514
75.17587939698493	0.05558862933189401
75.57788944723619	0.05321220844037176
75.97989949748744	0.05023142075734506
76.3819095477387	0.04732422037878049
76.78391959798995	0.04492247623568735
77.18592964824121	0.04361940833900522
77.58793969849246	0.043629835477196524
77.98994974874373	0.04510814790800398
78.39195979899498	0.047841119206659864
78.79396984924624	0.051318471561252445
79.19597989949749	0.05503905396729188
79.59798994974875	0.058242142836224774
80.0	0.06053568440010988
