0.0	0.034012584643340144
0.4020100502512563	0.03095124697778448
0.8040201005025126	0.0232122392333197
1.206030150753769	0.0130474012727018
1.6080402010050252	0.007944250378824975
2.0100502512562817	0.01575291794397806
2.412060301507538	0.023265300039732626
2.814070351758794	0.026422359026164226
3.2160804020100504	0.024163009514046853
3.6180904522613067	0.01674587328948233
4.020100502512563	0.005634030767615968
4.42211055276382	0.008144981623939045
4.824120603015076	0.020437316706837853
5.226130653266332	0.03026637402810104
5.628140703517588	0.035329399744672835
6.030150753768845	0.03502698877350721
6.432160804020101	0.02994839899814537
6.834170854271357	0.021313441211481328
7.236180904522613	0.013237905427252322
7.63819095477387	0.013404969488311397
8.040201005025127	0.019502018091275816
8.442211055276383	0.0237376581481158
8.84422110552764	0.023288981603274687
9.246231155778895	0.01758662277372632
9.648241206030152	0.007897357388243651
10.050251256281408	0.007525365241312291
10.452261306532664	0.020000697638835573
10.85427135678392	0.03148256810399719
11.256281407035177	0.03865355184199202
11.658291457286433	0.04055120336726908
12.06030150753769	0.03700024249977778
12.462311557788945	0.02849412480780115
12.864321608040202	0.017346452784004728
13.266331658291458	0.01060556738953667
13.668341708542714	0.01633796468805057
14.07035175879397	0.02376239707501141
14.472361809045227	0.02658672419618575
14.874371859296483	0.023571061501028064
15.27638190954774	0.015174534151345578
15.678391959798995	0.006329373307617274
16.080402010050253	0.016041834010538648
16.48241206030151	0.029994456181824825
16.884422110552766	0.04109423436676304
17.286432160804022	0.047468170406363044
17.68844221105528	0.047653529071262954
18.090452261306535	0.04199045140739933
18.49246231155779	0.03156804979662208
18.894472361809047	0.01873326070822496
19.296482412060303	0.008737741667343823
19.69849246231156	0.012619815549506133
20.100502512562816	0.018879574455495048
20.502512562814072	0.020158379659901533
20.90452261306533	0.015538236050455182
21.306532663316585	0.00598916593328047
21.70854271356784	0.009201451240528643
22.110552763819097	0.024264655144279862
22.512562814070353	0.03816458398892152
22.91457286432161	0.04829557163760928
23.316582914572866	0.05331060012897262
23.718592964824122	0.051734812850012024
24.12060301507538	0.044249760646968325
24.522613065326635	0.03224152501280987
24.92462311557789	0.017849623639725375
25.326633165829147	0.0035851178978578936
25.728643216080403	0.007744909332320396
26.13065326633166	0.01400124218951396
26.532663316582916	0.014102688839763792
26.934673366834172	0.0074863693894732354
27.33668341708543	0.004740205484182426
27.738693467336685	0.020329438736302906
28.14070351758794	0.036665442235526126
28.542713567839197	0.05096638213859719
28.944723618090453	0.06063717357034607
29.34673366834171	0.06353406760738203
29.748743718592966	0.058925678596992125
30.150753768844222	0.04816447107405262
30.55276381909548	0.03297117311065784
30.954773869346734	0.017911463806664977
31.35678391959799	0.011573801632381576
31.758793969849247	0.016864623491415955
32.16080402010051	0.01988763640389088
32.56281407035176	0.017128707467205132
32.96482412060302	0.011255069649359269
33.366834170854275	0.015941409301637642
33.76884422110553	0.030487239324298754
34.17085427135679	0.04530188999227171
34.572864321608044	0.05622251549803035
34.9748743718593	0.06110344630302382
35.37688442211056	0.05923752274778149
35.77889447236181	0.05136909013737963
36.18090452261307	0.039618096088088015
36.582914572864325	0.02778557870425885
36.98492462311558	0.021572240505137816
37.38693467336684	0.022881769342468092
37.788944723618094	0.025333215445445607
38.19095477386935	0.02410627171417993
38.59296482412061	0.019850218568780366
38.99497487437186	0.01867712111845147
39.39698492462312	0.026611884393460572
39.798994974874375	0.03881520745475926
40.20100502512563	0.049954509105430575
40.60301507537689	0.056825671660308906
41.005025125628144	0.058328225893835704
41.4070351758794	0.05476929315377983
41.80904522613066	0.04815462242889508
42.21105527638191	0.04099973093015699
42.61306532663317	0.03659054608172825
43.015075376884425	0.03589932784329134
43.41708542713568	0.036519663433964136
43.81909547738694	0.03611626638937608
44.221105527638194	0.033642006665168665
44.62311557788945	0.03123303257573599
45.02512562814071	0.03220946246084974
45.42713567839196	0.038807909031276254
45.82914572864322	0.04831980603672542
46.231155778894475	0.05713173218245058
46.63316582914573	0.06313188622573668
47.03517587939699	0.0655868701660928
47.437185929648244	0.06489949551513481
47.8391959798995	0.06192308640208051
48.24120603015076	0.05814731031284792
48.64321608040201	0.05488475119858192
49.04522613065327	0.05318709670244259
49.447236180904525	0.05245241387095445
49.84924623115578	0.052228916214697566
50.25125628140704	0.052316585353029174
50.653266331658294	0.053223202795467994
51.05527638190955	0.05602574904542762
51.45728643216081	0.0613033003669383
51.85929648241206	0.06753872577670081
52.26130653266332	0.07283595469328027
52.663316582914575	0.07513285532235994
53.06532663316583	0.07382875427395161
53.46733668341709	0.06881403178867088
53.869346733668344	0.06177755123097193
54.2713567839196	0.05550275806967207
54.67336683417086	0.052208285731722336
55.07537688442211	0.05235438455650927
55.47738693467337	0.05484479133451427
55.879396984924625	0.05711426646645208
56.28140703517588	0.05846552594500924
56.68341708542714	0.05873735603764592
57.085427135678394	0.05887199828844504
57.48743718592965	0.05959204587354805
57.88944723618091	0.061118922914462845
58.29145728643216	0.06246334101271297
58.69346733668342	0.062364890542176164
59.095477386934675	0.05988312927607856
59.49748743718593	0.05480749847206773
59.89949748743719	0.04834889978418601
60.301507537688444	0.04328464531392803
60.7035175879397	0.04274158766258083
61.10552763819096	0.04733527709910031
61.50753768844221	0.05382170151352385
61.90954773869347	0.059006355745400876
62.311557788944725	0.06134616194244865
62.71356783919598	0.06081379002905467
63.11557788944724	0.058985169790476244
63.517587939698494	0.05755510311918891
63.91959798994975	0.05803395044464803
64.32160804020101	0.05967349723033588
64.72361809045226	0.060400849344070515
65.12562814070353	0.058664541648536614
65.52763819095478	0.054209030338564335
65.92964824120604	0.04873094109647462
66.33165829145729	0.04530503984716768
66.73366834170855	0.04681501584502108
67.1356783919598	0.05241983206432359
67.53768844221106	0.05844059237292606
67.93969849246231	0.06206238346167516
68.34170854271358	0.06250561662202647
68.74371859296483	0.060598687898998506
69.14572864321609	0.05867849028000986
69.54773869346734	0.058919259692559456
69.9497487437186	0.06191840148059291
70.35175879396985	0.06558677958322191
70.75376884422111	0.06733852303183117
71.15577889447236	0.06578357426623643
71.55778894472363	0.06079751720311164
71.95979899497488	0.0543194439328627
72.36180904522614	0.049716576235314655
72.76381909547739	0.04943454073233238
73.16582914572865	0.05316573065115845
73.5678391959799	0.05763599581029073
73.96984924623116	0.060221904971532
74.37185929648241	0.06016570147594759
74.77386934673368	0.058657709266131286
75.17587939698493	0.057951838818668555
75.57788944723619	0.059480569314868524
75.97989949748744	0.06302302363701566
76.3819095477387	0.0666337999594003
76.78391959798995	0.06732506070691832
77.18592964824121	0.06436635036644325
77.58793969849246	0.05801502839433172
77.98994974874373	0.050652966109951
78.39195979899498	0.04566759028280519
78.79396984924624	0.045945244242681656
79.19597989949749	0.05036656692645288
79.59798994974875	0.055162679672166925
80.0	0.05788776698011866
