0.0	0.00889347782643961
0.4020100502512563	0.008398021915346375
0.8040201005025126	0.006299993711236851
1.206030150753769	0.0033660435326816687
1.6080402010050252	0.001760862416987841
2.0100502512562817	0.004253310063658044
2.412060301507538	0.006678177442816026
2.814070351758794	0.008031632523243164
3.2160804020100504	0.007675595495980003
3.6180904522613067	0.005958733520602196
4.020100502512563	0.002996942649681837
4.42211055276382	0.0007866749615969325
4.824120603015076	0.004101435349512537
5.226130653266332	0.0070330749200511146
5.628140703517588	0.008659338751870277
6.030150753768845	0.008814757256809122
6.432160804020101	0.0075621773019231885
6.834170854271357	0.005322406817333561
7.236180904522613	0.003037285025148299
7.63819095477387	0.003631416003391304
8.040201005025127	0.006075275875321837
8.442211055276383	0.007534277326236805
8.84422110552764	0.007956118651156594
9.246231155778895	0.0067902283398777585
9.648241206030152	0.004804582751811349
10.050251256281408	0.0031186630241012035
10.452261306532664	0.004742736185365484
10.85427135678392	0.0076388502825290115
11.256281407035177	0.009812936406365848
11.658291457286433	0.010922995640054408
12.06030150753769	0.010767725300154383
12.462311557788945	0.009630376464383535
12.864321608040202	0.008746152888877565
13.266331658291458	0.008960671111088534
13.668341708542714	0.010796317847648427
14.07035175879397	0.012680719054707735
14.472361809045227	0.014060375970023098
14.874371859296483	0.014377260772869294
15.27638190954774	0.013909326599100266
15.678391959798995	0.013110307388275
16.080402010050253	0.012749821656361468
16.48241206030151	0.01324128363127886
16.884422110552766	0.013814079073910598
17.286432160804022	0.014535753967225534
17.68844221105528	0.014999243867307119
18.090452261306535	0.015575266373600866
18.49246231155779	0.01705992669244196
18.894472361809047	0.01949354925512258
19.296482412060303	0.02282842512459287
19.69849246231156	0.02646229818625897
20.100502512562816	0.029561785200677315
20.502512562814072	0.03169246787002966
20.90452261306533	0.03226009310024004
21.306532663316585	0.03171300146747895
21.70854271356784	0.030141996485524247
22.110552763819097	0.027766906468739267
22.512562814070353	0.025723213042184917
22.91457286432161	0.02402039445615501
23.316582914572866	0.02298326816297045
23.718592964824122	0.02230644576954991
24.12060301507538	0.02204617012965119
24.522613065326635	0.022539291549732103
24.92462311557789	0.024302162644049354
25.326633165829147	0.02733133181616441
25.728643216080403	0.030845846890767074
26.13065326633166	0.034336285775816246
26.532663316582916	0.03659456558164951
26.934673366834172	0.03742739219351968
27.33668341708543	0.03666084623440684
27.738693467336685	0.03468185308451733
28.14070351758794	0.03220078259769425
28.542713567839197	0.030231313701747076
28.944723618090453	0.02927739094118504
29.34673366834171	0.029038563806849094
29.748743718592966	0.029239782121248763
30.150753768844222	0.029821028428469853
30.55276381909548	0.030743528729487185
30.954773869346734	0.032226123451169486
31.35678391959799	0.03412067535577677
31.758793969849247	0.03598068886365028
32.16080402010051	0.03762871089364252
32.56281407035176	0.03831584735049788
32.96482412060302	0.038245865229956384
33.366834170854275	0.03739523115057564
33.76884422110553	0.03672369658299781
34.17085427135679	0.036453647553657535
34.572864321608044	0.037012422150194006
34.9748743718593	0.03794005434514291
35.37688442211056	0.03953681699053625
35.77889447236181	0.04123904364323121
36.18090452261307	0.043106837532106784
36.582914572864325	0.045019549383362625
36.98492462311558	0.04705209467648919
37.38693467336684	0.04910125493253191
37.788944723618094	0.050894857086632626
38.19095477386935	0.05235934871184217
38.59296482412061	0.053736881800245176
38.99497487437186	0.05484286342945514
39.39698492462312	0.05595883702879726
39.798994974874375	0.05737554814364265
40.20100502512563	0.059029732657726694
40.60301507537689	0.06092807996730838
41.005025125628144	0.06295681310097476
41.4070351758794	0.06494999148784023
41.80904522613066	0.06670759947893483
42.21105527638191	0.06782771800777249
42.61306532663317	0.06831399346594759
43.015075376884425	0.06793533916071116
43.41708542713568	0.06677651659279725
43.81909547738694	0.06493274748567752
44.221105527638194	0.06253763686965165
44.62311557788945	0.06037299995846209
45.02512562814071	0.05878604165308142
45.42713567839196	0.058450982483332706
45.82914572864322	0.059251547258556324
46.231155778894475	0.0609789748740049
46.63316582914573	0.06328767361321001
47.03517587939699	0.06544436306772557
47.437185929648244	0.06698273272559484
47.8391959798995	0.06729127726615278
48.24120603015076	0.06636640035163108
48.64321608040201	0.0643186540810309
49.04522613065327	0.06125732786127264
49.447236180904525	0.05800263327405493
49.84924623115578	0.05468496622441018
50.25125628140704	0.0521010858716757
50.653266331658294	0.05037957607277808
51.05527638190955	0.04996718978336158
51.45728643216081	0.050784107287567624
51.85929648241206	0.052805559052438944
52.26130653266332	0.05529223203160124
52.663316582914575	0.05790538765890126
53.06532663316583	0.06028060072910414
53.46733668341709	0.061662146476941904
53.869346733668344	0.06200911878336003
54.2713567839196	0.06135883895190464
54.67336683417086	0.05980136052578655
55.07537688442211	0.05756106768615184
55.47738693467337	0.05522481379685505
55.879396984924625	0.052818658544304994
56.28140703517588	0.05120887876128503
56.68341708542714	0.05035204910355805
57.085427135678394	0.05061291389571345
57.48743718592965	0.05170377996967575
57.88944723618091	0.05387798905543763
58.29145728643216	0.056599883798898576
58.69346733668342	0.05948267527791621
59.095477386934675	0.0617451976226283
59.49748743718593	0.06333102598686932
59.89949748743719	0.06398217531850182
60.301507537688444	0.0632686817737562
60.7035175879397	0.06167034723126804
61.10552763819096	0.05931277315774579
61.50753768844221	0.05655981155408306
61.90954773869347	0.05401701168284888
62.311557788944725	0.05194108583146097
62.71356783919598	0.05093748330014349
63.11557788944724	0.051038445739864116
63.517587939698494	0.05229433535579855
63.91959798994975	0.05451052194646426
64.32160804020101	0.05745589045870284
64.72361809045226	0.060619040493936974
65.12562814070353	0.06336593479008742
65.52763819095478	0.06523820846752396
65.92964824120604	0.06572665452409479
66.33165829145729	0.06458055000841063
66.73366834170855	0.06224545948881688
67.1356783919598	0.059055340308167614
67.53768844221106	0.05542139101037273
67.93969849246231	0.05219364830515577
68.34170854271358	0.049916973158327514
68.74371859296483	0.04880841987824483
69.14572864321609	0.04930563048820157
69.54773869346734	0.05144055694571009
69.9497487437186	0.05461238969786351
70.35175879396985	0.0586354630370717
70.75376884422111	0.06264180482429307
71.15577889447236	0.0660049875971542
71.55778894472363	0.06797145369268451
71.95979899497488	0.0680135013269437
72.36180904522614	0.06604597247816892
72.76381909547739	0.06231448182630543
73.16582914572865	0.05768009623633663
73.5678391959799	0.053019642783599386
73.96984924623116	0.04934234340980627
74.37185929648241	0.04717122266171449
74.77386934673368	0.046805009360171505
75.17587939698493	0.04860455787481052
75.57788944723619	0.05231327249956409
75.97989949748744	0.057106957965276706
76.3819095477387	0.06207294127758746
76.78391959798995	0.06609989060586662
77.18592964824121	0.06848032637485688
77.58793969849246	0.068383502871328
77.98994974874373	0.06607059530589242
78.39195979899498	0.06199592128005349
78.79396984924624	0.0570830329888688
79.19597989949749	0.052266124881984746
79.59798994974875	0.048747370368577014
80.0	0.04669971175527468
