0.0	0.019947548399213002
0.4020100502512563	0.016344294382224588
0.8040201005025126	0.010237169356814449
1.206030150753769	0.002778049400048682
1.6080402010050252	0.005758312169242166
2.0100502512562817	0.012291800781029498
2.412060301507538	0.016328777373118233
2.814070351758794	0.017083861907893173
3.2160804020100504	0.014731898179072545
3.6180904522613067	0.009181381406071283
4.020100502512563	0.0020891184299264426
4.42211055276382	0.005517389005583932
4.824120603015076	0.012066436129486779
5.226130653266332	0.01628723220237659
5.628140703517588	0.017401476795434904
6.030150753768845	0.01519044285152315
6.432160804020101	0.010046799724142595
6.834170854271357	0.003547011775462329
7.236180904522613	0.0063653837849229
7.63819095477387	0.013212854463686802
8.040201005025127	0.018487536307990295
8.442211055276383	0.020868164227762498
8.84422110552764	0.02018523095320324
9.246231155778895	0.0165802940960969
9.648241206030152	0.010639465536705615
10.050251256281408	0.004271027889269956
10.452261306532664	0.0030003974295981202
10.85427135678392	0.007169346870014495
11.256281407035177	0.009210484359307576
11.658291457286433	0.008089446068362701
12.06030150753769	0.00442945990549354
12.462311557788945	0.002398763030060673
12.864321608040202	0.009640904989198298
13.266331658291458	0.017350245391848935
13.668341708542714	0.02405763362808526
14.07035175879397	0.028871686495294556
14.472361809045227	0.03090704351652988
14.874371859296483	0.030486472440410535
15.27638190954774	0.02779801160211683
15.678391959798995	0.02356804589711193
16.080402010050253	0.01870113428754847
16.48241206030151	0.014307207289479823
16.884422110552766	0.011439304699274528
17.286432160804022	0.011073951509089444
17.68844221105528	0.013204120838804628
18.090452261306535	0.017800683866223094
18.49246231155779	0.024840796346512685
18.894472361809047	0.03337720753788063
19.296482412060303	0.042013339045535544
19.69849246231156	0.04957622963953452
20.100502512562816	0.055428054650184744
20.502512562814072	0.05833180537199545
20.90452261306533	0.05850702814924282
21.306532663316585	0.05606084291426296
21.70854271356784	0.05210981481820255
22.110552763819097	0.0470522352247686
22.512562814070353	0.042618037156911634
22.91457286432161	0.040365612127786006
23.316582914572866	0.041162931279117916
23.718592964824122	0.0450113005839389
24.12060301507538	0.05193842301304413
24.522613065326635	0.06086054230229702
24.92462311557789	0.07004658268723025
25.326633165829147	0.07806243382133753
25.728643216080403	0.08330040108464791
26.13065326633166	0.0848821653966064
26.532663316582916	0.0823437259755705
26.934673366834172	0.07643649937232397
27.33668341708543	0.06829305170743383
27.738693467336685	0.05948167443167805
28.14070351758794	0.05158839115937752
28.542713567839197	0.04628096268921214
28.944723618090453	0.044597968778689066
29.34673366834171	0.04667238292730126
29.748743718592966	0.05186446793797288
30.150753768844222	0.05908918443622553
30.55276381909548	0.06666842295583432
30.954773869346734	0.07321765108287306
31.35678391959799	0.07725740977332791
31.758793969849247	0.07816251812323036
32.16080402010051	0.07573810201903523
32.56281407035176	0.07015972491529385
32.96482412060302	0.06251237627132475
33.366834170854275	0.05390593029059247
33.76884422110553	0.04568618095066891
34.17085427135679	0.03919221050764433
34.572864321608044	0.03546351435388194
34.9748743718593	0.03460507751077041
35.37688442211056	0.03679052046652623
35.77889447236181	0.041682866086556344
36.18090452261307	0.0482158963988266
36.582914572864325	0.05542820308763476
36.98492462311558	0.06181791482689988
37.38693467336684	0.06628487574012394
37.788944723618094	0.06838434228897305
38.19095477386935	0.0677181066842569
38.59296482412061	0.06423969777773735
38.99497487437186	0.05890633058362745
39.39698492462312	0.05211782454747978
39.798994974874375	0.045548233065634144
40.20100502512563	0.03979071007307365
40.60301507537689	0.03621927900789448
41.005025125628144	0.03524738526747363
41.4070351758794	0.03700677794266224
41.80904522613066	0.04122344069599842
42.21105527638191	0.04706367927303495
42.61306532663317	0.053851151777554215
43.015075376884425	0.0606848919065648
43.41708542713568	0.06622070271539607
43.81909547738694	0.06953717384661995
44.221105527638194	0.07013413875744866
44.62311557788945	0.06807546897021614
45.02512562814071	0.06331982152772535
45.42713567839196	0.05689818131748946
45.82914572864322	0.049982996512141525
46.231155778894475	0.04383220976882933
46.63316582914573	0.03956985184745694
47.03517587939699	0.03796348678195145
47.437185929648244	0.03947353060597311
47.8391959798995	0.04364453310358694
48.24120603015076	0.04979007774322884
48.64321608040201	0.056675148698477486
49.04522613065327	0.06312904999895491
49.447236180904525	0.0680121865692468
49.84924623115578	0.07051982395328371
50.25125628140704	0.07006559702287934
50.653266331658294	0.06634155227043892
51.05527638190955	0.06012536266925232
51.45728643216081	0.052276314155502754
51.85929648241206	0.04404387339982893
52.26130653266332	0.03712281155015691
52.663316582914575	0.03285097333617239
53.06532663316583	0.03209635130935752
53.46733668341709	0.03502179054138342
53.869346733668344	0.0411055121016126
54.2713567839196	0.04962766706911932
54.67336683417086	0.05871737582420923
55.07537688442211	0.06669721004635089
55.47738693467337	0.07193257859462777
55.879396984924625	0.0733950651177302
56.28140703517588	0.07077478676681696
56.68341708542714	0.06445218654608581
57.085427135678394	0.055664095520597714
57.48743718592965	0.04633128139026871
57.88944723618091	0.03815333570881578
58.29145728643216	0.03304629676331747
58.69346733668342	0.03195775912525023
59.095477386934675	0.03461272990971875
59.49748743718593	0.04096330183007642
59.89949748743719	0.049748720396634624
60.301507537688444	0.05938177261247264
60.7035175879397	0.06784682097561945
61.10552763819096	0.0736820184861836
61.50753768844221	0.07559274667742119
61.90954773869347	0.07333227151238889
62.311557788944725	0.06745459563549229
62.71356783919598	0.05930422882860489
63.11557788944724	0.050059614620160085
63.517587939698494	0.041843079975474956
63.91959798994975	0.036266141175422664
64.32160804020101	0.034259693535592814
64.72361809045226	0.035988568727599334
65.12562814070353	0.04095590966928138
65.52763819095478	0.04890288693915002
65.92964824120604	0.05775423926864087
66.33165829145729	0.06607518200951475
66.73366834170855	0.07225748076060788
67.1356783919598	0.07545058279084224
67.53768844221106	0.07495291927517447
67.93969849246231	0.07118672087022798
68.34170854271358	0.0646259827667903
68.74371859296483	0.056774254629829136
69.14572864321609	0.04926148858877454
69.54773869346734	0.043183142313198135
69.9497487437186	0.039612329664026946
70.35175879396985	0.03894130438475639
70.75376884422111	0.04129599240273739
71.15577889447236	0.046187304991324105
71.55778894472363	0.05258941335060986
71.95979899497488	0.059429809446572744
72.36180904522614	0.06544082179780368
72.76381909547739	0.06963236569203433
73.16582914572865	0.07117254838711261
73.5678391959799	0.0700573841602306
73.96984924623116	0.06647005712683919
74.37185929648241	0.06114980819806145
74.77386934673368	0.05522158725206409
75.17587939698493	0.049709247746213756
75.57788944723619	0.04545944318242216
75.97989949748744	0.043279654425968136
76.3819095477387	0.04312649314005955
76.78391959798995	0.0455140545422906
77.18592964824121	0.04960352416076272
77.58793969849246	0.05481121941114479
77.98994974874373	0.06044572103440279
78.39195979899498	0.06547841681580352
78.79396984924624	0.06887149108907817
79.19597989949749	0.0703561301649013
79.59798994974875	0.06962499886799127
80.0	0.06669456786033737
