0.0	0.023789672059211394
0.4020100502512563	0.024522211204827945
0.8040201005025126	0.02102325104880331
1.206030150753769	0.014272116473114282
1.6080402010050252	0.005589220888106639
2.0100502512562817	0.0036985380939795615
2.412060301507538	0.01151953595706905
2.814070351758794	0.016291249770595647
3.2160804020100504	0.017320557288441143
3.6180904522613067	0.01416389548226206
4.020100502512563	0.007245418416444572
4.42211055276382	0.0020690756760181894
4.824120603015076	0.012322293925960659
5.226130653266332	0.02173517449768005
5.628140703517588	0.02857520524356366
6.030150753768845	0.03191173741765774
6.432160804020101	0.0311611718490654
6.834170854271357	0.02663666546040595
7.236180904522613	0.019415888642352754
7.63819095477387	0.010935591766778847
8.040201005025127	0.003063948725779397
8.442211055276383	0.0025492865653085326
8.84422110552764	0.004524065586618055
9.246231155778895	0.002507818916051845
9.648241206030152	0.003970831911455504
10.050251256281408	0.013557560505602173
10.452261306532664	0.02472516273786036
10.85427135678392	0.03581203834672864
11.256281407035177	0.04534551469220693
11.658291457286433	0.05201083910714098
12.06030150753769	0.054369304353402426
12.462311557788945	0.052410998482613144
12.864321608040202	0.0473523024494702
13.266331658291458	0.04069606727027879
13.668341708542714	0.03304111181157189
14.07035175879397	0.02606072700059938
14.472361809045227	0.022018416939930154
14.874371859296483	0.02121369057565038
15.27638190954774	0.022238952356362873
15.678391959798995	0.025115906804481954
16.080402010050253	0.02941348861797986
16.48241206030151	0.03431122122586546
16.884422110552766	0.038607670431996206
17.286432160804022	0.04068629010066597
17.68844221105528	0.0413220156083618
18.090452261306535	0.04146425553660285
18.49246231155779	0.04234832022235984
18.894472361809047	0.0447650448143914
19.296482412060303	0.04777947732434622
19.69849246231156	0.05137960219834653
20.100502512562816	0.05559485525232085
20.502512562814072	0.06009631313139145
20.90452261306533	0.063473366820172
21.306532663316585	0.06541729992009042
21.70854271356784	0.0657467097439852
22.110552763819097	0.06512690085561498
22.512562814070353	0.06305222834180736
22.91457286432161	0.05946831658688532
23.316582914572866	0.054748716495078086
23.718592964824122	0.048576084517888016
24.12060301507538	0.04312845253210436
24.522613065326635	0.03904538289555461
24.92462311557789	0.03802842060524459
25.326633165829147	0.0392397598756371
25.728643216080403	0.04296907724106696
26.13065326633166	0.047613275726487284
26.532663316582916	0.05186279380361998
26.934673366834172	0.05406421260083335
27.33668341708543	0.054545678877043056
27.738693467336685	0.05281566241648664
28.14070351758794	0.048616112767016426
28.542713567839197	0.04236356044565015
28.944723618090453	0.03532641118460736
29.34673366834171	0.029153068317892782
29.748743718592966	0.02541777575565259
30.150753768844222	0.028891621563924507
30.55276381909548	0.03896049143592138
30.954773869346734	0.0523087446342394
31.35678391959799	0.06506045858166987
31.758793969849247	0.07454619245712829
32.16080402010051	0.07947250745295031
32.56281407035176	0.07932976447193739
32.96482412060302	0.07473625662677082
33.366834170854275	0.06629059748907447
33.76884422110553	0.05619055762201821
34.17085427135679	0.046080543754172615
34.572864321608044	0.03948332941199171
34.9748743718593	0.038850720126285924
35.37688442211056	0.041016210965368186
35.77889447236181	0.04310006494700117
36.18090452261307	0.04207715051693946
36.582914572864325	0.03791701009757658
36.98492462311558	0.03427085301190705
37.38693467336684	0.03409955662079345
37.788944723618094	0.03774688472365942
38.19095477386935	0.041560583420168384
38.59296482412061	0.04180300997254698
38.99497487437186	0.03676367763864765
39.39698492462312	0.029163680763781404
39.798994974874375	0.028522699131049066
40.20100502512563	0.04197884065034261
40.60301507537689	0.060784942271908574
41.005025125628144	0.07766760876949329
41.4070351758794	0.0878561128983029
41.80904522613066	0.08903479454754434
42.21105527638191	0.08089625225766191
42.61306532663317	0.06702714148174316
43.015075376884425	0.052167974021208506
43.41708542713568	0.045499385880778696
43.81909547738694	0.049771305668166003
44.221105527638194	0.056538899018462506
44.62311557788945	0.059028231546914486
45.02512562814071	0.054200262356260465
45.42713567839196	0.0429860900733181
45.82914572864322	0.03130628528060432
46.231155778894475	0.028215130346645707
46.63316582914573	0.03589522938580582
47.03517587939699	0.04461883332972935
47.437185929648244	0.0474291705202544
47.8391959798995	0.04314266758479697
48.24120603015076	0.033313972732401845
48.64321608040201	0.026116422107586218
49.04522613065327	0.0333560027692725
49.447236180904525	0.04930498959696667
49.84924623115578	0.06356319623221893
50.25125628140704	0.07122577511700515
50.653266331658294	0.0706219780276841
51.05527638190955	0.0614586666460354
51.45728643216081	0.046355124526687906
51.85929648241206	0.029348668309997973
52.26130653266332	0.021392198233265443
52.663316582914575	0.029230208243227595
53.06532663316583	0.03968192898192893
53.46733668341709	0.045471053408623494
53.869346733668344	0.04543692116083887
54.2713567839196	0.04202129871228345
54.67336683417086	0.03859916527918473
55.07537688442211	0.03789707779533373
55.47738693467337	0.039428724799265874
55.879396984924625	0.040041192098865024
56.28140703517588	0.03796163394798292
56.68341708542714	0.034168093823942654
57.085427135678394	0.034066225737360095
57.48743718592965	0.04202171306082732
57.88944723618091	0.05552087603751256
58.29145728643216	0.06899242003716548
58.69346733668342	0.0783614911075989
59.095477386934675	0.08121370033576232
59.49748743718593	0.07667633415412879
59.89949748743719	0.06525586469339205
60.301507537688444	0.04945074646621289
60.7035175879397	0.03328002111955809
61.10552763819096	0.024312998242768537
61.50753768844221	0.02740711869422673
61.90954773869347	0.03459881924638592
62.311557788944725	0.03885773336467742
62.71356783919598	0.039543619768452526
63.11557788944724	0.038077064837146804
63.517587939698494	0.03711655348043945
63.91959798994975	0.036503033877626836
64.32160804020101	0.03536952926739207
64.72361809045226	0.03173313135454241
65.12562814070353	0.025004085985231145
65.52763819095478	0.017547652649609818
65.92964824120604	0.019398767449305226
66.33165829145729	0.03191627346205186
66.73366834170855	0.04579873383085573
67.1356783919598	0.056172730711426075
67.53768844221106	0.060699633578410905
67.93969849246231	0.058615140913763165
68.34170854271358	0.04995971892772033
68.74371859296483	0.03622325009644438
69.14572864321609	0.020839589287863003
69.54773869346734	0.010379064695634137
69.9497487437186	0.01823781106480816
70.35175879396985	0.028257951158911804
70.75376884422111	0.03359570336033371
71.15577889447236	0.034028614842852176
71.55778894472363	0.03077849599333109
71.95979899497488	0.02606898063925598
72.36180904522614	0.021882213561781584
72.76381909547739	0.019153033420922234
73.16582914572865	0.01640072496554864
73.5678391959799	0.011574025487894445
73.96984924623116	0.005143001088876093
74.37185929648241	0.012782713352033858
74.77386934673368	0.02634571439502284
75.17587939698493	0.039689944705192236
75.57788944723619	0.04932321408672259
75.97989949748744	0.05368609306612924
76.3819095477387	0.0515494173247835
76.78391959798995	0.043157226181606355
77.18592964824121	0.03097991515969885
77.58793969849246	0.02136806450858257
77.98994974874373	0.023893056245411184
78.39195979899498	0.034077433451707995
78.79396984924624	0.04262368391788001
79.19597989949749	0.04630599675437467
79.59798994974875	0.044276222528412124
80.0	0.03650189829424799
