0.0	0.020701494488788275
0.4020100502512563	0.018135092312500496
0.8040201005025126	0.012990886968063432
1.206030150753769	0.006025681395492014
1.6080402010050252	0.0031542575336869173
2.0100502512562817	0.009248869570680756
2.412060301507538	0.013801929009778686
2.814070351758794	0.015543352935900867
3.2160804020100504	0.013791482509755634
3.6180904522613067	0.009127128583079964
4.020100502512563	0.002174634420058461
4.42211055276382	0.005744702378285137
4.824120603015076	0.012972058434509326
5.226130653266332	0.018492748690116766
5.628140703517588	0.021134639607172944
6.030150753768845	0.0203776842066325
6.432160804020101	0.016760839552753766
6.834170854271357	0.010944293815081177
7.236180904522613	0.0049742518666777355
7.63819095477387	0.0061385088653254415
8.040201005025127	0.010692485420276173
8.442211055276383	0.013275741145210818
8.84422110552764	0.012599755951453271
9.246231155778895	0.008908091730232843
9.648241206030152	0.003610766666552456
10.050251256281408	0.006733946412457374
10.452261306532664	0.014253191517274225
10.85427135678392	0.020783354239827086
11.256281407035177	0.025330086904084975
11.658291457286433	0.027051002060055555
12.06030150753769	0.025846009006050757
12.462311557788945	0.022047439448840984
12.864321608040202	0.017509847634988255
13.266331658291458	0.013938780129837017
13.668341708542714	0.013194775432817546
14.07035175879397	0.014334926519365692
14.472361809045227	0.015154368380541336
14.874371859296483	0.014117571409507795
15.27638190954774	0.011429423786389933
15.678391959798995	0.009446843370631957
16.080402010050253	0.012005320331344225
16.48241206030151	0.017826214906313982
16.884422110552766	0.023995554577123393
17.286432160804022	0.028921248282419966
17.68844221105528	0.03155403932564331
18.090452261306535	0.03164048262603683
18.49246231155779	0.029541418183878305
18.894472361809047	0.02600197956366143
19.296482412060303	0.02260050060506515
19.69849246231156	0.020742294690804186
20.100502512562816	0.02014556425854864
20.502512562814072	0.019586502644379142
20.90452261306533	0.017933658411962993
21.306532663316585	0.015448242180716642
21.70854271356784	0.0140183078652255
22.110552763819097	0.016563956127305327
22.512562814070353	0.02227615490253013
22.91457286432161	0.02869763320422101
23.316582914572866	0.033533467362716035
23.718592964824122	0.03587407683846358
24.12060301507538	0.035740500458182015
24.522613065326635	0.0334150951838139
24.92462311557789	0.029839925150404244
25.326633165829147	0.02587618417048022
25.728643216080403	0.02254483371147734
26.13065326633166	0.01970514028172559
26.532663316582916	0.016727346307348154
26.934673366834172	0.013704532340624232
27.33668341708543	0.012090750167512382
27.738693467336685	0.01502313681026246
28.14070351758794	0.021654689110051563
28.542713567839197	0.02901136383887266
28.944723618090453	0.03528569204479945
29.34673366834171	0.03977134147248074
29.748743718592966	0.04161437778261988
30.150753768844222	0.04080429366892538
30.55276381909548	0.038093499882059276
30.954773869346734	0.03408168056056983
31.35678391959799	0.029562543044897433
31.758793969849247	0.025380032646236433
32.16080402010051	0.021972955614690735
32.56281407035176	0.019506604448244532
32.96482412060302	0.018150105787744744
33.366834170854275	0.01907340964421632
33.76884422110553	0.023128964487360074
34.17085427135679	0.029784579100330878
34.572864321608044	0.03689211823760037
34.9748743718593	0.04300094899820622
35.37688442211056	0.04704114689990934
35.77889447236181	0.048613863015977886
36.18090452261307	0.047413594762696215
36.582914572864325	0.04382306956112532
36.98492462311558	0.03875600073341291
37.38693467336684	0.03318661996687278
37.788944723618094	0.02835700594454433
38.19095477386935	0.02551213525737207
38.59296482412061	0.024965225806992904
38.99497487437186	0.027123593719419713
39.39698492462312	0.03227450838111527
39.798994974874375	0.03995149193732951
40.20100502512563	0.04880053003401834
40.60301507537689	0.057659667758074594
41.005025125628144	0.06487384414890705
41.4070351758794	0.06974448263060823
41.80904522613066	0.0715477503302599
42.21105527638191	0.0702557320401071
42.61306532663317	0.06674758001895799
43.015075376884425	0.06158942582117353
43.41708542713568	0.056303132520138424
43.81909547738694	0.051759613017656206
44.221105527638194	0.049240655358439994
44.62311557788945	0.04852435560382227
45.02512562814071	0.04994538741805128
45.42713567839196	0.053214564034915125
45.82914572864322	0.05773913503661229
46.231155778894475	0.06250068262303442
46.63316582914573	0.06676768092636844
47.03517587939699	0.06965145827916368
47.437185929648244	0.07102039881392601
47.8391959798995	0.07047222638159191
48.24120603015076	0.06864599706099295
48.64321608040201	0.06584338428686135
49.04522613065327	0.06266322470611806
49.447236180904525	0.06001627011511842
49.84924623115578	0.057477908249600695
50.25125628140704	0.05594330768025609
50.653266331658294	0.05478597455696892
51.05527638190955	0.05442079743798752
51.45728643216081	0.05471467731702523
51.85929648241206	0.05556258925180817
52.26130653266332	0.056814178791838144
52.663316582914575	0.05828304497016905
53.06532663316583	0.059697046925837494
53.46733668341709	0.06070371634246493
53.869346733668344	0.06068923155444709
54.2713567839196	0.05975639275128407
54.67336683417086	0.05818074065618132
55.07537688442211	0.05585085047224418
55.47738693467337	0.05350881792811145
55.879396984924625	0.051539915751335555
56.28140703517588	0.050154435164624034
56.68341708542714	0.0490768596715499
57.085427135678394	0.04896705447057588
57.48743718592965	0.049455668982206706
57.88944723618091	0.05096128591149364
58.29145728643216	0.05352730831150684
58.69346733668342	0.056547932487587584
59.095477386934675	0.05959332647126566
59.49748743718593	0.06145905440104743
59.89949748743719	0.06162072049052029
60.301507537688444	0.05975620943618989
60.7035175879397	0.05671616107766927
61.10552763819096	0.05307347533204417
61.50753768844221	0.04963686956139409
61.90954773869347	0.04745443849727841
62.311557788944725	0.04642176670068917
62.71356783919598	0.04641115820641377
63.11557788944724	0.04740458488676148
63.517587939698494	0.049513006412404775
63.91959798994975	0.052429029166624785
64.32160804020101	0.055952419423774914
64.72361809045226	0.05932867087863305
65.12562814070353	0.061253575723075514
65.52763819095478	0.062048814604881306
65.92964824120604	0.060656484846372385
66.33165829145729	0.05781020234628022
66.73366834170855	0.05402195642713279
67.1356783919598	0.05014977623517791
67.53768844221106	0.04719333920293023
67.93969849246231	0.04535989696281898
68.34170854271358	0.044800186051187234
68.74371859296483	0.04543546044596292
69.14572864321609	0.04694384234218117
69.54773869346734	0.04953681231201646
69.9497487437186	0.05315508530797166
70.35175879396985	0.05718960648123308
70.75376884422111	0.06053661644001489
71.15577889447236	0.0622621948935045
71.55778894472363	0.06165022185672685
71.95979899497488	0.05874232483817482
72.36180904522614	0.05410478525645048
72.76381909547739	0.04890835795322853
73.16582914572865	0.04487327990630529
73.5678391959799	0.04279856830189753
73.96984924623116	0.04336280769933842
74.37185929648241	0.04611600953136926
74.77386934673368	0.04984888050638781
75.17587939698493	0.0540031670074122
75.57788944723619	0.058029403790153665
75.97989949748744	0.061515059985403
76.3819095477387	0.06364229869985778
76.78391959798995	0.06433638776211838
77.18592964824121	0.06308010227436268
77.58793969849246	0.06011777719026745
77.98994974874373	0.05616641163602891
78.39195979899498	0.052019345658620555
78.79396984924624	0.048546491918923955
79.19597989949749	0.04704980438440061
79.59798994974875	0.04728012856600395
80.0	0.04912306863553529
