0.0	0.023828466029905078
0.4020100502512563	0.024601600212288896
0.8040201005025126	0.022050561496193506
1.206030150753769	0.016805574831646984
1.6080402010050252	0.011135905184950284
2.0100502512562817	0.008793510547231239
2.412060301507538	0.011615768233099722
2.814070351758794	0.014422139094949313
3.2160804020100504	0.014790078676293967
3.6180904522613067	0.011879045383503846
4.020100502512563	0.006917042092096021
4.42211055276382	0.006461049906206477
4.824120603015076	0.014002043351705818
5.226130653266332	0.02202163931532072
5.628140703517588	0.028027579915338025
6.030150753768845	0.03107884139424339
6.432160804020101	0.030655312501837194
6.834170854271357	0.02729447911605764
7.236180904522613	0.02194812902508709
7.63819095477387	0.01633219460753909
8.040201005025127	0.012137722567029462
8.442211055276383	0.009848395336824656
8.84422110552764	0.007993988193663433
9.246231155778895	0.004049161981555889
9.648241206030152	0.0037520460271882813
10.050251256281408	0.012248462643165042
10.452261306532664	0.02255488015559658
10.85427135678392	0.03235558235322864
11.256281407035177	0.04008958519117438
11.658291457286433	0.0446901026906273
12.06030150753769	0.045238386166129206
12.462311557788945	0.04227351659399765
12.864321608040202	0.03643603464796034
13.266331658291458	0.028972030480538757
13.668341708542714	0.021844353365519046
14.07035175879397	0.0162019821705859
14.472361809045227	0.01227420583889138
14.874371859296483	0.010680190624125303
15.27638190954774	0.013012652567262434
15.678391959798995	0.019603565691930558
16.080402010050253	0.028356896498679434
16.48241206030151	0.03704061356992367
16.884422110552766	0.044096452673007734
17.286432160804022	0.04840247302427224
17.68844221105528	0.0493588611331068
18.090452261306535	0.047155630803231756
18.49246231155779	0.042150526808080103
18.894472361809047	0.035487965594940614
19.296482412060303	0.02848961092454235
19.69849246231156	0.022029185375912117
20.100502512562816	0.017029682663285924
20.502512562814072	0.013912969709289633
20.90452261306533	0.013533247597045158
21.306532663316585	0.016947683633127604
21.70854271356784	0.0226210172389619
22.110552763819097	0.029366350540237413
22.512562814070353	0.03543632145727828
22.91457286432161	0.03991321648738205
23.316582914572866	0.04199507701717272
23.718592964824122	0.04135049556507102
24.12060301507538	0.03826028510126223
24.522613065326635	0.03277103772389809
24.92462311557789	0.02622935942008776
25.326633165829147	0.019134564768141814
25.728643216080403	0.012729122881239294
26.13065326633166	0.0074210453547478615
26.532663316582916	0.004776465411904084
26.934673366834172	0.007900390855399213
27.33668341708543	0.01364270777731896
27.738693467336685	0.02021113159402671
28.14070351758794	0.027111707632692293
28.542713567839197	0.03320477332428105
28.944723618090453	0.03757762538556965
29.34673366834171	0.03934995265590433
29.748743718592966	0.038468252092837996
30.150753768844222	0.03467580910476981
30.55276381909548	0.02866190107163863
30.954773869346734	0.021116408489077292
31.35678391959799	0.01342014465889021
31.758793969849247	0.007555678835018742
32.16080402010051	0.007214300835072222
32.56281407035176	0.011352468757322954
32.96482412060302	0.016614815105332525
33.366834170854275	0.0225478725166526
33.76884422110553	0.028941854966579993
34.17085427135679	0.0349273933477358
34.572864321608044	0.03981485337535244
34.9748743718593	0.04224538468744518
35.37688442211056	0.04186608608417287
35.77889447236181	0.038581857048503435
36.18090452261307	0.033049013467766675
36.582914572864325	0.025596467483671437
36.98492462311558	0.01796591598006812
37.38693467336684	0.01135244476600641
37.788944723618094	0.00915508688500823
38.19095477386935	0.012479816135570598
38.59296482412061	0.01832159650004213
38.99497487437186	0.025188631342403723
39.39698492462312	0.03220321464230922
39.798994974874375	0.03814696274472062
40.20100502512563	0.04214867994121951
40.60301507537689	0.043706564327509176
41.005025125628144	0.04260998205191078
41.4070351758794	0.039204896265561
41.80904522613066	0.0338391492125432
42.21105527638191	0.027618367307730464
42.61306532663317	0.020992338474679323
43.015075376884425	0.015294501057947238
43.41708542713568	0.012199875622730923
43.81909547738694	0.013712914149439556
44.221105527638194	0.01828019396085747
44.62311557788945	0.023873971919785783
45.02512562814071	0.029259931007829004
45.42713567839196	0.03359747639951309
45.82914572864322	0.03635578471607018
46.231155778894475	0.03740215900128266
46.63316582914573	0.036257425991440266
47.03517587939699	0.03320878572925144
47.437185929648244	0.02890719568623499
47.8391959798995	0.023282162418161896
48.24120603015076	0.017505214880891504
48.64321608040201	0.012364213400496826
49.04522613065327	0.010340414485042446
49.447236180904525	0.012997621609228663
49.84924623115578	0.018178806535562246
50.25125628140704	0.02388556964972244
50.653266331658294	0.029425656245812077
51.05527638190955	0.033722910101406524
51.45728643216081	0.03623487232501864
51.85929648241206	0.037322586360187204
52.26130653266332	0.036493827818735954
52.663316582914575	0.0340516852756098
53.06532663316583	0.030254061920633603
53.46733668341709	0.02584451822445143
53.869346733668344	0.02074047299417462
54.2713567839196	0.016696573520645575
54.67336683417086	0.015062923319650048
55.07537688442211	0.016936687216491452
55.47738693467337	0.021506762026677142
55.879396984924625	0.026742644147824506
56.28140703517588	0.03186232426724553
56.68341708542714	0.03637710272831521
57.085427135678394	0.03981115466291719
57.48743718592965	0.041969649961904026
57.88944723618091	0.04208805915291918
58.29145728643216	0.04004248423949734
58.69346733668342	0.035889709411961915
59.095477386934675	0.03004297234692125
59.49748743718593	0.02348683299704769
59.89949748743719	0.017663516968125438
60.301507537688444	0.01467122768691562
60.7035175879397	0.015978222633697733
61.10552763819096	0.02054793912023167
61.50753768844221	0.02625812484257713
61.90954773869347	0.03212415414992008
62.311557788944725	0.03719428885472602
62.71356783919598	0.04078858906220173
63.11557788944724	0.042546706936874144
63.517587939698494	0.042025815957670756
63.91959798994975	0.039522792595785845
64.32160804020101	0.03541681550446306
64.72361809045226	0.030175204080751528
65.12562814070353	0.02445843744809812
65.52763819095478	0.01959335904063677
65.92964824120604	0.016907226947974814
66.33165829145729	0.018296100365336746
66.73366834170855	0.02285820925470376
67.1356783919598	0.028877422878444588
67.53768844221106	0.03488323980733788
67.93969849246231	0.04004354259908616
68.34170854271358	0.04353848671251739
68.74371859296483	0.04504044987740512
69.14572864321609	0.044437954818558105
69.54773869346734	0.041907716618615545
69.9497487437186	0.03808080960165203
70.35175879396985	0.033152837988914545
70.75376884422111	0.02821732075704956
71.15577889447236	0.024072807958296256
71.55778894472363	0.022306229118579483
71.95979899497488	0.023642782461143656
72.36180904522614	0.02774015868671991
72.76381909547739	0.03347293353672168
73.16582914572865	0.039692107276497156
73.5678391959799	0.04530559587842729
73.96984924623116	0.04944728557110295
74.37185929648241	0.05141653940936765
74.77386934673368	0.05139784243566925
75.17587939698493	0.04956291161790825
75.57788944723619	0.04622226741648917
75.97989949748744	0.04231629536509919
76.3819095477387	0.038411807271863316
76.78391959798995	0.03547695376714183
77.18592964824121	0.03407809699803512
77.58793969849246	0.03535183183767916
77.98994974874373	0.03916286030969034
78.39195979899498	0.044421631700181624
78.79396984924624	0.0502433244811659
79.19597989949749	0.05561737397333123
79.59798994974875	0.05996909679408419
80.0	0.06280051197393664
