0.0	0.03332587231725977
0.4020100502512563	0.031025387378209823
0.8040201005025126	0.023366946878353036
1.206030150753769	0.012097010951444151
1.6080402010050252	0.000760509896990693
2.0100502512562817	0.012650242133683829
2.412060301507538	0.02156127191103316
2.814070351758794	0.02567309113872921
3.2160804020100504	0.024330599328462068
3.6180904522613067	0.017598921406902675
4.020100502512563	0.006735079475750226
4.42211055276382	0.00645408433363933
4.824120603015076	0.0195292174723971
5.226130653266332	0.029944857975497435
5.628140703517588	0.0359928396274869
6.030150753768845	0.036746696968645624
6.432160804020101	0.03189712153566124
6.834170854271357	0.022422069506264353
7.236180904522613	0.010605611044584809
7.63819095477387	0.001610012486074193
8.040201005025127	0.011760310838098878
8.442211055276383	0.017690901267030667
8.84422110552764	0.018298141616633547
9.246231155778895	0.013481090149061375
9.648241206030152	0.004015164664005626
10.050251256281408	0.008812463342954897
10.452261306532664	0.022078424791236437
10.85427135678392	0.033493251578846514
11.256281407035177	0.040487619726609005
11.658291457286433	0.04182161121103762
12.06030150753769	0.037005971855994184
12.462311557788945	0.0272212656728568
12.864321608040202	0.013505997815812049
13.266331658291458	0.003136120075247213
13.668341708542714	0.0167710731834625
14.07035175879397	0.028365074842138467
14.472361809045227	0.032534946430753615
14.874371859296483	0.0270587907629199
15.27638190954774	0.012231283536106235
15.678391959798995	0.013300428081500148
16.080402010050253	0.03910702950930307
16.48241206030151	0.06309872785992426
16.884422110552766	0.0782678172466973
17.286432160804022	0.08047714855935546
17.68844221105528	0.07031826289814931
18.090452261306535	0.04913646753493499
18.49246231155779	0.023702363040771085
18.894472361809047	0.01724356858135567
19.296482412060303	0.03602479472294316
19.69849246231156	0.049371785459092335
20.100502512562816	0.05125755660338095
20.502512562814072	0.04183521281617416
20.90452261306533	0.025385558780387268
21.306532663316585	0.02207312213660382
21.70854271356784	0.04353284589063041
22.110552763819097	0.0662838459255228
22.512562814070353	0.0824995103122354
22.91457286432161	0.08770491818365987
23.316582914572866	0.08120041111505796
23.718592964824122	0.06521488765864267
24.12060301507538	0.04341803566950689
24.522613065326635	0.02642549301929369
24.92462311557789	0.02927972782492532
25.326633165829147	0.04231171697641188
25.728643216080403	0.05112156356082501
26.13065326633166	0.051298212824524035
26.532663316582916	0.04544780333515275
26.934673366834172	0.037148302051393176
27.33668341708543	0.03786934807543087
27.738693467336685	0.05161030283738408
28.14070351758794	0.06991387956639014
28.542713567839197	0.08477308703316963
28.944723618090453	0.09239737555928117
29.34673366834171	0.09037038088368834
29.748743718592966	0.07915812006877113
30.150753768844222	0.06214575568588808
30.55276381909548	0.04596054498296572
30.954773869346734	0.04052070380441552
31.35678391959799	0.04718235163387467
31.758793969849247	0.05488508148136854
32.16080402010051	0.056586577151917075
32.56281407035176	0.05090149188312902
32.96482412060302	0.04186687657622955
33.366834170854275	0.039788045201807995
33.76884422110553	0.05130061575842264
34.17085427135679	0.06860433639219227
34.572864321608044	0.08276434790027969
34.9748743718593	0.09000034250035524
35.37688442211056	0.08828631550224036
35.77889447236181	0.07892979382135674
36.18090452261307	0.06498146035268752
36.582914572864325	0.052364466455344816
36.98492462311558	0.047810283246982034
37.38693467336684	0.05102330367040133
37.788944723618094	0.0546012306732773
38.19095477386935	0.05300260542938068
38.59296482412061	0.04559115547565775
38.99497487437186	0.040105989678161855
39.39698492462312	0.048266902512919624
39.798994974874375	0.06794662908745895
40.20100502512563	0.08738872882876175
40.60301507537689	0.09957463124569534
41.005025125628144	0.10193689277270687
41.4070351758794	0.09402570506523589
41.80904522613066	0.07789191708700097
42.21105527638191	0.05778659284126321
42.61306532663317	0.042131814929695435
43.015075376884425	0.03837704451585776
43.41708542713568	0.042473234328656975
43.81909547738694	0.04493179152089371
44.221105527638194	0.042256560547618754
44.62311557788945	0.03639981551328854
45.02512562814071	0.037348788662670176
45.42713567839196	0.04946521308240106
45.82914572864322	0.06702642591307081
46.231155778894475	0.08185643390458394
46.63316582914573	0.0904410919867845
47.03517587939699	0.09063442197482455
47.437185929648244	0.08244740686126953
47.8391959798995	0.06775684743146225
48.24120603015076	0.049537194826366766
48.64321608040201	0.03377424023305116
49.04522613065327	0.027889329319508733
49.447236180904525	0.031017168695893528
49.84924623115578	0.03369407140508879
50.25125628140704	0.03079548310762959
50.653266331658294	0.02485900557415358
51.05527638190955	0.027635703229905974
51.45728643216081	0.04285905153275051
51.85929648241206	0.06155007432781925
52.26130653266332	0.07743356054301803
52.663316582914575	0.08601815112441982
53.06532663316583	0.08626340485340966
53.46733668341709	0.07797104969489543
53.869346733668344	0.06228815895287447
54.2713567839196	0.04285815375452552
54.67336683417086	0.026657808979541182
55.07537688442211	0.022319272957429144
55.47738693467337	0.026855000803763074
55.879396984924625	0.028737483249077933
56.28140703517588	0.024516272325514225
56.68341708542714	0.02168361678926926
57.085427135678394	0.03279565388284563
57.48743718592965	0.05218848586941936
57.88944723618091	0.07153641936559131
58.29145728643216	0.0857464079990603
58.69346733668342	0.09218453428643573
59.095477386934675	0.08915961954553991
59.49748743718593	0.07682303265710815
59.89949748743719	0.05748140910581612
60.301507537688444	0.03472536487947988
60.7035175879397	0.014434457907526555
61.10552763819096	0.012365041065027196
61.50753768844221	0.020175756804410326
61.90954773869347	0.020449605834744415
62.311557788944725	0.013220742755569784
62.71356783919598	0.016334401141335105
63.11557788944724	0.036286356064620176
63.517587939698494	0.05853837262356933
63.91959798994975	0.07700747067132377
64.32160804020101	0.08840685135514462
64.72361809045226	0.09051960298389042
65.12562814070353	0.08305480879674988
65.52763819095478	0.06766998619632507
65.92964824120604	0.04687684050513638
66.33165829145729	0.025046945609679405
66.73366834170855	0.006019512267572779
67.1356783919598	0.007732085739279354
67.53768844221106	0.011323034554677603
67.93969849246231	0.005001289509663461
68.34170854271358	0.010028024504169026
68.74371859296483	0.03136247418821277
69.14572864321609	0.054908493085386055
69.54773869346734	0.07690077481048249
69.9497487437186	0.09292954531284832
70.35175879396985	0.10059016049660134
70.75376884422111	0.09834180344696444
71.15577889447236	0.08666015107349627
71.55778894472363	0.06825095318624311
71.95979899497488	0.046118046648660725
72.36180904522614	0.02576441524287062
72.76381909547739	0.013607665398025326
73.16582914572865	0.012255944487296756
73.5678391959799	0.009754044431126372
73.96984924623116	0.0045574247341198335
74.37185929648241	0.020338844973533575
74.77386934673368	0.04242842148089591
75.17587939698493	0.06471547347650096
75.57788944723619	0.08335930315085277
75.97989949748744	0.09492185848659615
76.3819095477387	0.09771018331470845
76.78391959798995	0.09103414885077551
77.18592964824121	0.07680339809158167
77.58793969849246	0.05781777803451917
77.98994974874373	0.03868347226381966
78.39195979899498	0.02534056463871693
78.79396984924624	0.022405627583870186
79.19597989949749	0.022626792135069955
79.59798994974875	0.018489955335205456
80.0	0.012140945866643436
