0.0	0.019477556000006148
0.4020100502512563	0.01692239147096228
0.8040201005025126	0.011727197499963326
1.206030150753769	0.005425815503863679
1.6080402010050252	0.005038317588342267
2.0100502512562817	0.010625792334906362
2.412060301507538	0.014754169179588352
2.814070351758794	0.016034347693814673
3.2160804020100504	0.014103195979761934
3.6180904522613067	0.009376929025256423
4.020100502512563	0.0028834778650669636
4.42211055276382	0.004859876217985337
4.824120603015076	0.011652976068129688
5.226130653266332	0.016568837778135857
5.628140703517588	0.01882666993045063
6.030150753768845	0.017754194933217452
6.432160804020101	0.014126208719751582
6.834170854271357	0.009043201863363083
7.236180904522613	0.006801762127244579
7.63819095477387	0.010301959162428948
8.040201005025127	0.014649360950692464
8.442211055276383	0.01653756043879685
8.84422110552764	0.015541486518911157
9.246231155778895	0.01173527402142319
9.648241206030152	0.00639969636746345
10.050251256281408	0.006502125993934647
10.452261306532664	0.012789500560218586
10.85427135678392	0.018597444426033834
11.256281407035177	0.022260141364890983
11.658291457286433	0.022862880401807707
12.06030150753769	0.02118976432592953
12.462311557788945	0.01790012198011724
12.864321608040202	0.014713062536249372
13.266331658291458	0.013979422978265862
13.668341708542714	0.015605222947557123
14.07035175879397	0.017619867356455612
14.472361809045227	0.01827823058760893
14.874371859296483	0.017049944474843558
15.27638190954774	0.014220284104663524
15.678391959798995	0.011293372949974269
16.080402010050253	0.010650583652162737
16.48241206030151	0.013541062591441036
16.884422110552766	0.017828995146781077
17.286432160804022	0.021899425863364252
17.68844221105528	0.024553894761053453
18.090452261306535	0.02568401366053416
18.49246231155779	0.025567947044251034
18.894472361809047	0.025007672550501257
19.296482412060303	0.025085053171391376
19.69849246231156	0.025753581021626816
20.100502512562816	0.02681164874165069
20.502512562814072	0.027293056242006702
20.90452261306533	0.026420573980838514
21.306532663316585	0.024511549522417384
21.70854271356784	0.02221356074305133
22.110552763819097	0.021202480396778363
22.512562814070353	0.022366443797871925
22.91457286432161	0.024886014972941226
23.316582914572866	0.027350367878652155
23.718592964824122	0.028833757668216907
24.12060301507538	0.029382613810918036
24.522613065326635	0.029502570025632585
24.92462311557789	0.029715132040260172
25.326633165829147	0.03059561223455351
25.728643216080403	0.0320645135843491
26.13065326633166	0.03337377645879312
26.532663316582916	0.03363258463775802
26.934673366834172	0.03286111493298217
27.33668341708543	0.0311956145626374
27.738693467336685	0.02967921485968314
28.14070351758794	0.02977255165830167
28.542713567839197	0.03172304790586635
28.944723618090453	0.03513506160918322
29.34673366834171	0.0386442835479366
29.748743718592966	0.0414602758172972
30.150753768844222	0.04303058320757014
30.55276381909548	0.04427998556956672
30.954773869346734	0.045762966316354896
31.35678391959799	0.047683193532458604
31.758793969849247	0.04939977496132662
32.16080402010051	0.050871065298103625
32.56281407035176	0.05111408821314698
32.96482412060302	0.0504521168356951
33.366834170854275	0.04917633315437488
33.76884422110553	0.04883232538881298
34.17085427135679	0.05028364232076839
34.572864321608044	0.05324410578765756
34.9748743718593	0.05696567460454079
35.37688442211056	0.06109333628610063
35.77889447236181	0.06441229774478066
36.18090452261307	0.06689098711207987
36.582914572864325	0.06810088336913157
36.98492462311558	0.06784367414749513
37.38693467336684	0.06582629056527409
37.788944723618094	0.06213669393353013
38.19095477386935	0.05697256101456144
38.59296482412061	0.05109505222886138
38.99497487437186	0.04552247073918677
39.39698492462312	0.041637586798945456
39.798994974874375	0.0413563462062854
40.20100502512563	0.04552528684456131
40.60301507537689	0.05314988604727876
41.005025125628144	0.06192158075982233
41.4070351758794	0.06934547301339
41.80904522613066	0.07380920683942975
42.21105527638191	0.07419966619180338
42.61306532663317	0.07062175368004713
43.015075376884425	0.06399515955942178
43.41708542713568	0.056169423100935346
43.81909547738694	0.048534269202333724
44.221105527638194	0.04222799476865307
44.62311557788945	0.03718860090903921
45.02512562814071	0.033357461074261116
45.42713567839196	0.031484131166365975
45.82914572864322	0.033244482328782084
46.231155778894475	0.0393299502952042
46.63316582914573	0.047590879575644694
47.03517587939699	0.055879657536889026
47.437185929648244	0.0619905247228756
47.8391959798995	0.0649804893158851
48.24120603015076	0.06475528904668174
48.64321608040201	0.0616976674583269
49.04522613065327	0.057417556603163424
49.447236180904525	0.05248170347980173
49.84924623115578	0.04850132726592768
50.25125628140704	0.04520692307798588
50.653266331658294	0.042061309720062244
51.05527638190955	0.0393480924719951
51.45728643216081	0.037866415137906916
51.85929648241206	0.03897221738807229
52.26130653266332	0.0428866255735799
52.663316582914575	0.048550702825902
53.06532663316583	0.05473556527926304
53.46733668341709	0.0600535201862636
53.869346733668344	0.0635844144281927
54.2713567839196	0.06499350070801926
54.67336683417086	0.06482433132452232
55.07537688442211	0.06308290818161663
55.47738693467337	0.060432922082342
55.879396984924625	0.05711029579197757
56.28140703517588	0.053433142023336544
56.68341708542714	0.04934766208589173
57.085427135678394	0.04544108505655374
57.48743718592965	0.04262533951713734
57.88944723618091	0.041996670884796264
58.29145728643216	0.044465605257803006
58.69346733668342	0.04920585330223644
59.095477386934675	0.05477281888008362
59.49748743718593	0.05986649740475462
59.89949748743719	0.06335573108885972
60.301507537688444	0.06492447531681625
60.7035175879397	0.06471111633402263
61.10552763819096	0.0630009966668517
61.50753768844221	0.05978832802761852
61.90954773869347	0.055730061583683245
62.311557788944725	0.05114134404141605
62.71356783919598	0.045846290665566586
63.11557788944724	0.04045040370057322
63.517587939698494	0.036106687059636926
63.91959798994975	0.03478309269424447
64.32160804020101	0.03781475977662084
64.72361809045226	0.0445426298966881
65.12562814070353	0.05311881809993392
65.52763819095478	0.06119280674454923
65.92964824120604	0.0673460847017162
66.33165829145729	0.07032488431139841
66.73366834170855	0.0700798545699667
67.1356783919598	0.06710636609156823
67.53768844221106	0.06205659095131354
67.93969849246231	0.055957806538014
68.34170854271358	0.04963591236165353
68.74371859296483	0.043516538972900434
69.14572864321609	0.03834738838374084
69.54773869346734	0.03484237022847115
69.9497487437186	0.035523688890150965
70.35175879396985	0.04124040985149065
70.75376884422111	0.05049125976349147
71.15577889447236	0.060233903702741995
71.55778894472363	0.06811185804195469
71.95979899497488	0.07229545424400408
72.36180904522614	0.07220541433949199
72.76381909547739	0.06811633932250874
73.16582914572865	0.06113760775420657
73.5678391959799	0.053191880825941285
73.96984924623116	0.04609177625889212
74.37185929648241	0.04086006908454925
74.77386934673368	0.03690012555123249
75.17587939698493	0.03409123999170215
75.57788944723619	0.03369658253234532
75.97989949748744	0.03767982100690116
76.3819095477387	0.046515223776684836
76.78391959798995	0.05693834573405878
77.18592964824121	0.06641149207628091
77.58793969849246	0.07224642668501682
77.98994974874373	0.07351738472246137
78.39195979899498	0.07044149135803118
78.79396984924624	0.06420439998751476
79.19597989949749	0.05676428969922205
79.59798994974875	0.050354678516270276
80.0	0.04527788892361153
