0.0	0.018503169255035
0.4020100502512563	0.018404104847028955
0.8040201005025126	0.015350735592673012
1.206030150753769	0.009889487355367403
1.6080402010050252	0.003725541535032762
2.0100502512562817	0.004885489150820102
2.412060301507538	0.010088603967545054
2.814070351758794	0.013306474111413908
3.2160804020100504	0.013466025833628326
3.6180904522613067	0.01060228965673277
4.020100502512563	0.005155422296836234
4.42211055276382	0.0023215230765334972
4.824120603015076	0.009933770735681968
5.226130653266332	0.016692960878511413
5.628140703517588	0.021484341560890487
6.030150753768845	0.023557650740089805
6.432160804020101	0.022663379436653613
6.834170854271357	0.01909028390995624
7.236180904522613	0.013831821412851627
7.63819095477387	0.008699711250150411
8.040201005025127	0.006226479558494808
8.442211055276383	0.006756339787010854
8.84422110552764	0.007144728277806508
9.246231155778895	0.005731065866004115
9.648241206030152	0.005296881586611298
10.050251256281408	0.010967241272933411
10.452261306532664	0.019183895267279313
10.85427135678392	0.027574907572618962
11.256281407035177	0.035214839393485534
11.658291457286433	0.04069249227307758
12.06030150753769	0.043282559157417994
12.462311557788945	0.043710619114703364
12.864321608040202	0.0424788521507065
13.266331658291458	0.04001695369852416
13.668341708542714	0.03764799454076375
14.07035175879397	0.03658492281303333
14.472361809045227	0.036805531502891634
14.874371859296483	0.03746441757700246
15.27638190954774	0.03763588873103463
15.678391959798995	0.03742432787536677
16.080402010050253	0.03649943754958168
16.48241206030151	0.03444329591973009
16.884422110552766	0.0321917321694476
17.286432160804022	0.03305633586876309
17.68844221105528	0.03954861366164267
18.090452261306535	0.04800456406576327
18.49246231155779	0.05513722675288565
18.894472361809047	0.05871404807913096
19.296482412060303	0.06028286387038869
19.69849246231156	0.06506201968766714
20.100502512562816	0.0768627593575364
20.502512562814072	0.09129117028447563
20.90452261306533	0.10287078909796402
21.306532663316585	0.10697408130799572
21.70854271356784	0.10135407808187102
22.110552763819097	0.08684597246204204
22.512562814070353	0.06627367031294906
22.91457286432161	0.04449079677429894
23.316582914572866	0.029588363891692494
23.718592964824122	0.029607885899451725
24.12060301507538	0.034418680432903345
24.522613065326635	0.03492032921178983
24.92462311557789	0.03223225309808446
25.326633165829147	0.033598213447909024
25.728643216080403	0.04616302281000267
26.13065326633166	0.06307668642113333
26.532663316582916	0.07888266315245045
26.934673366834172	0.08746224008659727
27.33668341708543	0.0874676641339798
27.738693467336685	0.07785153659054538
28.14070351758794	0.0613709015243306
28.542713567839197	0.04125898648398498
28.944723618090453	0.024102280317621676
29.34673366834171	0.01960123672057005
29.748743718592966	0.025172660403169574
30.150753768844222	0.02724153000670725
30.55276381909548	0.021917414664383367
30.954773869346734	0.009149497347764147
31.35678391959799	0.009546271980050047
31.758793969849247	0.02908563742091645
32.16080402010051	0.04622010923446426
32.56281407035176	0.05830216833115938
32.96482412060302	0.06299552925537714
33.366834170854275	0.060208491613808514
33.76884422110553	0.05142056651667013
34.17085427135679	0.03963223891239405
34.572864321608044	0.02935963717460831
34.9748743718593	0.026250680556138738
35.37688442211056	0.030469348135421525
35.77889447236181	0.03446018603878366
36.18090452261307	0.03384727163072122
36.582914572864325	0.029293386697387423
36.98492462311558	0.024888533701389402
37.38693467336684	0.027759381844179375
37.788944723618094	0.03747035006669842
38.19095477386935	0.0474357512929615
38.59296482412061	0.05294693316629702
38.99497487437186	0.05236217985365761
39.39698492462312	0.04471768673071536
39.798994974874375	0.032173104791103586
40.20100502512563	0.016588291947828664
40.60301507537689	0.005008856070728793
41.005025125628144	0.016235400406130533
41.4070351758794	0.027150053896102904
41.80904522613066	0.034438709242269265
42.21105527638191	0.039018553774263234
42.61306532663317	0.04331613422466306
43.015075376884425	0.048870866048370584
43.41708542713568	0.05550988510609565
43.81909547738694	0.06177893091277263
44.221105527638194	0.0657147360236605
44.62311557788945	0.06643408507270517
45.02512562814071	0.06309555559267668
45.42713567839196	0.05571593133862853
45.82914572864322	0.044726717874221694
46.231155778894475	0.03176431691779716
46.63316582914573	0.019933930317931607
47.03517587939699	0.01609180763907777
47.437185929648244	0.021893972179283756
47.8391959798995	0.028889453717052288
48.24120603015076	0.03338088943847226
48.64321608040201	0.03601741308111347
49.04522613065327	0.03820172493206372
49.447236180904525	0.04229504502317368
49.84924623115578	0.049297587893785945
50.25125628140704	0.05714304799490816
50.653266331658294	0.06319095905853023
51.05527638190955	0.06488302228364369
51.45728643216081	0.06097721721587742
51.85929648241206	0.051098845596448714
52.26130653266332	0.03729104910970417
52.663316582914575	0.021659128491813024
53.06532663316583	0.00815630106203925
53.46733668341709	0.007869839856848318
53.869346733668344	0.01382911716667087
54.2713567839196	0.01489608946040479
54.67336683417086	0.011194150565580933
55.07537688442211	0.008028864083632186
55.47738693467337	0.01552439761314108
55.879396984924625	0.026325443216322075
56.28140703517588	0.035424436936411535
56.68341708542714	0.04024983946344187
57.085427135678394	0.039681848456211574
57.48743718592965	0.033342920435520444
57.88944723618091	0.0225449702650353
58.29145728643216	0.009181781879553035
58.69346733668342	0.005770774711311164
59.095477386934675	0.017641067064479224
59.49748743718593	0.02636089550603461
59.89949748743719	0.03023826692352365
60.301507537688444	0.02952022937213263
60.7035175879397	0.02522867006049529
61.10552763819096	0.022378994927700915
61.50753768844221	0.025350729755056884
61.90954773869347	0.03198887827157488
62.311557788944725	0.03789216549658594
62.71356783919598	0.039536197581449044
63.11557788944724	0.03639960793726657
63.517587939698494	0.02908495832723359
63.91959798994975	0.020904060632542576
64.32160804020101	0.01871620318982596
64.72361809045226	0.024368886931262112
65.12562814070353	0.03110003836622165
65.52763819095478	0.034909949214402825
65.92964824120604	0.03584993184135913
66.33165829145729	0.03616961711410312
66.73366834170855	0.040018103253497736
67.1356783919598	0.04759005463459959
67.53768844221106	0.05643919682610641
67.93969849246231	0.06278072623946776
68.34170854271358	0.06445664131722582
68.74371859296483	0.06075412068871271
69.14572864321609	0.053113662267711935
69.54773869346734	0.04275744791583762
69.9497487437186	0.03307058509598968
70.35175879396985	0.027256796661843146
70.75376884422111	0.02635956384651898
71.15577889447236	0.027650293005407445
71.55778894472363	0.028463720384646556
71.95979899497488	0.028718683637218974
72.36180904522614	0.030273471837557263
72.76381909547739	0.0344027534069591
73.16582914572865	0.03916343295473511
73.5678391959799	0.04272618178452876
73.96984924623116	0.04311757273375134
74.37185929648241	0.039637775209759266
74.77386934673368	0.03190015026200152
75.17587939698493	0.02124722409450562
75.57788944723619	0.009084843298786182
75.97989949748744	0.0031172254786377925
76.3819095477387	0.013533832823005281
76.78391959798995	0.021116801699234314
77.18592964824121	0.025276606214368412
77.58793969849246	0.026153328248861223
77.98994974874373	0.02499654424282849
78.39195979899498	0.023576262666500796
78.79396984924624	0.02312250891937146
79.19597989949749	0.02290501089968024
79.59798994974875	0.02178662298058536
80.0	0.01820776760515063
