0.0	0.021268824676855376
0.4020100502512563	0.02280803509704503
0.8040201005025126	0.020822609069168697
1.206030150753769	0.015595868219192056
1.6080402010050252	0.009298663983902836
2.0100502512562817	0.0060564980249488195
2.412060301507538	0.010107210374646701
2.814070351758794	0.014166675335420353
3.2160804020100504	0.015399707875817917
3.6180904522613067	0.01314600254052003
4.020100502512563	0.0077815508984377165
4.42211055276382	0.002652796239893773
4.824120603015076	0.010184429903434055
5.226130653266332	0.018585476013423734
5.628140703517588	0.025247131053803062
6.030150753768845	0.028729954046050048
6.432160804020101	0.028857961423447414
6.834170854271357	0.025738129873660216
7.236180904522613	0.0205739124694855
7.63819095477387	0.01503104352814301
8.040201005025127	0.01130270300595943
8.442211055276383	0.010264934977983232
8.84422110552764	0.009880100817613471
9.246231155778895	0.0078027865472939245
9.648241206030152	0.005896408296422778
10.050251256281408	0.010392498545606626
10.452261306532664	0.019388347946065237
10.85427135678392	0.02899983143735485
11.256281407035177	0.03754042434520754
11.658291457286433	0.04387794362513826
12.06030150753769	0.047355426587017746
12.462311557788945	0.04810327119601731
12.864321608040202	0.04647624424321685
13.266331658291458	0.043169105473878464
13.668341708542714	0.039383498863554536
14.07035175879397	0.03607123359629495
14.472361809045227	0.03344506926672729
14.874371859296483	0.03160776037950521
15.27638190954774	0.030871899636353718
15.678391959798995	0.03227741774691552
16.080402010050253	0.03712551305196908
16.48241206030151	0.04499817492872264
16.884422110552766	0.05415792534316449
17.286432160804022	0.06337959924622763
17.68844221105528	0.07129584742733582
18.090452261306535	0.07699391157896288
18.49246231155779	0.08010540095291446
18.894472361809047	0.08063401969331481
19.296482412060303	0.07889040780513797
19.69849246231156	0.0756071574283974
20.100502512562816	0.0710798261081784
20.502512562814072	0.06582460567903023
20.90452261306533	0.060439976066888654
21.306532663316585	0.055651936525129106
21.70854271356784	0.052358374639015236
22.110552763819097	0.05140014326254931
22.512562814070353	0.05376955291736366
22.91457286432161	0.05884449903952912
23.316582914572866	0.06507032463373294
23.718592964824122	0.07049067802032757
24.12060301507538	0.0741312348816094
24.522613065326635	0.0749184173755755
24.92462311557789	0.07250807435174683
25.326633165829147	0.06779192106337109
25.728643216080403	0.06161173431678999
26.13065326633166	0.054922327054413224
26.532663316582916	0.048485078746252144
26.934673366834172	0.04268113375440247
27.33668341708543	0.03762536633421881
27.738693467336685	0.03405490416813732
28.14070351758794	0.03335378315279154
28.542713567839197	0.036564447988909475
28.944723618090453	0.04269493589504213
29.34673366834171	0.04957255945161855
29.748743718592966	0.05544326190482046
30.150753768844222	0.05912848310069023
30.55276381909548	0.05965715910988996
30.954773869346734	0.05732068477989451
31.35678391959799	0.05313361564975877
31.758793969849247	0.04808589770558937
32.16080402010051	0.04328616757610057
32.56281407035176	0.03884076513812497
32.96482412060302	0.035705485203996044
33.366834170854275	0.033955344204632365
33.76884422110553	0.034424791783521404
34.17085427135679	0.0387763698036483
34.572864321608044	0.04635386301766552
34.9748743718593	0.05535145193632783
35.37688442211056	0.06353439360016304
35.77889447236181	0.06896561763167594
36.18090452261307	0.07065380987368929
36.582914572864325	0.06807117334790712
36.98492462311558	0.062132437953479905
37.38693467336684	0.05379656766826485
37.788944723618094	0.045080580211278434
38.19095477386935	0.037501941494308605
38.59296482412061	0.032507124272851504
38.99497487437186	0.03045125386299615
39.39698492462312	0.03159901959404733
39.798994974874375	0.03618113765908619
40.20100502512563	0.04421490850154637
40.60301507537689	0.05471214793199549
41.005025125628144	0.06528942089444686
41.4070351758794	0.0736499566139762
41.80904522613066	0.07813371237577252
42.21105527638191	0.07774763369763761
42.61306532663317	0.07238888594312204
43.015075376884425	0.06353743332752548
43.41708542713568	0.05252838055468052
43.81909547738694	0.041924173240453125
44.221105527638194	0.03353891257069313
44.62311557788945	0.028904036706558868
45.02512562814071	0.02765993674104723
45.42713567839196	0.02991882463332613
45.82914572864322	0.03586629903811799
46.231155778894475	0.04534006351491805
46.63316582914573	0.05631049738514019
47.03517587939699	0.06637823163910034
47.437185929648244	0.07330807113171806
47.8391959798995	0.07577726182603696
48.24120603015076	0.07300924342081984
48.64321608040201	0.06548843447945117
49.04522613065327	0.054424694333832235
49.447236180904525	0.04204333541279394
49.84924623115578	0.031128218048855565
50.25125628140704	0.02408177668063479
50.653266331658294	0.022217416457392298
51.05527638190955	0.02471418693789685
51.45728643216081	0.03136571407861953
51.85929648241206	0.04162734659841589
52.26130653266332	0.053930573790969064
52.663316582914575	0.0658071976939852
53.06532663316583	0.07471168999202206
53.46733668341709	0.079019949715334
53.869346733668344	0.07763893368021033
54.2713567839196	0.07109451648469496
54.67336683417086	0.060607328019423444
55.07537688442211	0.048097029881225675
55.47738693467337	0.03635734133310596
55.879396984924625	0.027986691531336462
56.28140703517588	0.024306040210730136
56.68341708542714	0.024957041330087283
57.085427135678394	0.029396652942466933
57.48743718592965	0.037411686747245
57.88944723618091	0.047932705022129374
58.29145728643216	0.05885432069835365
58.69346733668342	0.06796591675094793
59.095477386934675	0.07297011543580711
59.49748743718593	0.07339801621879584
59.89949748743719	0.06861552391929386
60.301507537688444	0.05992695725489796
60.7035175879397	0.04866885942293234
61.10552763819096	0.037267975613246025
61.50753768844221	0.02803481571898152
61.90954773869347	0.02343754265867717
62.311557788944725	0.023656865069151326
62.71356783919598	0.027655996180030434
63.11557788944724	0.03460698048173191
63.517587939698494	0.04366381368648038
63.91959798994975	0.05345653286347831
64.32160804020101	0.062003481554762443
64.72361809045226	0.06813302751421217
65.12562814070353	0.0704849150230871
65.52763819095478	0.06882812156221856
65.92964824120604	0.06373538989317419
66.33165829145729	0.05545468199704703
66.73366834170855	0.04578804280371847
67.1356783919598	0.0364547474899309
67.53768844221106	0.02932599607091104
67.93969849246231	0.02572626475509989
68.34170854271358	0.02643994392451048
68.74371859296483	0.030775279871467658
69.14572864321609	0.037544568197082
69.54773869346734	0.04627340863561431
69.9497487437186	0.056169147584223346
70.35175879396985	0.06512836744743801
70.75376884422111	0.0718622778153016
71.15577889447236	0.07474488804118555
71.55778894472363	0.07287923346301947
71.95979899497488	0.06655220913312329
72.36180904522614	0.05641686713012918
72.76381909547739	0.044139185493924316
73.16582914572865	0.03233889963389882
73.5678391959799	0.023559536135485892
73.96984924623116	0.02048263439680556
74.37185929648241	0.022855279843103017
74.77386934673368	0.029874474165514135
75.17587939698493	0.04035659442178384
75.57788944723619	0.052736145391144996
75.97989949748744	0.06499860528246597
76.3819095477387	0.07490595345208341
76.78391959798995	0.08052212065080869
77.18592964824121	0.08088396470590593
77.58793969849246	0.07599291785384543
77.98994974874373	0.06659791396004194
78.39195979899498	0.05423082757989709
78.79396984924624	0.04138714792713179
79.19597989949749	0.03013231361618051
79.59798994974875	0.022848259603899607
80.0	0.02143339961630945
