0.0	0.023381626805265843
0.4020100502512563	0.022624500377513884
0.8040201005025126	0.01848413765810896
1.206030150753769	0.012325483795735594
1.6080402010050252	0.007588926123255599
2.0100502512562817	0.010009705968508507
2.412060301507538	0.014841328431124404
2.814070351758794	0.017727743616103426
3.2160804020100504	0.01707097435802417
3.6180904522613067	0.012895683192656396
4.020100502512563	0.006170543231874715
4.42211055276382	0.0045283378091590335
4.824120603015076	0.013168798487975145
5.226130653266332	0.02095400859762884
5.628140703517588	0.026173517788011587
6.030150753768845	0.02833573300681857
6.432160804020101	0.027026565764970905
6.834170854271357	0.023217432792914675
7.236180904522613	0.018637393823279905
7.63819095477387	0.015406838922696314
8.040201005025127	0.014665583534178498
8.442211055276383	0.014948071911095822
8.84422110552764	0.013769929471954864
9.246231155778895	0.010454358481076427
9.648241206030152	0.007592621692133562
10.050251256281408	0.012515704468531041
10.452261306532664	0.022420702369770628
10.85427135678392	0.032772499160234704
11.256281407035177	0.041609809677039936
11.658291457286433	0.04733590498619925
12.06030150753769	0.049782407756887664
12.462311557788945	0.048940843774658356
12.864321608040202	0.04553059072317966
13.266331658291458	0.04011849875445097
13.668341708542714	0.03372394039298754
14.07035175879397	0.02671704475028156
14.472361809045227	0.02011164046354203
14.874371859296483	0.015106840602630327
15.27638190954774	0.013750352562081444
15.678391959798995	0.01626392622414634
16.080402010050253	0.01948513262483783
16.48241206030151	0.021665993641105503
16.884422110552766	0.025070175962566593
17.286432160804022	0.032016943704681486
17.68844221105528	0.04290577605804223
18.090452261306535	0.05558563725086191
18.49246231155779	0.06801490018224561
18.894472361809047	0.07771271857806124
19.296482412060303	0.08410068982058096
19.69849246231156	0.08693206703063708
20.100502512562816	0.08516139354749204
20.502512562814072	0.07889343421835544
20.90452261306533	0.0708084300568799
21.306532663316585	0.06208621272834186
21.70854271356784	0.05595418276610855
22.110552763819097	0.052881390879559086
22.512562814070353	0.05174765595033517
22.91457286432161	0.05136276300165824
23.316582914572866	0.05202978136333759
23.718592964824122	0.054612673880499604
24.12060301507538	0.060128372534338684
24.522613065326635	0.0681823196084875
24.92462311557789	0.07553190032113219
25.326633165829147	0.07909576517703644
25.728643216080403	0.07731103695797513
26.13065326633166	0.07044162081634332
26.532663316582916	0.06039049086868057
26.934673366834172	0.052992433094523596
27.33668341708543	0.05380110839788425
27.738693467336685	0.06140573425827822
28.14070351758794	0.07055624189285509
28.542713567839197	0.07619704136708921
28.944723618090453	0.07666793904288079
29.34673366834171	0.07260041116758728
29.748743718592966	0.0647716199445831
30.150753768844222	0.05683976509190156
30.55276381909548	0.05056525316299175
30.954773869346734	0.047816792187115244
31.35678391959799	0.04669703397248271
31.758793969849247	0.04559227210191052
32.16080402010051	0.04489899217927173
32.56281407035176	0.0475119700219752
32.96482412060302	0.056346438817907685
33.366834170854275	0.07004102482435007
33.76884422110553	0.08365664041023714
34.17085427135679	0.09387079492727483
34.572864321608044	0.09743025392669044
34.9748743718593	0.0937845777746693
35.37688442211056	0.08354564902539054
35.77889447236181	0.06870890628619303
36.18090452261307	0.052036298205728214
36.582914572864325	0.03647546726547693
36.98492462311558	0.024900689608966953
37.38693467336684	0.019741190548256057
37.788944723618094	0.020442981700207162
38.19095477386935	0.026462282900550176
38.59296482412061	0.036929003983051795
38.99497487437186	0.05096933771022057
39.39698492462312	0.06494650213809991
39.798994974874375	0.07721288137389695
40.20100502512563	0.08511707207596843
40.60301507537689	0.08760718803315598
41.005025125628144	0.08437339470542776
41.4070351758794	0.07562564738325037
41.80904522613066	0.06276080529332122
42.21105527638191	0.04835556561046271
42.61306532663317	0.03479274832818902
43.015075376884425	0.025111635598584998
43.41708542713568	0.019804535828164885
43.81909547738694	0.018663122049479945
44.221105527638194	0.02366066609724404
44.62311557788945	0.03402919254331726
45.02512562814071	0.0481480383157658
45.42713567839196	0.06254627607490862
45.82914572864322	0.07459216555982659
46.231155778894475	0.08191814733436852
46.63316582914573	0.08364651955023447
47.03517587939699	0.07912876949799078
47.437185929648244	0.06980012335960645
47.8391959798995	0.057995443465259436
48.24120603015076	0.04808398365426545
48.64321608040201	0.04343488033788963
49.04522613065327	0.043960859526912234
49.447236180904525	0.04698769171933946
49.84924623115578	0.0498026808643704
50.25125628140704	0.05285079478127673
50.653266331658294	0.0570293618918725
51.05527638190955	0.06196763529505265
51.45728643216081	0.06685350497440504
51.85929648241206	0.06952261235548417
52.26130653266332	0.06901142559515877
52.663316582914575	0.06529779909112891
53.06532663316583	0.05894924609882178
53.46733668341709	0.05322809744933826
53.869346733668344	0.05173282616627185
54.2713567839196	0.05582236053669372
54.67336683417086	0.0631180204598203
55.07537688442211	0.06989437938227543
55.47738693467337	0.0733425212420234
55.879396984924625	0.07241209445966834
56.28140703517588	0.0676234554706022
56.68341708542714	0.05996664834974883
57.085427135678394	0.05118890542891978
57.48743718592965	0.04326145748554635
57.88944723618091	0.03791816980795534
58.29145728643216	0.034261761392110554
58.69346733668342	0.033005625907287776
59.095477386934675	0.035597449308254966
59.49748743718593	0.042509519247427505
59.89949748743719	0.05255544667538592
60.301507537688444	0.06303551052769923
60.7035175879397	0.07132196459568706
61.10552763819096	0.07580895525870592
61.50753768844221	0.07546124518701416
61.90954773869347	0.07036750098181777
62.311557788944725	0.061525226791982655
62.71356783919598	0.050568777960233055
63.11557788944724	0.0391994190514232
63.517587939698494	0.029842675478695367
63.91959798994975	0.023890327307290144
64.32160804020101	0.02264271771996839
64.72361809045226	0.026010300756595474
65.12562814070353	0.03279898110274434
65.52763819095478	0.04249191642465295
65.92964824120604	0.05305014450567214
66.33165829145729	0.06274841315535651
66.73366834170855	0.07028414842497613
67.1356783919598	0.07404586814941888
67.53768844221106	0.07368891146230495
67.93969849246231	0.06916612792897274
68.34170854271358	0.06120728035910435
68.74371859296483	0.0514165848672122
69.14572864321609	0.041786332434315156
69.54773869346734	0.03498050571145061
69.9497487437186	0.03305441423046912
70.35175879396985	0.03526673148099948
70.75376884422111	0.03951683080785783
71.15577889447236	0.044634598030637844
71.55778894472363	0.05036220990615018
71.95979899497488	0.05624964658001989
72.36180904522614	0.061098442619335516
72.76381909547739	0.06402455028995598
73.16582914572865	0.06373989667397324
73.5678391959799	0.060249925583778965
73.96984924623116	0.05463500321368868
74.37185929648241	0.0489145820221686
74.77386934673368	0.04611762012852833
75.17587939698493	0.04833481604444216
75.57788944723619	0.05403392067798892
75.97989949748744	0.06036180325300254
76.3819095477387	0.06453892946406065
76.78391959798995	0.0654176933272195
77.18592964824121	0.06315822327614762
77.58793969849246	0.05824786153081879
77.98994974874373	0.05225596863054904
78.39195979899498	0.04660390160105991
78.79396984924624	0.04167755633907081
79.19597989949749	0.03764514000226184
79.59798994974875	0.03505760747699939
80.0	0.03561651900343203
