0.0	0.018473123457533956
0.4020100502512563	0.01853362056285581
0.8040201005025126	0.015476424129177924
1.206030150753769	0.010402693664676796
1.6080402010050252	0.004681972390497457
2.0100502512562817	0.005360507493192402
2.412060301507538	0.010147237016422226
2.814070351758794	0.013160882429644225
3.2160804020100504	0.013322251697340734
3.6180904522613067	0.010376551848367435
4.020100502512563	0.005064880945132697
4.42211055276382	0.0025387243039148638
4.824120603015076	0.009943633775599672
5.226130653266332	0.016337720744278996
5.628140703517588	0.020595232859387937
6.030150753768845	0.02218396107524496
6.432160804020101	0.02088259721440486
6.834170854271357	0.01672869489693387
7.236180904522613	0.01117625686993157
7.63819095477387	0.006640423150532681
8.040201005025127	0.006490995936628917
8.442211055276383	0.009024900283414516
8.84422110552764	0.009577446087449999
9.246231155778895	0.007454927169127358
9.648241206030152	0.003035384348062424
10.050251256281408	0.004964479499569496
10.452261306532664	0.012521637426632292
10.85427135678392	0.019682945671606927
11.256281407035177	0.025252480254277364
11.658291457286433	0.027623994686085812
12.06030150753769	0.027047020483041213
12.462311557788945	0.023458145592762294
12.864321608040202	0.017323912141526707
13.266331658291458	0.01033460118967552
13.668341708542714	0.00520630718338752
14.07035175879397	0.007071913681352786
14.472361809045227	0.010275052269889567
14.874371859296483	0.011122035151090535
15.27638190954774	0.009007539104949874
15.678391959798995	0.004341670051630778
16.080402010050253	0.0036855494767339602
16.48241206030151	0.010813707045914027
16.884422110552766	0.017705112857512056
17.286432160804022	0.0226461529934992
17.68844221105528	0.024846265406742098
18.090452261306535	0.023853344055588907
18.49246231155779	0.01984424158449449
18.894472361809047	0.013825573067115482
19.296482412060303	0.006679209670020707
19.69849246231156	0.0035369172888062134
20.100502512562816	0.00842953698263658
20.502512562814072	0.012186311333934916
20.90452261306533	0.013252537645143475
21.306532663316585	0.011874150028689738
21.70854271356784	0.009512174411190365
22.110552763819097	0.009728810909521896
22.512562814070353	0.014366474694639014
22.91457286432161	0.020324516736323954
23.316582914572866	0.025069298411505864
23.718592964824122	0.02724913540991567
24.12060301507538	0.02649154754866394
24.522613065326635	0.02306010600510662
24.92462311557789	0.018506669263054186
25.326633165829147	0.015285176426570731
25.728643216080403	0.015923304025326303
26.13065326633166	0.01874060096082121
26.532663316582916	0.02081956478197655
26.934673366834172	0.020560682820740073
27.33668341708543	0.019106128090918294
27.738693467336685	0.018882585124265643
28.14070351758794	0.02229645626651071
28.542713567839197	0.028722512577930327
28.944723618090453	0.03548571874730026
29.34673366834171	0.04038979838810823
29.748743718592966	0.042512878353282255
30.150753768844222	0.04171627455891154
30.55276381909548	0.038796938704103986
30.954773869346734	0.03497344104152646
31.35678391959799	0.0320547036648139
31.758793969849247	0.03066949470929018
32.16080402010051	0.03082824342984894
32.56281407035176	0.03170045668430027
32.96482412060302	0.03315073364265577
33.366834170854275	0.036158383883135206
33.76884422110553	0.04069647405629544
34.17085427135679	0.046725731925326044
34.572864321608044	0.05337434480992167
34.9748743718593	0.05934449828909664
35.37688442211056	0.06359275015384155
35.77889447236181	0.06572755796356486
36.18090452261307	0.065772373954028
36.582914572864325	0.06414076545630817
36.98492462311558	0.06181674508510199
37.38693467336684	0.05985475744152553
37.788944723618094	0.05830597493549056
38.19095477386935	0.05742455188548714
38.59296482412061	0.056905040964362906
38.99497487437186	0.0561101353121141
39.39698492462312	0.055165398139654875
39.798994974874375	0.05478909331802494
40.20100502512563	0.055771717691717224
40.60301507537689	0.0583535850070663
41.005025125628144	0.06212695480817718
41.4070351758794	0.06622912442984592
41.80904522613066	0.0693421507710306
42.21105527638191	0.07076455980313437
42.61306532663317	0.07035892930463658
43.015075376884425	0.06828675256589616
43.41708542713568	0.06485234121062095
43.81909547738694	0.06076857868993445
44.221105527638194	0.056372919104289154
44.62311557788945	0.05195288263230592
45.02512562814071	0.047358767753870164
45.42713567839196	0.043271570742310875
45.82914572864322	0.04058420111807583
46.231155778894475	0.0402027861198844
46.63316582914573	0.04284278929364889
47.03517587939699	0.04715458874964909
47.437185929648244	0.0516504682660396
47.8391959798995	0.0548994298155737
48.24120603015076	0.05672461146027261
48.64321608040201	0.05698326631501286
49.04522613065327	0.055681307612789055
49.447236180904525	0.05368444248576194
49.84924623115578	0.0509773515236997
50.25125628140704	0.0482154442688804
50.653266331658294	0.045013591799712496
51.05527638190955	0.0417415653827568
51.45728643216081	0.038791008303038506
51.85929648241206	0.0369976374208087
52.26130653266332	0.03765447443857367
52.663316582914575	0.04043979252708972
53.06532663316583	0.04509638569592837
53.46733668341709	0.050163838085775646
53.869346733668344	0.05420728130718798
54.2713567839196	0.05640676572480956
54.67336683417086	0.05686381264674627
55.07537688442211	0.055054945357810234
55.47738693467337	0.052017988542461535
55.879396984924625	0.04887566804982983
56.28140703517588	0.04590131206091522
56.68341708542714	0.043714712167722304
57.085427135678394	0.04168224008760192
57.48743718592965	0.04024371256425939
57.88944723618091	0.04027651771093206
58.29145728643216	0.04234451265328866
58.69346733668342	0.04606794143113837
59.095477386934675	0.05094336241338911
59.49748743718593	0.05478199573491462
59.89949748743719	0.056822054391383416
60.301507537688444	0.0563819556403943
60.7035175879397	0.0539137461164938
61.10552763819096	0.05028505292191478
61.50753768844221	0.04667958268013968
61.90954773869347	0.0438046747639675
62.311557788944725	0.041888262181471694
62.71356783919598	0.04088890455339679
63.11557788944724	0.0400946356226352
63.517587939698494	0.0398587829792902
63.91959798994975	0.0406755712458362
64.32160804020101	0.042672293626557875
64.72361809045226	0.04561620921291544
65.12562814070353	0.04873913677541495
65.52763819095478	0.050936804291377556
65.92964824120604	0.051712972738845196
66.33165829145729	0.05076924652992189
66.73366834170855	0.04838809443638376
67.1356783919598	0.045444014680319465
67.53768844221106	0.04276117756690755
67.93969849246231	0.04097539773731997
68.34170854271358	0.04026795819544925
68.74371859296483	0.04026534866578286
69.14572864321609	0.040311577565021905
69.54773869346734	0.04045723986206067
69.9497487437186	0.04070303042938582
70.35175879396985	0.04172184750256389
70.75376884422111	0.04406923486276041
71.15577889447236	0.0470442951479366
71.55778894472363	0.04990890983625883
71.95979899497488	0.051850137117963865
72.36180904522614	0.05215794326019395
72.76381909547739	0.05089366352979759
73.16582914572865	0.04844903845086802
73.5678391959799	0.045791433566997906
73.96984924623116	0.043158241112034236
74.37185929648241	0.04078613632678109
74.77386934673368	0.03866586131567525
75.17587939698493	0.03669935380780813
75.57788944723619	0.03564550681887002
75.97989949748744	0.0364389119535079
76.3819095477387	0.03974392228470076
76.78391959798995	0.0448626191840434
77.18592964824121	0.05073247889371707
77.58793969849246	0.05568883162809278
77.98994974874373	0.05886348330899009
78.39195979899498	0.05921351404163379
78.79396984924624	0.05678906324820114
79.19597989949749	0.052030365449719305
79.59798994974875	0.04609342421058166
80.0	0.040170572707147814
