0.0	0.02203184213746083
0.4020100502512563	0.018265318271753005
0.8040201005025126	0.011717138021300854
1.206030150753769	0.003218232105958602
1.6080402010050252	0.005478208336805528
2.0100502512562817	0.012785321017183918
2.412060301507538	0.017348968935780393
2.814070351758794	0.018386641739264895
3.2160804020100504	0.01568167336898588
3.6180904522613067	0.009781910357373384
4.020100502512563	0.0022519938636492575
4.42211055276382	0.006708814047195583
4.824120603015076	0.014140410602486794
5.226130653266332	0.019224051289727075
5.628140703517588	0.020646231910993858
6.030150753768845	0.01864838347459939
6.432160804020101	0.013213841491385492
6.834170854271357	0.005450530525683939
7.236180904522613	0.0031466631759876134
7.63819095477387	0.011160200524977085
8.040201005025127	0.01681484506025553
8.442211055276383	0.0191505425547534
8.84422110552764	0.017980199668061782
9.246231155778895	0.013097276583267942
9.648241206030152	0.005731957568738916
10.050251256281408	0.0031740635053023694
10.452261306532664	0.01156057898396874
10.85427135678392	0.018237705713498913
11.256281407035177	0.022120903800073533
11.658291457286433	0.02237849753176016
12.06030150753769	0.01904110610388743
12.462311557788945	0.013434779616981977
12.864321608040202	0.006827216438361014
13.266331658291458	0.005194042446956263
13.668341708542714	0.009506714464788011
14.07035175879397	0.012378383923069777
14.472361809045227	0.012494227766535592
14.874371859296483	0.010703830808790133
15.27638190954774	0.010961392611499874
15.678391959798995	0.01635555271572476
16.080402010050253	0.023980482807096175
16.48241206030151	0.030873116320838424
16.884422110552766	0.03551463092409157
17.286432160804022	0.03709004110876014
17.68844221105528	0.03481343237718335
18.090452261306535	0.029154660727054277
18.49246231155779	0.020897950687514977
18.894472361809047	0.011628955951568608
19.296482412060303	0.006717741310108985
19.69849246231156	0.011824788961223118
20.100502512562816	0.01673949592755391
20.502512562814072	0.01752486018955036
20.90452261306533	0.013827587957227567
21.306532663316585	0.008654889066044162
21.70854271356784	0.013120091205408923
22.110552763819097	0.024784082175853685
22.512562814070353	0.03560890370286147
22.91457286432161	0.042917891409483204
23.316582914572866	0.04464525649227645
23.718592964824122	0.04066298278862471
24.12060301507538	0.03148959045398019
24.522613065326635	0.01885621304531781
24.92462311557789	0.006402421164946388
25.326633165829147	0.010733614753204567
25.728643216080403	0.02024635652289065
26.13065326633166	0.02520968555497417
26.532663316582916	0.024771534340568953
26.934673366834172	0.019421030948402408
27.33668341708543	0.011449363566765802
27.738693467336685	0.011245344210889288
28.14070351758794	0.020758384848483503
28.542713567839197	0.029685454781384298
28.944723618090453	0.03430136106294511
29.34673366834171	0.03373436814849114
29.748743718592966	0.02738375873323005
30.150753768844222	0.01677712089023531
30.55276381909548	0.005431533825065774
30.954773869346734	0.0114137160423786
31.35678391959799	0.021860622194005343
31.758793969849247	0.028342988815522087
32.16080402010051	0.029698532251028996
32.56281407035176	0.026199866223942013
32.96482412060302	0.019949454555085754
33.366834170854275	0.01511025709953152
33.76884422110553	0.01734354619804384
34.17085427135679	0.022960553835015503
34.572864321608044	0.027078815746609648
34.9748743718593	0.027625147589552805
35.37688442211056	0.024099679145650907
35.77889447236181	0.01726631033563076
36.18090452261307	0.009060395685048999
36.582914572864325	0.007420309127122482
36.98492462311558	0.014814278091410638
37.38693467336684	0.021412024663231225
37.788944723618094	0.02529830449384558
38.19095477386935	0.026186323426892467
38.59296482412061	0.025171941378161998
38.99497487437186	0.023818157770137453
39.39698492462312	0.023736702431115662
39.798994974874375	0.02492907444767221
40.20100502512563	0.026142514896698592
40.60301507537689	0.026013816758536507
41.005025125628144	0.02340063236146201
41.4070351758794	0.017975035751978265
41.80904522613066	0.011200198998019611
42.21105527638191	0.007171187495335648
42.61306532663317	0.012791579688602808
43.015075376884425	0.020209611831803528
43.41708542713568	0.026191898019166104
43.81909547738694	0.029741932359076368
44.221105527638194	0.030854643329550256
44.62311557788945	0.029982452170949185
45.02512562814071	0.027913716939199112
45.42713567839196	0.025243741795268552
45.82914572864322	0.022664442854950007
46.231155778894475	0.020729295730778263
46.63316582914573	0.018721220643515328
47.03517587939699	0.016120024261269027
47.437185929648244	0.012428077793030129
47.8391959798995	0.008800159649945006
48.24120603015076	0.009846024204141473
48.64321608040201	0.01615760194451964
49.04522613065327	0.02352366209637348
49.447236180904525	0.029905084333652764
49.84924623115578	0.034166455397075336
50.25125628140704	0.03579568714722095
50.653266331658294	0.03494230695493017
51.05527638190955	0.03205257951734482
51.45728643216081	0.027985056241324236
51.85929648241206	0.023760802638052636
52.26130653266332	0.01990967083414061
52.663316582914575	0.016427097140094927
53.06532663316583	0.013146867289481168
53.46733668341709	0.010170174376708974
53.869346733668344	0.009987480936374468
54.2713567839196	0.014143182785194741
54.67336683417086	0.0205347572245943
55.07537688442211	0.027340137114311703
55.47738693467337	0.033040129271225585
55.879396984924625	0.036700070223870326
56.28140703517588	0.0380825177868231
56.68341708542714	0.036662863471141796
57.085427135678394	0.0331277322999186
57.48743718592965	0.028774478362186266
57.88944723618091	0.024981731232830616
58.29145728643216	0.022490625631812616
58.69346733668342	0.020756620435884724
59.095477386934675	0.0188673533606913
59.49748743718593	0.016749429798008662
59.89949748743719	0.01632008849089967
60.301507537688444	0.020459068357908623
60.7035175879397	0.027976231657341182
61.10552763819096	0.036042750304337255
61.50753768844221	0.04216136818056775
61.90954773869347	0.04551274502450481
62.311557788944725	0.045282870854625776
62.71356783919598	0.042023266352698395
63.11557788944724	0.036991664342799324
63.517587939698494	0.03195453261035649
63.91959798994975	0.028053238336985264
64.32160804020101	0.025347060917011527
64.72361809045226	0.023253153577530113
65.12562814070353	0.021037659173275734
65.52763819095478	0.01971138620732249
65.92964824120604	0.021875918136772705
66.33165829145729	0.02815198395699292
66.73366834170855	0.036139882460696174
67.1356783919598	0.04356605130817644
67.53768844221106	0.048734929179843886
67.93969849246231	0.05084997536185226
68.34170854271358	0.050123721349343106
68.74371859296483	0.04713990277276531
69.14572864321609	0.04332975255607609
69.54773869346734	0.039799884824660056
69.9497487437186	0.0370073062016011
70.35175879396985	0.03455778595458651
70.75376884422111	0.03235199303351655
71.15577889447236	0.03208325087480894
71.55778894472363	0.03535371727162023
71.95979899497488	0.042145024339816525
72.36180904522614	0.050642800533296395
72.76381909547739	0.058781622023610425
73.16582914572865	0.06468674220089657
73.5678391959799	0.06799732983112261
73.96984924623116	0.06870132565073575
74.37185929648241	0.06714909330306269
74.77386934673368	0.06449016224261223
75.17587939698493	0.06131059739390995
75.57788944723619	0.05775910634533678
75.97989949748744	0.05357080316477832
76.3819095477387	0.04931038216418303
76.78391959798995	0.045518201308303766
77.18592964824121	0.04337446601335284
77.58793969849246	0.0439966845799826
77.98994974874373	0.047024969665554944
78.39195979899498	0.05146557530347956
78.79396984924624	0.05608946300950387
79.19597989949749	0.06018818628782337
79.59798994974875	0.06375016352855427
80.0	0.06626777564552702
