0.0	0.00988196972379344
0.4020100502512563	0.01054525151946876
0.8040201005025126	0.00941159504397224
1.206030150753769	0.007395447611878642
1.6080402010050252	0.004998488830909842
2.0100502512562817	0.0038053812837711134
2.412060301507538	0.005277336650133997
2.814070351758794	0.006720916874066066
3.2160804020100504	0.007211248894702546
3.6180904522613067	0.0060978013957620324
4.020100502512563	0.003495546770132492
4.42211055276382	0.001813846804486102
4.824120603015076	0.005129181808625703
5.226130653266332	0.00920410336539967
5.628140703517588	0.012483913945156962
6.030150753768845	0.014634353545214798
6.432160804020101	0.015111985554392832
6.834170854271357	0.014173192916530793
7.236180904522613	0.012372511548561234
7.63819095477387	0.009718642803004062
8.040201005025127	0.007700067324563953
8.442211055276383	0.006136503020484884
8.84422110552764	0.004705593939411869
9.246231155778895	0.0038231624499863886
9.648241206030152	0.005002383778685336
10.050251256281408	0.008926652643488204
10.452261306532664	0.014422051453952792
10.85427135678392	0.02058675898954157
11.256281407035177	0.026287583976224504
11.658291457286433	0.0310481007238472
12.06030150753769	0.03427853682691509
12.462311557788945	0.03572242149070678
12.864321608040202	0.03504822803906063
13.266331658291458	0.032667523971443915
13.668341708542714	0.0291109267911601
14.07035175879397	0.024800363887924427
14.472361809045227	0.020401382788636933
14.874371859296483	0.01652029641400897
15.27638190954774	0.013596583528499859
15.678391959798995	0.01219881044670515
16.080402010050253	0.012578791934544403
16.48241206030151	0.014540293726379817
16.884422110552766	0.017514405512772616
17.286432160804022	0.02292564265973885
17.68844221105528	0.031242960339329932
18.090452261306535	0.042030897357900485
18.49246231155779	0.053021625340369825
18.894472361809047	0.061784261489775574
19.296482412060303	0.06848007464397392
19.69849246231156	0.0720464957964359
20.100502512562816	0.07482168716297663
20.502512562814072	0.0775488225267958
20.90452261306533	0.079067417249258
21.306532663316585	0.07736088870959337
21.70854271356784	0.0710820893718648
22.110552763819097	0.05998582837908194
22.512562814070353	0.04454872765131931
22.91457286432161	0.026395499578828946
23.316582914572866	0.012730451867344433
23.718592964824122	0.020728220927694392
24.12060301507538	0.035639150412179924
24.522613065326635	0.049773593150575585
24.92462311557789	0.06302503640205173
25.326633165829147	0.07483753223096812
25.728643216080403	0.08379950508713926
26.13065326633166	0.08789955263512467
26.532663316582916	0.08591494285864125
26.934673366834172	0.07872200812651776
27.33668341708543	0.0675384182280098
27.738693467336685	0.054623403419076566
28.14070351758794	0.0415336957804734
28.542713567839197	0.02853469299932939
28.944723618090453	0.015257265739172247
29.34673366834171	0.007395168224230248
29.748743718592966	0.01853347631982846
30.150753768844222	0.03279050217964711
30.55276381909548	0.04606269856554464
30.954773869346734	0.0565289952601989
31.35678391959799	0.06351708309031477
31.758793969849247	0.0667540968418162
32.16080402010051	0.06731760641524823
32.56281407035176	0.06604943691446633
32.96482412060302	0.06373355325925509
33.366834170854275	0.06063593292249679
33.76884422110553	0.05674024749196347
34.17085427135679	0.050739320104080464
34.572864321608044	0.04254456081085538
34.9748743718593	0.03429627725482175
35.37688442211056	0.027808509737156595
35.77889447236181	0.025034247510996328
36.18090452261307	0.026011081599397114
36.582914572864325	0.028504685703188835
36.98492462311558	0.03180735016967444
37.38693467336684	0.03669119272457537
37.788944723618094	0.042535105274897275
38.19095477386935	0.04870118098062797
38.59296482412061	0.054040163762720826
38.99497487437186	0.05737201464765658
39.39698492462312	0.05771846940016202
39.798994974874375	0.05509802847823174
40.20100502512563	0.0522288054996474
40.60301507537689	0.05171871196173635
41.005025125628144	0.05392520402036385
41.4070351758794	0.05683271133986485
41.80904522613066	0.057571440896926576
42.21105527638191	0.05475016317754243
42.61306532663317	0.04836422248042859
43.015075376884425	0.040868741266764805
43.41708542713568	0.03493100181885982
43.81909547738694	0.03441302235979006
44.221105527638194	0.03810111760817273
44.62311557788945	0.041833484466348644
45.02512562814071	0.04286759679799171
45.42713567839196	0.04066648223391093
45.82914572864322	0.03851896186661786
46.231155778894475	0.04041663389445382
46.63316582914573	0.04677071006521468
47.03517587939699	0.05333179255038998
47.437185929648244	0.056685387437140154
47.8391959798995	0.05483016369625117
48.24120603015076	0.04797910582423746
48.64321608040201	0.038285974146224394
49.04522613065327	0.029887829132296245
49.447236180904525	0.028980367475252407
49.84924623115578	0.03453052462232623
50.25125628140704	0.04115541279752824
50.653266331658294	0.04418324030980963
51.05527638190955	0.04350899690325166
51.45728643216081	0.04147416157195559
51.85929648241206	0.04179915539748323
52.26130653266332	0.046218635930337974
52.663316582914575	0.05229711636626459
53.06532663316583	0.056857173943810624
53.46733668341709	0.05756842653165077
53.869346733668344	0.052968727616982535
54.2713567839196	0.04340283253631177
54.67336683417086	0.030212851389692395
55.07537688442211	0.017229000005952833
55.47738693467337	0.015486546561109201
55.879396984924625	0.024856381613452085
56.28140703517588	0.03330018190048691
56.68341708542714	0.03985462637733348
57.085427135678394	0.04585130821385524
57.48743718592965	0.053397829994345655
57.88944723618091	0.06276750031598735
58.29145728643216	0.07217779200726396
58.69346733668342	0.07932943514083621
59.095477386934675	0.08201116368950445
59.49748743718593	0.07928281793981912
59.89949748743719	0.07065734796927789
60.301507537688444	0.057021826868366245
60.7035175879397	0.039932681673468036
61.10552763819096	0.02202862156989588
61.50753768844221	0.0056216407008121815
61.90954773869347	0.007948334089696673
62.311557788944725	0.019040602833152863
62.71356783919598	0.029259052378848776
63.11557788944724	0.0401144228031126
63.517587939698494	0.05172876985759121
63.91959798994975	0.06342110891365418
64.32160804020101	0.07307997990566512
64.72361809045226	0.07870023659883038
65.12562814070353	0.07958020732216262
65.52763819095478	0.07488239620992856
65.92964824120604	0.0651672986008531
66.33165829145729	0.051505793582341156
66.73366834170855	0.036217612200134294
67.1356783919598	0.02195622213702428
67.53768844221106	0.01243274479943951
67.93969849246231	0.010475019975511753
68.34170854271358	0.0127009866172236
68.74371859296483	0.016844498903912077
69.14572864321609	0.024427324374615166
69.54773869346734	0.03442710223812466
69.9497487437186	0.04502543591114169
70.35175879396985	0.05305005784364221
70.75376884422111	0.05677866196177026
71.15577889447236	0.05472383250499063
71.55778894472363	0.0474608858772453
71.95979899497488	0.0361799799918628
72.36180904522614	0.023821657490743258
72.76381909547739	0.01627176832807339
73.16582914572865	0.018879457076204392
73.5678391959799	0.024162574848542912
73.96984924623116	0.027548501603565007
74.37185929648241	0.028849601973101158
74.77386934673368	0.03110397586462791
75.17587939698493	0.036893337565071
75.57788944723619	0.045295554032538
75.97989949748744	0.05338447799547809
76.3819095477387	0.058024292202210156
76.78391959798995	0.05742324266150517
77.18592964824121	0.05125338296516543
77.58793969849246	0.04061670282927343
77.98994974874373	0.02696673522482862
78.39195979899498	0.013826693042363874
78.79396984924624	0.010825946863164279
79.19597989949749	0.019034979423290722
79.59798994974875	0.02704281881128024
80.0	0.03287084103990136
