0.0	0.019098270261054918
0.4020100502512563	0.016559429534667224
0.8040201005025126	0.011440897479841316
1.206030150753769	0.004519925968595077
1.6080402010050252	0.0037983550691346123
2.0100502512562817	0.009978773099512828
2.412060301507538	0.01451409977625782
2.814070351758794	0.015794099238324262
3.2160804020100504	0.01399480094004025
3.6180904522613067	0.00926652922588005
4.020100502512563	0.0029970369639757515
4.42211055276382	0.0058606119956639115
4.824120603015076	0.012416542307799766
5.226130653266332	0.017479823797657473
5.628140703517588	0.019563808182236346
6.030150753768845	0.018403584273013654
6.432160804020101	0.014342150490797964
6.834170854271357	0.008025337649417116
7.236180904522613	0.0014187536021263575
7.63819095477387	0.006440942840474803
8.040201005025127	0.011564990980541052
8.442211055276383	0.013912751223832254
8.84422110552764	0.013070247483095121
9.246231155778895	0.00893960407141298
9.648241206030152	0.0028565637158559187
10.050251256281408	0.006203434792724038
10.452261306532664	0.014169812740744598
10.85427135678392	0.020483510008410054
11.256281407035177	0.02434825757458638
11.658291457286433	0.025056788677960868
12.06030150753769	0.022770863234424864
12.462311557788945	0.017901034459884342
12.864321608040202	0.011757681866321321
13.266331658291458	0.005486888912345742
13.668341708542714	0.0003856606264683561
14.07035175879397	0.0023334106789873205
14.472361809045227	0.002374559643716562
14.874371859296483	0.0010972180747000594
15.27638190954774	0.004916603453444603
15.678391959798995	0.010172184234184822
16.080402010050253	0.015162274176585857
16.48241206030151	0.01899228401337389
16.884422110552766	0.02112759095145039
17.286432160804022	0.02137065046440965
17.68844221105528	0.019624635218723156
18.090452261306535	0.016717822244659664
18.49246231155779	0.013318963732878322
18.894472361809047	0.010074517486490053
19.296482412060303	0.007537953444386639
19.69849246231156	0.006062328353893217
20.100502512562816	0.005884522187121896
20.502512562814072	0.006796778153151874
20.90452261306533	0.008801428796521777
21.306532663316585	0.01164430023640444
21.70854271356784	0.014928562584411753
22.110552763819097	0.017992609583324826
22.512562814070353	0.0200668001422981
22.91457286432161	0.021363740684315697
23.316582914572866	0.021036034562296704
23.718592964824122	0.019488101598171225
24.12060301507538	0.016739220789052177
24.522613065326635	0.013473709966195615
24.92462311557789	0.010404788204295926
25.326633165829147	0.008284671483471315
25.728643216080403	0.007265499439062644
26.13065326633166	0.0068615943838111594
26.532663316582916	0.006617008453193127
26.934673366834172	0.006790523809456284
27.33668341708543	0.008079833827124495
27.738693467336685	0.010273532344155263
28.14070351758794	0.012820262234903906
28.542713567839197	0.015458650826931746
28.944723618090453	0.01754504314716574
29.34673366834171	0.018740580991444985
29.748743718592966	0.019041167416641577
30.150753768844222	0.018169497781337522
30.55276381909548	0.016409244629974305
30.954773869346734	0.014566898235936094
31.35678391959799	0.013057256513313858
31.758793969849247	0.01199835014430052
32.16080402010051	0.011459839196474985
32.56281407035176	0.01125074911726903
32.96482412060302	0.011485363444320272
33.366834170854275	0.01275774439871707
33.76884422110553	0.01506856563606913
34.17085427135679	0.017988607302489898
34.572864321608044	0.020606090066410152
34.9748743718593	0.02215400526967727
35.37688442211056	0.022377166944880192
35.77889447236181	0.021132841280553386
36.18090452261307	0.01938793403046803
36.582914572864325	0.01725800636106017
36.98492462311558	0.015384944938009145
37.38693467336684	0.014225737383393652
37.788944723618094	0.01353346193783074
38.19095477386935	0.012873487056359722
38.59296482412061	0.012782064837715306
38.99497487437186	0.01409615429156443
39.39698492462312	0.01731749384332284
39.798994974874375	0.021536064013772237
40.20100502512563	0.025479042633101356
40.60301507537689	0.028370589845063972
41.005025125628144	0.029584575775650275
41.4070351758794	0.02947524708381439
41.80904522613066	0.028130446811335596
42.21105527638191	0.02654343821215177
42.61306532663317	0.024691873185304605
43.015075376884425	0.02334672733425294
43.41708542713568	0.02191207806628159
43.81909547738694	0.020607549025908597
44.221105527638194	0.01988130106327758
44.62311557788945	0.020401431784864706
45.02512562814071	0.022461571150908695
45.42713567839196	0.025550576128405982
45.82914572864322	0.028392714132785667
46.231155778894475	0.030398494067326965
46.63316582914573	0.03144939836043229
47.03517587939699	0.03146237590408007
47.437185929648244	0.03093659628139685
47.8391959798995	0.03015300914668964
48.24120603015076	0.029401180209864996
48.64321608040201	0.028538882078200378
49.04522613065327	0.02738580876951218
49.447236180904525	0.026335083938782484
49.84924623115578	0.025800173312980963
50.25125628140704	0.026696359039295042
50.653266331658294	0.029066605176217973
51.05527638190955	0.032163865373561265
51.45728643216081	0.03502225129131029
51.85929648241206	0.03785621020094958
52.26130653266332	0.04016980720763037
52.663316582914575	0.04179069356625566
53.06532663316583	0.0428359726162731
53.46733668341709	0.04329304728706622
53.869346733668344	0.043027448440346526
54.2713567839196	0.04186477468037179
54.67336683417086	0.040320084247132515
55.07537688442211	0.039234663324193855
55.47738693467337	0.039076581995616796
55.879396984924625	0.04000983612881934
56.28140703517588	0.04208509338698617
56.68341708542714	0.045359884466796674
57.085427135678394	0.0493343742253571
57.48743718592965	0.053907486387438905
57.88944723618091	0.058420573860717286
58.29145728643216	0.06257101526325871
58.69346733668342	0.06561289039957048
59.095477386934675	0.06710297142280233
59.49748743718593	0.06688188398970689
59.89949748743719	0.06502622535239323
60.301507537688444	0.061485062130212355
60.7035175879397	0.05712993575265549
61.10552763819096	0.05226759313941516
61.50753768844221	0.047603308869333824
61.90954773869347	0.04403240211163303
62.311557788944725	0.04243136653392211
62.71356783919598	0.04333307819415114
63.11557788944724	0.04675033736908451
63.517587939698494	0.05242738930716036
63.91959798994975	0.05909569045006076
64.32160804020101	0.06547425803256955
64.72361809045226	0.06996960673285409
65.12562814070353	0.07175309987200881
65.52763819095478	0.0697842513996777
65.92964824120604	0.06487632756299552
66.33165829145729	0.05730586363765927
66.73366834170855	0.04876494233049188
67.1356783919598	0.04081665881618813
67.53768844221106	0.03462426654323922
67.93969849246231	0.03136900472226145
68.34170854271358	0.03133317148051358
68.74371859296483	0.034041832650269735
69.14572864321609	0.03901167127302618
69.54773869346734	0.04500723644839548
69.9497487437186	0.05108856677831826
70.35175879396985	0.055955267131024645
70.75376884422111	0.058623325913234506
71.15577889447236	0.0588397337895528
71.55778894472363	0.056824725782082496
71.95979899497488	0.053217829312387076
72.36180904522614	0.04866455444548102
72.76381909547739	0.04429991591820465
73.16582914572865	0.040403987719110156
73.5678391959799	0.037583899419982206
73.96984924623116	0.03561783806666441
74.37185929648241	0.03493640733835173
74.77386934673368	0.03524040869452372
75.17587939698493	0.03693275346371421
75.57788944723619	0.04016508839700522
75.97989949748744	0.04441500490031059
76.3819095477387	0.049015271813484765
76.78391959798995	0.0532500076020367
77.18592964824121	0.05692758466682527
77.58793969849246	0.058917125369284104
77.98994974874373	0.059507859884714666
78.39195979899498	0.058181650221402606
78.79396984924624	0.05538751149671413
79.19597989949749	0.05101108261308622
79.59798994974875	0.045882870910431264
80.0	0.04083387618609248
