0.0	0.02264369289444149
0.4020100502512563	0.021447809804736005
0.8040201005025126	0.016700416944968884
1.206030150753769	0.009292651349679503
1.6080402010050252	0.001516208213509679
2.0100502512562817	0.007546108242116836
2.412060301507538	0.013692350247422505
2.814070351758794	0.01664048936569481
3.2160804020100504	0.015878390115175518
3.6180904522613067	0.011336531630389803
4.020100502512563	0.0045272142755311325
4.42211055276382	0.00540362810952061
4.824120603015076	0.01420208264207149
5.226130653266332	0.02123373131124589
5.628140703517588	0.02550785037550356
6.030150753768845	0.02627302153498744
6.432160804020101	0.023339745552273316
6.834170854271357	0.017206611881493958
7.236180904522613	0.009268915174658374
7.63819095477387	0.0012678287786602493
8.040201005025127	0.005634878454991878
8.442211055276383	0.009754514263149328
8.84422110552764	0.009892948450283053
9.246231155778895	0.006763243375244464
9.648241206030152	0.003453927715323566
10.050251256281408	0.010510978140117358
10.452261306532664	0.019902934602725197
10.85427135678392	0.028450063679542836
11.256281407035177	0.03458873406529637
11.658291457286433	0.037283502431103586
12.06030150753769	0.03604550365937418
12.462311557788945	0.03153554987490745
12.864321608040202	0.024430973434601697
13.266331658291458	0.01681293825455164
13.668341708542714	0.01080810555259197
14.07035175879397	0.008939941371424075
14.472361809045227	0.009794115862559762
14.874371859296483	0.011255882290060299
15.27638190954774	0.014811437898248852
15.678391959798995	0.022298095851606657
16.080402010050253	0.03265341812095388
16.48241206030151	0.043551638432764786
16.884422110552766	0.05293048166195734
17.286432160804022	0.05899684625388178
17.68844221105528	0.06055164537888782
18.090452261306535	0.057494016524096546
18.49246231155779	0.050217583872971996
18.894472361809047	0.03989072183911903
19.296482412060303	0.028814645454430042
19.69849246231156	0.02001806116171851
20.100502512562816	0.016250357974191942
20.502512562814072	0.017248369762291542
20.90452261306533	0.020100301107797376
21.306532663316585	0.02416352205572141
21.70854271356784	0.030548858779755845
22.110552763819097	0.039281225972490806
22.512562814070353	0.04875897487168276
22.91457286432161	0.05655204374836772
23.316582914572866	0.06063930386708828
23.718592964824122	0.060192312684531936
24.12060301507538	0.05498576140100907
24.522613065326635	0.04582609326783748
24.92462311557789	0.03497089614715936
25.326633165829147	0.025907867051002294
25.728643216080403	0.023106371918121284
26.13065326633166	0.025999595439208607
26.532663316582916	0.02982695975868453
26.934673366834172	0.03280953662176905
27.33668341708543	0.035706747499305594
27.738693467336685	0.03937694458716133
28.14070351758794	0.04419284605605811
28.542713567839197	0.048950765281288666
28.944723618090453	0.05185403032587173
29.34673366834171	0.05222142157911471
29.748743718592966	0.04941301474235771
30.150753768844222	0.044259439700171224
30.55276381909548	0.038286078890218296
30.954773869346734	0.033677703846432566
31.35678391959799	0.03254944779796739
31.758793969849247	0.03512568475885659
32.16080402010051	0.03953231812802301
32.56281407035176	0.04383089758804692
32.96482412060302	0.047433597853458534
33.366834170854275	0.05076887784231968
33.76884422110553	0.05392196195197326
34.17085427135679	0.05750795621039295
34.572864321608044	0.06059422514740056
34.9748743718593	0.06340615485232041
35.37688442211056	0.06440919521868263
35.77889447236181	0.06394080974249439
36.18090452261307	0.06164409136034989
36.582914572864325	0.058464207922692815
36.98492462311558	0.05521876028332736
37.38693467336684	0.05318079025198534
37.788944723618094	0.05239244246504123
38.19095477386935	0.05294935411384608
38.59296482412061	0.05410492092829309
38.99497487437186	0.05552515936888135
39.39698492462312	0.056521702197456836
39.798994974874375	0.05806214111168049
40.20100502512563	0.06002688681966919
40.60301507537689	0.06222302941509985
41.005025125628144	0.06427199799729165
41.4070351758794	0.06540319664822217
41.80904522613066	0.06514668148434914
42.21105527638191	0.06276382073562255
42.61306532663317	0.058955977184614275
43.015075376884425	0.054312524338496135
43.41708542713568	0.05079916642803386
43.81909547738694	0.04918730228527259
44.221105527638194	0.049743426483116346
44.62311557788945	0.05146475720669029
45.02512562814071	0.053340133290760317
45.42713567839196	0.05433737026282072
45.82914572864322	0.05486364941626183
46.231155778894475	0.05541593380633306
46.63316582914573	0.056297060047293304
47.03517587939699	0.05750691222961535
47.437185929648244	0.057876264422996836
47.8391959798995	0.05672064935275069
48.24120603015076	0.053559995858149204
48.64321608040201	0.049118358044044214
49.04522613065327	0.04517662178123475
49.447236180904525	0.043633935109955016
49.84924623115578	0.045545785897433584
50.25125628140704	0.04975549426703306
50.653266331658294	0.054274072753286315
51.05527638190955	0.057513894369177476
51.45728643216081	0.059302780330180535
51.85929648241206	0.05980599353064522
52.26130653266332	0.059671536678407175
52.663316582914575	0.05903352591440718
53.06532663316583	0.05780245351265588
53.46733668341709	0.055378647640777864
53.869346733668344	0.05180922063430572
54.2713567839196	0.047110757776949244
54.67336683417086	0.04311423384550139
55.07537688442211	0.04164402875827226
55.47738693467337	0.04425399927571376
55.879396984924625	0.05026878050657779
56.28140703517588	0.05737208293696383
56.68341708542714	0.06315019754121053
57.085427135678394	0.06664728713477376
57.48743718592965	0.06764905495913752
57.88944723618091	0.06584042667551306
58.29145728643216	0.06242920118693555
58.69346733668342	0.05831387683500333
59.095477386934675	0.05413044049879871
59.49748743718593	0.05009855634903635
59.89949748743719	0.04643556728695207
60.301507537688444	0.04373283501708868
60.7035175879397	0.04340307973092821
61.10552763819096	0.04683316936125349
61.50753768844221	0.05309647234857494
61.90954773869347	0.0599358069692118
62.311557788944725	0.06565527543690045
62.71356783919598	0.06899006809614752
63.11557788944724	0.06894756107108266
63.517587939698494	0.06611069412262223
63.91959798994975	0.061427562682539995
64.32160804020101	0.0563483953510072
64.72361809045226	0.05198252849945639
65.12562814070353	0.048842541403476006
65.52763819095478	0.04691008172530026
65.92964824120604	0.046215797744891526
66.33165829145729	0.04687929010561115
66.73366834170855	0.04938622968494258
67.1356783919598	0.05356367810123236
67.53768844221106	0.05880875959787515
67.93969849246231	0.0635383443741993
68.34170854271358	0.06677708041633508
68.74371859296483	0.06770453443912935
69.14572864321609	0.06670162283278971
69.54773869346734	0.06380544638948484
69.9497487437186	0.06030520363774402
70.35175879396985	0.056541491411996894
70.75376884422111	0.0532371596366444
71.15577889447236	0.05074322307776624
71.55778894472363	0.049190085145695894
71.95979899497488	0.04858638623580511
72.36180904522614	0.04903271977270445
72.76381909547739	0.05091991903023415
73.16582914572865	0.05406337978314505
73.5678391959799	0.05834017757091756
73.96984924623116	0.06259811667166547
74.37185929648241	0.06611034896084647
74.77386934673368	0.06809287442288987
75.17587939698493	0.06803319213117534
75.57788944723619	0.06613996451670225
75.97989949748744	0.06286010760709773
76.3819095477387	0.05906790768776331
76.78391959798995	0.05532592167408713
77.18592964824121	0.052177585916324196
77.58793969849246	0.04982547252579
77.98994974874373	0.048259621988998
78.39195979899498	0.04776712875118003
78.79396984924624	0.04901004883705824
79.19597989949749	0.051958329008016946
79.59798994974875	0.05628413665602032
80.0	0.061020888212292644
