0.0	0.007412061436554787
0.4020100502512563	0.006307808106462057
0.8040201005025126	0.004527277694615478
1.206030150753769	0.0027975817037966142
1.6080402010050252	0.003091459304714835
2.0100502512562817	0.00494603149095562
2.412060301507538	0.006514854833282924
2.814070351758794	0.007075175053920779
3.2160804020100504	0.0065598877833395654
3.6180904522613067	0.004948203787952466
4.020100502512563	0.00314347878209244
4.42211055276382	0.002399098849094023
4.824120603015076	0.003980439768022991
5.226130653266332	0.005544192058975611
5.628140703517588	0.0062249327645428915
6.030150753768845	0.006015320504121332
6.432160804020101	0.005023701950566439
6.834170854271357	0.003917930181839854
7.236180904522613	0.004149797585678765
7.63819095477387	0.005604838692946937
8.040201005025127	0.007175088997636995
8.442211055276383	0.008000664341332652
8.84422110552764	0.007732575116412547
9.246231155778895	0.006221568996129001
9.648241206030152	0.003931907186862326
10.050251256281408	0.0013849098804736592
10.452261306532664	0.001857421474538062
10.85427135678392	0.0041593400641086326
11.256281407035177	0.005709725560760555
11.658291457286433	0.006561813779692932
12.06030150753769	0.006583012499249247
12.462311557788945	0.006232832551891973
12.864321608040202	0.006513383655962472
13.266331658291458	0.0073893279031830555
13.668341708542714	0.008390483504653021
14.07035175879397	0.008970739222520098
14.472361809045227	0.008542730710467263
14.874371859296483	0.007275302684486526
15.27638190954774	0.004857184597665789
15.678391959798995	0.0022278838345006556
16.080402010050253	0.0028455316697459537
16.48241206030151	0.005816224663727179
16.884422110552766	0.008714692212069738
17.286432160804022	0.010701791877259252
17.68844221105528	0.01158996747047344
18.090452261306535	0.011436586733566657
18.49246231155779	0.010643613808671844
18.894472361809047	0.009332524102455206
19.296482412060303	0.008076515562105601
19.69849246231156	0.007188847082528477
20.100502512562816	0.006622316327227935
20.502512562814072	0.006269693825387303
20.90452261306533	0.0063785784592584995
21.306532663316585	0.007521599348613221
21.70854271356784	0.010100205197801554
22.110552763819097	0.013883696907966822
22.512562814070353	0.017803150891201602
22.91457286432161	0.021513156358136082
23.316582914572866	0.024541018977286194
23.718592964824122	0.026630808622737295
24.12060301507538	0.02794942300449933
24.522613065326635	0.02804964321921292
24.92462311557789	0.027905542715536052
25.326633165829147	0.027392576430647454
25.728643216080403	0.02674228433634158
26.13065326633166	0.026456750125047702
26.532663316582916	0.026892254259183214
26.934673366834172	0.028139408796528976
27.33668341708543	0.03023077000719801
27.738693467336685	0.0330187214433956
28.14070351758794	0.03629867671136734
28.542713567839197	0.039938304756173916
28.944723618090453	0.04339736551664768
29.34673366834171	0.0464013724987497
29.748743718592966	0.0485689919532097
30.150753768844222	0.049911875947797946
30.55276381909548	0.050679410082596944
30.954773869346734	0.051066653283793284
31.35678391959799	0.05153252889223532
31.758793969849247	0.052446219676868966
32.16080402010051	0.05411009617686683
32.56281407035176	0.05661252237931069
32.96482412060302	0.060204905608564986
33.366834170854275	0.06380225203707016
33.76884422110553	0.06728395430792213
34.17085427135679	0.07001976431470573
34.572864321608044	0.07184633566531248
34.9748743718593	0.07236389754842865
35.37688442211056	0.07198317729586576
35.77889447236181	0.07050631441542547
36.18090452261307	0.0684102408138241
36.582914572864325	0.0658533336479887
36.98492462311558	0.06311792060847146
37.38693467336684	0.060510923709734175
37.788944723618094	0.05855783944878693
38.19095477386935	0.05789990501283433
38.59296482412061	0.05873271395041625
38.99497487437186	0.06051692820091052
39.39698492462312	0.0629094196373735
39.798994974874375	0.06534625530973402
40.20100502512563	0.06744403665439527
40.60301507537689	0.06848812161322715
41.005025125628144	0.06825515897076731
41.4070351758794	0.06707908786433145
41.80904522613066	0.06431302764495292
42.21105527638191	0.060457696861507336
42.61306532663317	0.05626293833484489
43.015075376884425	0.051845617015965476
43.41708542713568	0.048349569953797876
43.81909547738694	0.04584474633001953
44.221105527638194	0.04502798779675134
44.62311557788945	0.045667358251276546
45.02512562814071	0.04747105492837585
45.42713567839196	0.05042682040312031
45.82914572864322	0.05353998807982483
46.231155778894475	0.056743687123792894
46.63316582914573	0.05906578969205858
47.03517587939699	0.06047162851478788
47.437185929648244	0.060558342759816364
47.8391959798995	0.05951286300743548
48.24120603015076	0.05750834903159174
48.64321608040201	0.05471174304778507
49.04522613065327	0.051818857772873636
49.447236180904525	0.049266152009839644
49.84924623115578	0.0478688244077331
50.25125628140704	0.04784049697480715
50.653266331658294	0.049126423450187036
51.05527638190955	0.05181267702194524
51.45728643216081	0.055161223206715106
51.85929648241206	0.05862807884537073
52.26130653266332	0.06167666346516567
52.663316582914575	0.06368438788623232
53.06532663316583	0.06438805835304068
53.46733668341709	0.06373897332599149
53.869346733668344	0.06197892562909958
54.2713567839196	0.05949112233333285
54.67336683417086	0.05689209718502457
55.07537688442211	0.054546950932439754
55.47738693467337	0.053122080894508296
55.879396984924625	0.05273316738449413
56.28140703517588	0.05340496501072376
56.68341708542714	0.05476193474920217
57.085427135678394	0.05674112621563043
57.48743718592965	0.05886413581144512
57.88944723618091	0.06091883330583846
58.29145728643216	0.06247839374582288
58.69346733668342	0.06330339720311454
59.095477386934675	0.06352564562315369
59.49748743718593	0.06268595350619531
59.89949748743719	0.06125436067844174
60.301507537688444	0.05924645141125214
60.7035175879397	0.057192973883346473
61.10552763819096	0.055264511895171384
61.50753768844221	0.054007308931756405
61.90954773869347	0.05314396544859247
62.311557788944725	0.05325398537517741
62.71356783919598	0.053870704140755385
63.11557788944724	0.05504003460801288
63.517587939698494	0.056286007638248446
63.91959798994975	0.05783472175458678
64.32160804020101	0.05929041581818177
64.72361809045226	0.060483655605687026
65.12562814070353	0.061353428724977996
65.52763819095478	0.061396545457541016
65.92964824120604	0.060560804989669224
66.33165829145729	0.058895914921638017
66.73366834170855	0.056496241643495114
67.1356783919598	0.05395446738484465
67.53768844221106	0.05178277169726418
67.93969849246231	0.050194298749041244
68.34170854271358	0.04974812254437658
68.74371859296483	0.05036055707122857
69.14572864321609	0.05206122857264541
69.54773869346734	0.05466798205434011
69.9497487437186	0.05752026600904379
70.35175879396985	0.060088777767699476
70.75376884422111	0.0618056647052176
71.15577889447236	0.062432389516998976
71.55778894472363	0.06146699909326766
71.95979899497488	0.05942173614138896
72.36180904522614	0.05637849748920045
72.76381909547739	0.05308665447104817
73.16582914572865	0.05036150438483643
73.5678391959799	0.04862013229388605
73.96984924623116	0.048169403977665656
74.37185929648241	0.04901892235862274
74.77386934673368	0.05113525907873105
75.17587939698493	0.05386856220691055
75.57788944723619	0.05686565035047444
75.97989949748744	0.059613222747534875
76.3819095477387	0.061631793861903116
76.78391959798995	0.06257820783991008
77.18592964824121	0.06228576714998067
77.58793969849246	0.060662493860810504
77.98994974874373	0.05823453426826124
78.39195979899498	0.05512813730474823
78.79396984924624	0.052227850657668294
79.19597989949749	0.049819644069034115
79.59798994974875	0.048766707358893595
80.0	0.04912879819736027
