0.0	0.017594932243861792
0.4020100502512563	0.015133794310610724
0.8040201005025126	0.011499540789269923
1.206030150753769	0.009225453416643518
1.6080402010050252	0.010610658635311233
2.0100502512562817	0.013679342556483556
2.412060301507538	0.01587563031209529
2.814070351758794	0.01593351882936068
3.2160804020100504	0.013478357978610692
3.6180904522613067	0.009113242371502161
4.020100502512563	0.004274118696068186
4.42211055276382	0.005488863928839367
4.824120603015076	0.010455603657912014
5.226130653266332	0.01436061065551111
5.628140703517588	0.01661179985935538
6.030150753768845	0.016837224153750933
6.432160804020101	0.0159643574544948
6.834170854271357	0.015616608960889289
7.236180904522613	0.017041652212803928
7.63819095477387	0.019609052775942562
8.040201005025127	0.021824558960390192
8.442211055276383	0.02274482852341382
8.84422110552764	0.021656944437627213
9.246231155778895	0.018258714295289132
9.648241206030152	0.013615155276008603
10.050251256281408	0.009263134224814297
10.452261306532664	0.007823509179299071
10.85427135678392	0.010168775040405198
11.256281407035177	0.012505656729465433
11.658291457286433	0.013768315461607023
12.06030150753769	0.013701870615088296
12.462311557788945	0.013262830050042066
12.864321608040202	0.015112935255353616
13.266331658291458	0.020096361050533876
13.668341708542714	0.02631695519942303
14.07035175879397	0.031737044573853436
14.472361809045227	0.033429960556026185
14.874371859296483	0.03066899055989005
15.27638190954774	0.027903764946869684
15.678391959798995	0.03377320827499419
16.080402010050253	0.04768307040380946
16.48241206030151	0.061782234298666625
16.884422110552766	0.06941491266458877
17.286432160804022	0.0678094372967563
17.68844221105528	0.05721642070663806
18.090452261306535	0.04259757889530731
18.49246231155779	0.03769177241782929
18.894472361809047	0.04943775511812541
19.296482412060303	0.06528421476077959
19.69849246231156	0.07512298827367168
20.100502512562816	0.07632862357290528
20.502512562814072	0.0694205052410906
20.90452261306533	0.06039281491331168
21.306532663316585	0.05941281937912295
21.70854271356784	0.06927021861582493
22.110552763819097	0.08221868553804425
22.512562814070353	0.09043514215856523
22.91457286432161	0.09003518812077707
23.316582914572866	0.08086819539051085
23.718592964824122	0.06603853135987087
24.12060301507538	0.05178654624900788
24.522613065326635	0.0468548107490301
24.92462311557789	0.05374018525758421
25.326633165829147	0.06410577582540974
25.728643216080403	0.07025164773974082
26.13065326633166	0.06934147650914321
26.532663316582916	0.06532174575661101
26.934673366834172	0.06205089233248785
27.33668341708543	0.06497932347691665
27.738693467336685	0.07347381683736118
28.14070351758794	0.08170136432826935
28.542713567839197	0.0842239990447804
28.944723618090453	0.07826044861285285
29.34673366834171	0.06339692279991525
29.748743718592966	0.0429234260842046
30.150753768844222	0.026392100157095533
30.55276381909548	0.031371105281167974
30.954773869346734	0.046462283434436924
31.35678391959799	0.05686488244861663
31.758793969849247	0.05850966863982349
32.16080402010051	0.05230324731524112
32.56281407035176	0.04357197236764626
32.96482412060302	0.041752434350828094
33.366834170854275	0.05176250076107399
33.76884422110553	0.06542977446478257
34.17085427135679	0.07476704278027504
34.572864321608044	0.07574242969480972
34.9748743718593	0.06718524070517527
35.37688442211056	0.04966751756973394
35.77889447236181	0.02655261471953389
36.18090452261307	0.008484935920470112
36.582914572864325	0.024644120563487602
36.98492462311558	0.04012359673919367
37.38693467336684	0.047569412700396156
37.788944723618094	0.045987481511164156
38.19095477386935	0.03925860362325712
38.59296482412061	0.03578303157266363
38.99497487437186	0.04469678974562263
39.39698492462312	0.06119963277033892
39.798994974874375	0.07596140246404176
40.20100502512563	0.08325440742933052
40.60301507537689	0.08084749317336187
41.005025125628144	0.06947440220482573
41.4070351758794	0.05091037172813655
41.80904522613066	0.031785027562867635
42.21105527638191	0.025350165920275235
42.61306532663317	0.034476858833498596
43.015075376884425	0.043684376754037385
43.41708542713568	0.045306832630620596
43.81909547738694	0.03947411205850519
44.221105527638194	0.032244380641209165
44.62311557788945	0.03649497489322334
45.02512562814071	0.054145363690523016
45.42713567839196	0.07367524449126148
45.82914572864322	0.08723743915724971
46.231155778894475	0.09179605120537788
46.63316582914573	0.08558138303049802
47.03517587939699	0.06937918462599514
47.437185929648244	0.04664023817549791
47.8391959798995	0.021999199470205615
48.24120603015076	0.0127198294276575
48.64321608040201	0.02638258208066447
49.04522613065327	0.03417282435358278
49.447236180904525	0.03193853524954536
49.84924623115578	0.02123371947060963
50.25125628140704	0.018036626357100217
50.653266331658294	0.03819195961889186
51.05527638190955	0.06209511536526261
51.45728643216081	0.08118008493362032
51.85929648241206	0.09172264660218946
52.26130653266332	0.09133874798756826
52.663316582914575	0.08075121177928815
53.06532663316583	0.061844132538493746
53.46733668341709	0.03826457277570012
53.869346733668344	0.014147068535300702
54.2713567839196	0.008089900250873692
54.67336683417086	0.02081392421958895
55.07537688442211	0.024504498867310782
55.47738693467337	0.018166848896598108
55.879396984924625	0.008381066341378189
56.28140703517588	0.024085822454824945
56.68341708542714	0.048061650475662264
57.085427135678394	0.07051062574651844
57.48743718592965	0.08664763596197843
57.88944723618091	0.09394871011920361
58.29145728643216	0.09125222063375002
58.69346733668342	0.07895878073277472
59.095477386934675	0.05902165949269363
59.49748743718593	0.03583841768293762
59.89949748743719	0.016287223436621655
60.301507537688444	0.016262995232861684
60.7035175879397	0.023744932686645938
61.10552763819096	0.022857650996836745
61.50753768844221	0.012013124127855873
61.90954773869347	0.00791685461707545
62.311557788944725	0.032741367795373566
62.71356783919598	0.05868961761445166
63.11557788944724	0.08117129131022287
63.517587939698494	0.0961488960991769
63.91959798994975	0.10109277624295768
64.32160804020101	0.09497513732524909
64.72361809045226	0.07896911916775352
65.12562814070353	0.05706715773265357
65.52763819095478	0.0359571424394899
65.92964824120604	0.027692088986494556
66.33165829145729	0.03281885415854725
66.73366834170855	0.03599292880749989
67.1356783919598	0.030737281224170743
67.53768844221106	0.020342146660043154
67.93969849246231	0.02598061249795498
68.34170854271358	0.04935673213894172
68.74371859296483	0.07432021717629514
69.14572864321609	0.09360403705876323
69.54773869346734	0.10355918416881053
69.9497487437186	0.10250588190230518
70.35175879396985	0.09099941300809417
70.75376884422111	0.07191074121204846
71.15577889447236	0.0505558280316281
71.55778894472363	0.035527879025087236
71.95979899497488	0.03476618632889315
72.36180904522614	0.040110418486521665
72.76381909547739	0.040641224901154384
73.16582914572865	0.033537993194015944
73.5678391959799	0.02491802297983013
73.96984924623116	0.031390344976270725
74.37185929648241	0.05173098710326174
74.77386934673368	0.07237907837934847
75.17587939698493	0.08700516142171735
75.57788944723619	0.09232339064040267
75.97989949748744	0.08737201096994215
76.3819095477387	0.0735434524226948
76.78391959798995	0.054713647583833125
77.18592964824121	0.03868037535028195
77.58793969849246	0.03585793171332717
77.98994974874373	0.04364418647497815
78.39195979899498	0.04956630785182121
78.79396984924624	0.048008987596376174
79.19597989949749	0.038343291578732286
79.59798994974875	0.025979563431357332
80.0	0.02742420741175235
