0.0	0.01576411064792064
0.4020100502512563	0.013495297928326249
0.8040201005025126	0.009302513896968916
1.206030150753769	0.0036019923841381515
1.6080402010050252	0.0027395547385491853
2.0100502512562817	0.007867277656434166
2.412060301507538	0.011345511675044741
2.814070351758794	0.012359413428103403
3.2160804020100504	0.010808918922948057
3.6180904522613067	0.0070463785921189475
4.020100502512563	0.0019069561840224173
4.42211055276382	0.004714475752551609
4.824120603015076	0.00980600361306733
5.226130653266332	0.013554020461870214
5.628140703517588	0.014751878206264165
6.030150753768845	0.013437050091131603
6.432160804020101	0.009929921803277637
6.834170854271357	0.004551155186458658
7.236180904522613	0.0018032813493544218
7.63819095477387	0.00706639486011887
8.040201005025127	0.011239188644255136
8.442211055276383	0.013301325492088959
8.84422110552764	0.01309952679596341
9.246231155778895	0.010480168883769264
9.648241206030152	0.0061800164549087626
10.050251256281408	0.00155634764372307
10.452261306532664	0.003659691395392571
10.85427135678392	0.007150580341357393
11.256281407035177	0.00862513731417663
11.658291457286433	0.007638251529247596
12.06030150753769	0.004018947416977623
12.462311557788945	0.002061397933374536
12.864321608040202	0.008781173237162553
13.266331658291458	0.01587496871738143
13.668341708542714	0.022023996260028402
14.07035175879397	0.02622215870278417
14.472361809045227	0.027708826483463067
14.874371859296483	0.026435426768424447
15.27638190954774	0.022460422735585635
15.678391959798995	0.01672392908497531
16.080402010050253	0.010712054461867227
16.48241206030151	0.005749033454674207
16.884422110552766	0.004184944513073454
17.286432160804022	0.004912047507852852
17.68844221105528	0.004885470119129869
18.090452261306535	0.004362778197776567
18.49246231155779	0.005250812978797764
18.894472361809047	0.008592738715871457
19.296482412060303	0.013220957809728942
19.69849246231156	0.018203489874068533
20.100502512562816	0.022590903301770566
20.502512562814072	0.025961029203643033
20.90452261306533	0.02750767249153705
21.306532663316585	0.027314399737166227
21.70854271356784	0.025358588047725457
22.110552763819097	0.022358448218100783
22.512562814070353	0.01923195692713599
22.91457286432161	0.01679060201604488
23.316582914572866	0.016005154892349296
23.718592964824122	0.01622657195235708
24.12060301507538	0.016607493121244717
24.522613065326635	0.016833864363132316
24.92462311557789	0.017777454034337146
25.326633165829147	0.01981956655328556
25.728643216080403	0.022859934915373435
26.13065326633166	0.026421051575437466
26.532663316582916	0.029191315777604376
26.934673366834172	0.030662887924591032
27.33668341708543	0.03124465145410348
27.738693467336685	0.03089026951254893
28.14070351758794	0.030378601290465546
28.542713567839197	0.03036588541974048
28.944723618090453	0.030822979489412726
29.34673366834171	0.031608250302675826
29.748743718592966	0.03203281880064804
30.150753768844222	0.0319542864497325
30.55276381909548	0.031160414986547348
30.954773869346734	0.030090048197146436
31.35678391959799	0.029822001926375585
31.758793969849247	0.03146592709511387
32.16080402010051	0.03507263629897429
32.56281407035176	0.03957272115696119
32.96482412060302	0.04354458881701375
33.366834170854275	0.0465517117553062
33.76884422110553	0.04848141834471094
34.17085427135679	0.049841666457173014
34.572864321608044	0.051687468814105596
34.9748743718593	0.053682266064642215
35.37688442211056	0.05584859670332763
35.77889447236181	0.05710899043498176
36.18090452261307	0.057280038417374876
36.582914572864325	0.05602311337222314
36.98492462311558	0.05476580456352196
37.38693467336684	0.054296383556981506
37.788944723618094	0.05570191937024086
38.19095477386935	0.058491591797228445
38.59296482412061	0.061988949147934826
38.99497487437186	0.06532173264954075
39.39698492462312	0.06823036627819622
39.798994974874375	0.07046842720845597
40.20100502512563	0.07176276479517692
40.60301507537689	0.07240901363766894
41.005025125628144	0.07188657937245588
41.4070351758794	0.06968510587383146
41.80904522613066	0.06594875301852252
42.21105527638191	0.06110960343054751
42.61306532663317	0.05612865708243657
43.015075376884425	0.05222404825482789
43.41708542713568	0.051189966657640126
43.81909547738694	0.05328467236216823
44.221105527638194	0.057894364530979014
44.62311557788945	0.06327902017289856
45.02512562814071	0.06805033392427459
45.42713567839196	0.07095170606623656
45.82914572864322	0.07150921193841445
46.231155778894475	0.07006877768031015
46.63316582914573	0.06687844381549876
47.03517587939699	0.06250799809934407
47.437185929648244	0.05754327159162028
47.8391959798995	0.05229733124061908
48.24120603015076	0.047065077248479345
48.64321608040201	0.042546061278633966
49.04522613065327	0.03992157927900518
49.447236180904525	0.040004612556018934
49.84924623115578	0.04256649059667596
50.25125628140704	0.046712675858810206
50.653266331658294	0.050980284505980654
51.05527638190955	0.054493843014515764
51.45728643216081	0.05694636254688077
51.85929648241206	0.05817574553230763
52.26130653266332	0.05838467325451023
52.663316582914575	0.057929704618878766
53.06532663316583	0.05670671515633614
53.46733668341709	0.05546205529721169
53.869346733668344	0.05351472512820352
54.2713567839196	0.051184052854758876
54.67336683417086	0.049080026735881646
55.07537688442211	0.047989916779930225
55.47738693467337	0.047978480264307635
55.879396984924625	0.0494701773153917
56.28140703517588	0.05166439255639382
56.68341708542714	0.05384200870870468
57.085427135678394	0.055367395673523404
57.48743718592965	0.05599866917289822
57.88944723618091	0.05590011471418234
58.29145728643216	0.05574637220783509
58.69346733668342	0.05569056465729132
59.095477386934675	0.05574663250314911
59.49748743718593	0.05582179575409768
59.89949748743719	0.055470766498286084
60.301507537688444	0.05485111827237218
60.7035175879397	0.054061967910869625
61.10552763819096	0.05348662609703088
61.50753768844221	0.052899429289629506
61.90954773869347	0.05250637457233733
62.311557788944725	0.05182092114889514
62.71356783919598	0.05114826171777105
63.11557788944724	0.05038850542393131
63.517587939698494	0.04991432375551575
63.91959798994975	0.0501836629275008
64.32160804020101	0.05129281160096877
64.72361809045226	0.05320217353379002
65.12562814070353	0.055189837977286584
65.52763819095478	0.05692759091910031
65.92964824120604	0.057932488278254646
66.33165829145729	0.057731645714737434
66.73366834170855	0.05666492564927407
67.1356783919598	0.05473674685525526
67.53768844221106	0.05238571600112592
67.93969849246231	0.05028351661537909
68.34170854271358	0.04874708588869882
68.74371859296483	0.04812522355642294
69.14572864321609	0.04816339277531046
69.54773869346734	0.049094597262224295
69.9497487437186	0.05076427846289132
70.35175879396985	0.05292556683163354
70.75376884422111	0.0550505636956806
71.15577889447236	0.05729471863541817
71.55778894472363	0.059159368739946
71.95979899497488	0.06025117076192171
72.36180904522614	0.060155621891156495
72.76381909547739	0.05845381343743354
73.16582914572865	0.05541006062393966
73.5678391959799	0.05153341081583135
73.96984924623116	0.04808897198000767
74.37185929648241	0.045619999206670724
74.77386934673368	0.04474659627035364
75.17587939698493	0.045542487446837296
75.57788944723619	0.04724952812803064
75.97989949748744	0.04979779063253972
76.3819095477387	0.05280344070148476
76.78391959798995	0.0558799684214762
77.18592964824121	0.058742946405704044
77.58793969849246	0.06066454149989183
77.98994974874373	0.060896016257339466
78.39195979899498	0.059254312490866934
78.79396984924624	0.05568753349900658
79.19597989949749	0.051003701999226825
79.59798994974875	0.046232846623010235
80.0	0.04227578155761678
