0.0	0.010919134458609822
0.4020100502512563	0.009807163550068736
0.8040201005025126	0.007303964562681417
1.206030150753769	0.0039931046969629925
1.6080402010050252	0.001856029784135541
2.0100502512562817	0.004503565187854039
2.412060301507538	0.006676698035629801
2.814070351758794	0.0077687044030585834
3.2160804020100504	0.007087593486340709
3.6180904522613067	0.00447525933750458
4.020100502512563	0.0008126896505961168
4.42211055276382	0.003066775186808733
4.824120603015076	0.007062292016172716
5.226130653266332	0.010009295096413613
5.628140703517588	0.011659598806460444
6.030150753768845	0.011577711831676222
6.432160804020101	0.009807556482412005
6.834170854271357	0.007027002286953974
7.236180904522613	0.004090040047458015
7.63819095477387	0.003575099681026525
8.040201005025127	0.005454831003681428
8.442211055276383	0.006613270800704345
8.84422110552764	0.006275968449599735
9.246231155778895	0.004629772673567125
9.648241206030152	0.001988132019333324
10.050251256281408	0.003896689414418402
10.452261306532664	0.008124194491077222
10.85427135678392	0.012040163476707017
11.256281407035177	0.014806242777113215
11.658291457286433	0.015950299146284517
12.06030150753769	0.015514064249250012
12.462311557788945	0.01353284870190565
12.864321608040202	0.010630045171683072
13.266331658291458	0.007324810413899256
13.668341708542714	0.004691452987716097
14.07035175879397	0.002959392647672779
14.472361809045227	0.002342915015346095
14.874371859296483	0.00220434999740043
15.27638190954774	0.003965729928432865
15.678391959798995	0.00721188976507241
16.080402010050253	0.011095952249195056
16.48241206030151	0.014892411181161361
16.884422110552766	0.017949006934852213
17.286432160804022	0.019856055752471305
17.68844221105528	0.020624613778853117
18.090452261306535	0.02013301579295627
18.49246231155779	0.018764924870082755
18.894472361809047	0.016570271033846277
19.296482412060303	0.014123792887413264
19.69849246231156	0.011992984199248814
20.100502512562816	0.01043499256284434
20.502512562814072	0.009853953494691153
20.90452261306533	0.010538843277229535
21.306532663316585	0.012717591223465968
21.70854271356784	0.016061892170746654
22.110552763819097	0.01970908524927413
22.512562814070353	0.023624930861248193
22.91457286432161	0.027029889386705218
23.316582914572866	0.029320593199041022
23.718592964824122	0.03058855401671486
24.12060301507538	0.03051909656647329
24.522613065326635	0.02941430105665881
24.92462311557789	0.027179720115824358
25.326633165829147	0.024280094780526295
25.728643216080403	0.02151163311843396
26.13065326633166	0.01942177554311647
26.532663316582916	0.018708901378680164
26.934673366834172	0.019322579790957608
27.33668341708543	0.021177425780356272
27.738693467336685	0.023662420792890982
28.14070351758794	0.02656213787842292
28.542713567839197	0.029519327806649804
28.944723618090453	0.03225952367343244
29.34673366834171	0.034544371073767025
29.748743718592966	0.036045639739108785
30.150753768844222	0.03708895967734527
30.55276381909548	0.03733784883195214
30.954773869346734	0.03691851111480638
31.35678391959799	0.03614801512792802
31.758793969849247	0.03517934803461587
32.16080402010051	0.034464651009282206
32.56281407035176	0.03447067633500299
32.96482412060302	0.03494903453118056
33.366834170854275	0.036309785534677196
33.76884422110553	0.03814926189195533
34.17085427135679	0.04083240123339826
34.572864321608044	0.04392382773652325
34.9748743718593	0.04714787271571136
35.37688442211056	0.05037468857064579
35.77889447236181	0.053135444963615275
36.18090452261307	0.05555072604666448
36.582914572864325	0.05738213792748934
36.98492462311558	0.058814052631673365
37.38693467336684	0.05957759876118801
37.788944723618094	0.05960715191920139
38.19095477386935	0.05919557541952873
38.59296482412061	0.05856070512094139
38.99497487437186	0.05772238469274067
39.39698492462312	0.05678526781063538
39.798994974874375	0.05577887604926131
40.20100502512563	0.05432702654452979
40.60301507537689	0.052497507664153086
41.005025125628144	0.05054845909719968
41.4070351758794	0.048893750990444865
41.80904522613066	0.048243854893605116
42.21105527638191	0.04899580259982758
42.61306532663317	0.051518181175828695
43.015075376884425	0.05536340862706142
43.41708542713568	0.05938962017949646
43.81909547738694	0.06273258501793957
44.221105527638194	0.06452707810760447
44.62311557788945	0.06410589786565571
45.02512562814071	0.06141193707868975
45.42713567839196	0.05708907548769815
45.82914572864322	0.051714886487537526
46.231155778894475	0.04625215803349601
46.63316582914573	0.04186105422635121
47.03517587939699	0.03901504351882373
47.437185929648244	0.03822673782522225
47.8391959798995	0.03960287455659938
48.24120603015076	0.04234682705473108
48.64321608040201	0.04605283497310122
49.04522613065327	0.049726865408293866
49.447236180904525	0.05276640209650886
49.84924623115578	0.0546508332686196
50.25125628140704	0.054995486012111613
50.653266331658294	0.05410836520055099
51.05527638190955	0.052365495509433126
51.45728643216081	0.050065050577814116
51.85929648241206	0.048003799100224634
52.26130653266332	0.0465929170285749
52.663316582914575	0.045834711739679165
53.06532663316583	0.04553975697566438
53.46733668341709	0.04591056974968055
53.869346733668344	0.04651476296337491
54.2713567839196	0.04672830306680709
54.67336683417086	0.046821364361914905
55.07537688442211	0.04692422980129808
55.47738693467337	0.04735811959293662
55.879396984924625	0.04825597823560767
56.28140703517588	0.04980098537573028
56.68341708542714	0.05171623487592014
57.085427135678394	0.05380495166046917
57.48743718592965	0.055521135520691614
57.88944723618091	0.056649164382688036
58.29145728643216	0.05670347784962285
58.69346733668342	0.05566584272636316
59.095477386934675	0.05336113855145948
59.49748743718593	0.05061829372454665
59.89949748743719	0.04792126963813632
60.301507537688444	0.04550801108958404
60.7035175879397	0.044103479106655935
61.10552763819096	0.044320430254217294
61.50753768844221	0.045587675829118615
61.90954773869347	0.04799665537664409
62.311557788944725	0.05131268262851296
62.71356783919598	0.05441582072579587
63.11557788944724	0.05707524988214813
63.517587939698494	0.05825583753246827
63.91959798994975	0.05802328798025227
64.32160804020101	0.056043213238182635
64.72361809045226	0.052741887412201385
65.12562814070353	0.048606741137590496
65.52763819095478	0.04410899373283457
65.92964824120604	0.040443655312126695
66.33165829145729	0.03824005913476218
66.73366834170855	0.03812345277422196
67.1356783919598	0.040459326565642974
67.53768844221106	0.04455474023491656
67.93969849246231	0.04998907926364177
68.34170854271358	0.05587831403347595
68.74371859296483	0.06058974540463552
69.14572864321609	0.06350021704375343
69.54773869346734	0.06374798755751329
69.9497487437186	0.06152983657393278
70.35175879396985	0.05697132020335636
70.75376884422111	0.05093364118241587
71.15577889447236	0.04483107272859459
71.55778894472363	0.039889252135967765
71.95979899497488	0.037002548943109295
72.36180904522614	0.036764280938391555
72.76381909547739	0.03915356535302797
73.16582914572865	0.0440836239977685
73.5678391959799	0.0501703390125119
73.96984924623116	0.05644085493062743
74.37185929648241	0.06146878497327973
74.77386934673368	0.06421828131476016
75.17587939698493	0.06429593155130545
75.57788944723619	0.06147905712647696
75.97989949748744	0.0562149965161133
76.3819095477387	0.049938535892859
76.78391959798995	0.04349356272561606
77.18592964824121	0.0384367575141501
77.58793969849246	0.03553278214624995
77.98994974874373	0.03520904664965723
78.39195979899498	0.037756004618649114
78.79396984924624	0.04225319309737676
79.19597989949749	0.04830645240404606
79.59798994974875	0.05419725498776669
80.0	0.05924543645618552
