0.0	0.007534832019129109
0.4020100502512563	0.005848450753349365
0.8040201005025126	0.0034578057757990825
1.206030150753769	0.002093991033602488
1.6080402010050252	0.004333946175850065
2.0100502512562817	0.006764221321199924
2.412060301507538	0.008100173125817043
2.814070351758794	0.008317126777134356
3.2160804020100504	0.00705904688994982
3.6180904522613067	0.004990716510726656
4.020100502512563	0.0026376324769018925
4.42211055276382	0.0022323929603043787
4.824120603015076	0.0039858482936006145
5.226130653266332	0.005264708271892174
5.628140703517588	0.005376188696720496
6.030150753768845	0.004607859206061222
6.432160804020101	0.0036275481838456657
6.834170854271357	0.004345611108112977
7.236180904522613	0.0067529040230980275
7.63819095477387	0.009133008971677245
8.040201005025127	0.010990636938554671
8.442211055276383	0.01149174953960151
8.84422110552764	0.010920463859328232
9.246231155778895	0.009311589833895852
9.648241206030152	0.006956748206007829
10.050251256281408	0.004617081039256079
10.452261306532664	0.003043462551383917
10.85427135678392	0.0031689577008442325
11.256281407035177	0.004598794015407784
11.658291457286433	0.006439525310016403
12.06030150753769	0.00892964958752401
12.462311557788945	0.011992716844280629
12.864321608040202	0.015331551236313154
13.266331658291458	0.018562041265943383
13.668341708542714	0.021486279889943706
14.07035175879397	0.02335774877341709
14.472361809045227	0.0245820475867345
14.874371859296483	0.02490969118760758
15.27638190954774	0.024566975050605407
15.678391959798995	0.024099491436276935
16.080402010050253	0.023860365648347585
16.48241206030151	0.02430063864070697
16.884422110552766	0.025236123221007767
17.286432160804022	0.02608696130392203
17.68844221105528	0.026704640811742286
18.090452261306535	0.026083576228703775
18.49246231155779	0.024088869542128938
18.894472361809047	0.021333107725083768
19.296482412060303	0.018703451050712964
19.69849246231156	0.017668044965667994
20.100502512562816	0.01798461414878612
20.502512562814072	0.019084668143377944
20.90452261306533	0.020742992578610293
21.306532663316585	0.02332839767257875
21.70854271356784	0.027139114465140123
22.110552763819097	0.03129787592758949
22.512562814070353	0.03518412702540617
22.91457286432161	0.03713400543638157
23.316582914572866	0.036390234004481346
23.718592964824122	0.033042611136092054
24.12060301507538	0.02758008405445362
24.522613065326635	0.021600700293798767
24.92462311557789	0.017842113156344343
25.326633165829147	0.017778452077916642
25.728643216080403	0.020280785519245434
26.13065326633166	0.02284497217771089
26.532663316582916	0.0245288026687831
26.934673366834172	0.02531190436686926
27.33668341708543	0.026106569166199484
27.738693467336685	0.027329676453845996
28.14070351758794	0.0288462678462758
28.542713567839197	0.0300282564138186
28.944723618090453	0.030157183488273974
29.34673366834171	0.029087008358296466
29.748743718592966	0.026847668183153494
30.150753768844222	0.025200879788250634
30.55276381909548	0.02453726474467734
30.954773869346734	0.02608534519678866
31.35678391959799	0.02859699913437478
31.758793969849247	0.03121170055919084
32.16080402010051	0.03325452057761159
32.56281407035176	0.03449203583064057
32.96482412060302	0.03478745196689236
33.366834170854275	0.03427671666260096
33.76884422110553	0.03343718164748875
34.17085427135679	0.032414294628694204
34.572864321608044	0.031812737854956315
34.9748743718593	0.03131556890432842
35.37688442211056	0.03137961505912427
35.77889447236181	0.032792286606096836
36.18090452261307	0.035105243265422525
36.582914572864325	0.038494847294211786
36.98492462311558	0.042578045952016294
37.38693467336684	0.04690215328896617
37.788944723618094	0.05126467852373405
38.19095477386935	0.0541771825531599
38.59296482412061	0.05594126571936121
38.99497487437186	0.055792192534254346
39.39698492462312	0.05421554565314798
39.798994974874375	0.05183635658928666
40.20100502512563	0.049710014856845494
40.60301507537689	0.04852447692221838
41.005025125628144	0.04894082367628422
41.4070351758794	0.050689048376368936
41.80904522613066	0.053014280102115195
42.21105527638191	0.055305224578447984
42.61306532663317	0.05702699962637277
43.015075376884425	0.058058108495833115
43.41708542713568	0.05876478939648061
43.81909547738694	0.05903609626695657
44.221105527638194	0.058920059534265455
44.62311557788945	0.058447216539611865
45.02512562814071	0.057106616077418716
45.42713567839196	0.05501662080777412
45.82914572864322	0.05309762769330721
46.231155778894475	0.052363138070324965
46.63316582914573	0.053356361834908696
47.03517587939699	0.05602952160911976
47.437185929648244	0.0585448727173002
47.8391959798995	0.06037256632718779
48.24120603015076	0.06046906013547977
48.64321608040201	0.05919799561557938
49.04522613065327	0.05691426749288024
49.447236180904525	0.05427123302648358
49.84924623115578	0.051550032157045914
50.25125628140704	0.04895663144041863
50.653266331658294	0.04671636584637669
51.05527638190955	0.04474626032706029
51.45728643216081	0.04354399418751516
51.85929648241206	0.04409409847260434
52.26130653266332	0.04655362846447282
52.663316582914575	0.05015160910743153
53.06532663316583	0.05400905363474514
53.46733668341709	0.056511191058239554
53.869346733668344	0.05698715194101578
54.2713567839196	0.055048520367689244
54.67336683417086	0.05141620566875323
55.07537688442211	0.047140593474756846
55.47738693467337	0.04339330362275741
55.879396984924625	0.040969286080682635
56.28140703517588	0.0399748005164975
56.68341708542714	0.04039780409251571
57.085427135678394	0.04177367379791203
57.48743718592965	0.043977248493151024
57.88944723618091	0.047026484959856195
58.29145728643216	0.050578854144887074
58.69346733668342	0.05376369210675477
59.095477386934675	0.05601780314054592
59.49748743718593	0.056991945351876794
59.89949748743719	0.056266441289400185
60.301507537688444	0.05434659190719219
60.7035175879397	0.0516171463140168
61.10552763819096	0.049085677085351546
61.50753768844221	0.04742997923410218
61.90954773869347	0.04667100275761897
62.311557788944725	0.04693649012136532
62.71356783919598	0.04789502336208468
63.11557788944724	0.049044862627170865
63.517587939698494	0.05066002087305617
63.91959798994975	0.052648970490782585
64.32160804020101	0.05536283639067385
64.72361809045226	0.05820410015311396
65.12562814070353	0.06076285783969657
65.52763819095478	0.06254374472057564
65.92964824120604	0.06264474989553291
66.33165829145729	0.061443113431894715
66.73366834170855	0.058739130103059554
67.1356783919598	0.05566696801564221
67.53768844221106	0.052696271066793324
67.93969849246231	0.050258944584234855
68.34170854271358	0.04840106041237254
68.74371859296483	0.046949793178794844
69.14572864321609	0.04664264579215425
69.54773869346734	0.0477732678683791
69.9497487437186	0.05071208880154732
70.35175879396985	0.05538248765254252
70.75376884422111	0.06064345441359161
71.15577889447236	0.06510441178972019
71.55778894472363	0.06766426965591639
71.95979899497488	0.0675573286113371
72.36180904522614	0.0649180514242679
72.76381909547739	0.0602213581652231
73.16582914572865	0.05469450457059473
73.5678391959799	0.049504941115547235
73.96984924623116	0.04548408095339092
74.37185929648241	0.04294037389599499
74.77386934673368	0.04231377995771293
75.17587939698493	0.04367160597895105
75.57788944723619	0.047532905576638675
75.97989949748744	0.05307458350084211
76.3819095477387	0.05902414452698199
76.78391959798995	0.06380655780111742
77.18592964824121	0.06669941070453281
77.58793969849246	0.06677036104522757
77.98994974874373	0.06446673837417535
78.39195979899498	0.06016253241268593
78.79396984924624	0.054724319093342425
79.19597989949749	0.049071679102051444
79.59798994974875	0.04440824389915131
80.0	0.04119583548263962
