0.0	0.01159159592189635
0.4020100502512563	0.011089607693369448
0.8040201005025126	0.009021584528354167
1.206030150753769	0.006545652045167087
1.6080402010050252	0.0048602689053110675
2.0100502512562817	0.00593787577846875
2.412060301507538	0.007754376946806725
2.814070351758794	0.008843001361086452
3.2160804020100504	0.008408882490744108
3.6180904522613067	0.006197620531484004
4.020100502512563	0.0031104547945919213
4.42211055276382	0.0028108122818787263
4.824120603015076	0.0068222296232649735
5.226130653266332	0.010577807998782591
5.628140703517588	0.013182865819329809
6.030150753768845	0.014378583769008784
6.432160804020101	0.014025715223716142
6.834170854271357	0.012683536552285504
7.236180904522613	0.011149856471862545
7.63819095477387	0.009941226781032646
8.040201005025127	0.009686879038391317
8.442211055276383	0.009481460359821278
8.84422110552764	0.008521993979590385
9.246231155778895	0.00719922024700848
9.648241206030152	0.006598252258394506
10.050251256281408	0.008860152915735733
10.452261306532664	0.013459050770062573
10.85427135678392	0.018250688951429415
11.256281407035177	0.022985772273561713
11.658291457286433	0.027183072770431038
12.06030150753769	0.030771403857859016
12.462311557788945	0.033848528103417146
12.864321608040202	0.036791726018453916
13.266331658291458	0.039548029533701366
13.668341708542714	0.04201054740704068
14.07035175879397	0.04372471085186852
14.472361809045227	0.04340834194966306
14.874371859296483	0.040998740053011205
15.27638190954774	0.03376395819303913
15.678391959798995	0.02075193684317948
16.080402010050253	0.00363028093380875
16.48241206030151	0.017725931301571594
16.884422110552766	0.03412116868361761
17.286432160804022	0.04351255253668237
17.68844221105528	0.04237766994123399
18.090452261306535	0.03464303549243059
18.49246231155779	0.03183610272362362
18.894472361809047	0.04659758431449407
19.296482412060303	0.06765740729911102
19.69849246231156	0.0838336761889306
20.100502512562816	0.0899043901909299
20.502512562814072	0.08307266539816309
20.90452261306533	0.06457047144993219
21.306532663316585	0.03782906939167837
21.70854271356784	0.008124213514047506
22.110552763819097	0.0236928667061566
22.512562814070353	0.045915542415916236
22.91457286432161	0.05879209513988173
23.316582914572866	0.06036630800123534
23.718592964824122	0.04981982987791011
24.12060301507538	0.03189959061055054
24.522613065326635	0.0219415987707376
24.92462311557789	0.036663678085127195
25.326633165829147	0.05484370709238275
25.728643216080403	0.06575628711693683
26.13065326633166	0.066142391414204
26.532663316582916	0.05581257866651503
26.934673366834172	0.036950272802511536
27.33668341708543	0.012554728761622272
27.738693467336685	0.013416333969926622
28.14070351758794	0.03564185348352294
28.542713567839197	0.050987268807359355
28.944723618090453	0.056341893502388773
29.34673366834171	0.05018623100653696
29.748743718592966	0.03359958980317776
30.150753768844222	0.011560441886388485
30.55276381909548	0.020343705668032456
30.954773869346734	0.04473119377689304
31.35678391959799	0.06286347883699878
31.758793969849247	0.07088187700447163
32.16080402010051	0.06799189374417988
32.56281407035176	0.05462215472471525
32.96482412060302	0.03274654611618123
33.366834170854275	0.008941677672622255
33.76884422110553	0.02160221275088508
34.17085427135679	0.04205106182034035
34.572864321608044	0.0538360362550668
34.9748743718593	0.05407135929192164
35.37688442211056	0.0431540043641107
35.77889447236181	0.02342904377269098
36.18090452261307	0.004119171321483155
36.582914572864325	0.02732493408707464
36.98492462311558	0.04916744117750824
37.38693467336684	0.06359233216067305
37.788944723618094	0.06832879147342133
38.19095477386935	0.06285180771387212
38.59296482412061	0.04883093352861235
38.99497487437186	0.029980988557284205
39.39698492462312	0.017863830227732587
39.798994974874375	0.02733460606949688
40.20100502512563	0.04049835202159045
40.60301507537689	0.046275203011285966
41.005025125628144	0.042007356478661835
41.4070351758794	0.028565936729578568
41.80904522613066	0.010329921253159718
42.21105527638191	0.017699268615108902
42.61306532663317	0.03883918965869585
43.015075376884425	0.05489248395231283
43.41708542713568	0.06220651804721511
43.81909547738694	0.05900745858530719
44.221105527638194	0.04596258707575616
44.62311557788945	0.02780717332317459
45.02512562814071	0.0202300461139377
45.42713567839196	0.0362606414419027
45.82914572864322	0.05341277954400083
46.231155778894475	0.0627208861557098
46.63316582914573	0.0609861737558101
47.03517587939699	0.04879654800640433
47.437185929648244	0.028976110199440668
47.8391959798995	0.014530398753516702
48.24120603015076	0.030160262962720445
48.64321608040201	0.04908372293799139
49.04522613065327	0.060261116070095065
49.447236180904525	0.06092896256286347
49.84924623115578	0.051599129380440145
50.25125628140704	0.035974950986906146
50.653266331658294	0.025570114546699392
51.05527638190955	0.03540044204259453
51.45728643216081	0.05150520434001797
51.85929648241206	0.06219470381718417
52.26130653266332	0.06280618404049196
52.663316582914575	0.05293856736697502
53.06532663316583	0.03437412248088792
53.46733668341709	0.013992584155079748
53.869346733668344	0.02325027816313831
54.2713567839196	0.04469693505614472
54.67336683417086	0.059420608468978064
55.07537688442211	0.0648765294482619
55.47738693467337	0.060440191186050464
55.879396984924625	0.049288860718275415
56.28140703517588	0.03975359990104038
56.68341708542714	0.04269145093955131
57.085427135678394	0.05597840732628221
57.48743718592965	0.0684989661530983
57.88944723618091	0.07400654848416156
58.29145728643216	0.07029533721324979
58.69346733668342	0.0583922451356742
59.095477386934675	0.04221912137810072
59.49748743718593	0.029997858109958087
59.89949748743719	0.032648783243529246
60.301507537688444	0.04332204498226016
60.7035175879397	0.05042118582519719
61.10552763819096	0.049991351799415065
61.50753768844221	0.04192600571317758
61.90954773869347	0.03176327081436771
62.311557788944725	0.032340873779805226
62.71356783919598	0.047297369735939614
63.11557788944724	0.0645138812279459
63.517587939698494	0.07623396964499767
63.91959798994975	0.07909778357304517
64.32160804020101	0.07301578981861259
64.72361809045226	0.059521794157034
65.12562814070353	0.042576303356502795
65.52763819095478	0.02826372920540161
65.92964824120604	0.025166885795466155
66.33165829145729	0.029388726181993997
66.73366834170855	0.03038606917666407
67.1356783919598	0.02535532187627094
67.53768844221106	0.019277816915988247
67.93969849246231	0.02656220873116886
68.34170854271358	0.044075504874875715
68.74371859296483	0.062073619834750085
69.14572864321609	0.07533268216336728
69.54773869346734	0.0810174628412475
69.9497487437186	0.07825769953915374
70.35175879396985	0.06761113084130957
70.75376884422111	0.05144601338934761
71.15577889447236	0.03292806848209071
71.55778894472363	0.017892951706978154
71.95979899497488	0.014046070342241174
72.36180904522614	0.01689484959220222
72.76381909547739	0.015166180267963524
73.16582914572865	0.0076256570363332984
73.5678391959799	0.013918364847595571
73.96984924623116	0.03295536399707191
74.37185929648241	0.05305893966873111
74.77386934673368	0.06979629865502848
75.17587939698493	0.08012019283237798
75.57788944723619	0.08235345619700306
75.97989949748744	0.07600128129431319
76.3819095477387	0.06198066243619623
76.78391959798995	0.04307807951668087
77.18592964824121	0.02237950108061785
77.58793969849246	0.005657048347192293
77.98994974874373	0.012377264595316574
78.39195979899498	0.018113381877264276
78.79396984924624	0.01585779076853471
79.19597989949749	0.009159781923583419
79.59798994974875	0.01776025322442473
80.0	0.0363525259416398
