0.0	0.004775472454342389
0.4020100502512563	0.003946809145799899
0.8040201005025126	0.0026510821218834546
1.206030150753769	0.0018675488280050696
1.6080402010050252	0.0026152834119074447
2.0100502512562817	0.0039553764335567496
2.412060301507538	0.0048267626615396495
2.814070351758794	0.004980836019798882
3.2160804020100504	0.004560564177674608
3.6180904522613067	0.0034583334906979997
4.020100502512563	0.002251119210964375
4.42211055276382	0.002298061087507619
4.824120603015076	0.003530549638083409
5.226130653266332	0.0046821609614004205
5.628140703517588	0.005139173796896658
6.030150753768845	0.004765793946200632
6.432160804020101	0.003849935885523296
6.834170854271357	0.0024617346527542293
7.236180904522613	0.001649039604470533
7.63819095477387	0.002517950442978549
8.040201005025127	0.003830112823936358
8.442211055276383	0.004650227392324742
8.84422110552764	0.004775159879792482
9.246231155778895	0.004253624230660011
9.648241206030152	0.0031134161640267418
10.050251256281408	0.0022066726614375608
10.452261306532664	0.002778165303469864
10.85427135678392	0.0039000862772688473
11.256281407035177	0.0049479325825187
11.658291457286433	0.005495517285370474
12.06030150753769	0.005493623547595657
12.462311557788945	0.004684893483418202
12.864321608040202	0.0035193986385369525
13.266331658291458	0.002739909621095289
13.668341708542714	0.00265285896964518
14.07035175879397	0.0032264697186367075
14.472361809045227	0.0035094852270326536
14.874371859296483	0.0033009705012292485
15.27638190954774	0.0026293659489691474
15.678391959798995	0.0013447734052281387
16.080402010050253	0.0005369568693719224
16.48241206030151	0.002123759520439077
16.884422110552766	0.003684999660023394
17.286432160804022	0.004946284556390337
17.68844221105528	0.006027026746262907
18.090452261306535	0.006410117458399897
18.49246231155779	0.00643162496619038
18.894472361809047	0.006049823769329309
19.296482412060303	0.005684302000751413
19.69849246231156	0.005327974031169921
20.100502512562816	0.005042470292834793
20.502512562814072	0.004952569261344415
20.90452261306533	0.004635138777802068
21.306532663316585	0.004281190530928848
21.70854271356784	0.004626669698814736
22.110552763819097	0.005650385480668812
22.512562814070353	0.007161286347571631
22.91457286432161	0.008849790692742745
23.316582914572866	0.010319676195828293
23.718592964824122	0.011475636076552382
24.12060301507538	0.012144193413789747
24.522613065326635	0.012462929614690903
24.92462311557789	0.012665858598262547
25.326633165829147	0.012585617713922748
25.728643216080403	0.012416128765917288
26.13065326633166	0.012320760853063066
26.532663316582916	0.012202220615054852
26.934673366834172	0.012029457157394993
27.33668341708543	0.012086970953170474
27.738693467336685	0.012365950870479647
28.14070351758794	0.013130722411086215
28.542713567839197	0.014296665160601412
28.944723618090453	0.01578569000498162
29.34673366834171	0.01739399417885879
29.748743718592966	0.01878956932678781
30.150753768844222	0.01969217603522703
30.55276381909548	0.02032892009886068
30.954773869346734	0.02055055963888121
31.35678391959799	0.02040202690115033
31.758793969849247	0.02001740741706864
32.16080402010051	0.019589768610193924
32.56281407035176	0.019019631844828154
32.96482412060302	0.018354032060879405
33.366834170854275	0.017892933944873297
33.76884422110553	0.01795054206917375
34.17085427135679	0.018591945416694882
34.572864321608044	0.01963873378385028
34.9748743718593	0.020937434029620346
35.37688442211056	0.022312779969114734
35.77889447236181	0.023542425585245396
36.18090452261307	0.024417554886399063
36.582914572864325	0.02521232256771343
36.98492462311558	0.025708437884645646
37.38693467336684	0.02609448321244067
37.788944723618094	0.026169059104605923
38.19095477386935	0.025944586783858754
38.59296482412061	0.025640531066179112
38.99497487437186	0.02528614423031323
39.39698492462312	0.02532156565016947
39.798994974874375	0.025848942362440525
40.20100502512563	0.02678936125048125
40.60301507537689	0.028054013211883683
41.005025125628144	0.029268229423296387
41.4070351758794	0.030194300002172735
41.80904522613066	0.03075253486126131
42.21105527638191	0.03108138499663678
42.61306532663317	0.03119005900018414
43.015075376884425	0.031388660240051436
43.41708542713568	0.03158989419683094
43.81909547738694	0.03160716178854961
44.221105527638194	0.031830641901897716
44.62311557788945	0.031891663927172284
45.02512562814071	0.03212584860461022
45.42713567839196	0.03245635947378
45.82914572864322	0.0326823912775361
46.231155778894475	0.03318289719771128
46.63316582914573	0.03351040259259401
47.03517587939699	0.033855743915950226
47.437185929648244	0.03347937476378524
47.8391959798995	0.03299718748323389
48.24120603015076	0.03247996908455938
48.64321608040201	0.03199484995768535
49.04522613065327	0.031846097357465304
49.447236180904525	0.031797421572265436
49.84924623115578	0.032061873372458666
50.25125628140704	0.032457679228498335
50.653266331658294	0.03314095719582422
51.05527638190955	0.03353041537909681
51.45728643216081	0.033479752718451036
51.85929648241206	0.033408519670718236
52.26130653266332	0.033168592632601
52.663316582914575	0.03250064539559253
53.06532663316583	0.0315390027665146
53.46733668341709	0.030941743058387032
53.869346733668344	0.030195841973650966
54.2713567839196	0.029839735124392495
54.67336683417086	0.029580170341064378
55.07537688442211	0.029645984904027783
55.47738693467337	0.030121096629143706
55.879396984924625	0.030666123559057467
56.28140703517588	0.03116269394459482
56.68341708542714	0.03135101955515664
57.085427135678394	0.03125457347592428
57.48743718592965	0.03100027886845442
57.88944723618091	0.03037812716949225
58.29145728643216	0.029586337876176417
58.69346733668342	0.028723884142662148
59.095477386934675	0.027954357593640167
59.49748743718593	0.027508611724320665
59.89949748743719	0.02729162349290254
60.301507537688444	0.027589589900762705
60.7035175879397	0.028055413205333963
61.10552763819096	0.028773455610886522
61.50753768844221	0.0296918725609693
61.90954773869347	0.030452654930732837
62.311557788944725	0.031024585245768475
62.71356783919598	0.031156574627641043
63.11557788944724	0.03086737407516863
63.517587939698494	0.030106656939543553
63.91959798994975	0.029200141026292425
64.32160804020101	0.02808577611735457
64.72361809045226	0.02696400550950571
65.12562814070353	0.026281475836689095
65.52763819095478	0.026025078603403945
65.92964824120604	0.026266312279428335
66.33165829145729	0.02683945489819754
66.73366834170855	0.02773768422495516
67.1356783919598	0.02884317997365817
67.53768844221106	0.030030664861542496
67.93969849246231	0.03104974011790639
68.34170854271358	0.03145704196121818
68.74371859296483	0.031244605020558657
69.14572864321609	0.030529235555201546
69.54773869346734	0.02940348165394969
69.9497487437186	0.028133000647363286
70.35175879396985	0.026725844438081254
70.75376884422111	0.025713933051502224
71.15577889447236	0.02517572662145645
71.55778894472363	0.0252774300482607
71.95979899497488	0.025941000964569073
72.36180904522614	0.026873719991846307
72.76381909547739	0.028378114238630337
73.16582914572865	0.029796410171277078
73.5678391959799	0.030917123056264217
73.96984924623116	0.03142442170213894
74.37185929648241	0.031404745817584276
74.77386934673368	0.03084179955368934
75.17587939698493	0.02963065312262843
75.57788944723619	0.028183835462903123
75.97989949748744	0.02653130375789786
76.3819095477387	0.02526111632685833
76.78391959798995	0.02445614388325462
77.18592964824121	0.024526077176520326
77.58793969849246	0.025309936805558052
77.98994974874373	0.026503607471706225
78.39195979899498	0.028270145101652218
78.79396984924624	0.029769623269787833
79.19597989949749	0.031153256477812086
79.59798994974875	0.031820709552570756
80.0	0.03206646655206115
