0.0	0.006852317449591428
0.4020100502512563	0.0072012975555606085
0.8040201005025126	0.006475073240483587
1.206030150753769	0.005368418072885338
1.6080402010050252	0.0044434539618905125
2.0100502512562817	0.004548901117317252
2.412060301507538	0.0052467424855765585
2.814070351758794	0.005997405420257781
3.2160804020100504	0.006065594677812456
3.6180904522613067	0.004934206450822173
4.020100502512563	0.003107086419850588
4.42211055276382	0.0006922498204579167
4.824120603015076	0.002191167663618614
5.226130653266332	0.004763366031317835
5.628140703517588	0.006968449607870797
6.030150753768845	0.00833319712204484
6.432160804020101	0.009016104101514492
6.834170854271357	0.009193355994829771
7.236180904522613	0.008950517255430016
7.63819095477387	0.008920336923462502
8.040201005025127	0.009424566128866784
8.442211055276383	0.009639720225157558
8.84422110552764	0.009435837414200763
9.246231155778895	0.008705387259066995
9.648241206030152	0.0076448292430847066
10.050251256281408	0.006496078615167658
10.452261306532664	0.006938207808007015
10.85427135678392	0.008687653861169594
11.256281407035177	0.011035175408819336
11.658291457286433	0.013384157573258684
12.06030150753769	0.015342660973434794
12.462311557788945	0.01675117643523944
12.864321608040202	0.01812021896000817
13.266331658291458	0.0191805403987061
13.668341708542714	0.020218781045793707
14.07035175879397	0.020800063388407487
14.472361809045227	0.021081372920757117
14.874371859296483	0.02062879946438803
15.27638190954774	0.0196364230738359
15.678391959798995	0.018464341039288935
16.080402010050253	0.017563699723026113
16.48241206030151	0.0177046242961402
16.884422110552766	0.019154412836750106
17.286432160804022	0.02151639665210876
17.68844221105528	0.02443499466137531
18.090452261306535	0.02776404219206182
18.49246231155779	0.03170073691286466
18.894472361809047	0.0358857799123914
19.296482412060303	0.039986661666571985
19.69849246231156	0.04358255313621711
20.100502512562816	0.04582348113236455
20.502512562814072	0.046613641686608434
20.90452261306533	0.04593107271144747
21.306532663316585	0.04392113575085896
21.70854271356784	0.041198480703888575
22.110552763819097	0.03886904155659568
22.512562814070353	0.037243643851276695
22.91457286432161	0.0369121602652168
23.316582914572866	0.03778281475202333
23.718592964824122	0.04001177935308625
24.12060301507538	0.04302551141569246
24.522613065326635	0.046791340027724455
24.92462311557789	0.05090345518038597
25.326633165829147	0.05510381281180907
25.728643216080403	0.05909353380130311
26.13065326633166	0.06185053100324374
26.532663316582916	0.0634265250212091
26.934673366834172	0.06368371758940171
27.33668341708543	0.06280776810025282
27.738693467336685	0.06142866670234025
28.14070351758794	0.05971018090880764
28.542713567839197	0.05839395066654146
28.944723618090453	0.05772958522198991
29.34673366834171	0.05776071866671516
29.748743718592966	0.05853656155323038
30.150753768844222	0.060191176903158464
30.55276381909548	0.062315923424930295
30.954773869346734	0.0646208350142762
31.35678391959799	0.06648572507751364
31.758793969849247	0.06716779019908929
32.16080402010051	0.06686584298266067
32.56281407035176	0.06565547375925929
32.96482412060302	0.0639331147386673
33.366834170854275	0.062050240431626325
33.76884422110553	0.060297225378595845
34.17085427135679	0.05892855880617824
34.572864321608044	0.05764548127279717
34.9748743718593	0.0564779378501619
35.37688442211056	0.05548970092126939
35.77889447236181	0.05500294304430263
36.18090452261307	0.05469200484205076
36.582914572864325	0.05478915490516362
36.98492462311558	0.05488363062031809
37.38693467336684	0.05508429371589444
37.788944723618094	0.055167820247828424
38.19095477386935	0.05475546438017957
38.59296482412061	0.05411005543749438
38.99497487437186	0.052812151356796344
39.39698492462312	0.05129598869265484
39.798994974874375	0.049666040977753415
40.20100502512563	0.047997611396234395
40.60301507537689	0.046646395292486105
41.005025125628144	0.045945309493195696
41.4070351758794	0.04587387414763913
41.80904522613066	0.04642683012826799
42.21105527638191	0.04750436300122968
42.61306532663317	0.04930035302964735
43.015075376884425	0.05131635813925014
43.41708542713568	0.05324016798099033
43.81909547738694	0.054997611502141594
44.221105527638194	0.056002010753756916
44.62311557788945	0.05601410807703246
45.02512562814071	0.055207455505563566
45.42713567839196	0.053692233075933946
45.82914572864322	0.052054934555578004
46.231155778894475	0.050458751183080366
46.63316582914573	0.049094100117974146
47.03517587939699	0.04852414108828332
47.437185929648244	0.048743500992683736
47.8391959798995	0.04979038650672691
48.24120603015076	0.05179866037936476
48.64321608040201	0.05435063823089618
49.04522613065327	0.057608845548779576
49.447236180904525	0.06074584912843051
49.84924623115578	0.06352774242192444
50.25125628140704	0.06507459524554368
50.653266331658294	0.06558717321627669
51.05527638190955	0.06472161986456745
51.45728643216081	0.06268375948374533
51.85929648241206	0.059838813256193536
52.26130653266332	0.05659338691275432
52.663316582914575	0.05377616990844235
53.06532663316583	0.051758290005175754
53.46733668341709	0.0509580597748157
53.869346733668344	0.05176958285059904
54.2713567839196	0.05394652482310645
54.67336683417086	0.0572582685618228
55.07537688442211	0.06147469939199983
55.47738693467337	0.06527056081059937
55.879396984924625	0.0679974757537234
56.28140703517588	0.06892603886212419
56.68341708542714	0.06763556360312253
57.085427135678394	0.06443153583477988
57.48743718592965	0.05991771076544626
57.88944723618091	0.05465181261050391
58.29145728643216	0.04989596236541401
58.69346733668342	0.04647383472586591
59.095477386934675	0.044806565086339525
59.49748743718593	0.0452588061728717
59.89949748743719	0.048012930827351016
60.301507537688444	0.05228026666192975
60.7035175879397	0.05734668781861034
61.10552763819096	0.06236606660308806
61.50753768844221	0.06604768520675966
61.90954773869347	0.06715552837789883
62.311557788944725	0.06589032258276503
62.71356783919598	0.06214877978389648
63.11557788944724	0.056959176133573805
63.517587939698494	0.05101196559932164
63.91959798994975	0.04584481421362994
64.32160804020101	0.04224884832358512
64.72361809045226	0.041114994870321074
65.12562814070353	0.041926199126518446
65.52763819095478	0.04497429382379941
65.92964824120604	0.049336952939797236
66.33165829145729	0.05417839647489168
66.73366834170855	0.05883972183109909
67.1356783919598	0.06239332517361538
67.53768844221106	0.0639659565607081
67.93969849246231	0.06359524927227712
68.34170854271358	0.06139591221056072
68.74371859296483	0.05786106950733357
69.14572864321609	0.053535776454933216
69.54773869346734	0.04942501752764058
69.9497487437186	0.04647235079324648
70.35175879396985	0.04514365197756505
70.75376884422111	0.045436867169854074
71.15577889447236	0.04767383201001302
71.55778894472363	0.05125228239314087
71.95979899497488	0.05543512010334591
72.36180904522614	0.059504062846572725
72.76381909547739	0.06284602430462369
73.16582914572865	0.06509836157860016
73.5678391959799	0.06552832382251805
73.96984924623116	0.06440925186700053
74.37185929648241	0.06204724765110623
74.77386934673368	0.058807930327390366
75.17587939698493	0.05551772520528235
75.57788944723619	0.05236099477696994
75.97989949748744	0.04989682662947834
76.3819095477387	0.04888171594245617
76.78391959798995	0.049035963077050736
77.18592964824121	0.050563470322204804
77.58793969849246	0.05311745707814761
77.98994974874373	0.05606425762479552
78.39195979899498	0.05887188799529748
78.79396984924624	0.06141252708538879
79.19597989949749	0.06289753128394421
79.59798994974875	0.0632796142476276
80.0	0.06275303370518565
