0.0	0.017866644246495075
0.4020100502512563	0.014779453124312877
0.8040201005025126	0.010503441606946887
1.206030150753769	0.007874179449174236
1.6080402010050252	0.010025486873607182
2.0100502512562817	0.013769219877714806
2.412060301507538	0.016314877402745502
2.814070351758794	0.01626110753491099
3.2160804020100504	0.013604956788063458
3.6180904522613067	0.008756544667258712
4.020100502512563	0.004195620708850713
4.42211055276382	0.006665359799149092
4.824120603015076	0.01191403242448805
5.226130653266332	0.015615278458457681
5.628140703517588	0.01714855174008462
6.030150753768845	0.016150245550046346
6.432160804020101	0.013639419558548648
6.834170854271357	0.011576133605742916
7.236180904522613	0.012590383000340164
7.63819095477387	0.015677126862074862
8.040201005025127	0.018302023581659208
8.442211055276383	0.018865542602623943
8.84422110552764	0.016751291496726273
9.246231155778895	0.012108554885140118
9.648241206030152	0.005744830283501141
10.050251256281408	0.0018848488788748771
10.452261306532664	0.008766975712547902
10.85427135678392	0.014062493172794486
11.256281407035177	0.01720455311986769
11.658291457286433	0.01784755875161691
12.06030150753769	0.016220864272672515
12.462311557788945	0.012945306969611534
12.864321608040202	0.009445780757576768
13.266331658291458	0.00841009489098989
13.668341708542714	0.010517733407694742
14.07035175879397	0.013010567722394223
14.472361809045227	0.013907093805564694
14.874371859296483	0.012299265667876572
15.27638190954774	0.008479657070420256
15.678391959798995	0.003593336163992165
16.080402010050253	0.006524205835169055
16.48241206030151	0.013676692200456867
16.884422110552766	0.020338281566646476
17.286432160804022	0.025119774944309163
17.68844221105528	0.0267937115273107
18.090452261306535	0.02499432569664063
18.49246231155779	0.02037911130238401
18.894472361809047	0.013342246433998737
19.296482412060303	0.005625633930558024
19.69849246231156	0.0025592686859599425
20.100502512562816	0.007168756213180071
20.502512562814072	0.00924985465623608
20.90452261306533	0.008463213995404815
21.306532663316585	0.006271911198027813
21.70854271356784	0.008738956304946695
22.110552763819097	0.016055873196747797
22.512562814070353	0.02388619136016929
22.91457286432161	0.03046279514663009
23.316582914572866	0.034565653757001116
23.718592964824122	0.03540619955241105
24.12060301507538	0.032771077833976994
24.522613065326635	0.02728334424358115
24.92462311557789	0.020141742111720613
25.326633165829147	0.012858510588179831
25.728643216080403	0.007437351003094406
26.13065326633166	0.005459066228814119
26.532663316582916	0.004845697244368759
26.934673366834172	0.004475042160717303
27.33668341708543	0.008625033694576022
27.738693467336685	0.016848555203376976
28.14070351758794	0.02646928990024302
28.542713567839197	0.03579326826763774
28.944723618090453	0.04315147124939576
29.34673366834171	0.04748478063787234
29.748743718592966	0.04811421761765568
30.150753768844222	0.045380056802722016
30.55276381909548	0.03955853049336225
30.954773869346734	0.03200004643686002
31.35678391959799	0.024261563447280525
31.758793969849247	0.01732320588463607
32.16080402010051	0.012592276900066385
32.56281407035176	0.011008678160022867
32.96482412060302	0.013286570183495276
33.366834170854275	0.01925958747316315
33.76884422110553	0.027793232565578974
34.17085427135679	0.03788107360529184
34.572864321608044	0.047795562629709853
34.9748743718593	0.055780301453802986
35.37688442211056	0.0610678894130558
35.77889447236181	0.0629034070024008
36.18090452261307	0.06114110935440502
36.582914572864325	0.05684196688932921
36.98492462311558	0.05100598568136189
37.38693467336684	0.04501267580165383
37.788944723618094	0.040276930138479466
38.19095477386935	0.03794950949349795
38.59296482412061	0.03830656589054673
38.99497487437186	0.04202855993545176
39.39698492462312	0.04820502364019759
39.798994974874375	0.0563510466275701
40.20100502512563	0.06461325561863043
40.60301507537689	0.0717573752223383
41.005025125628144	0.07631863564328636
41.4070351758794	0.07744185481650931
41.80904522613066	0.075183514083716
42.21105527638191	0.06997294082851144
42.61306532663317	0.06287949781188323
43.015075376884425	0.05518098859953785
43.41708542713568	0.048448924368113065
43.81909547738694	0.04346456035567044
44.221105527638194	0.04109753984791066
44.62311557788945	0.041724486699260224
45.02512562814071	0.04514193300006189
45.42713567839196	0.05083997304547625
45.82914572864322	0.057842128846460485
46.231155778894475	0.06453437363917477
46.63316582914573	0.07035503519045817
47.03517587939699	0.07369996516305663
47.437185929648244	0.07416563256015185
47.8391959798995	0.07165814693284718
48.24120603015076	0.06648314690376043
48.64321608040201	0.0595229152075332
49.04522613065327	0.051888462785644976
49.447236180904525	0.04460239064300745
49.84924623115578	0.03891419187147526
50.25125628140704	0.03579715053953901
50.653266331658294	0.035664356395556526
51.05527638190955	0.0386400974169429
51.45728643216081	0.04398508544261469
51.85929648241206	0.051347146043057325
52.26130653266332	0.059159338218875535
52.663316582914575	0.06619191673808708
53.06532663316583	0.07132471484798728
53.46733668341709	0.0734340362775191
53.869346733668344	0.07235751147633394
54.2713567839196	0.06787845301491721
54.67336683417086	0.061038875906755684
55.07537688442211	0.0528222730206635
55.47738693467337	0.044941404802807526
55.879396984924625	0.038487626022975
56.28140703517588	0.03492585432578586
56.68341708542714	0.03480176718243368
57.085427135678394	0.0380010262961417
57.48743718592965	0.044161915453187296
57.88944723618091	0.052358167359487194
58.29145728643216	0.061092050923026275
58.69346733668342	0.06901298399087144
59.095477386934675	0.07446300128481051
59.49748743718593	0.07639814378091576
59.89949748743719	0.0742865505587406
60.301507537688444	0.06847058803316193
60.7035175879397	0.05965298021529677
61.10552763819096	0.04981653250600438
61.50753768844221	0.04092948760976255
61.90954773869347	0.03450065142076266
62.311557788944725	0.03189418427794673
62.71356783919598	0.033299986216258994
63.11557788944724	0.038355190748856814
63.517587939698494	0.04613559956526087
63.91959798994975	0.05552907760844363
64.32160804020101	0.06441624521913253
64.72361809045226	0.07131178995867322
65.12562814070353	0.07479661172393726
65.52763819095478	0.07414771499673323
65.92964824120604	0.06926368085991272
66.33165829145729	0.06132654391910129
66.73366834170855	0.05205608879322023
67.1356783919598	0.04313384874751593
67.53768844221106	0.03656480342687047
67.93969849246231	0.033810773150075635
68.34170854271358	0.03470107457505991
68.74371859296483	0.038823541608389696
69.14572864321609	0.045550903897121485
69.54773869346734	0.0539690310222589
69.9497487437186	0.06262481944482548
70.35175879396985	0.06961967439698359
70.75376884422111	0.07376391472233845
71.15577889447236	0.07422387329337449
71.55778894472363	0.07083619271335204
71.95979899497488	0.0641585318054301
72.36180904522614	0.05565871243111663
72.76381909547739	0.04718884659753992
73.16582914572865	0.04106286705793198
73.5678391959799	0.03843394127688945
73.96984924623116	0.03929067954956286
74.37185929648241	0.042546285110397444
74.77386934673368	0.047571380094750274
75.17587939698493	0.05349555572600162
75.57788944723619	0.05966553674579189
75.97989949748744	0.06493184760409419
76.3819095477387	0.06848470979390664
76.78391959798995	0.06934316721320445
77.18592964824121	0.06749810879735557
77.58793969849246	0.06309752504604182
77.98994974874373	0.05718909031091911
78.39195979899498	0.05109016144256333
78.79396984924624	0.046651722870068704
79.19597989949749	0.04441437517146007
79.59798994974875	0.044624584102614766
80.0	0.046257628515139794
