0.0	0.007194376987834393
0.4020100502512563	0.006477338802150604
0.8040201005025126	0.0047425507838081814
1.206030150753769	0.0031827122159250555
1.6080402010050252	0.0032738969991471184
2.0100502512562817	0.004654469874472889
2.412060301507538	0.005937658862164221
2.814070351758794	0.006529192125187916
3.2160804020100504	0.005947682755688734
3.6180904522613067	0.004240429611627817
4.020100502512563	0.001927508280008737
4.42211055276382	0.0015038471487251403
4.824120603015076	0.003972250855944027
5.226130653266332	0.00597778115892865
5.628140703517588	0.00729758528093726
6.030150753768845	0.00763916969856492
6.432160804020101	0.006797931153720731
6.834170854271357	0.005235933613582591
7.236180904522613	0.0038196743577169783
7.63819095477387	0.003842989923142301
8.040201005025127	0.005098423329079257
8.442211055276383	0.006048135578565686
8.84422110552764	0.006199968550157508
9.246231155778895	0.005393406032410062
9.648241206030152	0.003464436560004217
10.050251256281408	0.0006996553418560565
10.452261306532664	0.002361897882828351
10.85427135678392	0.005074301766899845
11.256281407035177	0.007204842313344222
11.658291457286433	0.008350632198009748
12.06030150753769	0.008404382078625549
12.462311557788945	0.007337480921827179
12.864321608040202	0.005780450561303605
13.266331658291458	0.004064633435816309
13.668341708542714	0.003089597974105975
14.07035175879397	0.0035128597489197506
14.472361809045227	0.00395008128678536
14.874371859296483	0.0037648714339711445
15.27638190954774	0.0026963066776680817
15.678391959798995	0.0008949249960664077
16.080402010050253	0.002021685391679124
16.48241206030151	0.004714721178224721
16.884422110552766	0.007317098487980676
17.286432160804022	0.009342255775191252
17.68844221105528	0.010545887577231076
18.090452261306535	0.010628041074048687
18.49246231155779	0.009951054468848867
18.894472361809047	0.008361840300298814
19.296482412060303	0.006211216893602347
19.69849246231156	0.004208138907707919
20.100502512562816	0.002639262306570414
20.502512562814072	0.002177311732438979
20.90452261306533	0.0017374212304911603
21.306532663316585	0.0008268919203979451
21.70854271356784	0.001576221939326183
22.110552763819097	0.004155287364303163
22.512562814070353	0.00709872440662586
22.91457286432161	0.01002144440905769
23.316582914572866	0.012526533760386288
23.718592964824122	0.013825599757278905
24.12060301507538	0.014049711981932852
24.522613065326635	0.013282305581976536
24.92462311557789	0.011491918669322218
25.326633165829147	0.009203696617912855
25.728643216080403	0.006876744626512362
26.13065326633166	0.004820822606842036
26.532663316582916	0.00356737206817758
26.934673366834172	0.003236699980262263
27.33668341708543	0.003687398867363038
27.738693467336685	0.005183839741760843
28.14070351758794	0.007581058994052941
28.542713567839197	0.010580609993043041
28.944723618090453	0.013722800192837597
29.34673366834171	0.016591605913644454
29.748743718592966	0.018468106928589568
30.150753768844222	0.019302521130288956
30.55276381909548	0.018856825013235896
30.954773869346734	0.017362466143638074
31.35678391959799	0.014985235365766469
31.758793969849247	0.012317590040852849
32.16080402010051	0.009764501245657609
32.56281407035176	0.00789124570237113
32.96482412060302	0.007341472118199771
33.366834170854275	0.008002645582918244
33.76884422110553	0.010121418163839425
34.17085427135679	0.013232821337125389
34.572864321608044	0.016915164893200586
34.9748743718593	0.020557977957947903
35.37688442211056	0.023457021403994468
35.77889447236181	0.02514170415209323
36.18090452261307	0.025535007703528994
36.582914572864325	0.023965924478771102
36.98492462311558	0.02133034035900237
37.38693467336684	0.01758191922731876
37.788944723618094	0.013579700479866407
38.19095477386935	0.01015846158600259
38.59296482412061	0.007776160492973605
38.99497487437186	0.007219159657550299
39.39698492462312	0.008368599514066866
39.798994974874375	0.011286746380667926
40.20100502512563	0.015264924960646695
40.60301507537689	0.019836214881248877
41.005025125628144	0.02368655406507123
41.4070351758794	0.026606059951410306
41.80904522613066	0.027942192653259458
42.21105527638191	0.027202202632367584
42.61306532663317	0.02495476425636197
43.015075376884425	0.021284128874632994
43.41708542713568	0.0169677526782785
43.81909547738694	0.013001662456679428
44.221105527638194	0.009880744087673227
44.62311557788945	0.008115975295388217
45.02512562814071	0.008030982073467755
45.42713567839196	0.009242925584306807
45.82914572864322	0.011996659472437127
46.231155778894475	0.015840677307862587
46.63316582914573	0.019994307155549514
47.03517587939699	0.023691630817072016
47.437185929648244	0.026194504471563414
47.8391959798995	0.026986939415862894
48.24120603015076	0.026131184570928216
48.64321608040201	0.023759277817198297
49.04522613065327	0.02031875844358983
49.447236180904525	0.01657597628319223
49.84924623115578	0.013419933455580785
50.25125628140704	0.01122390578435129
50.653266331658294	0.009827270022780308
51.05527638190955	0.009544565627433202
51.45728643216081	0.010690859951735646
51.85929648241206	0.013149485779921439
52.26130653266332	0.016452983585084728
52.663316582914575	0.019852945274590948
53.06532663316583	0.022822433864208586
53.46733668341709	0.024822351431982685
53.869346733668344	0.025752813231060274
54.2713567839196	0.025455897678273866
54.67336683417086	0.02410877167275811
55.07537688442211	0.02190711838027066
55.47738693467337	0.019162094942053072
55.879396984924625	0.01626190134716967
56.28140703517588	0.013846002107205138
56.68341708542714	0.01228660142279099
57.085427135678394	0.011892616342745686
57.48743718592965	0.012721376588353909
57.88944723618091	0.014887748328279552
58.29145728643216	0.017842880686462607
58.69346733668342	0.021289666316491387
59.095477386934675	0.02429064986988796
59.49748743718593	0.02668623290488792
59.89949748743719	0.028039291147962636
60.301507537688444	0.028069560840236353
60.7035175879397	0.026964990919438936
61.10552763819096	0.02489168762984815
61.50753768844221	0.02208162834214457
61.90954773869347	0.01947307308213546
62.311557788944725	0.017169390342525927
62.71356783919598	0.0157243849601044
63.11557788944724	0.01558767828430713
63.517587939698494	0.01659586677119313
63.91959798994975	0.01882222456469961
64.32160804020101	0.021953037484725723
64.72361809045226	0.025306794438511117
65.12562814070353	0.02852320915955629
65.52763819095478	0.03097174916593009
65.92964824120604	0.03267603858257358
66.33165829145729	0.03340602496769646
66.73366834170855	0.03294448908545776
67.1356783919598	0.03162646345732957
67.53768844221106	0.0295917676879257
67.93969849246231	0.02741857795356682
68.34170854271358	0.025415654562037808
68.74371859296483	0.023950779115084142
69.14572864321609	0.02335959274648195
69.54773869346734	0.02370664614015181
69.9497487437186	0.024873911584080095
70.35175879396985	0.027095073404634268
70.75376884422111	0.02960088138782563
71.15577889447236	0.032214367569975345
71.55778894472363	0.034386156884413877
71.95979899497488	0.03559924232797125
72.36180904522614	0.03570423702962414
72.76381909547739	0.03454115310973709
73.16582914572865	0.03272247353614817
73.5678391959799	0.030443010067664866
73.96984924623116	0.028002003763278282
74.37185929648241	0.02599859700342504
74.77386934673368	0.02431122346046804
75.17587939698493	0.02390363142244421
75.57788944723619	0.02432994412424083
75.97989949748744	0.02550834492528119
76.3819095477387	0.027268182784759083
76.78391959798995	0.029374988651081846
77.18592964824121	0.03167572001762854
77.58793969849246	0.033252374128574916
77.98994974874373	0.03427384717792545
78.39195979899498	0.0341997328999331
78.79396984924624	0.03321208684680445
79.19597989949749	0.031143944856258727
79.59798994974875	0.028500124225487172
80.0	0.025760457540532283
