0.0	0.01375040426469617
0.4020100502512563	0.013045190340479313
0.8040201005025126	0.010326193236331804
1.206030150753769	0.006116598291409348
1.6080402010050252	0.002120481229449617
2.0100502512562817	0.004954603904808105
2.412060301507538	0.008697408403847546
2.814070351758794	0.010773750769606833
3.2160804020100504	0.010473312793398049
3.6180904522613067	0.007918005550513954
4.020100502512563	0.0038333740984640868
4.42211055276382	0.001576160853345426
4.824120603015076	0.006885753835311928
5.226130653266332	0.011309779634372212
5.628140703517588	0.014036466771862825
6.030150753768845	0.01466815128718888
6.432160804020101	0.013301532240957276
6.834170854271357	0.01009006803673678
7.236180904522613	0.006484034271692659
7.63819095477387	0.0049463451073796395
8.040201005025127	0.006743666303862092
8.442211055276383	0.008580344227128658
8.84422110552764	0.008588916375682893
9.246231155778895	0.0068919178322298545
9.648241206030152	0.004155896322725183
10.050251256281408	0.005167782852342177
10.452261306532664	0.010266681998447519
10.85427135678392	0.015584225174717112
11.256281407035177	0.01975718459498258
11.658291457286433	0.02230245643944998
12.06030150753769	0.022744716988573978
12.462311557788945	0.021448857200527895
12.864321608040202	0.018927896856286767
13.266331658291458	0.01589580969791535
13.668341708542714	0.012784753820394595
14.07035175879397	0.010473284279304723
14.472361809045227	0.009533514122989811
14.874371859296483	0.010292249978705816
15.27638190954774	0.013264369359662066
15.678391959798995	0.0180168415778557
16.080402010050253	0.023886931185581956
16.48241206030151	0.02992024290278266
16.884422110552766	0.03547937581657662
17.286432160804022	0.03983897811024413
17.68844221105528	0.04264718177214921
18.090452261306535	0.04372943950415899
18.49246231155779	0.04302920018434025
18.894472361809047	0.040694721126339886
19.296482412060303	0.037212422255954766
19.69849246231156	0.03299691159712131
20.100502512562816	0.02842940982689517
20.502512562814072	0.024805147683889684
20.90452261306533	0.022610172265966032
21.306532663316585	0.02202235916940016
21.70854271356784	0.024169372217152676
22.110552763819097	0.029059079480021528
22.512562814070353	0.03689651793011612
22.91457286432161	0.04631863680027411
23.316582914572866	0.05571936940951662
23.718592964824122	0.06331244275345649
24.12060301507538	0.06776506799452128
24.522613065326635	0.06841858146563122
24.92462311557789	0.06563253702209938
25.326633165829147	0.05974186741986023
25.728643216080403	0.05201383365202317
26.13065326633166	0.043670815071514255
26.532663316582916	0.03616433581096537
26.934673366834172	0.030302795092361313
27.33668341708543	0.027415778459913304
27.738693467336685	0.029425419281226634
28.14070351758794	0.03605504470739264
28.542713567839197	0.04597888929551585
28.944723618090453	0.05714963881224007
29.34673366834171	0.06736923095548084
29.748743718592966	0.0751120336138004
30.150753768844222	0.07908507748775365
30.55276381909548	0.07875334438250323
30.954773869346734	0.07409459158765466
31.35678391959799	0.06574091915809414
31.758793969849247	0.055438623440367055
32.16080402010051	0.04472006544282825
32.56281407035176	0.0356875308652924
32.96482412060302	0.029864081257277138
33.366834170854275	0.028710521654906264
33.76884422110553	0.032181467298323066
34.17085427135679	0.039424109840229815
34.572864321608044	0.048933819757519696
34.9748743718593	0.05866390410138446
35.37688442211056	0.06708590164454108
35.77889447236181	0.07239087326795471
36.18090452261307	0.07380235505857732
36.582914572864325	0.07139956751855776
36.98492462311558	0.06538142602710753
37.38693467336684	0.056731781736932406
37.788944723618094	0.04719745083760334
38.19095477386935	0.03791983708245539
38.59296482412061	0.030769334969627055
38.99497487437186	0.026720994025077688
39.39698492462312	0.026734112579763374
39.798994974874375	0.030139317218794613
40.20100502512563	0.0361828005529372
40.60301507537689	0.043627058856692054
41.005025125628144	0.05106176720257631
41.4070351758794	0.05711139911550156
41.80904522613066	0.0606262613789992
42.21105527638191	0.060930538008123016
42.61306532663317	0.057881766248249866
43.015075376884425	0.051874539404974586
43.41708542713568	0.04402267343800385
43.81909547738694	0.03557893140931414
44.221105527638194	0.028569348937437483
44.62311557788945	0.02448208649147676
45.02512562814071	0.023861913528274596
45.42713567839196	0.02623656733885612
45.82914572864322	0.030280683848268968
46.231155778894475	0.0358263836446726
46.63316582914573	0.04221768516682342
47.03517587939699	0.04872332461226529
47.437185929648244	0.054004048414791415
47.8391959798995	0.05711025587959863
48.24120603015076	0.05707856926307446
48.64321608040201	0.053998686173982256
49.04522613065327	0.04806618218699403
49.447236180904525	0.04044596780378699
49.84924623115578	0.0334565208416529
50.25125628140704	0.029017080117619526
50.653266331658294	0.028537496056889315
51.05527638190955	0.030752134154303147
51.45728643216081	0.0342982056339686
51.85929648241206	0.03859237227193309
52.26130653266332	0.04354501977406579
52.663316582914575	0.048737624712020075
53.06532663316583	0.05336333572408131
53.46733668341709	0.05637668833142466
53.869346733668344	0.056791224128838066
54.2713567839196	0.053838163195732903
54.67336683417086	0.04826230471799219
55.07537688442211	0.04122659982141286
55.47738693467337	0.03396998152452268
55.879396984924625	0.029413791654010285
56.28140703517588	0.02908636379486737
56.68341708542714	0.03218266546285107
57.085427135678394	0.036872281149077486
57.48743718592965	0.04184097681325371
57.88944723618091	0.0464226410590931
58.29145728643216	0.05042161095835403
58.69346733668342	0.053568550007685865
59.095477386934675	0.055561085334861336
59.49748743718593	0.055918757257113684
59.89949748743719	0.05431073322768472
60.301507537688444	0.05099347082707685
60.7035175879397	0.04644643300916102
61.10552763819096	0.04166210295889621
61.50753768844221	0.03847814265627507
61.90954773869347	0.037904140885814515
62.311557788944725	0.04053632187040675
62.71356783919598	0.04474909378747592
63.11557788944724	0.04892348977621795
63.517587939698494	0.052366288023570864
63.91959798994975	0.05453179433031339
64.32160804020101	0.055443920120301894
64.72361809045226	0.05610713800204502
65.12562814070353	0.055654335746645155
65.52763819095478	0.05450086397529321
65.92964824120604	0.05234373078465243
66.33165829145729	0.049176486001780435
66.73366834170855	0.04509322356261801
67.1356783919598	0.04126121916034507
67.53768844221106	0.03896054256827817
67.93969849246231	0.03927637322251184
68.34170854271358	0.04231238865252316
68.74371859296483	0.04674783434075508
69.14572864321609	0.05087159132320014
69.54773869346734	0.0538482644940181
69.9497487437186	0.05529291185393507
70.35175879396985	0.05557649096027721
70.75376884422111	0.054976721665800324
71.15577889447236	0.053888563857652685
71.55778894472363	0.05193059262117772
71.95979899497488	0.04903325878023893
72.36180904522614	0.04514441015473711
72.76381909547739	0.04078575317225468
73.16582914572865	0.037056860375619685
73.5678391959799	0.03584607930921925
73.96984924623116	0.03795673143769191
74.37185929648241	0.042876628551063424
74.77386934673368	0.04861812298893843
75.17587939698493	0.05353728901735662
75.57788944723619	0.05654279086664806
75.97989949748744	0.0571761355425499
76.3819095477387	0.05571948084705584
76.78391959798995	0.05286476268181659
77.18592964824121	0.04930816706287708
77.58793969849246	0.04566805432228161
77.98994974874373	0.0418272994419374
78.39195979899498	0.037672269127525845
78.79396984924624	0.03394372306342268
79.19597989949749	0.03161570894256292
79.59798994974875	0.03258719095745302
80.0	0.0372552115540842
