0.0	0.01814116915347879
0.4020100502512563	0.0174790494979879
0.8040201005025126	0.013862867517578672
1.206030150753769	0.008142428977645718
1.6080402010050252	0.0012885876835149203
2.0100502512562817	0.005591874874353015
2.412060301507538	0.010831732786534458
2.814070351758794	0.013665144657083355
3.2160804020100504	0.013583114894112944
3.6180904522613067	0.010292117496312711
4.020100502512563	0.004642523836039676
4.42211055276382	0.002452263399014662
4.824120603015076	0.009704974031714508
5.226130653266332	0.015597541777170995
5.628140703517588	0.019496362361856194
6.030150753768845	0.020419027104232445
6.432160804020101	0.018266925533810038
6.834170854271357	0.01365350451889962
7.236180904522613	0.007466763259030992
7.63819095477387	0.00224317618574522
8.040201005025127	0.005807310052146319
8.442211055276383	0.009374725994786197
8.84422110552764	0.01034728625239081
9.246231155778895	0.00792032126944238
9.648241206030152	0.002977441148204183
10.050251256281408	0.004085901313180953
10.452261306532664	0.011793980449465226
10.85427135678392	0.01899000147568288
11.256281407035177	0.024122050618424044
11.658291457286433	0.02676114654543667
12.06030150753769	0.026503398637158927
12.462311557788945	0.023387477539555467
12.864321608040202	0.018431523045551543
13.266331658291458	0.012879189083398346
13.668341708542714	0.008754605253723294
14.07035175879397	0.007977029664515602
14.472361809045227	0.008925022402980102
14.874371859296483	0.009282414136042414
15.27638190954774	0.009232516987900733
15.678391959798995	0.011175341267253416
16.080402010050253	0.015790792290078844
16.48241206030151	0.021913869924524175
16.884422110552766	0.02784733269076023
17.286432160804022	0.032349126362117314
17.68844221105528	0.03466354473757276
18.090452261306535	0.03456659909252655
18.49246231155779	0.03254418668322634
18.894472361809047	0.029076329151198187
19.296482412060303	0.025940814464041395
19.69849246231156	0.02410207749580178
20.100502512562816	0.02454466002370124
20.502512562814072	0.026856955268682738
20.90452261306533	0.030383700108081512
21.306532663316585	0.0349101719644086
21.70854271356784	0.040095857763503426
22.110552763819097	0.04554998301963
22.512562814070353	0.051127904933413515
22.91457286432161	0.056035867732455634
23.316582914572866	0.05964721871900532
23.718592964824122	0.06152396131874468
24.12060301507538	0.06181104132812374
24.522613065326635	0.060471208658876216
24.92462311557789	0.0584068034480293
25.326633165829147	0.056719182528057
25.728643216080403	0.05597184681484243
26.13065326633166	0.05701640481276886
26.532663316582916	0.05925584066554651
26.934673366834172	0.06260281235761371
27.33668341708543	0.06675841995554216
27.738693467336685	0.07096420566319586
28.14070351758794	0.07460348390262346
28.542713567839197	0.07690069708260203
28.944723618090453	0.0775379182429624
29.34673366834171	0.07621652592719798
29.748743718592966	0.07322730178419469
30.150753768844222	0.0689693443016735
30.55276381909548	0.06432605765957558
30.954773869346734	0.06039518641837771
31.35678391959799	0.05782391296819035
31.758793969849247	0.0570178934715256
32.16080402010051	0.057636150808022826
32.56281407035176	0.059331234798008635
32.96482412060302	0.06105227636052574
33.366834170854275	0.062342405025253025
33.76884422110553	0.06219081764922681
34.17085427135679	0.06043602117530139
34.572864321608044	0.0572293320356599
34.9748743718593	0.05301203226415444
35.37688442211056	0.049131875929069854
35.77889447236181	0.045775878551125346
36.18090452261307	0.04323100989952487
36.582914572864325	0.04088455427706332
36.98492462311558	0.0381452310621876
37.38693467336684	0.03503852843683687
37.788944723618094	0.03204571458642188
38.19095477386935	0.03026595419328194
38.59296482412061	0.029651157715230823
38.99497487437186	0.030516631464498338
39.39698492462312	0.0317521380833929
39.798994974874375	0.033426635892224374
40.20100502512563	0.034979040712810036
40.60301507537689	0.03712379895365196
41.005025125628144	0.03968164491387565
41.4070351758794	0.04227864493120656
41.80904522613066	0.044185189717037845
42.21105527638191	0.044870480609335836
42.61306532663317	0.04396874399102883
43.015075376884425	0.041817559102620555
43.41708542713568	0.039069788217670376
43.81909547738694	0.0364016124363907
44.221105527638194	0.03457191623026511
44.62311557788945	0.03438461820570594
45.02512562814071	0.03626205857241975
45.42713567839196	0.03938089854529993
45.82914572864322	0.04335582319699155
46.231155778894475	0.046855347385810736
46.63316582914573	0.049537192786676267
47.03517587939699	0.05096296570384109
47.437185929648244	0.051249190412727276
47.8391959798995	0.050986907415493256
48.24120603015076	0.05067559858891104
48.64321608040201	0.050211946696411915
49.04522613065327	0.049624701489329674
49.447236180904525	0.048883105088966865
49.84924623115578	0.048128637075803934
50.25125628140704	0.04720187592142734
50.653266331658294	0.046413310137143296
51.05527638190955	0.04570576472462688
51.45728643216081	0.04515649717972087
51.85929648241206	0.045004167386766165
52.26130653266332	0.04542949724072555
52.663316582914575	0.046493978313187335
53.06532663316583	0.04830732635719009
53.46733668341709	0.05085653607596431
53.869346733668344	0.05373803426720314
54.2713567839196	0.056257101893669316
54.67336683417086	0.05768326695244906
55.07537688442211	0.057409625990908805
55.47738693467337	0.05523423884484498
55.879396984924625	0.05152334757865161
56.28140703517588	0.04693232713467256
56.68341708542714	0.04305638964253031
57.085427135678394	0.04020528650113829
57.48743718592965	0.03923668784556088
57.88944723618091	0.0402038915630547
58.29145728643216	0.04325143937986851
58.69346733668342	0.0475737951090313
59.095477386934675	0.05283216857641167
59.49748743718593	0.05806030162948892
59.89949748743719	0.06230970337498093
60.301507537688444	0.06475892637916517
60.7035175879397	0.06496842870245605
61.10552763819096	0.06277888112187754
61.50753768844221	0.05844916309902343
61.90954773869347	0.0530705154797832
62.311557788944725	0.047223702031575235
62.71356783919598	0.04255866803539865
63.11557788944724	0.039890531658172614
63.517587939698494	0.039971785875518376
63.91959798994975	0.042720102404196894
64.32160804020101	0.04749546830954211
64.72361809045226	0.05317019754028905
65.12562814070353	0.05845799929680072
65.52763819095478	0.06263676442026173
65.92964824120604	0.06474203888813616
66.33165829145729	0.06473996329964857
66.73366834170855	0.06227946103745304
67.1356783919598	0.05823109694784182
67.53768844221106	0.05292907607116877
67.93969849246231	0.04740305112671959
68.34170854271358	0.04225714781509356
68.74371859296483	0.03840390137380179
69.14572864321609	0.03657592255288243
69.54773869346734	0.037212377473924425
69.9497487437186	0.040196269065445794
70.35175879396985	0.04486561879131804
70.75376884422111	0.04977287284047575
71.15577889447236	0.054305348993621494
71.55778894472363	0.057200203000799144
71.95979899497488	0.058007170954520015
72.36180904522614	0.057142798594841594
72.76381909547739	0.054782647520573456
73.16582914572865	0.051415946337612026
73.5678391959799	0.04761998252261478
73.96984924623116	0.043980495733491595
74.37185929648241	0.0406649014539817
74.77386934673368	0.03837637578786224
75.17587939698493	0.03768198795114333
75.57788944723619	0.03893630580071216
75.97989949748744	0.04223304417133712
76.3819095477387	0.046228167790127526
76.78391959798995	0.050176651446295004
77.18592964824121	0.052866840930932725
77.58793969849246	0.05431073226673393
77.98994974874373	0.054341580901261066
78.39195979899498	0.05314693348249404
78.79396984924624	0.05095558957240136
79.19597989949749	0.04810443354723786
79.59798994974875	0.044996803545071754
80.0	0.04194426603653857
