0.0	0.0160076983671195
0.4020100502512563	0.013396965462144547
0.8040201005025126	0.009203038987117667
1.206030150753769	0.006176484014839942
1.6080402010050252	0.007824059436457236
2.0100502512562817	0.011854179151927925
2.412060301507538	0.014560586862045505
2.814070351758794	0.014681185334079545
3.2160804020100504	0.012459652551236416
3.6180904522613067	0.008446263239914405
4.020100502512563	0.0037761351642473526
4.42211055276382	0.0056866936371388465
4.824120603015076	0.010415696418318887
5.226130653266332	0.014084527931162712
5.628140703517588	0.015251059190001623
6.030150753768845	0.014177144691842484
6.432160804020101	0.011726318968524888
6.834170854271357	0.009187983509803333
7.236180904522613	0.009682952465909275
7.63819095477387	0.012504206224410138
8.040201005025127	0.014942617762287332
8.442211055276383	0.0156615002097761
8.84422110552764	0.01394757239553893
9.246231155778895	0.010152444751344
9.648241206030152	0.004447240428749684
10.050251256281408	0.00205984028420032
10.452261306532664	0.008122974198691405
10.85427135678392	0.013240349310979485
11.256281407035177	0.01649164817812212
11.658291457286433	0.01772334245706213
12.06030150753769	0.01696507337657735
12.462311557788945	0.014938825295621853
12.864321608040202	0.0124734717077337
13.266331658291458	0.010511382517584312
13.668341708542714	0.009392676644089725
14.07035175879397	0.008471025159725209
14.472361809045227	0.006987542489584812
14.874371859296483	0.004227239753674201
15.27638190954774	0.0009414743443746538
15.678391959798995	0.005058073661793747
16.080402010050253	0.010681608608525303
16.48241206030151	0.015988459023341412
16.884422110552766	0.020675275034928282
17.286432160804022	0.024422493133532668
17.68844221105528	0.026856617984511628
18.090452261306535	0.027958780847497543
18.49246231155779	0.027550058941162886
18.894472361809047	0.025288973769111756
19.296482412060303	0.02163962900301985
19.69849246231156	0.01698395383567562
20.100502512562816	0.012237700638960933
20.502512562814072	0.008959425603499011
20.90452261306533	0.010015159024387276
21.306532663316585	0.014501983406374961
21.70854271356784	0.020396272955782228
22.110552763819097	0.026784988492270945
22.512562814070353	0.033094934487955925
22.91457286432161	0.03875715769816119
23.316582914572866	0.04309480377191936
23.718592964824122	0.045690675614118714
24.12060301507538	0.0463141277489921
24.522613065326635	0.044678354677463214
24.92462311557789	0.04067664117816082
25.326633165829147	0.035586914365977454
25.728643216080403	0.030120232330647312
26.13065326633166	0.025994050907066867
26.532663316582916	0.0242806180939963
26.934673366834172	0.025438937340979434
27.33668341708543	0.029063621363308388
27.738693467336685	0.034793751031296824
28.14070351758794	0.04217605895364717
28.542713567839197	0.050024990399074376
28.944723618090453	0.057655753624225314
29.34673366834171	0.06398942971744297
29.748743718592966	0.06808450896858291
30.150753768844222	0.06908369005082611
30.55276381909548	0.06749361664539621
30.954773869346734	0.06384213836352931
31.35678391959799	0.059405871376766305
31.758793969849247	0.05491593188025673
32.16080402010051	0.05188261393681644
32.56281407035176	0.05082399268919454
32.96482412060302	0.05198389640715926
33.366834170854275	0.05499207716392805
33.76884422110553	0.05929187245356775
34.17085427135679	0.0641566182009195
34.572864321608044	0.06878263100973649
34.9748743718593	0.07238872478214123
35.37688442211056	0.07413954542630997
35.77889447236181	0.07409282047572775
36.18090452261307	0.07190592798430673
36.582914572864325	0.06824340701790177
36.98492462311558	0.06360817715374151
37.38693467336684	0.05912841183239957
37.788944723618094	0.055648611702892536
38.19095477386935	0.05373787034275118
38.59296482412061	0.05353383801623498
38.99497487437186	0.05522258325511633
39.39698492462312	0.05816009931002837
39.798994974874375	0.061787733817936466
40.20100502512563	0.06552726306573496
40.60301507537689	0.0683666545669652
41.005025125628144	0.06979856907657331
41.4070351758794	0.06941785024161559
41.80904522613066	0.06707229444431281
42.21105527638191	0.06350960652302583
42.61306532663317	0.05915753055088126
43.015075376884425	0.05465783990036453
43.41708542713568	0.050818580640494236
43.81909547738694	0.048264017094279334
44.221105527638194	0.04772296827825444
44.62311557788945	0.048765247094994336
45.02512562814071	0.05140307803532803
45.42713567839196	0.05498380130268989
45.82914572864322	0.058789773299147106
46.231155778894475	0.06216724745353969
46.63316582914573	0.06453194470630522
47.03517587939699	0.06532965962338952
47.437185929648244	0.06462968113461774
47.8391959798995	0.062451316194010266
48.24120603015076	0.05944664907164995
48.64321608040201	0.05588911167611295
49.04522613065327	0.05235051411170037
49.447236180904525	0.04969189695630035
49.84924623115578	0.04788733145942402
50.25125628140704	0.04737254709875846
50.653266331658294	0.04851793425559222
51.05527638190955	0.05067588823528385
51.45728643216081	0.05402694381107961
51.85929648241206	0.05733665338906968
52.26130653266332	0.05999900252544368
52.663316582914575	0.06184963457294127
53.06532663316583	0.06218702368358773
53.46733668341709	0.061482110405815305
53.869346733668344	0.05993483412831323
54.2713567839196	0.05782670458900642
54.67336683417086	0.055378489543316436
55.07537688442211	0.05303225421115844
55.47738693467337	0.0510989356218345
55.879396984924625	0.04981424519140752
56.28140703517588	0.04928921011811816
56.68341708542714	0.049661603843495786
57.085427135678394	0.05118040985469726
57.48743718592965	0.053054573907724376
57.88944723618091	0.05543646700504077
58.29145728643216	0.05789382821065746
58.69346733668342	0.06018540268869092
59.095477386934675	0.06208858367240104
59.49748743718593	0.06311138712014483
59.89949748743719	0.06322183179779092
60.301507537688444	0.06207253586639979
60.7035175879397	0.05987090122628441
61.10552763819096	0.05705132890399863
61.50753768844221	0.05400349509652078
61.90954773869347	0.051404785426980834
62.311557788944725	0.049806327122902075
62.71356783919598	0.049635474122141546
63.11557788944724	0.0510976550066405
63.517587939698494	0.05369108898798038
63.91959798994975	0.05760114191561726
64.32160804020101	0.06150873359878652
64.72361809045226	0.06505238872014171
65.12562814070353	0.06765748201496505
65.52763819095478	0.06879821310451675
65.92964824120604	0.06854151748460487
66.33165829145729	0.06665477892507717
66.73366834170855	0.06370703363697652
67.1356783919598	0.060092311306846766
67.53768844221106	0.056546053504394164
67.93969849246231	0.05362880665845714
68.34170854271358	0.05179461169535865
68.74371859296483	0.05122160644373358
69.14572864321609	0.05212570373594273
69.54773869346734	0.054762466573588374
69.9497487437186	0.05817000555610604
70.35175879396985	0.0619097523232886
70.75376884422111	0.06539994642007046
71.15577889447236	0.06778462262280849
71.55778894472363	0.06859753247175585
71.95979899497488	0.06786943839234412
72.36180904522614	0.06561894832652442
72.76381909547739	0.06236662767137725
73.16582914572865	0.05831012172025478
73.5678391959799	0.05430340901266954
73.96984924623116	0.05096420161216135
74.37185929648241	0.04896797815010033
74.77386934673368	0.0488718016782016
75.17587939698493	0.05081046182739829
75.57788944723619	0.054283132813263676
75.97989949748744	0.05852829905741649
76.3819095477387	0.062820856580246
76.78391959798995	0.06578478274336849
77.18592964824121	0.06720093417092983
77.58793969849246	0.06674976317791265
77.98994974874373	0.06471509828414018
78.39195979899498	0.06113383089180602
78.79396984924624	0.05723836376176642
79.19597989949749	0.053380189600692254
79.59798994974875	0.050192360274053494
80.0	0.04811013215767484
