0.0	0.009888444775013917
0.4020100502512563	0.0118957295812662
0.8040201005025126	0.011931242222682884
1.206030150753769	0.010172774318664184
1.6080402010050252	0.0068161397872110105
2.0100502512562817	0.0025481331058179544
2.412060301507538	0.0016200628793986978
2.814070351758794	0.0049360426817569416
3.2160804020100504	0.006827180956971188
3.6180904522613067	0.00667747115028407
4.020100502512563	0.004538626822134614
4.42211055276382	0.0007384661631999999
4.824120603015076	0.004258902499101055
5.226130653266332	0.009450741096334413
5.628140703517588	0.014148415220790791
6.030150753768845	0.017634959200783975
6.432160804020101	0.019278195743468767
6.834170854271357	0.018888583104606397
7.236180904522613	0.016962177120307502
7.63819095477387	0.013776574946433579
8.040201005025127	0.010194518251587775
8.442211055276383	0.007202517942297077
8.84422110552764	0.005439112738546354
9.246231155778895	0.005382718097453701
9.648241206030152	0.007275488932424223
10.050251256281408	0.011153199486006569
10.452261306532664	0.016615899204088437
10.85427135678392	0.02290255374945987
11.256281407035177	0.029204526477738763
11.658291457286433	0.03476459136725021
12.06030150753769	0.038460732466592915
12.462311557788945	0.04062358892194917
12.864321608040202	0.04115909014308726
13.266331658291458	0.040211490791273036
13.668341708542714	0.038574300614518595
14.07035175879397	0.03792364701469533
14.472361809045227	0.03782613428606362
14.874371859296483	0.03700736494154101
15.27638190954774	0.03412291827324855
15.678391959798995	0.028414706528653983
16.080402010050253	0.022815670250989628
16.48241206030151	0.02190257684622693
16.884422110552766	0.027653702113670874
17.286432160804022	0.03348634047893144
17.68844221105528	0.03486948161587146
18.090452261306535	0.033826292742714245
18.49246231155779	0.032628252727398804
18.894472361809047	0.039200540397355196
19.296482412060303	0.05278659724919924
19.69849246231156	0.06673916313288439
20.100502512562816	0.07536842671420611
20.502512562814072	0.0763617793081616
20.90452261306533	0.06954302262972176
21.306532663316585	0.0563662312744939
21.70854271356784	0.039859393807810846
22.110552763819097	0.022171282488482668
22.512562814070353	0.006726078319313047
22.91457286432161	0.0059402588209150325
23.316582914572866	0.012614222338370307
23.718592964824122	0.0142140302439781
24.12060301507538	0.012066727107041358
24.522613065326635	0.01147981589124267
24.92462311557789	0.01627950591286367
25.326633165829147	0.023800498225608736
25.728643216080403	0.030883237524815664
26.13065326633166	0.035002962308753244
26.532663316582916	0.035545694454962036
26.934673366834172	0.031943388066217215
27.33668341708543	0.024460686753505278
27.738693467336685	0.014088454377477879
28.14070351758794	0.008676263296835664
28.542713567839197	0.016541402689625548
28.944723618090453	0.02588593688331297
29.34673366834171	0.03103677736157931
29.748743718592966	0.031715258426854215
30.150753768844222	0.026812678097644222
30.55276381909548	0.018805754077939715
30.954773869346734	0.013392696449928267
31.35678391959799	0.01856016251379403
31.758793969849247	0.02747902273983771
32.16080402010051	0.03280078830304065
32.56281407035176	0.03207912153869982
32.96482412060302	0.024696066835676243
33.366834170854275	0.011935668106911436
33.76884422110553	0.005369442512569089
34.17085427135679	0.022595969606590046
34.572864321608044	0.0372250952157105
34.9748743718593	0.04745008816421731
35.37688442211056	0.05104455777549507
35.77889447236181	0.04824293427624611
36.18090452261307	0.04105034631954063
36.582914572864325	0.033552113764654876
36.98492462311558	0.030334736598768702
37.38693467336684	0.03189689624179125
37.788944723618094	0.03411298938546563
38.19095477386935	0.03405332004185583
38.59296482412061	0.029167149687648643
38.99497487437186	0.020614185566786174
39.39698492462312	0.009706975105511597
39.798994974874375	0.009757999735676148
40.20100502512563	0.02080971456045342
40.60301507537689	0.030584607098041772
41.005025125628144	0.036351265258859934
41.4070351758794	0.03773132106870864
41.80904522613066	0.03688488533585987
42.21105527638191	0.036908862698887934
42.61306532663317	0.04223280838509187
43.015075376884425	0.05170186090413194
43.41708542713568	0.061966867402584655
43.81909547738694	0.06895321058763396
44.221105527638194	0.07066915526828142
44.62311557788945	0.06599967199141644
45.02512562814071	0.05593956762225322
45.42713567839196	0.04183143338928701
45.82914572864322	0.02720617293967989
46.231155778894475	0.015082780600071352
46.63316582914573	0.009075370849407249
47.03517587939699	0.009008898636414655
47.437185929648244	0.014056906071618146
47.8391959798995	0.025675011253497963
48.24120603015076	0.041977583914858424
48.64321608040201	0.05985718253025847
49.04522613065327	0.07571565896595746
49.447236180904525	0.08608942891660529
49.84924623115578	0.08961147499787206
50.25125628140704	0.08551975716259629
50.653266331658294	0.07553585818283444
51.05527638190955	0.06393831536779845
51.45728643216081	0.05442954382415814
51.85929648241206	0.05039840923749113
52.26130653266332	0.050164862318847495
52.663316582914575	0.05013459883438185
53.06532663316583	0.04815833977144999
53.46733668341709	0.0437301328551832
53.869346733668344	0.03947246304739702
54.2713567839196	0.039639397438956156
54.67336683417086	0.045940478523653766
55.07537688442211	0.05483741088264634
55.47738693467337	0.062200245173851684
55.879396984924625	0.06530506272028903
56.28140703517588	0.06395726610195324
56.68341708542714	0.06009480607521326
57.085427135678394	0.05804398803609363
57.48743718592965	0.060743077630214436
57.88944723618091	0.06769783344233873
58.29145728643216	0.07479689652103642
58.69346733668342	0.07783745405066418
59.095477386934675	0.07413805168964317
59.49748743718593	0.06371651535426304
59.89949748743719	0.04736334741042174
60.301507537688444	0.028333924699187395
60.7035175879397	0.010642625804656258
61.10552763819096	0.008774966120438788
61.50753768844221	0.016820933795150268
61.90954773869347	0.019641562206079398
62.311557788944725	0.02023237700643914
62.71356783919598	0.02684828449984682
63.11557788944724	0.04112206191075991
63.517587939698494	0.05741011872637138
63.91959798994975	0.07146586299720112
64.32160804020101	0.07965306203942031
64.72361809045226	0.0806315847249375
65.12562814070353	0.07431234262285635
65.52763819095478	0.061938984836509316
65.92964824120604	0.04814342983036683
66.33165829145729	0.03784781571171676
66.73366834170855	0.03526875992836829
67.1356783919598	0.03696334837578146
67.53768844221106	0.03607126225351826
67.93969849246231	0.02991486957503155
68.34170854271358	0.019294901086599085
68.74371859296483	0.015092518581328665
69.14572864321609	0.028228048114925047
69.54773869346734	0.0443336305622755
69.9497487437186	0.05700768018593725
70.35175879396985	0.06341595992004355
70.75376884422111	0.062320731254576114
71.15577889447236	0.055945720288790836
71.55778894472363	0.04873759675779085
71.95979899497488	0.0467757963565343
72.36180904522614	0.052371538491168976
72.76381909547739	0.060134100633691165
73.16582914572865	0.06507543596531926
73.5678391959799	0.06440469647924692
73.96984924623116	0.05777718072405711
74.37185929648241	0.04584148032962625
74.77386934673368	0.030661984539891347
75.17587939698493	0.015663891647819284
75.57788944723619	0.009589502632767028
75.97989949748744	0.01615665486817959
76.3819095477387	0.020574697585084283
76.78391959798995	0.020394505466622765
77.18592964824121	0.020763929413562515
77.58793969849246	0.02891983363412869
77.98994974874373	0.043088168470032204
78.39195979899498	0.05758908823224068
78.79396984924624	0.06846569793824944
79.19597989949749	0.07283787578202107
79.59798994974875	0.07066441733313458
80.0	0.06265979245080988
