0.0	0.01369510657429992
0.4020100502512563	0.012653461945391409
0.8040201005025126	0.00978122735831658
1.206030150753769	0.005830323824301936
1.6080402010050252	0.003545777960909282
2.0100502512562817	0.006282768781989463
2.412060301507538	0.009144829196554299
2.814070351758794	0.010337445647848555
3.2160804020100504	0.009295319563151157
3.6180904522613067	0.0063096306161662995
4.020100502512563	0.0018198913412840324
4.42211055276382	0.0038608775803182565
4.824120603015076	0.009096472568073725
5.226130653266332	0.013274558277686307
5.628140703517588	0.015693327275264134
6.030150753768845	0.015840190922302527
6.432160804020101	0.014096428998118887
6.834170854271357	0.010814308240858113
7.236180904522613	0.007354335906985354
7.63819095477387	0.00612970856689817
8.040201005025127	0.007179024935972519
8.442211055276383	0.008123297132648668
8.84422110552764	0.00736243551786569
9.246231155778895	0.004752933521892457
9.648241206030152	0.0026502433039784093
10.050251256281408	0.007134376217686762
10.452261306532664	0.012935452965084276
10.85427135678392	0.01805324525542447
11.256281407035177	0.021588969693870523
11.658291457286433	0.0228953823312523
12.06030150753769	0.022049672705457938
12.462311557788945	0.01939632258670562
12.864321608040202	0.015724109002749013
13.266331658291458	0.012000024594524327
13.668341708542714	0.008685388341510643
14.07035175879397	0.0063485031994902266
14.472361809045227	0.004857011672912388
14.874371859296483	0.0041961525897654325
15.27638190954774	0.006383188377758952
15.678391959798995	0.010665037135628887
16.080402010050253	0.015895318312378184
16.48241206030151	0.021001946101114912
16.884422110552766	0.025295268229255836
17.286432160804022	0.028228527588504342
17.68844221105528	0.0294201036933735
18.090452261306535	0.028429637870784463
18.49246231155779	0.02623137225273341
18.894472361809047	0.022705879289234114
19.296482412060303	0.01836214117744215
19.69849246231156	0.014152792750889962
20.100502512562816	0.010741866717436347
20.502512562814072	0.009249601249490107
20.90452261306533	0.010334146609147034
21.306532663316585	0.013349052517295809
21.70854271356784	0.017742465978043517
22.110552763819097	0.02233719497394381
22.512562814070353	0.02649048996190524
22.91457286432161	0.029561813254326323
23.316582914572866	0.030539331547917332
23.718592964824122	0.029673427773005284
24.12060301507538	0.026803598339709366
24.522613065326635	0.022468328285128836
24.92462311557789	0.017536241006288564
25.326633165829147	0.01290865395669184
25.728643216080403	0.00975604878970975
26.13065326633166	0.008849413602578312
26.532663316582916	0.010144841736867341
26.934673366834172	0.012753965823308034
27.33668341708543	0.016068629481325446
27.738693467336685	0.020076274438650447
28.14070351758794	0.023861491988148006
28.542713567839197	0.02698461770195563
28.944723618090453	0.028707963337152066
29.34673366834171	0.02869388852356078
29.748743718592966	0.02704761366100191
30.150753768844222	0.024173970534771445
30.55276381909548	0.02033343852647919
30.954773869346734	0.016806407812159384
31.35678391959799	0.014094422351245214
31.758793969849247	0.013048822446456578
32.16080402010051	0.013576135616829438
32.56281407035176	0.015418202979026898
32.96482412060302	0.018004150978993463
33.366834170854275	0.021127737544566837
33.76884422110553	0.0240424208712382
34.17085427135679	0.026279555707487322
34.572864321608044	0.027737944631139305
34.9748743718593	0.027658672857910238
35.37688442211056	0.026462833494685267
35.77889447236181	0.02402129896436169
36.18090452261307	0.02110639085832085
36.582914572864325	0.018319786271651078
36.98492462311558	0.016321849234697
37.38693467336684	0.01616489211408962
37.788944723618094	0.01733964672632047
38.19095477386935	0.019690660702153164
38.59296482412061	0.022440431732597327
38.99497487437186	0.02569480179356264
39.39698492462312	0.02881247228647592
39.798994974874375	0.031719905573779184
40.20100502512563	0.03380800721342048
40.60301507537689	0.034594879962685274
41.005025125628144	0.03395957479085558
41.4070351758794	0.03220217079326204
41.80904522613066	0.029596797080303872
42.21105527638191	0.026785708092209443
42.61306532663317	0.025153020400351035
43.015075376884425	0.02526470349698679
43.41708542713568	0.0268980438104431
43.81909547738694	0.029392973954227946
44.221105527638194	0.03235837709496954
44.62311557788945	0.03544649512292246
45.02512562814071	0.038419162936898066
45.42713567839196	0.04075860731540216
45.82914572864322	0.04219298391562968
46.231155778894475	0.04248945801948764
46.63316582914573	0.041783575936006664
47.03517587939699	0.03994681366410845
47.437185929648244	0.03752684791310884
47.8391959798995	0.035043727695914066
48.24120603015076	0.03345498693301839
48.64321608040201	0.03305626845811578
49.04522613065327	0.03427115474937813
49.447236180904525	0.037104307664140676
49.84924623115578	0.04096498934665615
50.25125628140704	0.04534335101865054
50.653266331658294	0.04973942054009049
51.05527638190955	0.05388869510905259
51.45728643216081	0.056924614442150925
51.85929648241206	0.058848283597997195
52.26130653266332	0.05976441385457022
52.663316582914575	0.059345986924515294
53.06532663316583	0.058166702760186775
53.46733668341709	0.05681490435300083
53.869346733668344	0.055655095298352386
54.2713567839196	0.05519400476120576
54.67336683417086	0.055695277674083096
55.07537688442211	0.05716291885238299
55.47738693467337	0.05915344980082653
55.879396984924625	0.06160206161032281
56.28140703517588	0.06356577517671974
56.68341708542714	0.06512888923739431
57.085427135678394	0.06552772009122257
57.48743718592965	0.06531419365356014
57.88944723618091	0.06416057583489584
58.29145728643216	0.06273199575074032
58.69346733668342	0.061458626715490086
59.095477386934675	0.060595410849960986
59.49748743718593	0.059925213161321725
59.89949748743719	0.059868455133372134
60.301507537688444	0.059835379202537696
60.7035175879397	0.060294187129424505
61.10552763819096	0.0608476479930399
61.50753768844221	0.061630540514788446
61.90954773869347	0.06197312842052559
62.311557788944725	0.06219061962294191
62.71356783919598	0.061905468346193114
63.11557788944724	0.061283406984373845
63.517587939698494	0.06049922473007158
63.91959798994975	0.059663103306429446
64.32160804020101	0.05902009587181887
64.72361809045226	0.058427866652947205
65.12562814070353	0.0577192180709248
65.52763819095478	0.05701552922462686
65.92964824120604	0.05624223447870948
66.33165829145729	0.055491432520021464
66.73366834170855	0.055308987493559406
67.1356783919598	0.055401805602405464
67.53768844221106	0.05602438779587563
67.93969849246231	0.05680782696615835
68.34170854271358	0.05744843026702427
68.74371859296483	0.05793410897243369
69.14572864321609	0.058135043286351176
69.54773869346734	0.058234187671776384
69.9497487437186	0.05831941133669257
70.35175879396985	0.0577684606674352
70.75376884422111	0.0571405369363366
71.15577889447236	0.05627943207632276
71.55778894472363	0.05487746409861127
71.95979899497488	0.053861065505906115
72.36180904522614	0.05350917911362424
72.76381909547739	0.053684348831304206
73.16582914572865	0.05461968886342335
73.5678391959799	0.0558158174039356
73.96984924623116	0.05730063830489253
74.37185929648241	0.05835685798548853
74.77386934673368	0.058904879466179116
75.17587939698493	0.059255200051396326
75.57788944723619	0.05940391608435993
75.97989949748744	0.05907409186960684
76.3819095477387	0.05841001482307843
76.78391959798995	0.05724007900990822
77.18592964824121	0.055431533710984734
77.58793969849246	0.05371448639864422
77.98994974874373	0.05244249800057258
78.39195979899498	0.05203934865583613
78.79396984924624	0.05252704646807643
79.19597989949749	0.053925037650464046
79.59798994974875	0.055426578186021716
80.0	0.05714792731799281
