0.0	0.020008468466332308
0.4020100502512563	0.019050600150782172
0.8040201005025126	0.015406612210422948
1.206030150753769	0.009587427973140047
1.6080402010050252	0.004598574251423642
2.0100502512562817	0.0074422566115742855
2.412060301507538	0.012369190425697422
2.814070351758794	0.014941472637376574
3.2160804020100504	0.014472693397613468
3.6180904522613067	0.010830504184964587
4.020100502512563	0.004972732943397779
4.42211055276382	0.004052903129358689
4.824120603015076	0.011336321655295151
5.226130653266332	0.017717824410941878
5.628140703517588	0.0218231293385246
6.030150753768845	0.022823309095388274
6.432160804020101	0.020874751344290066
6.834170854271357	0.016654977973625203
7.236180904522613	0.011343914191843786
7.63819095477387	0.00788691472103631
8.040201005025127	0.008871051601710206
8.442211055276383	0.010762147905903085
8.84422110552764	0.010647003591856791
9.246231155778895	0.0076513450126210305
9.648241206030152	0.002939930930197785
10.050251256281408	0.007279926982029621
10.452261306532664	0.015905531542688336
10.85427135678392	0.024077788009328617
11.256281407035177	0.03063168092740448
11.658291457286433	0.03477408127325808
12.06030150753769	0.0357229381568599
12.462311557788945	0.03391961723329806
12.864321608040202	0.03037914492149719
13.266331658291458	0.02620390007462787
13.668341708542714	0.022753519778050544
14.07035175879397	0.02054921718390796
14.472361809045227	0.019530434916611963
14.874371859296483	0.019236250481788453
15.27638190954774	0.020622258560430144
15.678391959798995	0.02495521794358046
16.080402010050253	0.031904899168138476
16.48241206030151	0.04005073056340976
16.884422110552766	0.04779396551551483
17.286432160804022	0.053542053744050785
17.68844221105528	0.05636994234276692
18.090452261306535	0.05617742363687198
18.49246231155779	0.05254765465145933
18.894472361809047	0.04635264533015676
19.296482412060303	0.039281075703753256
19.69849246231156	0.032576411450672936
20.100502512562816	0.02830524017570918
20.502512562814072	0.027606010813640273
20.90452261306533	0.030828677440367817
21.306532663316585	0.037627462036434176
21.70854271356784	0.047158478646051535
22.110552763819097	0.05771558940608131
22.512562814070353	0.06779990801130795
22.91457286432161	0.07580528374680262
23.316582914572866	0.08005108307947685
23.718592964824122	0.07992700573316128
24.12060301507538	0.07526447928737585
24.522613065326635	0.06691494731291416
24.92462311557789	0.05672292710039782
25.326633165829147	0.04653471683873746
25.728643216080403	0.03806756510033249
26.13065326633166	0.03330030726668952
26.532663316582916	0.03310689425267238
26.934673366834172	0.03737939984489601
27.33668341708543	0.04525794873714367
27.738693467336685	0.055399188733284165
28.14070351758794	0.06604693154464368
28.542713567839197	0.07483302881644817
28.944723618090453	0.08035158752267704
29.34673366834171	0.08174067143835659
29.748743718592966	0.07878429839856901
30.150753768844222	0.07192775394760849
30.55276381909548	0.06247403644811428
30.954773869346734	0.05221328168295518
31.35678391959799	0.042540291568218286
31.758793969849247	0.035371378876529205
32.16080402010051	0.03174288943636983
32.56281407035176	0.0321224058559125
32.96482412060302	0.03578641458220017
33.366834170854275	0.04236912377590459
33.76884422110553	0.05042617678152731
34.17085427135679	0.05870912662140171
34.572864321608044	0.06556869901508922
34.9748743718593	0.06997295151759834
35.37688442211056	0.07115440503128814
35.77889447236181	0.06903196374835444
36.18090452261307	0.06395025928363085
36.582914572864325	0.05717241216609894
36.98492462311558	0.049619370814111885
37.38693467336684	0.04266924452141835
37.788944723618094	0.03824671826346358
38.19095477386935	0.03694318605401722
38.59296482412061	0.03893801882475625
38.99497487437186	0.04375078341608511
39.39698492462312	0.05045576884580226
39.798994974874375	0.058020190551511155
40.20100502512563	0.06491349135434567
40.60301507537689	0.07014839930098685
41.005025125628144	0.07298876615172581
41.4070351758794	0.07249946485941675
41.80904522613066	0.06868877608765345
42.21105527638191	0.061986249915704915
42.61306532663317	0.05341954800479311
43.015075376884425	0.044597402374706885
43.41708542713568	0.03760277373439867
43.81909547738694	0.033759402658907915
44.221105527638194	0.033792491149215315
44.62311557788945	0.03700099804009667
45.02512562814071	0.04292840787246494
45.42713567839196	0.050662969764533695
45.82914572864322	0.05908991782658005
46.231155778894475	0.06695237308997769
46.63316582914573	0.07241190777187562
47.03517587939699	0.07482019516462438
47.437185929648244	0.07289666495336175
47.8391959798995	0.0673257133496588
48.24120603015076	0.058873066839506195
48.64321608040201	0.049365799929081515
49.04522613065327	0.04084045575382199
49.447236180904525	0.0352380938924174
49.84924623115578	0.03342252893974249
50.25125628140704	0.03525510256201135
50.653266331658294	0.03971587348237778
51.05527638190955	0.046324218319983027
51.45728643216081	0.05420566698096133
51.85929648241206	0.062192165486409975
52.26130653266332	0.06889374110486837
52.663316582914575	0.07276348325056609
53.06532663316583	0.07274948418869051
53.46733668341709	0.06851802313845329
53.869346733668344	0.060938579654141053
54.2713567839196	0.0513391453324384
54.67336683417086	0.04189685991364441
55.07537688442211	0.035122827377774155
55.47738693467337	0.03296254276249912
55.879396984924625	0.034772891818834036
56.28140703517588	0.03864949250662629
56.68341708542714	0.04396096111801191
57.085427135678394	0.050570724401608466
57.48743718592965	0.05824597542436172
57.88944723618091	0.06574938684787264
58.29145728643216	0.07123367349170504
58.69346733668342	0.07350368484683507
59.095477386934675	0.07179547263834789
59.49748743718593	0.06616969114893492
59.89949748743719	0.05766335139289323
60.301507537688444	0.04869269743993701
60.7035175879397	0.04131468743957219
61.10552763819096	0.03807790656275849
61.50753768844221	0.03894564284566315
61.90954773869347	0.042302863305088215
62.311557788944725	0.046662911257816145
62.71356783919598	0.05185141642700032
63.11557788944724	0.05811627464638304
63.517587939698494	0.06489466812992643
63.91959798994975	0.07095728057523969
64.32160804020101	0.07507993337149217
64.72361809045226	0.07565426286065023
65.12562814070353	0.0725797289861749
65.52763819095478	0.06615484244395821
65.92964824120604	0.05748062941219436
66.33165829145729	0.04864012673655588
66.73366834170855	0.04197710177784082
67.1356783919598	0.03957474093494578
67.53768844221106	0.04072378986101512
67.93969849246231	0.04410942722375565
68.34170854271358	0.04809924912673735
68.74371859296483	0.05287106436203896
69.14572864321609	0.05825552782723229
69.54773869346734	0.06400235767933227
69.9497487437186	0.06895733225528414
70.35175879396985	0.07219286901667532
70.75376884422111	0.07203101625274322
71.15577889447236	0.0684626891070034
71.55778894472363	0.061671330067777454
71.95979899497488	0.05296787714801019
72.36180904522614	0.04404891557103592
72.76381909547739	0.03842473844695228
73.16582914572865	0.037523744760010525
73.5678391959799	0.04071618393181101
73.96984924623116	0.045269102270825284
74.37185929648241	0.04973352220588988
74.77386934673368	0.05383220375229133
75.17587939698493	0.05765745051130261
75.57788944723619	0.061405462860484164
75.97989949748744	0.06433872243833724
76.3819095477387	0.06570547683960618
76.78391959798995	0.06477480584994613
77.18592964824121	0.0611605715575839
77.58793969849246	0.0554268039457045
77.98994974874373	0.048645617836741394
78.39195979899498	0.043239870699176376
78.79396984924624	0.04155854578162026
79.19597989949749	0.04357111877652289
79.59798994974875	0.047800505917895184
80.0	0.05248336244536295
