0.0	0.009805154612589998
0.4020100502512563	0.009765511745512944
0.8040201005025126	0.008490613289643786
1.206030150753769	0.006383552811675573
1.6080402010050252	0.004638421140951757
2.0100502512562817	0.004528603132508384
2.412060301507538	0.006133007039502245
2.814070351758794	0.007390128376148548
3.2160804020100504	0.00712901796293453
3.6180904522613067	0.005730320531452605
4.020100502512563	0.003239323546858363
4.42211055276382	0.002360573029200854
4.824120603015076	0.005535875557050881
5.226130653266332	0.008956186504415561
5.628140703517588	0.011721410400216134
6.030150753768845	0.013034587122778454
6.432160804020101	0.012975919173843092
6.834170854271357	0.0118368593096555
7.236180904522613	0.009932985085284585
7.63819095477387	0.008317718727063692
8.040201005025127	0.0076086777231035045
8.442211055276383	0.0069566009117269425
8.84422110552764	0.006130465611929998
9.246231155778895	0.004865852762080706
9.648241206030152	0.004368065079816973
10.050251256281408	0.007098005824863744
10.452261306532664	0.01183273652921936
10.85427135678392	0.01660384296329475
11.256281407035177	0.020997193362704072
11.658291457286433	0.024442012931654922
12.06030150753769	0.026439488260032635
12.462311557788945	0.027370951986112797
12.864321608040202	0.027389575013727564
13.266331658291458	0.026988170569906877
13.668341708542714	0.026132968131167562
14.07035175879397	0.02532601913828657
14.472361809045227	0.025332338433146123
14.874371859296483	0.026796557036615813
15.27638190954774	0.02887450836089029
15.678391959798995	0.032031326115347314
16.080402010050253	0.0352380116992186
16.48241206030151	0.03786355991268523
16.884422110552766	0.037793995743331615
17.286432160804022	0.035026807048746764
17.68844221105528	0.02931976961175615
18.090452261306535	0.022000294642370535
18.49246231155779	0.019344969475078015
18.894472361809047	0.021874742518029372
19.296482412060303	0.022055963257447873
19.69849246231156	0.016484568754313637
20.100502512562816	0.010171657760297907
20.502512562814072	0.020396576778270167
20.90452261306533	0.038611493756237736
21.306532663316585	0.05584799807793822
21.70854271356784	0.06883384977856499
22.110552763819097	0.07494549788043917
22.512562814070353	0.07332466411863206
22.91457286432161	0.06530769409925333
23.316582914572866	0.05414038494161229
23.718592964824122	0.045918004777631895
24.12060301507538	0.047183178851001324
24.522613065326635	0.05416059812711273
24.92462311557789	0.05841066546108629
25.326633165829147	0.0540453997888645
25.728643216080403	0.04084211945524389
26.13065326633166	0.0205988489853375
26.532663316582916	0.011385558425671544
26.934673366834172	0.03374437391436826
27.33668341708543	0.055668414336151016
27.738693467336685	0.07115085044015884
28.14070351758794	0.07663747084659606
28.542713567839197	0.0721291839615631
28.944723618090453	0.05895484216921496
29.34673366834171	0.04356492773987402
29.748743718592966	0.03873054511896641
30.150753768844222	0.04764649815812011
30.55276381909548	0.057600037185498255
30.954773869346734	0.05958392401236233
31.35678391959799	0.051696516887004176
31.758793969849247	0.03460565785590454
32.16080402010051	0.011844835906565597
32.56281407035176	0.01354388589728527
32.96482412060302	0.03623904674105509
33.366834170854275	0.05264170543135185
33.76884422110553	0.06056011159495972
34.17085427135679	0.05822241951469777
34.572864321608044	0.04606752646422732
34.9748743718593	0.02728061654245051
35.37688442211056	0.005849068138200845
35.77889447236181	0.01391657367427728
36.18090452261307	0.027442322522536783
36.582914572864325	0.03163631489471371
36.98492462311558	0.025797359069699738
37.38693467336684	0.012096719155697145
37.788944723618094	0.01409697088396221
38.19095477386935	0.0377881583354297
38.59296482412061	0.06102842238522292
38.99497487437186	0.07796411472714268
39.39698492462312	0.08533369312000652
39.798994974874375	0.08192713860675369
40.20100502512563	0.06834010495268579
40.60301507537689	0.04803472015350445
41.005025125628144	0.02822042114608273
41.4070351758794	0.022193026493144398
41.80904522613066	0.03165856466512034
42.21105527638191	0.03821238627439997
42.61306532663317	0.03609447212637803
43.015075376884425	0.025236263069902176
43.41708542713568	0.011319106790185277
43.81909547738694	0.021273331349841197
44.221105527638194	0.0411726628481238
44.62311557788945	0.056758085708887775
45.02512562814071	0.0644446379929907
45.42713567839196	0.06311937281119351
45.82914572864322	0.053284330795746196
46.231155778894475	0.037760148274388686
46.63316582914573	0.02303989930007354
47.03517587939699	0.02202090312616476
47.437185929648244	0.032369071732561525
47.8391959798995	0.040483019690042955
48.24120603015076	0.041582710798736336
48.64321608040201	0.03475671823675387
49.04522613065327	0.021528079529990477
49.447236180904525	0.0061317943275955794
49.84924623115578	0.017627085593938666
50.25125628140704	0.033415717196570036
50.653266331658294	0.04323369022627037
51.05527638190955	0.04458971917109371
51.45728643216081	0.03786892655600788
51.85929648241206	0.02420986136497364
52.26130653266332	0.010992231567176056
52.663316582914575	0.02139735749619855
53.06532663316583	0.0378207035823476
53.46733668341709	0.04904899495267723
53.869346733668344	0.05150992297085839
54.2713567839196	0.04473390206225601
54.67336683417086	0.030016159109908243
55.07537688442211	0.010743146303822382
55.47738693467337	0.014047333359505077
55.879396984924625	0.03236983552396237
56.28140703517588	0.04492818113541421
56.68341708542714	0.04953855521364976
57.085427135678394	0.044783717421522595
57.48743718592965	0.03165010227809335
57.88944723618091	0.012471434571706488
58.29145728643216	0.009020510046637927
58.69346733668342	0.028492888059042442
59.095477386934675	0.04222119640547202
59.49748743718593	0.04710532530261818
59.89949748743719	0.04233535832334125
60.301507537688444	0.029555081489376876
60.7035175879397	0.015713914470203632
61.10552763819096	0.024285440760251943
61.50753768844221	0.044504232351702186
61.90954773869347	0.06207942175787949
62.311557788944725	0.07194670113172442
62.71356783919598	0.07220952682148704
63.11557788944724	0.06222201030406442
63.517587939698494	0.043987600008320006
63.91959798994975	0.0230420578131375
64.32160804020101	0.018333326391178333
64.72361809045226	0.033846331260306804
65.12562814070353	0.046248159048426316
65.52763819095478	0.049695211123829464
65.92964824120604	0.043780949674258114
66.33165829145729	0.02984064124272977
66.73366834170855	0.011425509333225638
67.1356783919598	0.011274286588075349
67.53768844221106	0.027413180903047802
67.93969849246231	0.03790071983771117
68.34170854271358	0.039926396948012345
68.74371859296483	0.03284346155572985
69.14572864321609	0.019710369395201544
69.54773869346734	0.015290340502808936
69.9497487437186	0.03165177541588439
70.35175879396985	0.04938496227646437
70.75376884422111	0.06132170125151955
71.15577889447236	0.06512343010039123
71.55778894472363	0.06003006955202831
71.95979899497488	0.04654036451567164
72.36180904522614	0.027387839270445257
72.76381909547739	0.006002152147350143
73.16582914572865	0.014255010299360512
73.5678391959799	0.028344262950080322
73.96984924623116	0.03361241859769699
74.37185929648241	0.029045489312456006
74.77386934673368	0.01628172981103831
75.17587939698493	0.00871039800243472
75.57788944723619	0.028604230478564523
75.97989949748744	0.04847135337225095
76.3819095477387	0.06294538720007432
76.78391959798995	0.06927751059416494
77.18592964824121	0.06577549613548347
77.58793969849246	0.05292054907617618
77.98994974874373	0.03313821046816764
78.39195979899498	0.01085092931705105
78.79396984924624	0.015646523811183886
79.19597989949749	0.03311543492292159
79.59798994974875	0.042849473158241135
80.0	0.042850805074950093
