0.0	0.010705051851324093
0.4020100502512563	0.011114650273536118
0.8040201005025126	0.01039239029316202
1.206030150753769	0.008256090239200996
1.6080402010050252	0.0056990562328548934
2.0100502512562817	0.004030539954164457
2.412060301507538	0.004953392809432973
2.814070351758794	0.006741669888284743
3.2160804020100504	0.0075655774208090885
3.6180904522613067	0.007015055673101624
4.020100502512563	0.005786622554794284
4.42211055276382	0.004830448536452422
4.824120603015076	0.006187848708042643
5.226130653266332	0.009165821716211938
5.628140703517588	0.011907201075091843
6.030150753768845	0.013594487031647437
6.432160804020101	0.013821698435634753
6.834170854271357	0.012546836639416553
7.236180904522613	0.010155947470977414
7.63819095477387	0.006945582234371003
8.040201005025127	0.004073322030812533
8.442211055276383	0.0026843515160599922
8.84422110552764	0.0028370090857017484
9.246231155778895	0.003119963432944387
9.648241206030152	0.003777884896489733
10.050251256281408	0.006700826682743338
10.452261306532664	0.01104441768216076
10.85427135678392	0.015991656055265358
11.256281407035177	0.020619080512597962
11.658291457286433	0.023893117567362235
12.06030150753769	0.025686974213013476
12.462311557788945	0.02567892073538709
12.864321608040202	0.023969825018339632
13.266331658291458	0.021146267524043767
13.668341708542714	0.01801735903486064
14.07035175879397	0.015735080370298114
14.472361809045227	0.015005330081574033
14.874371859296483	0.01627163294002288
15.27638190954774	0.0196972911149884
15.678391959798995	0.024553793622518024
16.080402010050253	0.03025583123171615
16.48241206030151	0.036378944543813345
16.884422110552766	0.042598874140638905
17.286432160804022	0.048057596257907335
17.68844221105528	0.05263112632380964
18.090452261306535	0.05554978671255627
18.49246231155779	0.05693686682280902
18.894472361809047	0.05691496821946056
19.296482412060303	0.056347357176337674
19.69849246231156	0.055729832606025584
20.100502512562816	0.05617679112308107
20.502512562814072	0.0578597753391288
20.90452261306533	0.06063791010320589
21.306532663316585	0.06467280549818345
21.70854271356784	0.068950475174427
22.110552763819097	0.07311411007371742
22.512562814070353	0.0760552161680281
22.91457286432161	0.07711690496346366
23.316582914572866	0.07623889938179948
23.718592964824122	0.07376930384114658
24.12060301507538	0.07020288556887429
24.522613065326635	0.06636018811220841
24.92462311557789	0.06310464315133349
25.326633165829147	0.060930029188425286
25.728643216080403	0.06015400247011506
26.13065326633166	0.06138409249221127
26.532663316582916	0.06371070423363454
26.934673366834172	0.0660640987419478
27.33668341708543	0.06792334342644397
27.738693467336685	0.06811643838240304
28.14070351758794	0.06662478250944408
28.542713567839197	0.06299385614689372
28.944723618090453	0.057921113927048816
29.34673366834171	0.05167660547826173
29.748743718592966	0.04540135133049736
30.150753768844222	0.03989275748319498
30.55276381909548	0.03582822228876141
30.954773869346734	0.03374744299075501
31.35678391959799	0.03359689693583079
31.758793969849247	0.03469753976886368
32.16080402010051	0.036864199929515944
32.56281407035176	0.03923484996539984
32.96482412060302	0.041142366573836464
33.366834170854275	0.042013337542079296
33.76884422110553	0.041503717330503107
34.17085427135679	0.0400237510177108
34.572864321608044	0.03739901227904224
34.9748743718593	0.03467908246948901
35.37688442211056	0.032275233238617126
35.77889447236181	0.03098570515075651
36.18090452261307	0.030543452935615095
36.582914572864325	0.031600073539591385
36.98492462311558	0.03338092485784679
37.38693467336684	0.035767504481199225
37.788944723618094	0.03805240305029106
38.19095477386935	0.04025526399526931
38.59296482412061	0.04202962581749661
38.99497487437186	0.043147652893339994
39.39698492462312	0.04405884564288645
39.798994974874375	0.04452107979648208
40.20100502512563	0.044944817582172225
40.60301507537689	0.044995562741170766
41.005025125628144	0.04478064360526999
41.4070351758794	0.04411598513696478
41.80904522613066	0.04300293395183105
42.21105527638191	0.0415983955538423
42.61306532663317	0.040654822877455324
43.015075376884425	0.03987545734862472
43.41708542713568	0.039827777164305696
43.81909547738694	0.04066522275477111
44.221105527638194	0.042437360521978426
44.62311557788945	0.04463864286538881
45.02512562814071	0.04698598624233663
45.42713567839196	0.04870043333003121
45.82914572864322	0.04968186432417483
46.231155778894475	0.049560303132031316
46.63316582914573	0.048578261483244595
47.03517587939699	0.04643537992366955
47.437185929648244	0.04419113597592737
47.8391959798995	0.04190801933862535
48.24120603015076	0.040354624693547544
48.64321608040201	0.039853632302447074
49.04522613065327	0.0404883000342509
49.447236180904525	0.04181651550939161
49.84924623115578	0.0430688843109728
50.25125628140704	0.04400215869322259
50.653266331658294	0.04420257110392874
51.05527638190955	0.04360412446214335
51.45728643216081	0.04250030915263121
51.85929648241206	0.04103771027852624
52.26130653266332	0.039391135682155125
52.663316582914575	0.03812869424801564
53.06532663316583	0.0375027404064344
53.46733668341709	0.037550495847782965
53.869346733668344	0.0384898031224431
54.2713567839196	0.040042493568556436
54.67336683417086	0.04176247861704296
55.07537688442211	0.04337271919826488
55.47738693467337	0.0440697922198768
55.879396984924625	0.043901491846443055
56.28140703517588	0.04255454703423329
56.68341708542714	0.040585450379084995
57.085427135678394	0.03806395724894702
57.48743718592965	0.03582007994973076
57.88944723618091	0.034454138880679205
58.29145728643216	0.03438255468103185
58.69346733668342	0.03550588286407071
59.095477386934675	0.038150068109945263
59.49748743718593	0.04125667135349367
59.89949748743719	0.044755949829456194
60.301507537688444	0.047691995819782874
60.7035175879397	0.049327278758060034
61.10552763819096	0.0492404051769346
61.50753768844221	0.04765809261179803
61.90954773869347	0.04465826505632404
62.311557788944725	0.041479635867096416
62.71356783919598	0.03852848652306853
63.11557788944724	0.03659280490052879
63.517587939698494	0.03621227354095301
63.91959798994975	0.03753643497599268
64.32160804020101	0.04005324568559674
64.72361809045226	0.043402951208159346
65.12562814070353	0.046525077393023306
65.52763819095478	0.048735553467434745
65.92964824120604	0.050232058721857764
66.33165829145729	0.0507745319001363
66.73366834170855	0.05037211678683203
67.1356783919598	0.049486877979118375
67.53768844221106	0.048169123631249935
67.93969849246231	0.0466441764120364
68.34170854271358	0.04520028713124523
68.74371859296483	0.044305179015780405
69.14572864321609	0.04412728485943897
69.54773869346734	0.04509294070964702
69.9497487437186	0.04679317047143727
70.35175879396985	0.04885193259553943
70.75376884422111	0.050800845786573144
71.15577889447236	0.05246800157859103
71.55778894472363	0.05371795356423983
71.95979899497488	0.05468719050288716
72.36180904522614	0.05513810664525252
72.76381909547739	0.05510077039194339
73.16582914572865	0.05440394260552613
73.5678391959799	0.053197897035652045
73.96984924623116	0.05151252452676086
74.37185929648241	0.04966917090731412
74.77386934673368	0.04780242314919603
75.17587939698493	0.046511405577566424
75.57788944723619	0.04593726868093455
75.97989949748744	0.0462589887649056
76.3819095477387	0.04735512193594697
76.78391959798995	0.049117702940796835
77.18592964824121	0.05131593405883339
77.58793969849246	0.05342141808048184
77.98994974874373	0.05521413754154567
78.39195979899498	0.056181109496936554
78.79396984924624	0.05603121123282394
79.19597989949749	0.054805656153000634
79.59798994974875	0.05264329861381143
80.0	0.04988672885099233
