0.0	0.023810404642431497
0.4020100502512563	0.02218144018896691
0.8040201005025126	0.01716147878363615
1.206030150753769	0.009421614149420467
1.6080402010050252	0.002072869251471975
2.0100502512562817	0.008891157810542361
2.412060301507538	0.015192009097898248
2.814070351758794	0.01855307996458514
3.2160804020100504	0.017646031909213104
3.6180904522613067	0.012847617311266268
4.020100502512563	0.005368539992096644
4.42211055276382	0.004118473586097571
4.824120603015076	0.013642001278328186
5.226130653266332	0.021193820039078427
5.628140703517588	0.02576835589734348
6.030150753768845	0.026716871187680152
6.432160804020101	0.023518480350788552
6.834170854271357	0.017183556683276386
7.236180904522613	0.00947620065419493
7.63819095477387	0.004688067279809552
8.040201005025127	0.00922680898156657
8.442211055276383	0.013384928803133056
8.84422110552764	0.013919392024622468
9.246231155778895	0.010802158591763592
9.648241206030152	0.0051383978098563585
10.050251256281408	0.005884764552277505
10.452261306532664	0.01472990846679163
10.85427135678392	0.022777206601245933
11.256281407035177	0.027911405419397156
11.658291457286433	0.029735672937010328
12.06030150753769	0.027602769631142377
12.462311557788945	0.022014326220759193
12.864321608040202	0.015250783902836785
13.266331658291458	0.014413889512979417
13.668341708542714	0.021778370429254693
14.07035175879397	0.030976632822898486
14.472361809045227	0.038351167698117035
14.874371859296483	0.04268533797769876
15.27638190954774	0.04351655099330686
15.678391959798995	0.038217885246428565
16.080402010050253	0.026544545076057337
16.48241206030151	0.011539601847164382
16.884422110552766	0.013010003343681237
17.286432160804022	0.029861204540685703
17.68844221105528	0.04378493581627511
18.090452261306535	0.05156775677534033
18.49246231155779	0.05147091224418983
18.894472361809047	0.04412149215436842
19.296482412060303	0.031445770524845394
19.69849246231156	0.019695311792338605
20.100502512562816	0.020008734959219725
20.502512562814072	0.029719883668093798
20.90452261306533	0.03702596691022951
21.306532663316585	0.03873093899113554
21.70854271356784	0.033653001231088324
22.110552763819097	0.023252492303442715
22.512562814070353	0.011057663119704134
22.91457286432161	0.007272616007542648
23.316582914572866	0.016106382307333928
23.718592964824122	0.022713034333985964
24.12060301507538	0.024715736951814275
24.522613065326635	0.021696727616215654
24.92462311557789	0.015706243856724304
25.326633165829147	0.009269669879609888
25.728643216080403	0.008212380717995522
26.13065326633166	0.012173919497273606
26.532663316582916	0.015591177055896504
26.934673366834172	0.017460342418804595
27.33668341708543	0.01782326285114604
27.738693467336685	0.018560481991984328
28.14070351758794	0.020695005153890028
28.542713567839197	0.02454191470400673
28.944723618090453	0.02883062192976915
29.34673366834171	0.03207073850030989
29.748743718592966	0.03391776117869354
30.150753768844222	0.034907033331255756
30.55276381909548	0.03459498657666074
30.954773869346734	0.03401566877629054
31.35678391959799	0.03221499814503402
31.758793969849247	0.030474671460690418
32.16080402010051	0.028474267393489856
32.56281407035176	0.02816942374816419
32.96482412060302	0.029301858898288586
33.366834170854275	0.03251203581044888
33.76884422110553	0.03678720665389538
34.17085427135679	0.04250356587871547
34.572864321608044	0.048541554700430645
34.9748743718593	0.05426705554369941
35.37688442211056	0.05941592950602355
35.77889447236181	0.06316821976098574
36.18090452261307	0.06476396134821043
36.582914572864325	0.06343780947743585
36.98492462311558	0.05873668579678236
37.38693467336684	0.05086105634750058
37.788944723618094	0.041559043782343166
38.19095477386935	0.03255334579852094
38.59296482412061	0.02552234885941616
38.99497487437186	0.022084477296465073
39.39698492462312	0.021702969390579953
39.798994974874375	0.023462244115672663
40.20100502512563	0.02527277038352509
40.60301507537689	0.02735934545708718
41.005025125628144	0.030016062911375273
41.4070351758794	0.032469354410436566
41.80904522613066	0.03439580343320638
42.21105527638191	0.03498835723131039
42.61306532663317	0.0332754548417362
43.015075376884425	0.02889535649870113
43.41708542713568	0.023223544909866445
43.81909547738694	0.01635797320252696
44.221105527638194	0.011221798929714692
44.62311557788945	0.01097221810904846
45.02512562814071	0.013875183783198613
45.42713567839196	0.015529991182869022
45.82914572864322	0.01441912209181193
46.231155778894475	0.010535960627729086
46.63316582914573	0.004311934200807799
47.03517587939699	0.002782211289192891
47.437185929648244	0.009397132200915315
47.8391959798995	0.014735904601956206
48.24120603015076	0.01855859729059413
48.64321608040201	0.021065007544115655
49.04522613065327	0.02290462748250081
49.447236180904525	0.02401690584766053
49.84924623115578	0.024398858715275397
50.25125628140704	0.02414235334408963
50.653266331658294	0.02265429652574645
51.05527638190955	0.02132207705238081
51.45728643216081	0.021639794492404066
51.85929648241206	0.02474231206319377
52.26130653266332	0.0301358371392945
52.663316582914575	0.036668157684489264
53.06532663316583	0.0424804869602997
53.46733668341709	0.04683993879128324
53.869346733668344	0.049060205050518675
54.2713567839196	0.04877404362285592
54.67336683417086	0.04650452886790524
55.07537688442211	0.04225489906966883
55.47738693467337	0.036713569820782575
55.879396984924625	0.03111545824282752
56.28140703517588	0.02655075503499641
56.68341708542714	0.023816576938904
57.085427135678394	0.02360627837717002
57.48743718592965	0.02602462499834049
57.88944723618091	0.029965582481800625
58.29145728643216	0.03466287371649182
58.69346733668342	0.03947601020914675
59.095477386934675	0.043496684702831814
59.49748743718593	0.04624810594688915
59.89949748743719	0.046845076292255226
60.301507537688444	0.044933702442502436
60.7035175879397	0.040882397005426105
61.10552763819096	0.03461998144167168
61.50753768844221	0.02718065056756102
61.90954773869347	0.02013746765775609
62.311557788944725	0.015960517174027657
62.71356783919598	0.017188234011952692
63.11557788944724	0.02107342671793424
63.517587939698494	0.024096843841615003
63.91959798994975	0.0254695621389668
64.32160804020101	0.025468768146625097
64.72361809045226	0.02430047235029594
65.12562814070353	0.022521124067664627
65.52763819095478	0.019439177328935176
65.92964824120604	0.015077473859172172
66.33165829145729	0.009564259898900513
66.73366834170855	0.004174374602749821
67.1356783919598	0.0074178661843215185
67.53768844221106	0.013786210358697166
67.93969849246231	0.018730439393399512
68.34170854271358	0.021069919647938064
68.74371859296483	0.020620401775875923
69.14572864321609	0.017122188965912194
69.54773869346734	0.012167459334525297
69.9497487437186	0.008610046361209336
70.35175879396985	0.010716496445749246
70.75376884422111	0.01637218182738534
71.15577889447236	0.022216614576952304
71.55778894472363	0.02655157267160249
71.95979899497488	0.029250600555544504
72.36180904522614	0.030711689909812306
72.76381909547739	0.03108030625894336
73.16582914572865	0.030809954893517094
73.5678391959799	0.02937702950943897
73.96984924623116	0.027090013357302645
74.37185929648241	0.024117728606107468
74.77386934673368	0.02315433837420596
75.17587939698493	0.026376432689891472
75.57788944723619	0.03373374005929759
75.97989949748744	0.04242239866752918
76.3819095477387	0.050069324068741816
76.78391959798995	0.05452012036107384
77.18592964824121	0.05504044925477384
77.58793969849246	0.0518628574809523
77.98994974874373	0.04549275781815491
78.39195979899498	0.037281673641514544
78.79396984924624	0.029102439412123038
79.19597989949749	0.02216081954825447
79.59798994974875	0.018051065761745862
80.0	0.018248773348278673
