0.0	0.05347970816230459
0.4020100502512563	0.04939691337892567
0.8040201005025126	0.03700570745195742
1.206030150753769	0.018992799143014102
1.6080402010050252	0.0038983333238200705
2.0100502512562817	0.021369104766807635
2.412060301507538	0.035444163402684796
2.814070351758794	0.04202660494832531
3.2160804020100504	0.03967767409364154
3.6180904522613067	0.028801867439583434
4.020100502512563	0.011391892693686798
4.42211055276382	0.009748762262583074
4.824120603015076	0.030379288523330487
5.226130653266332	0.04703659460207097
5.628140703517588	0.05694807509479146
6.030150753768845	0.058660758077832956
6.432160804020101	0.05176683235717918
6.834170854271357	0.038275083485176414
7.236180904522613	0.021388116094502498
7.63819095477387	0.009275975191104478
8.040201005025127	0.017699414919696423
8.442211055276383	0.02626231677863211
8.84422110552764	0.027432488282302613
9.246231155778895	0.020159655733803482
9.648241206030152	0.007344909294790936
10.050251256281408	0.01804394095784282
10.452261306532664	0.04068163620983552
10.85427135678392	0.0624497381260891
11.256281407035177	0.07962177518394484
11.658291457286433	0.08988311333892864
12.06030150753769	0.09263534753859276
12.462311557788945	0.08812086307383413
12.864321608040202	0.0781251746714283
13.266331658291458	0.06491277906986936
13.668341708542714	0.05195765187006668
14.07035175879397	0.041423621901254454
14.472361809045227	0.03492489142009889
14.874371859296483	0.030181639325371445
15.27638190954774	0.02641830635351617
15.678391959798995	0.0253418483261079
16.080402010050253	0.03170940917091723
16.48241206030151	0.04444213642649988
16.884422110552766	0.0607018253119301
17.286432160804022	0.0741883958738744
17.68844221105528	0.08305203326229896
18.090452261306535	0.08525294194830907
18.49246231155779	0.08191006927598664
18.894472361809047	0.07651656173382215
19.296482412060303	0.07530785485725075
19.69849246231156	0.08049504143989121
20.100502512562816	0.08660107296327477
20.502512562814072	0.08728974211494216
20.90452261306533	0.07900802705767034
21.306532663316585	0.0613226360520661
21.70854271356784	0.03674885187817455
22.110552763819097	0.010609834606417214
22.512562814070353	0.019332695868134443
22.91457286432161	0.0393643639836634
23.316582914572866	0.05137068937382905
23.718592964824122	0.054730281647430004
24.12060301507538	0.05275390409832623
24.522613065326635	0.048602238761864744
24.92462311557789	0.04767336100096653
25.326633165829147	0.05240930133651828
25.728643216080403	0.058813003276156
26.13065326633166	0.06205390531660114
26.532663316582916	0.05976093947959284
26.934673366834172	0.050221356486253185
27.33668341708543	0.03398632187746397
27.738693467336685	0.01656393276560088
28.14070351758794	0.024004528080472834
28.542713567839197	0.04744555786487318
28.944723618090453	0.06899564751824785
29.34673366834171	0.0844710179069835
29.748743718592966	0.09147261781623861
30.150753768844222	0.08999312962465325
30.55276381909548	0.0809534655036396
30.954773869346734	0.06559115988677323
31.35678391959799	0.04520119883289508
31.758793969849247	0.022872875784865163
32.16080402010051	0.008545054620477312
32.56281407035176	0.024402700044947524
32.96482412060302	0.03948932763951022
33.366834170854275	0.04858030754085961
33.76884422110553	0.051388369028156675
34.17085427135679	0.04830580436545019
34.572864321608044	0.04093575825119784
34.9748743718593	0.030757015663411012
35.37688442211056	0.021335431861915728
35.77889447236181	0.018505329625424106
36.18090452261307	0.024469295411358682
36.582914572864325	0.03328858011686401
36.98492462311558	0.04189243986439037
37.38693467336684	0.04810800220583325
37.788944723618094	0.05114053194461704
38.19095477386935	0.050447760649322784
38.59296482412061	0.045963218865756536
38.99497487437186	0.037998138595257705
39.39698492462312	0.028522275939100544
39.798994974874375	0.021853064853005883
40.20100502512563	0.027853381064365117
40.60301507537689	0.04310360498807309
41.005025125628144	0.058726401245053295
41.4070351758794	0.07025566210985314
41.80904522613066	0.07496122289972909
42.21105527638191	0.07149686761460847
42.61306532663317	0.06076850310586172
43.015075376884425	0.045143447110210025
43.41708542713568	0.028155063256889067
43.81909547738694	0.017113421029076897
44.221105527638194	0.01944823629566311
44.62311557788945	0.02524210358334696
45.02512562814071	0.02757474781496298
45.42713567839196	0.02441501174689633
45.82914572864322	0.01656046395381184
46.231155778894475	0.007033857518597636
46.63316582914573	0.010780907947036688
47.03517587939699	0.022301576117702393
47.437185929648244	0.03280608945475062
47.8391959798995	0.04215049581169737
48.24120603015076	0.050837488282015245
48.64321608040201	0.05812272345440557
49.04522613065327	0.06337196651727363
49.447236180904525	0.0652708091570407
49.84924623115578	0.06418493892262199
50.25125628140704	0.06019567141682329
50.653266331658294	0.05382160792327186
51.05527638190955	0.044192248305244625
51.45728643216081	0.03171198777594944
51.85929648241206	0.020457036582496695
52.26130653266332	0.023435177467168295
52.663316582914575	0.036776176011995135
53.06532663316583	0.04833054359346803
53.46733668341709	0.053619521695174775
53.869346733668344	0.051649847965909844
54.2713567839196	0.043354825524111976
54.67336683417086	0.032938665257787644
55.07537688442211	0.026326180954634106
55.47738693467337	0.029489660659231122
55.879396984924625	0.03738738498969042
56.28140703517588	0.04314494259884786
56.68341708542714	0.043742268155820545
57.085427135678394	0.03840335178069397
57.48743718592965	0.027593285596337343
57.88944723618091	0.013976834521900166
58.29145728643216	0.007803928451721247
58.69346733668342	0.019113846866845544
59.095477386934675	0.02882001535570374
59.49748743718593	0.03358221066215523
59.89949748743719	0.03373923900243249
60.301507537688444	0.030499544390575672
60.7035175879397	0.026071941160333477
61.10552763819096	0.022170662743636133
61.50753768844221	0.01899690031377709
61.90954773869347	0.015294860716503452
62.311557788944725	0.010489710894819563
62.71356783919598	0.009310997104370331
63.11557788944724	0.017286388534957058
63.517587939698494	0.027647873389142468
63.91959798994975	0.03602170283653439
64.32160804020101	0.04022027648694107
64.72361809045226	0.03825343571743698
65.12562814070353	0.0301164268477357
65.52763819095478	0.016653773235759235
65.92964824120604	0.0027369012394649695
66.33165829145729	0.018425504457630377
66.73366834170855	0.0339724696379973
67.1356783919598	0.04546933473690801
67.53768844221106	0.05071369043030777
67.93969849246231	0.04920842786465759
68.34170854271358	0.04175916946815348
68.74371859296483	0.03067061070653364
69.14572864321609	0.020002630903374584
69.54773869346734	0.01612103275300357
69.9497487437186	0.01954148062705042
70.35175879396985	0.022703520952868442
70.75376884422111	0.021956779009662645
71.15577889447236	0.01711209202343918
71.55778894472363	0.010658518536720094
71.95979899497488	0.011483556645006476
72.36180904522614	0.0200535154616973
72.76381909547739	0.028492926267643694
73.16582914572865	0.034676279498314956
73.5678391959799	0.037788536621999436
73.96984924623116	0.03779638981926239
74.37185929648241	0.03526588447859146
74.77386934673368	0.030217671823471987
75.17587939698493	0.0230847698809988
75.57788944723619	0.015329527308422483
75.97989949748744	0.012282404218849241
76.3819095477387	0.019667586304027308
76.78391959798995	0.030506427274825648
77.18592964824121	0.04017991242435537
77.58793969849246	0.046331255480917696
77.98994974874373	0.04737153831116285
78.39195979899498	0.04260013363861213
78.79396984924624	0.033385449581977734
79.19597989949749	0.022900637461968798
79.59798994974875	0.019207347455249525
80.0	0.026611914934420538
