0.0	0.003081814397918903
0.4020100502512563	0.002718223517091194
0.8040201005025126	0.0037874537875944455
1.206030150753769	0.005167972028792869
1.6080402010050252	0.006245650951449102
2.0100502512562817	0.006322719511077382
2.412060301507538	0.00564593089911882
2.814070351758794	0.004591171983267945
3.2160804020100504	0.0032004532967191365
3.6180904522613067	0.00197057469013913
4.020100502512563	0.0018074704255829448
4.42211055276382	0.001941040952152522
4.824120603015076	0.0017815698790336106
5.226130653266332	0.001573934182448054
5.628140703517588	0.0025875314062832728
6.030150753768845	0.004642070022334471
6.432160804020101	0.006998892636354326
6.834170854271357	0.00908304753193483
7.236180904522613	0.010593548324507327
7.63819095477387	0.011487175572715577
8.040201005025127	0.011058371295632443
8.442211055276383	0.010147398308999571
8.84422110552764	0.008566652294890453
9.246231155778895	0.006779022969483827
9.648241206030152	0.005357900903462368
10.050251256281408	0.004693606661342011
10.452261306532664	0.005078326054338741
10.85427135678392	0.006676628678797673
11.256281407035177	0.009292411308828599
11.658291457286433	0.012157973802236165
12.06030150753769	0.015091613181263591
12.462311557788945	0.017569207615157005
12.864321608040202	0.019214984035452732
13.266331658291458	0.019849588899018968
13.668341708542714	0.01939271636370292
14.07035175879397	0.017736483352273964
14.472361809045227	0.01545710386169398
14.874371859296483	0.013310772452287376
15.27638190954774	0.011620278985718968
15.678391959798995	0.010492178216822431
16.080402010050253	0.01040751901959267
16.48241206030151	0.011458141625922876
16.884422110552766	0.01353535706859849
17.286432160804022	0.016856683986945092
17.68844221105528	0.020602918514293897
18.090452261306535	0.024213682507851823
18.49246231155779	0.02709418445786947
18.894472361809047	0.029120264882266107
19.296482412060303	0.030118821833241955
19.69849246231156	0.030357748455260687
20.100502512562816	0.02974528017373635
20.502512562814072	0.02849042013273122
20.90452261306533	0.02718461794481184
21.306532663316585	0.026001229152922606
21.70854271356784	0.025169333145188343
22.110552763819097	0.02506525724178929
22.512562814070353	0.026073153233169694
22.91457286432161	0.028089442445855105
23.316582914572866	0.030923071272675316
23.718592964824122	0.0338359890429225
24.12060301507538	0.036617220744918196
24.522613065326635	0.038786957255125626
24.92462311557789	0.0400913588313337
25.326633165829147	0.040411104396854566
25.728643216080403	0.039801545813409264
26.13065326633166	0.0384634087215103
26.532663316582916	0.03672680565182397
26.934673366834172	0.03514870452541151
27.33668341708543	0.03388534048837879
27.738693467336685	0.03354733604128139
28.14070351758794	0.03407495378693236
28.542713567839197	0.035815149915573566
28.944723618090453	0.038670756807026044
29.34673366834171	0.04273960031258907
29.748743718592966	0.04753344334531919
30.150753768844222	0.052903159560995595
30.55276381909548	0.05804147365697955
30.954773869346734	0.0623794150066701
31.35678391959799	0.06473661008226553
31.758793969849247	0.06508334668524435
32.16080402010051	0.06326561007135359
32.56281407035176	0.059970004379333766
32.96482412060302	0.05590473158969199
33.366834170854275	0.05193665813656052
33.76884422110553	0.04897384003000564
34.17085427135679	0.04769606260373572
34.572864321608044	0.048507093885444934
34.9748743718593	0.05110055516855029
35.37688442211056	0.055032050018597324
35.77889447236181	0.0596278579975457
36.18090452261307	0.06396698785418573
36.582914572864325	0.06721804180767037
36.98492462311558	0.06885428344714399
37.38693467336684	0.06853304974464207
37.788944723618094	0.06626943980387294
38.19095477386935	0.06259854835760448
38.59296482412061	0.057997911703038786
38.99497487437186	0.05353919149909518
39.39698492462312	0.05021148603622333
39.798994974874375	0.04884016578934045
40.20100502512563	0.04929884809900879
40.60301507537689	0.051686867993383415
41.005025125628144	0.05540597073362678
41.4070351758794	0.059695783178636296
41.80904522613066	0.0635428800666809
42.21105527638191	0.06651784579676047
42.61306532663317	0.06774548938257231
43.015075376884425	0.06740002754298494
43.41708542713568	0.0650919517617232
43.81909547738694	0.06110982611573044
44.221105527638194	0.056630063495315665
44.62311557788945	0.05183747434141269
45.02512562814071	0.048055554555100015
45.42713567839196	0.045639330995740815
45.82914572864322	0.045154504572031684
46.231155778894475	0.04651128966194955
46.63316582914573	0.04945653241453146
47.03517587939699	0.05355176572628462
47.437185929648244	0.05801502684617099
47.8391959798995	0.06193549644658268
48.24120603015076	0.06461771966086019
48.64321608040201	0.06569673309113457
49.04522613065327	0.06484881075348764
49.447236180904525	0.06206695837921106
49.84924623115578	0.058253615498410835
50.25125628140704	0.05375124185077349
50.653266331658294	0.049421093864367285
51.05527638190955	0.04611877691295943
51.45728643216081	0.044551770685143995
51.85929648241206	0.04467762725393147
52.26130653266332	0.04662093142461067
52.663316582914575	0.04998050200738075
53.06532663316583	0.054011129557021434
53.46733668341709	0.057950104661198966
53.869346733668344	0.06121318592802982
54.2713567839196	0.06313236594486935
54.67336683417086	0.06338277200367368
55.07537688442211	0.06172622036489585
55.47738693467337	0.05873672658429506
55.879396984924625	0.05482052629926265
56.28140703517588	0.0505208540592485
56.68341708542714	0.04713252847138384
57.085427135678394	0.044896157029706424
57.48743718592965	0.04442967344709016
57.88944723618091	0.045522553788835074
58.29145728643216	0.04797454338615503
58.69346733668342	0.05121258252922058
59.095477386934675	0.054663623899425307
59.49748743718593	0.05767551709041745
59.89949748743719	0.05969743971157241
60.301507537688444	0.060320057589984225
60.7035175879397	0.05944947552954229
61.10552763819096	0.05757580809681188
61.50753768844221	0.054910310226980084
61.90954773869347	0.052136700774683284
62.311557788944725	0.04978856904867037
62.71356783919598	0.048056651096668485
63.11557788944724	0.04726494841117847
63.517587939698494	0.04761414997676312
63.91959798994975	0.048932655724098266
64.32160804020101	0.0507383190006407
64.72361809045226	0.052970275685495546
65.12562814070353	0.05534971106785804
65.52763819095478	0.05740050981696092
65.92964824120604	0.05888724811160888
66.33165829145729	0.059548756883618756
66.73366834170855	0.05937185074273995
67.1356783919598	0.05831330335451629
67.53768844221106	0.05677045421816253
67.93969849246231	0.054878929233056706
68.34170854271358	0.0528300530443714
68.74371859296483	0.05113158665220459
69.14572864321609	0.04999918635674879
69.54773869346734	0.04976171666886489
69.9497487437186	0.050492214228661944
70.35175879396985	0.05214698278525519
70.75376884422111	0.054281012062130665
71.15577889447236	0.0567552242359237
71.55778894472363	0.059002497392161346
71.95979899497488	0.06082751226256581
72.36180904522614	0.06143342595090011
72.76381909547739	0.061074615438204936
73.16582914572865	0.05990278681602026
73.5678391959799	0.0580643489015815
73.96984924623116	0.05582328772743185
74.37185929648241	0.05380456031280283
74.77386934673368	0.052147449982479444
75.17587939698493	0.05126422552541939
75.57788944723619	0.051399214903332144
75.97989949748744	0.0523070434085786
76.3819095477387	0.05399328682246317
76.78391959798995	0.0560697667526055
77.18592964824121	0.058547309730851094
77.58793969849246	0.06050582361195178
77.98994974874373	0.062168451777352085
78.39195979899498	0.0630387248936974
78.79396984924624	0.06296686247080516
79.19597989949749	0.06185798174776898
79.59798994974875	0.06006736759285146
80.0	0.05746460040517367
