0.0	0.010614627199604851
0.4020100502512563	0.010406104705725408
0.8040201005025126	0.008729500246411472
1.206030150753769	0.0065352224944623324
1.6080402010050252	0.005038216506797136
2.0100502512562817	0.005968419886816155
2.412060301507538	0.007744474358543871
2.814070351758794	0.008723046671277556
3.2160804020100504	0.008299572778737298
3.6180904522613067	0.006397256714958502
4.020100502512563	0.00336373878294637
4.42211055276382	0.0016986263485611022
4.824120603015076	0.0052255679769487315
5.226130653266332	0.008558504390331732
5.628140703517588	0.011067558637911451
6.030150753768845	0.011860788276866013
6.432160804020101	0.01153480248052435
6.834170854271357	0.010063493560149291
7.236180904522613	0.00858694540991943
7.63819095477387	0.008433671982954624
8.040201005025127	0.00919915769135791
8.442211055276383	0.010078915354382063
8.84422110552764	0.0099626104563929
9.246231155778895	0.008583082551815602
9.648241206030152	0.005986045982665618
10.050251256281408	0.0032848334342579543
10.452261306532664	0.004550951014841442
10.85427135678392	0.007879469620567297
11.256281407035177	0.010617459176483374
11.658291457286433	0.012161705204465332
12.06030150753769	0.01216098623264024
12.462311557788945	0.01127900257846094
12.864321608040202	0.010510540350987916
13.266331658291458	0.011391789233726754
13.668341708542714	0.01396501367956626
14.07035175879397	0.016582317235442786
14.472361809045227	0.01787465957363408
14.874371859296483	0.017308839460589188
15.27638190954774	0.01471170784069776
15.678391959798995	0.010772781498566027
16.080402010050253	0.005711742515703687
16.48241206030151	0.0013495136769670255
16.884422110552766	0.00407605432175134
17.286432160804022	0.007006703607549162
17.68844221105528	0.008436599400778195
18.090452261306535	0.008858608332933355
18.49246231155779	0.009744309960252695
18.894472361809047	0.012124563772845074
19.296482412060303	0.01591754834125473
19.69849246231156	0.020140029196581016
20.100502512562816	0.02346260658855981
20.502512562814072	0.025560214179704784
20.90452261306533	0.025910809280804043
21.306532663316585	0.024272351712457733
21.70854271356784	0.020696316167359556
22.110552763819097	0.016174434018609383
22.512562814070353	0.011216271986612797
22.91457286432161	0.006799647942282766
23.316582914572866	0.005091828785344012
23.718592964824122	0.005773483413003605
24.12060301507538	0.007004153549509948
24.522613065326635	0.008358971575062216
24.92462311557789	0.010868702242383364
25.326633165829147	0.014710798978212928
25.728643216080403	0.019131838462973588
26.13065326633166	0.023338199875016542
26.532663316582916	0.026269501815529804
26.934673366834172	0.02728983285746082
27.33668341708543	0.026302163923010036
27.738693467336685	0.023205925677061236
28.14070351758794	0.018959209572448198
28.542713567839197	0.014858730630819186
28.944723618090453	0.012223721129942394
29.34673366834171	0.012131939743355132
29.748743718592966	0.013441020970318653
30.150753768844222	0.014710833250608232
30.55276381909548	0.015336268553086795
30.954773869346734	0.015964889006009845
31.35678391959799	0.017836254744722935
31.758793969849247	0.02054929681941583
32.16080402010051	0.02350904587767415
32.56281407035176	0.025915000621243335
32.96482412060302	0.02666400446511752
33.366834170854275	0.025728399085021968
33.76884422110553	0.023316971681056668
34.17085427135679	0.020240321456147105
34.572864321608044	0.017480634335185378
34.9748743718593	0.016484536806907844
35.37688442211056	0.016824803119545047
35.77889447236181	0.01773741379223861
36.18090452261307	0.018560847755634186
36.582914572864325	0.01897496800288961
36.98492462311558	0.019463001128272088
37.38693467336684	0.021385512610534594
37.788944723618094	0.024658657746508113
38.19095477386935	0.02791122427198705
38.59296482412061	0.03038747233605238
38.99497487437186	0.03152245940453728
39.39698492462312	0.03123529961849275
39.798994974874375	0.029930427927385546
40.20100502512563	0.027933767762268812
40.60301507537689	0.026191112215280643
41.005025125628144	0.024881759744652558
41.4070351758794	0.023825104766183058
41.80904522613066	0.023524563218779857
42.21105527638191	0.02403665910233233
42.61306532663317	0.025713512901637658
43.015075376884425	0.028918294377318125
43.41708542713568	0.03319752585027401
43.81909547738694	0.03786139155043711
44.221105527638194	0.04216779794840853
44.62311557788945	0.045126353357526815
45.02512562814071	0.04647708649372584
45.42713567839196	0.04624017826916455
45.82914572864322	0.044781686772514276
46.231155778894475	0.042872457751299387
46.63316582914573	0.04125610522752377
47.03517587939699	0.04045821522605752
47.437185929648244	0.04087124053151447
47.8391959798995	0.04274794034020754
48.24120603015076	0.04592034369469901
48.64321608040201	0.050497767724797304
49.04522613065327	0.05593138664581937
49.447236180904525	0.06157219809851254
49.84924623115578	0.06646590592573193
50.25125628140704	0.06945907480495375
50.653266331658294	0.07012974739051775
51.05527638190955	0.06823585306977462
51.45728643216081	0.06374887499658854
51.85929648241206	0.057859920405340125
52.26130653266332	0.051488137606673076
52.663316582914575	0.045968528780302984
53.06532663316583	0.04253295009002672
53.46733668341709	0.04182804143188397
53.869346733668344	0.04401556524216421
54.2713567839196	0.04871194809775807
54.67336683417086	0.054855628794867516
55.07537688442211	0.061474527630416886
55.47738693467337	0.06739987431869773
55.879396984924625	0.07126246555266466
56.28140703517588	0.07261695061679331
56.68341708542714	0.07041087203702903
57.085427135678394	0.06517565056424221
57.48743718592965	0.05780152730009434
57.88944723618091	0.04956122999399341
58.29145728643216	0.04168368937667148
58.69346733668342	0.03566480835394492
59.095477386934675	0.03276242350024654
59.49748743718593	0.03308165533648562
59.89949748743719	0.03637545434689741
60.301507537688444	0.041490683299545014
60.7035175879397	0.04795954139863268
61.10552763819096	0.054380838564948464
61.50753768844221	0.05982983262053043
61.90954773869347	0.06314752622626776
62.311557788944725	0.0637623420868969
62.71356783919598	0.06155914825234898
63.11557788944724	0.05650552490913875
63.517587939698494	0.0498591179422902
63.91959798994975	0.042347979863573935
64.32160804020101	0.035527197816385615
64.72361809045226	0.030479611420819275
65.12562814070353	0.028089324750793183
65.52763819095478	0.028673084652339427
65.92964824120604	0.032174690297828615
66.33165829145729	0.03805069727803697
66.73366834170855	0.04555682205983301
67.1356783919598	0.05354789876094486
67.53768844221106	0.06057334373012352
67.93969849246231	0.06530197470156757
68.34170854271358	0.06667985665620042
68.74371859296483	0.0647548085948189
69.14572864321609	0.05952414666809556
69.54773869346734	0.05202246881186513
69.9497487437186	0.04396654257507269
70.35175879396985	0.03679596373456301
70.75376884422111	0.031768070323758994
71.15577889447236	0.030021536698934325
71.55778894472363	0.031720437151899754
71.95979899497488	0.0364893977045265
72.36180904522614	0.043722072493872124
72.76381909547739	0.05172613186994498
73.16582914572865	0.05944257956876842
73.5678391959799	0.06521423393749716
73.96984924623116	0.06818903144576047
74.37185929648241	0.06788195223436995
74.77386934673368	0.06420394564543395
75.17587939698493	0.05812830482662048
75.57788944723619	0.050637243452838786
75.97989949748744	0.04299333173758006
76.3819095477387	0.037094966977900504
76.78391959798995	0.033925134583936915
77.18592964824121	0.03387039295939461
77.58793969849246	0.037139820659081536
77.98994974874373	0.04305155901472066
78.39195979899498	0.05089752034062874
78.79396984924624	0.058367931423076114
79.19597989949749	0.06424938037765034
79.59798994974875	0.06767366439267207
80.0	0.0680117563864196
