0.0	0.004149404726004388
0.4020100502512563	0.0044213596461445594
0.8040201005025126	0.0037065935598412786
1.206030150753769	0.0019733337545210718
1.6080402010050252	0.00010591436004996006
2.0100502512562817	0.0018792267717543578
2.412060301507538	0.0036712443604603254
2.814070351758794	0.0047585407596623195
3.2160804020100504	0.005000281867336936
3.6180904522613067	0.004434437095435962
4.020100502512563	0.0030567257393747677
4.42211055276382	0.0015550474007614001
4.824120603015076	0.0016160705266723898
5.226130653266332	0.003320905825370921
5.628140703517588	0.004572622333303986
6.030150753768845	0.00504518663031303
6.432160804020101	0.004542361453291786
6.834170854271357	0.003219174999423001
7.236180904522613	0.0015773975959862292
7.63819095477387	0.0009051622487148674
8.040201005025127	0.0025694346261121476
8.442211055276383	0.0037075264223966425
8.84422110552764	0.00424105147144055
9.246231155778895	0.003987646684180517
9.648241206030152	0.002768464456948303
10.050251256281408	0.000892312323984722
10.452261306532664	0.0010950705912494353
10.85427135678392	0.003083830917308519
11.256281407035177	0.00489758247244544
11.658291457286433	0.006152510697507501
12.06030150753769	0.00703883447391142
12.462311557788945	0.007597249193179695
12.864321608040202	0.00810268032663529
13.266331658291458	0.00947715128939905
13.668341708542714	0.011084584664669503
14.07035175879397	0.01267502652954124
14.472361809045227	0.014116574618903487
14.874371859296483	0.015075146310509227
15.27638190954774	0.015438450342729112
15.678391959798995	0.015030382009783285
16.080402010050253	0.014500133942511489
16.48241206030151	0.014108992124211805
16.884422110552766	0.014407259080403042
17.286432160804022	0.014819686834709555
17.68844221105528	0.015120010678781211
18.090452261306535	0.014861969593681756
18.49246231155779	0.014197443480994745
18.894472361809047	0.012969252925883584
19.296482412060303	0.011694033761702268
19.69849246231156	0.010802486572758615
20.100502512562816	0.010568583443013193
20.502512562814072	0.011849846715166371
20.90452261306533	0.014640817702714673
21.306532663316585	0.018146088494133943
21.70854271356784	0.02203395210829451
22.110552763819097	0.025129697033631503
22.512562814070353	0.027228279915468397
22.91457286432161	0.028411093573430506
23.316582914572866	0.028809351001703724
23.718592964824122	0.028703000885181146
24.12060301507538	0.028172760058000547
24.522613065326635	0.02770579647109476
24.92462311557789	0.026955838739960318
25.326633165829147	0.02604430740125433
25.728643216080403	0.02541576924777634
26.13065326633166	0.025012544949165848
26.532663316582916	0.025627750492846175
26.934673366834172	0.026868916954721746
27.33668341708543	0.02880757260120286
27.738693467336685	0.031222886654639997
28.14070351758794	0.034045236825620606
28.542713567839197	0.03678645137476171
28.944723618090453	0.03943152097713861
29.34673366834171	0.04199338204058498
29.748743718592966	0.0441033627042353
30.150753768844222	0.045547812703253386
30.55276381909548	0.04652650436689841
30.954773869346734	0.04700924453796779
31.35678391959799	0.04710923693627929
31.758793969849247	0.047380995544919105
32.16080402010051	0.04865833160566041
32.56281407035176	0.050991460573466575
32.96482412060302	0.05433150366596382
33.366834170854275	0.05844247191294498
33.76884422110553	0.06248550966753628
34.17085427135679	0.06589726184880086
34.572864321608044	0.06799807799434987
34.9748743718593	0.06837590272733642
35.37688442211056	0.0670521542100342
35.77889447236181	0.0646074346152574
36.18090452261307	0.06146631841790494
36.582914572864325	0.05820993344617618
36.98492462311558	0.05566958203141966
37.38693467336684	0.05422715580702522
37.788944723618094	0.05384138127184279
38.19095477386935	0.05483694305132854
38.59296482412061	0.05704014545785345
38.99497487437186	0.05985968805409901
39.39698492462312	0.06289104533221514
39.798994974874375	0.06512734948419899
40.20100502512563	0.06677865540244284
40.60301507537689	0.06681881503948431
41.005025125628144	0.06543364602479759
41.4070351758794	0.0627954239551341
41.80904522613066	0.05929520044568657
42.21105527638191	0.055694759403099835
42.61306532663317	0.05272581420111132
43.015075376884425	0.05109017751952009
43.41708542713568	0.05050932094941489
43.81909547738694	0.050809575490176215
44.221105527638194	0.05178290029149921
44.62311557788945	0.05300839194066692
45.02512562814071	0.0545932950791725
45.42713567839196	0.05600028470473115
45.82914572864322	0.05693970421796466
46.231155778894475	0.057225299205897376
46.63316582914573	0.05675877541021081
47.03517587939699	0.055377611908337544
47.437185929648244	0.05381713140231509
47.8391959798995	0.05261905317880659
48.24120603015076	0.052078005755367106
48.64321608040201	0.05256387095054467
49.04522613065327	0.0535285652516035
49.447236180904525	0.054514195303298305
49.84924623115578	0.05536746146029927
50.25125628140704	0.055504635030584656
50.653266331658294	0.05492084686369162
51.05527638190955	0.05371876174712166
51.45728643216081	0.05255388939088902
51.85929648241206	0.051415973919497496
52.26130653266332	0.05072063793963337
52.663316582914575	0.050621718788322834
53.06532663316583	0.050668047390411586
53.46733668341709	0.05153250258406187
53.869346733668344	0.053028169438130004
54.2713567839196	0.054867091622110155
54.67336683417086	0.056420536399499975
55.07537688442211	0.057334109160985205
55.47738693467337	0.05717178615608241
55.879396984924625	0.05587988280259517
56.28140703517588	0.05400017695484525
56.68341708542714	0.05175088077839596
57.085427135678394	0.04961817755121688
57.48743718592965	0.04824016660687643
57.88944723618091	0.04768022195154151
58.29145728643216	0.047830737313092855
58.69346733668342	0.04866548057041561
59.095477386934675	0.050060519803801454
59.49748743718593	0.05131065635887398
59.89949748743719	0.05273280797253407
60.301507537688444	0.05388125370686666
60.7035175879397	0.05443793353834435
61.10552763819096	0.05413371505192381
61.50753768844221	0.05345526577583411
61.90954773869347	0.052447852936993264
62.311557788944725	0.050943467089560025
62.71356783919598	0.0496822377884906
63.11557788944724	0.048727247872989016
63.517587939698494	0.0482830479846927
63.91959798994975	0.048435669052644854
64.32160804020101	0.04884980054604173
64.72361809045226	0.049667650867259674
65.12562814070353	0.050357654713939735
65.52763819095478	0.05071964402290824
65.92964824120604	0.0509000798727419
66.33165829145729	0.05090489206656886
66.73366834170855	0.051060691204372746
67.1356783919598	0.05160490822442826
67.53768844221106	0.05237613533432006
67.93969849246231	0.05344273089343238
68.34170854271358	0.05406147609424579
68.74371859296483	0.05420131795871465
69.14572864321609	0.05366678993329067
69.54773869346734	0.052230278976372044
69.9497487437186	0.05053293463814845
70.35175879396985	0.048990723283491085
70.75376884422111	0.04759082259610718
71.15577889447236	0.04658799239535331
71.55778894472363	0.04608343435406441
71.95979899497488	0.04681422109264361
72.36180904522614	0.04870660406279559
72.76381909547739	0.05138030938744381
73.16582914572865	0.054638743964264214
73.5678391959799	0.0575854895237866
73.96984924623116	0.05945006582239246
74.37185929648241	0.05951374758298893
74.77386934673368	0.05810908635308476
75.17587939698493	0.05534807582232985
75.57788944723619	0.05172869125378533
75.97989949748744	0.04810168078781193
76.3819095477387	0.04518073976872131
76.78391959798995	0.043587534530443575
77.18592964824121	0.04358010775538339
77.58793969849246	0.045403952722152655
77.98994974874373	0.048843562294056814
78.39195979899498	0.05333911961184148
78.79396984924624	0.05815929115231146
79.19597989949749	0.06191626684142767
79.59798994974875	0.06395157159052142
80.0	0.0635157500307689
