0.0	0.012587844191627848
0.4020100502512563	0.01188337645755954
0.8040201005025126	0.009538786407736734
1.206030150753769	0.005883941297908918
1.6080402010050252	0.002004605694911947
2.0100502512562817	0.003354067414731556
2.412060301507538	0.006303341924975493
2.814070351758794	0.007610686887109815
3.2160804020100504	0.007230817030871408
3.6180904522613067	0.004999376557477892
4.020100502512563	0.0012732873634807437
4.42211055276382	0.0032904986918175665
4.824120603015076	0.007672575560597425
5.226130653266332	0.011274963202340728
5.628140703517588	0.013376165446673907
6.030150753768845	0.013645857790130797
6.432160804020101	0.012223203034118064
6.834170854271357	0.00931660741937359
7.236180904522613	0.005923228493916445
7.63819095477387	0.003889887692025242
8.040201005025127	0.00487829394935751
8.442211055276383	0.006215074090319789
8.84422110552764	0.0062749278597360346
9.246231155778895	0.0047196746698094875
9.648241206030152	0.002435533895986233
10.050251256281408	0.004611227277004226
10.452261306532664	0.009217140162621098
10.85427135678392	0.013419753188317738
11.256281407035177	0.0161312607350996
11.658291457286433	0.017492904441500524
12.06030150753769	0.016903321589325247
12.462311557788945	0.014861212725424011
12.864321608040202	0.01205743642124353
13.266331658291458	0.009698331210583644
13.668341708542714	0.008746431785550663
14.07035175879397	0.008808486335011842
14.472361809045227	0.00862364186903376
14.874371859296483	0.007657570741865976
15.27638190954774	0.005890564798211793
15.678391959798995	0.006108841095327418
16.080402010050253	0.009433442278121363
16.48241206030151	0.014069210636338345
16.884422110552766	0.01846425729836263
17.286432160804022	0.021409172569548097
17.68844221105528	0.022796246268010533
18.090452261306535	0.022437684958342998
18.49246231155779	0.02085917471070744
18.894472361809047	0.018394350566024703
19.296482412060303	0.016074266885376
19.69849246231156	0.014201182084089232
20.100502512562816	0.012961504724800857
20.502512562814072	0.011710714290607
20.90452261306533	0.01015250015654172
21.306532663316585	0.009284044144753825
21.70854271356784	0.010240351534825057
22.110552763819097	0.013602569351226904
22.512562814070353	0.018208108358142787
22.91457286432161	0.022409762523794695
23.316582914572866	0.02558625912838538
23.718592964824122	0.02718894995076667
24.12060301507538	0.026981167273095952
24.522613065326635	0.025137084203786554
24.92462311557789	0.02250879612893687
25.326633165829147	0.019725859741046545
25.728643216080403	0.017119152331406148
26.13065326633166	0.014994576504975904
26.532663316582916	0.013321757369573858
26.934673366834172	0.011670403957576637
27.33668341708543	0.011168007671902751
27.738693467336685	0.012785691752021358
28.14070351758794	0.016529686711906185
28.542713567839197	0.02122988323096454
28.944723618090453	0.025698041927645854
29.34673366834171	0.029371556566858144
29.748743718592966	0.031374826213105736
30.150753768844222	0.03186157039049398
30.55276381909548	0.03090449839448345
30.954773869346734	0.028908118476114547
31.35678391959799	0.026202290830966195
31.758793969849247	0.02336911517857056
32.16080402010051	0.020756440407969205
32.56281407035176	0.018392086216485668
32.96482412060302	0.0166805088514944
33.366834170854275	0.0166584536407611
33.76884422110553	0.019218742534968924
34.17085427135679	0.02343720881116968
34.572864321608044	0.02847201666374675
34.9748743718593	0.032756711499670355
35.37688442211056	0.035885863172007655
35.77889447236181	0.03718729477222726
36.18090452261307	0.03703646811967541
36.582914572864325	0.035699886775694425
36.98492462311558	0.03354279023866295
37.38693467336684	0.03099013965257843
37.788944723618094	0.0284379347723679
38.19095477386935	0.026131902906923198
38.59296482412061	0.02473517646190346
38.99497487437186	0.02507904611571963
39.39698492462312	0.027812525415191386
39.798994974874375	0.0324237583624538
40.20100502512563	0.037845281413151896
40.60301507537689	0.04327923548108488
41.005025125628144	0.047667175815018364
41.4070351758794	0.05073852326105188
41.80904522613066	0.05232746896770739
42.21105527638191	0.05271624743790203
42.61306532663317	0.05190215951351672
43.015075376884425	0.05065757939007842
43.41708542713568	0.04901105605360983
43.81909547738694	0.04749719185258479
44.221105527638194	0.046748524069109856
44.62311557788945	0.04750251263134901
45.02512562814071	0.04981143379227974
45.42713567839196	0.05356399288326315
45.82914572864322	0.05807464102484555
46.231155778894475	0.06269069885033117
46.63316582914573	0.0662616879322322
47.03517587939699	0.0681572112505823
47.437185929648244	0.0678684158157672
47.8391959798995	0.06544533693459238
48.24120603015076	0.061091861946806526
48.64321608040201	0.055711365141300054
49.04522613065327	0.05045175771593259
49.447236180904525	0.046587087972785365
49.84924623115578	0.04485843385929102
50.25125628140704	0.04572901888316423
50.653266331658294	0.049534783940109295
51.05527638190955	0.05501198680922269
51.45728643216081	0.061148324013757006
51.85929648241206	0.06689530188894752
52.26130653266332	0.07062638590234703
52.663316582914575	0.07194628906594994
53.06532663316583	0.0704084021991359
53.46733668341709	0.06625963912501223
53.869346733668344	0.060295401187496454
54.2713567839196	0.05352407210510997
54.67336683417086	0.04740624137515275
55.07537688442211	0.04261632556084492
55.47738693467337	0.04030851620955263
55.879396984924625	0.039956649432695966
56.28140703517588	0.041883647573445384
56.68341708542714	0.04546274744582074
57.085427135678394	0.05043399115889038
57.48743718592965	0.055923837396182244
57.88944723618091	0.06088277453615877
58.29145728643216	0.06446824125130762
58.69346733668342	0.06630377785211107
59.095477386934675	0.06595680952069394
59.49748743718593	0.06361710930819713
59.89949748743719	0.05960737607882215
60.301507537688444	0.05485942659481402
60.7035175879397	0.04984821411174013
61.10552763819096	0.04570891273405753
61.50753768844221	0.0425490347735875
61.90954773869347	0.041154277125213856
62.311557788944725	0.04156888826808927
62.71356783919598	0.04411070989629948
63.11557788944724	0.04851314505100283
63.517587939698494	0.05394870745207605
63.91959798994975	0.0596851181502729
64.32160804020101	0.0645254557716208
64.72361809045226	0.06764420177888271
65.12562814070353	0.06852685266337362
65.52763819095478	0.06668791337627403
65.92964824120604	0.06250331366770694
66.33165829145729	0.05676752021596898
66.73366834170855	0.05025701133547115
67.1356783919598	0.0446051090371707
67.53768844221106	0.04022493663740377
67.93969849246231	0.03838953460683283
68.34170854271358	0.039209544924191785
68.74371859296483	0.042558316779460634
69.14572864321609	0.047693377657405354
69.54773869346734	0.053822217039790496
69.9497487437186	0.059716620405153666
70.35175879396985	0.06411162746336815
70.75376884422111	0.06640161514067752
71.15577889447236	0.06622420830632743
71.55778894472363	0.06329833121244445
71.95979899497488	0.05814268818029008
72.36180904522614	0.051615206472679274
72.76381909547739	0.04504231941355363
73.16582914572865	0.03942291726197963
73.5678391959799	0.035954633545627876
73.96984924623116	0.035143211663826016
74.37185929648241	0.037231226865574577
74.77386934673368	0.041788925244312936
75.17587939698493	0.047890173168152694
75.57788944723619	0.05443815941093207
75.97989949748744	0.0597614683143886
76.3819095477387	0.06348084282920376
76.78391959798995	0.06489310132821281
77.18592964824121	0.06379844045024509
77.58793969849246	0.0599921544783663
77.98994974874373	0.05452500141492067
78.39195979899498	0.04811410119661888
78.79396984924624	0.04217402375290699
79.19597989949749	0.03743508578439378
79.59798994974875	0.035339145545963194
80.0	0.035657786736750116
