0.0	0.022319696515183923
0.4020100502512563	0.021685055804544048
0.8040201005025126	0.017429855031837943
1.206030150753769	0.010487776134131727
1.6080402010050252	0.0020760867062455148
2.0100502512562817	0.00656268369893675
2.412060301507538	0.01312603200497845
2.814070351758794	0.016665617415766283
3.2160804020100504	0.01661807698917321
3.6180904522613067	0.012939815342758124
4.020100502512563	0.006205068820919598
4.42211055276382	0.0030857353638135323
4.824120603015076	0.011535610637264276
5.226130653266332	0.01896050277241714
5.628140703517588	0.023572745921055432
6.030150753768845	0.024595903331114607
6.432160804020101	0.0221578392657985
6.834170854271357	0.01631417674798636
7.236180904522613	0.008580364377424174
7.63819095477387	0.0018865740056613293
8.040201005025127	0.0072036314660568175
8.442211055276383	0.01177853470734901
8.84422110552764	0.012804381439273815
9.246231155778895	0.010254746203116286
9.648241206030152	0.005223159822392857
10.050251256281408	0.006310109780080288
10.452261306532664	0.01476388521779616
10.85427135678392	0.023018246030507568
11.256281407035177	0.02925996358847745
11.658291457286433	0.03213946912114147
12.06030150753769	0.03136005191972971
12.462311557788945	0.027262594519857575
12.864321608040202	0.02066548552833999
13.266331658291458	0.013030323537273505
13.668341708542714	0.00716059959585526
14.07035175879397	0.006122181976026548
14.472361809045227	0.007785136718228185
14.874371859296483	0.008187677237794852
15.27638190954774	0.008111561995734479
15.678391959798995	0.011195616391392226
16.080402010050253	0.017555083511420027
16.48241206030151	0.024135778028051887
16.884422110552766	0.029120452471752524
17.286432160804022	0.0317509162505087
17.68844221105528	0.0313059469060772
18.090452261306535	0.027903764683040573
18.49246231155779	0.022324205125043402
18.894472361809047	0.015679172624529836
19.296482412060303	0.010302954089041291
19.69849246231156	0.008951939718402548
20.100502512562816	0.010886044651381922
20.502512562814072	0.013359659303586988
20.90452261306533	0.015741584379621386
21.306532663316585	0.019323329255202706
21.70854271356784	0.02417093673971873
22.110552763819097	0.029831471807833004
22.512562814070353	0.03489931520573809
22.91457286432161	0.03818418122897009
23.316582914572866	0.03872389820158426
23.718592964824122	0.03657841865758343
24.12060301507538	0.031705041458519316
24.522613065326635	0.02581237823179213
24.92462311557789	0.020940039672576384
25.326633165829147	0.019961829129494145
25.728643216080403	0.022803307496463657
26.13065326633166	0.02665839307443783
26.532663316582916	0.030061506071290996
26.934673366834172	0.03284974895315553
27.33668341708543	0.03497579917170733
27.738693467336685	0.03684948729711388
28.14070351758794	0.03813362069489085
28.542713567839197	0.03875869051080263
28.944723618090453	0.03773808304725117
29.34673366834171	0.03520541436943766
29.748743718592966	0.03144930334188968
30.150753768844222	0.027684025702584387
30.55276381909548	0.025737030974302307
30.954773869346734	0.02725437184561779
31.35678391959799	0.03220233188323028
31.758793969849247	0.038786731014094133
32.16080402010051	0.04533684050503937
32.56281407035176	0.050651949317257625
32.96482412060302	0.05380444116903713
33.366834170854275	0.05462261691691596
33.76884422110553	0.0532119049175027
34.17085427135679	0.050088534316413615
34.572864321608044	0.04575130762218833
34.9748743718593	0.041279618425410905
35.37688442211056	0.037155624503316234
35.77889447236181	0.03452709132076851
36.18090452261307	0.034511171786387115
36.582914572864325	0.03779375813266928
36.98492462311558	0.044397102484580966
37.38693467336684	0.05307736313584741
37.788944723618094	0.062115963007752364
38.19095477386935	0.0696420758188672
38.59296482412061	0.0749806763958713
38.99497487437186	0.0770279722654452
39.39698492462312	0.07586786350696628
39.798994974874375	0.07211165446889359
40.20100502512563	0.06665359201997233
40.60301507537689	0.06086360754358751
41.005025125628144	0.05572871709277451
41.4070351758794	0.05244119494841735
41.80904522613066	0.05113729780494495
42.21105527638191	0.051932761156285666
42.61306532663317	0.05508858902654375
43.015075376884425	0.059844162387776775
43.41708542713568	0.06532604972393409
43.81909547738694	0.07053489113287859
44.221105527638194	0.07433256159249613
44.62311557788945	0.07613256375750818
45.02512562814071	0.07551342316397787
45.42713567839196	0.07280634560712344
45.82914572864322	0.06840676997376456
46.231155778894475	0.06311154516038253
46.63316582914573	0.05791923748766746
47.03517587939699	0.0534564930130809
47.437185929648244	0.04974239073661882
47.8391959798995	0.04765475578006749
48.24120603015076	0.046732359456344116
48.64321608040201	0.0480356668173545
49.04522613065327	0.051084941633760796
49.447236180904525	0.055880786382438305
49.84924623115578	0.060862323112790294
50.25125628140704	0.06460020737957581
50.653266331658294	0.06620331499846795
51.05527638190955	0.06514851941227293
51.45728643216081	0.06161545636681158
51.85929648241206	0.05642578702305796
52.26130653266332	0.05045230766118068
52.663316582914575	0.04531129147638921
53.06532663316583	0.04135743276475799
53.46733668341709	0.039478453052948184
53.869346733668344	0.039619061428486535
54.2713567839196	0.042365567322453015
54.67336683417086	0.047238661138398086
55.07537688442211	0.05383760311128226
55.47738693467337	0.060586990096999395
55.879396984924625	0.0659914093022512
56.28140703517588	0.06922687002904687
56.68341708542714	0.06953268281996998
57.085427135678394	0.06694241038941327
57.48743718592965	0.06244328716380247
57.88944723618091	0.05693937086209362
58.29145728643216	0.05173830081105135
58.69346733668342	0.04750237096649628
59.095477386934675	0.04451313897472618
59.49748743718593	0.04333871841268948
59.89949748743719	0.0445896587629821
60.301507537688444	0.04850561533248707
60.7035175879397	0.054443537685121446
61.10552763819096	0.061649179857755254
61.50753768844221	0.06839372372073088
61.90954773869347	0.07322519713417433
62.311557788944725	0.07529130366937056
62.71356783919598	0.07424434753003088
63.11557788944724	0.07051492994270878
63.517587939698494	0.06495561069486595
63.91959798994975	0.05903101995629646
64.32160804020101	0.05381349933185321
64.72361809045226	0.04986412765553882
65.12562814070353	0.04785470591192469
65.52763819095478	0.04832895104111653
65.92964824120604	0.05111061720318612
66.33165829145729	0.0560464700766269
66.73366834170855	0.06178183279021997
67.1356783919598	0.06751499032502242
67.53768844221106	0.07180578080384342
67.93969849246231	0.07385848598447335
68.34170854271358	0.07336655863135359
68.74371859296483	0.07055782100492128
69.14572864321609	0.06599820369109055
69.54773869346734	0.06051274611177404
69.9497487437186	0.0553295612690516
70.35175879396985	0.05103867987482493
70.75376884422111	0.04821628943220231
71.15577889447236	0.047413147851810486
71.55778894472363	0.04861420904913024
71.95979899497488	0.0518699489827224
72.36180904522614	0.05633398041402756
72.76381909547739	0.06119933027362057
73.16582914572865	0.0656541817366432
73.5678391959799	0.06887712415321709
73.96984924623116	0.07007812886594468
74.37185929648241	0.06944955750566352
74.77386934673368	0.06706890901532729
75.17587939698493	0.06326037682488454
75.57788944723619	0.0586971668524799
75.97989949748744	0.05378434021327011
76.3819095477387	0.04966156377860134
76.78391959798995	0.04681808601910896
77.18592964824121	0.045872616006934985
77.58793969849246	0.046769767998910916
77.98994974874373	0.049787212707556275
78.39195979899498	0.05413984170606453
78.79396984924624	0.059118385049612386
79.19597989949749	0.06395824067974094
79.59798994974875	0.0677921136342406
80.0	0.06993134658525872
