0.0	0.026948265577319767
0.4020100502512563	0.024849327731821667
0.8040201005025126	0.01893920915682419
1.206030150753769	0.01043152996929163
1.6080402010050252	0.0044070349218397215
2.0100502512562817	0.011151607207104574
2.412060301507538	0.017870214496456115
2.814070351758794	0.02090662477790122
3.2160804020100504	0.01973505286488424
3.6180904522613067	0.014379018826652198
4.020100502512563	0.005741901424414652
4.42211055276382	0.005196651921477689
4.824120603015076	0.015180003038347694
5.226130653266332	0.023360105064865654
5.628140703517588	0.02813968558000058
6.030150753768845	0.028748876037995384
6.432160804020101	0.025142489401860767
6.834170854271357	0.018491786678139492
7.236180904522613	0.011038319582292698
7.63819095477387	0.008911915956959362
8.040201005025127	0.013433698564019523
8.442211055276383	0.016967707216734445
8.84422110552764	0.01691979197535306
9.246231155778895	0.012412315629147425
9.648241206030152	0.004681866280866512
10.050251256281408	0.007663038097371772
10.452261306532664	0.018755027372695073
10.85427135678392	0.028951035549753184
11.256281407035177	0.036372203489579424
11.658291457286433	0.04029455931178215
12.06030150753769	0.0399841678886237
12.462311557788945	0.03592273216925918
12.864321608040202	0.02935047024029489
13.266331658291458	0.021442199254103983
13.668341708542714	0.014307848681398025
14.07035175879397	0.009488884768458942
14.472361809045227	0.007089493792600164
14.874371859296483	0.005279947405785258
15.27638190954774	0.004928540221468868
15.678391959798995	0.010694402297898661
16.080402010050253	0.01986540715518204
16.48241206030151	0.03028645286044076
16.884422110552766	0.04017851112877109
17.286432160804022	0.04831452694442489
17.68844221105528	0.05341187842554753
18.090452261306535	0.05497217520527237
18.49246231155779	0.052945886733238426
18.894472361809047	0.0477499304773286
19.296482412060303	0.040885825815632944
19.69849246231156	0.03400867031384128
20.100502512562816	0.028588475819212138
20.502512562814072	0.02612239669480606
20.90452261306533	0.02730672406750611
21.306532663316585	0.03219289530010851
21.70854271356784	0.039956985720546775
22.110552763819097	0.049581336556929256
22.512562814070353	0.05932936105257236
22.91457286432161	0.06834521064766466
23.316582914572866	0.07503181109364096
23.718592964824122	0.0788199935859193
24.12060301507538	0.07919184266840494
24.522613065326635	0.076661054323478
24.92462311557789	0.0713704137310177
25.326633165829147	0.06442359598692429
25.728643216080403	0.05707935628122167
26.13065326633166	0.050319425620849664
26.532663316582916	0.04464631117046007
26.934673366834172	0.040851524340265385
27.33668341708543	0.03953829012239261
27.738693467336685	0.04111584756583299
28.14070351758794	0.04558259539546804
28.542713567839197	0.05273074032409125
28.944723618090453	0.061892466080772146
29.34673366834171	0.07119570125667088
29.748743718592966	0.07865288738967716
30.150753768844222	0.0826471923084091
30.55276381909548	0.08220790170744828
30.954773869346734	0.0772873703143811
31.35678391959799	0.06860540288463755
31.758793969849247	0.057375101023641614
32.16080402010051	0.04600193331346374
32.56281407035176	0.03609250089866671
32.96482412060302	0.02945860983604092
33.366834170854275	0.026554605173188185
33.76884422110553	0.028036074815700907
34.17085427135679	0.03456749020881678
34.572864321608044	0.044080937412691666
34.9748743718593	0.05503933170939033
35.37688442211056	0.06459519002222348
35.77889447236181	0.07115501450922654
36.18090452261307	0.073321883215513
36.582914572864325	0.07116905489279518
36.98492462311558	0.06516924413986593
37.38693467336684	0.05669810429892398
37.788944723618094	0.04728703528375959
38.19095477386935	0.038539754892988956
38.59296482412061	0.03215236981338452
38.99497487437186	0.02896580581315129
39.39698492462312	0.029875356485708097
39.798994974874375	0.034537828209829764
40.20100502512563	0.04189983120435043
40.60301507537689	0.05025224689608417
41.005025125628144	0.05791167358402612
41.4070351758794	0.06370847312093107
41.80904522613066	0.06681548176197974
42.21105527638191	0.06726177894015198
42.61306532663317	0.0651429715383416
43.015075376884425	0.061277129106607556
43.41708542713568	0.05602432317567304
43.81909547738694	0.0503453649093632
44.221105527638194	0.0451318248805681
44.62311557788945	0.04113193864219345
45.02512562814071	0.039093827389394445
45.42713567839196	0.039606552726623695
45.82914572864322	0.04254628852175246
46.231155778894475	0.04731791760835251
46.63316582914573	0.0531391209848628
47.03517587939699	0.058889777303919734
47.437185929648244	0.06354117279018379
47.8391959798995	0.06610738976159383
48.24120603015076	0.06652850195034345
48.64321608040201	0.06447960938691151
49.04522613065327	0.06048040797643241
49.447236180904525	0.05486449565029544
49.84924623115578	0.04860795352840747
50.25125628140704	0.04263015045434414
50.653266331658294	0.03791634340608082
51.05527638190955	0.03546018137906099
51.45728643216081	0.03552240069545695
51.85929648241206	0.038093231565025816
52.26130653266332	0.04247524262394437
52.663316582914575	0.04818180787089981
53.06532663316583	0.05411092540075761
53.46733668341709	0.05950554993863194
53.869346733668344	0.06368291689867607
54.2713567839196	0.06604438627418822
54.67336683417086	0.06575590345473084
55.07537688442211	0.06303578380686735
55.47738693467337	0.05808132373277645
55.879396984924625	0.05155933871529204
56.28140703517588	0.04490077861521603
56.68341708542714	0.03922703313567624
57.085427135678394	0.035644293938434525
57.48743718592965	0.03519463470551301
57.88944723618091	0.03804907445174758
58.29145728643216	0.04392061131120019
58.69346733668342	0.051184124422929266
59.095477386934675	0.059077277789989294
59.49748743718593	0.06574307241586752
59.89949748743719	0.0702002275989364
60.301507537688444	0.07098015977981946
60.7035175879397	0.06816428303098525
61.10552763819096	0.06203601482394244
61.50753768844221	0.05390685811938466
61.90954773869347	0.045271345247467266
62.311557788944725	0.03788661506875005
62.71356783919598	0.03289713382043694
63.11557788944724	0.03128066830974545
63.517587939698494	0.033302274367354806
63.91959798994975	0.03886451384567877
64.32160804020101	0.04689826526440918
64.72361809045226	0.05581954296813407
65.12562814070353	0.06386176401214771
65.52763819095478	0.06967462237843591
65.92964824120604	0.07244808954510604
66.33165829145729	0.07134666632431963
66.73366834170855	0.06723894032003147
67.1356783919598	0.060464994755770864
67.53768844221106	0.05245636172508824
67.93969849246231	0.04462650243863604
68.34170854271358	0.0383770040061109
68.74371859296483	0.034904663180979636
69.14572864321609	0.0349004879878617
69.54773869346734	0.03832736498960882
69.9497487437186	0.044699307962790466
70.35175879396985	0.0524003880332082
70.75376884422111	0.0601167899040429
71.15577889447236	0.06625122403905025
71.55778894472363	0.06952665895659933
71.95979899497488	0.0698682744435844
72.36180904522614	0.06684373507685552
72.76381909547739	0.06109468762407294
73.16582914572865	0.0535065507413429
73.5678391959799	0.04559711299804976
73.96984924623116	0.038373757155713964
74.37185929648241	0.03310727655211442
74.77386934673368	0.030730903512695286
75.17587939698493	0.03177904565674082
75.57788944723619	0.036598816536708816
75.97989949748744	0.04421080162495266
76.3819095477387	0.053059927446106034
76.78391959798995	0.061688620688044225
77.18592964824121	0.06823994930539169
77.58793969849246	0.07142049531393321
77.98994974874373	0.07077456128126733
78.39195979899498	0.06633812360508
78.79396984924624	0.05899922536286915
79.19597989949749	0.05037667927320003
79.59798994974875	0.04241938199084309
80.0	0.03626574693592331
