0.0	0.012823742279211413
0.4020100502512563	0.014500029100135123
0.8040201005025126	0.013824197493163149
1.206030150753769	0.010953739260072011
1.6080402010050252	0.006747849871983821
2.0100502512562817	0.0027121125021454064
2.412060301507538	0.004685853720875143
2.814070351758794	0.007929701690728869
3.2160804020100504	0.009235958501923748
3.6180904522613067	0.008402609730867781
4.020100502512563	0.005318314643159763
4.42211055276382	0.0011047710319990686
4.824120603015076	0.005712260780661187
5.226130653266332	0.011476207340618416
5.628140703517588	0.01619664640757624
6.030150753768845	0.01903256897330237
6.432160804020101	0.01965644723386931
6.834170854271357	0.018190421009219266
7.236180904522613	0.014839448962683768
7.63819095477387	0.010878172972659233
8.040201005025127	0.007679201891241927
8.442211055276383	0.006688998742091712
8.84422110552764	0.006701032173478989
9.246231155778895	0.006173536472165132
9.648241206030152	0.0057224859248315675
10.050251256281408	0.007992099966852835
10.452261306532664	0.013071384315967136
10.85427135678392	0.01905355799527007
11.256281407035177	0.024562760417194233
11.658291457286433	0.02852839929111197
12.06030150753769	0.030463756272379256
12.462311557788945	0.03027928122397367
12.864321608040202	0.02824316943604358
13.266331658291458	0.024872697499895284
13.668341708542714	0.020909809221539188
14.07035175879397	0.017165149490093495
14.472361809045227	0.014265603912371827
14.874371859296483	0.012666917016665068
15.27638190954774	0.01162109567392576
15.678391959798995	0.011138386068590574
16.080402010050253	0.0123059296377071
16.48241206030151	0.016434833655435924
16.884422110552766	0.022409036906454512
17.286432160804022	0.028758598901158106
17.68844221105528	0.03431778062376112
18.090452261306535	0.03825918749925666
18.49246231155779	0.039971252453283104
18.894472361809047	0.039229440096041165
19.296482412060303	0.03670902242579018
19.69849246231156	0.03358350827537576
20.100502512562816	0.030632914059898424
20.502512562814072	0.028565557993449515
20.90452261306533	0.02744629852529154
21.306532663316585	0.026502271843423502
21.70854271356784	0.026008739386719004
22.110552763819097	0.026703585508330168
22.512562814070353	0.02944146573968991
22.91457286432161	0.034042972321624496
23.316582914572866	0.03882498048234785
23.718592964824122	0.04265869224365299
24.12060301507538	0.04462445616041327
24.522613065326635	0.04450394625323714
24.92462311557789	0.04267662758008292
25.326633165829147	0.04034449744174655
25.728643216080403	0.038585046759790784
26.13065326633166	0.03794315578601747
26.532663316582916	0.03835038396017797
26.934673366834172	0.038771879848443325
27.33668341708543	0.039157079702875935
27.738693467336685	0.040031703367864754
28.14070351758794	0.04243341747935953
28.542713567839197	0.0463759818451642
28.944723618090453	0.05166313797513909
29.34673366834171	0.05706439784992249
29.748743718592966	0.06152310582817801
30.150753768844222	0.06393874875182112
30.55276381909548	0.06452103552179123
30.954773869346734	0.06352288800991909
31.35678391959799	0.06180099624205587
31.758793969849247	0.059870155375440756
32.16080402010051	0.05846338299644129
32.56281407035176	0.05719770756532124
32.96482412060302	0.05599895281484413
33.366834170854275	0.05465077381352066
33.76884422110553	0.053407573680019894
34.17085427135679	0.053047670549725257
34.572864321608044	0.053617953797614894
34.9748743718593	0.05510589646022317
35.37688442211056	0.05725360036227593
35.77889447236181	0.05920436707438985
36.18090452261307	0.06031121032853635
36.582914572864325	0.060886010108977165
36.98492462311558	0.06128285428730451
37.38693467336684	0.06144845858312231
37.788944723618094	0.06153462961917017
38.19095477386935	0.061682346130101505
38.59296482412061	0.061030312602104606
38.99497487437186	0.05979488034741327
39.39698492462312	0.05793447563665947
39.798994974874375	0.05577968562251404
40.20100502512563	0.05400020761388676
40.60301507537689	0.052893143197664985
41.005025125628144	0.05289120626466663
41.4070351758794	0.054001740184830095
41.80904522613066	0.055674631602568504
42.21105527638191	0.057173895883655124
42.61306532663317	0.05854222182450784
43.015075376884425	0.05913468662170194
43.41708542713568	0.05922375198893903
43.81909547738694	0.05933337630732823
44.221105527638194	0.05928222504172479
44.62311557788945	0.05905418679084255
45.02512562814071	0.05817176666039751
45.42713567839196	0.05698590224333742
45.82914572864322	0.05531802165525621
46.231155778894475	0.053926901965765536
46.63316582914573	0.05345561541001621
47.03517587939699	0.05388405306264278
47.437185929648244	0.055139109197337645
47.8391959798995	0.05669397885156805
48.24120603015076	0.05804683829544131
48.64321608040201	0.05880411133466225
49.04522613065327	0.05909429115201555
49.447236180904525	0.05908185771541642
49.84924623115578	0.05878408633678811
50.25125628140704	0.05884174291224505
50.653266331658294	0.058608570733276036
51.05527638190955	0.05809506166175229
51.45728643216081	0.05696307972517589
51.85929648241206	0.055403806088456055
52.26130653266332	0.0536617473604716
52.663316582914575	0.0526771772240628
53.06532663316583	0.052621085318922914
53.46733668341709	0.05393348752738849
53.869346733668344	0.0559687390685078
54.2713567839196	0.05760569790233496
54.67336683417086	0.05855574624666533
55.07537688442211	0.058673194070985465
55.47738693467337	0.05827053981889567
55.879396984924625	0.058071755472523634
56.28140703517588	0.05765403456993886
56.68341708542714	0.05707220090527919
57.085427135678394	0.05615918342395191
57.48743718592965	0.05491579004256684
57.88944723618091	0.05329516507790707
58.29145728643216	0.052448577472307065
58.69346733668342	0.05270284077590065
59.095477386934675	0.05454902518844016
59.49748743718593	0.05678005080039746
59.89949748743719	0.05865357430176166
60.301507537688444	0.059557367463230405
60.7035175879397	0.059165612178648706
61.10552763819096	0.05776750503170872
61.50753768844221	0.05598190088014583
61.90954773869347	0.05459891728576468
62.311557788944725	0.05381414356435601
62.71356783919598	0.05330422461214459
63.11557788944724	0.05293594770211667
63.517587939698494	0.05233910922132642
63.91959798994975	0.05248146444283978
64.32160804020101	0.05311341533200953
64.72361809045226	0.05498095380732336
65.12562814070353	0.05725800629615976
65.52763819095478	0.0595789486749978
65.92964824120604	0.06088460781823901
66.33165829145729	0.060962890209072994
66.73366834170855	0.05997340413035469
67.1356783919598	0.058053248701195624
67.53768844221106	0.05609209143643815
67.93969849246231	0.054396887409217234
68.34170854271358	0.05354545576741933
68.74371859296483	0.05336999859687408
69.14572864321609	0.053595951496958394
69.54773869346734	0.05398558971731772
69.9497487437186	0.055084041652890256
70.35175879396985	0.056731841047322484
70.75376884422111	0.058683748822280966
71.15577889447236	0.06052989744290653
71.55778894472363	0.061963250847988184
71.95979899497488	0.06239199393566246
72.36180904522614	0.06182319992008015
72.76381909547739	0.06023762466569542
73.16582914572865	0.057890114832607496
73.5678391959799	0.05548427903638571
73.96984924623116	0.05395055946895294
74.37185929648241	0.05326089689429172
74.77386934673368	0.05350143089023661
75.17587939698493	0.0543806799913739
75.57788944723619	0.055340602999444134
75.97989949748744	0.05624087745833373
76.3819095477387	0.057638644540144744
76.78391959798995	0.05900665566494486
77.18592964824121	0.06023513437246062
77.58793969849246	0.06115457805452461
77.98994974874373	0.06146709642415493
78.39195979899498	0.060817062107446404
78.79396984924624	0.05923584879002545
79.19597989949749	0.057045412570848865
79.59798994974875	0.05491565523456774
80.0	0.05354032547948297
