0.0	0.009741063464259726
0.4020100502512563	0.009312372176579795
0.8040201005025126	0.008185508523549758
1.206030150753769	0.007271287002939962
1.6080402010050252	0.006858328693650453
2.0100502512562817	0.0070576365078716145
2.412060301507538	0.007381132202525573
2.814070351758794	0.007218657714767209
3.2160804020100504	0.006117935122106966
3.6180904522613067	0.0044270198753600335
4.020100502512563	0.0027412222312448034
4.42211055276382	0.0036783917780420215
4.824120603015076	0.006545501472116515
5.226130653266332	0.009344832323663052
5.628140703517588	0.011426655086393374
6.030150753768845	0.012563621818296788
6.432160804020101	0.013159269194092774
6.834170854271357	0.013078632051068826
7.236180904522613	0.012659619141767475
7.63819095477387	0.012073024045952658
8.040201005025127	0.011419541228226363
8.442211055276383	0.010176759258039634
8.84422110552764	0.008302045203510461
9.246231155778895	0.006469354238490469
9.648241206030152	0.006456266798360576
10.050251256281408	0.009508968641835001
10.452261306532664	0.01428844633692435
10.85427135678392	0.019081163396736645
11.256281407035177	0.0231140186393811
11.658291457286433	0.02627119733221387
12.06030150753769	0.02819026224324177
12.462311557788945	0.028919292925387186
12.864321608040202	0.02842578866841681
13.266331658291458	0.02701863222563588
13.668341708542714	0.02488536505757743
14.07035175879397	0.02233342453232794
14.472361809045227	0.019297826873941524
14.874371859296483	0.016298134315018198
15.27638190954774	0.013681082995441657
15.678391959798995	0.011713911231493849
16.080402010050253	0.011184361912479944
16.48241206030151	0.012541537793397789
16.884422110552766	0.016542664021738297
17.286432160804022	0.02172286379263791
17.68844221105528	0.02765761731973258
18.090452261306535	0.03323285279942882
18.49246231155779	0.037336434277991104
18.894472361809047	0.03889739561687814
19.296482412060303	0.038185402839008516
19.69849246231156	0.03542720902316769
20.100502512562816	0.031268973497351284
20.502512562814072	0.026833629728449476
20.90452261306533	0.02299463205848556
21.306532663316585	0.01993095389542602
21.70854271356784	0.0178882158157423
22.110552763819097	0.017146836063425548
22.512562814070353	0.01836468559951316
22.91457286432161	0.021223224867332732
23.316582914572866	0.02535660751578428
23.718592964824122	0.029766361572970617
24.12060301507538	0.033375980141949715
24.522613065326635	0.035441818196737675
24.92462311557789	0.03577153740952895
25.326633165829147	0.034445838176644206
25.728643216080403	0.03212795922061086
26.13065326633166	0.029170877112487885
26.532663316582916	0.026196161367061536
26.934673366834172	0.023533035482913148
27.33668341708543	0.02090349374113231
27.738693467336685	0.018539368091301817
28.14070351758794	0.017855722937392217
28.542713567839197	0.020648587787015664
28.944723618090453	0.026068982390981814
29.34673366834171	0.03229928235597051
29.748743718592966	0.03816412046425864
30.150753768844222	0.042416198007327224
30.55276381909548	0.044992184810175355
30.954773869346734	0.04579757830898072
31.35678391959799	0.045251099996844714
31.758793969849247	0.043552465479396424
32.16080402010051	0.0409045192393888
32.56281407035176	0.03763005868879685
32.96482412060302	0.03419444646170458
33.366834170854275	0.03122401728560964
33.76884422110553	0.03021467379170285
34.17085427135679	0.03180019190899276
34.572864321608044	0.03579269172250855
34.9748743718593	0.04132253071026976
35.37688442211056	0.047313877954957506
35.77889447236181	0.052972371533520156
36.18090452261307	0.058246351059612664
36.582914572864325	0.06242745213787211
36.98492462311558	0.06480158538665917
37.38693467336684	0.06518520059541215
37.788944723618094	0.06371184698271919
38.19095477386935	0.06046103315474116
38.59296482412061	0.05640009178393437
38.99497487437186	0.052324271678007475
39.39698492462312	0.04937780343805173
39.798994974874375	0.048247121338129986
40.20100502512563	0.04889481989049004
40.60301507537689	0.05086190539737127
41.005025125628144	0.05364928806355065
41.4070351758794	0.05669470456964891
41.80904522613066	0.059550881638704055
42.21105527638191	0.06237699461035888
42.61306532663317	0.06511398434636907
43.015075376884425	0.06673261548134415
43.41708542713568	0.0672792717585429
43.81909547738694	0.06605011009208753
44.221105527638194	0.06309971885624727
44.62311557788945	0.058542455850098575
45.02512562814071	0.05331160513981874
45.42713567839196	0.048140108432201935
45.82914572864322	0.04400748823122695
46.231155778894475	0.04122771603851074
46.63316582914573	0.04038429396607034
47.03517587939699	0.04133464662151309
47.437185929648244	0.0437542386186853
47.8391959798995	0.04699645030933282
48.24120603015076	0.050513683389618855
48.64321608040201	0.05322186755559947
49.04522613065327	0.05461663059093944
49.447236180904525	0.05421357187791424
49.84924623115578	0.05218252432237499
50.25125628140704	0.048825601221818934
50.653266331658294	0.04465280691406903
51.05527638190955	0.04024014679490089
51.45728643216081	0.03661852057464261
51.85929648241206	0.03375427192671259
52.26130653266332	0.03277017242796916
52.663316582914575	0.03330381588253249
53.06532663316583	0.03539041690475371
53.46733668341709	0.03874678746393192
53.869346733668344	0.042398423805838706
54.2713567839196	0.04589514110235972
54.67336683417086	0.04850630602483814
55.07537688442211	0.04970327546453849
55.47738693467337	0.04951770239291021
55.879396984924625	0.04813715344434174
56.28140703517588	0.04602267319635516
56.68341708542714	0.043517342358350426
57.085427135678394	0.04134251527281024
57.48743718592965	0.03959705581994202
57.88944723618091	0.03845879185863803
58.29145728643216	0.03821425048086218
58.69346733668342	0.03865431568574731
59.095477386934675	0.039892798365078655
59.49748743718593	0.0420668791562545
59.89949748743719	0.044670461757902194
60.301507537688444	0.047463229384782216
60.7035175879397	0.049908026850940417
61.10552763819096	0.05188532690559835
61.50753768844221	0.05305459859088781
61.90954773869347	0.053252053533713706
62.311557788944725	0.05198976662382865
62.71356783919598	0.05011325827531837
63.11557788944724	0.04770634424049999
63.517587939698494	0.04506928330449462
63.91959798994975	0.0426719239216295
64.32160804020101	0.04138321973400211
64.72361809045226	0.04120076259284264
65.12562814070353	0.04269122888856973
65.52763819095478	0.04593682667109801
65.92964824120604	0.05065910255618161
66.33165829145729	0.05599490591710908
66.73366834170855	0.06102847186357431
67.1356783919598	0.0648923405186754
67.53768844221106	0.06625851248796788
67.93969849246231	0.065583614845177
68.34170854271358	0.06321910545058672
68.74371859296483	0.059483605149083664
69.14572864321609	0.05595619916633977
69.54773869346734	0.05269619774571577
69.9497487437186	0.050443393683934655
70.35175879396985	0.04907215774736129
70.75376884422111	0.0485317468234918
71.15577889447236	0.048941800971013555
71.55778894472363	0.05045315120763057
71.95979899497488	0.05287582214731938
72.36180904522614	0.0557709548950483
72.76381909547739	0.058713081859922925
73.16582914572865	0.06088750397365218
73.5678391959799	0.061697098039787554
73.96984924623116	0.06117271369567543
74.37185929648241	0.05934241069401652
74.77386934673368	0.05683353814955242
75.17587939698493	0.05395642272240257
75.57788944723619	0.051378571836224296
75.97989949748744	0.04873368088046956
76.3819095477387	0.04659479670711612
76.78391959798995	0.04464548989404637
77.18592964824121	0.04384505585619201
77.58793969849246	0.044518435846519176
77.98994974874373	0.046997055365407325
78.39195979899498	0.05083252068310792
78.79396984924624	0.05473346320490281
79.19597989949749	0.057579694299025985
79.59798994974875	0.05882775315567661
80.0	0.05823930310544404
