0.0	0.006187049059159205
0.4020100502512563	0.005065397332317293
0.8040201005025126	0.0032231500996960038
1.206030150753769	0.002306526408932352
1.6080402010050252	0.0032246040480643466
2.0100502512562817	0.004791643244394933
2.412060301507538	0.00563847553609303
2.814070351758794	0.0056726340389791335
3.2160804020100504	0.00486463916240105
3.6180904522613067	0.0030784500764064826
4.020100502512563	0.0010810014689929897
4.42211055276382	0.0017616541149104842
4.824120603015076	0.0037663384440352827
5.226130653266332	0.005223276815480105
5.628140703517588	0.005714626623821147
6.030150753768845	0.00569414759472047
6.432160804020101	0.004954736087014393
6.834170854271357	0.004539663436953347
7.236180904522613	0.005319604019924222
7.63819095477387	0.006431309830021957
8.040201005025127	0.007645994378524286
8.442211055276383	0.008298104029669863
8.84422110552764	0.007843404182902568
9.246231155778895	0.00691863978016548
9.648241206030152	0.006136612594569971
10.050251256281408	0.006273148614647127
10.452261306532664	0.007930132652442433
10.85427135678392	0.010081193566400318
11.256281407035177	0.01225480778384314
11.658291457286433	0.014007374139164563
12.06030150753769	0.015620563113105515
12.462311557788945	0.017501189875838832
12.864321608040202	0.019229416862390047
13.266331658291458	0.02170584505071082
13.668341708542714	0.024433720719061726
14.07035175879397	0.02671521780767469
14.472361809045227	0.02810931907194692
14.874371859296483	0.028821864132506564
15.27638190954774	0.028482205937021176
15.678391959798995	0.026101169899616757
16.080402010050253	0.020682242393294647
16.48241206030151	0.011921065511104343
16.884422110552766	0.0006149649442251689
17.286432160804022	0.011645737551161857
17.68844221105528	0.01927440665590422
18.090452261306535	0.020245508326672303
18.49246231155779	0.015353418858686019
18.894472361809047	0.011652111649755627
19.296482412060303	0.02435019451849062
19.69849246231156	0.04187221475816642
20.100502512562816	0.0568357319332554
20.502512562814072	0.06603512145132703
20.90452261306533	0.06728116430031292
21.306532663316585	0.06054332540067557
21.70854271356784	0.04721245722229671
22.110552763819097	0.030552617381645514
22.512562814070353	0.017237895060489714
22.91457286432161	0.018711529673750206
23.316582914572866	0.02611283924803513
23.718592964824122	0.028187809456257255
24.12060301507538	0.022748978611519345
24.522613065326635	0.01490444486195822
24.92462311557789	0.020845141850658867
25.326633165829147	0.038835206910695926
25.728643216080403	0.05633083020832062
26.13065326633166	0.0691549860935626
26.532663316582916	0.07445124138975415
26.934673366834172	0.0715285106641572
27.33668341708543	0.062187203184759066
27.738693467336685	0.049150451729429084
28.14070351758794	0.03868736303376236
28.542713567839197	0.03517606992642017
28.944723618090453	0.03669148652079695
29.34673366834171	0.03774940489594547
29.748743718592966	0.037197465918881394
30.150753768844222	0.03839327142775158
30.55276381909548	0.047249184530285586
30.954773869346734	0.06315224107607285
31.35678391959799	0.07933081553065792
31.758793969849247	0.09157797200076409
32.16080402010051	0.0963111258707902
32.56281407035176	0.09303503246328222
32.96482412060302	0.08189451191756453
33.366834170854275	0.06469326479079503
33.76884422110553	0.04479316526502939
34.17085427135679	0.027523568781501317
34.572864321608044	0.019661817221362253
34.9748743718593	0.021891426017976997
35.37688442211056	0.024616871535486674
35.77889447236181	0.02760712653022367
36.18090452261307	0.036241519059953355
36.582914572864325	0.05123770203188266
36.98492462311558	0.06777404102316117
37.38693467336684	0.08133936731936886
37.788944723618094	0.08860672571088747
38.19095477386935	0.08822699062723607
38.59296482412061	0.07972776534383767
38.99497487437186	0.06401065820430918
39.39698492462312	0.043324581872545675
39.798994974874375	0.020995272740225862
40.20100502512563	0.00795995792224316
40.60301507537689	0.02124744257198779
41.005025125628144	0.03201008012528741
41.4070351758794	0.035451101312163925
41.80904522613066	0.03249342546217969
42.21105527638191	0.027186219587593135
42.61306532663317	0.02739845872328022
43.015075376884425	0.03667590381407422
43.41708542713568	0.048277929603838435
43.81909547738694	0.056652339261233045
44.221105527638194	0.05866161175833743
44.62311557788945	0.05392255639620375
45.02512562814071	0.04353616238219838
45.42713567839196	0.03042286581142207
45.82914572864322	0.021635907101363504
46.231155778894475	0.02575100027583437
46.63316582914573	0.034916040556994696
47.03517587939699	0.04004674163308627
47.437185929648244	0.0375525327498827
47.8391959798995	0.028015325407168223
48.24120603015076	0.012805354724205228
48.64321608040201	0.006498833449688032
49.04522613065327	0.023479534853733976
49.447236180904525	0.0370102398022428
49.84924623115578	0.04405567133073767
50.25125628140704	0.04383895065945872
50.653266331658294	0.037731350433357375
51.05527638190955	0.031142702676601058
51.45728643216081	0.03457541230540455
51.85929648241206	0.04784878130856078
52.26130653266332	0.061346043077577864
52.663316582914575	0.06920482378773542
53.06532663316583	0.06917841615187083
53.46733668341709	0.06100203620757396
53.869346733668344	0.0468332736673267
54.2713567839196	0.03138709889071013
54.67336683417086	0.023398953908711252
55.07537688442211	0.028613010607835172
55.47738693467337	0.03649023273558923
55.879396984924625	0.04042481221988376
56.28140703517588	0.04119026881503317
56.68341708542714	0.043368641932348864
57.085427135678394	0.051528715355657284
57.48743718592965	0.06412512258122398
57.88944723618091	0.0757437621309918
58.29145728643216	0.08227340517770373
58.69346733668342	0.08139608748152649
59.095477386934675	0.07259495130154969
59.49748743718593	0.0572412700584277
59.89949748743719	0.038295751339839215
60.301507537688444	0.01887567762960373
60.7035175879397	0.004416267710276244
61.10552763819096	0.013572187045141682
61.50753768844221	0.022849262038251095
61.90954773869347	0.029869707934690303
62.311557788944725	0.03673470319089298
62.71356783919598	0.04553504367001029
63.11557788944724	0.055588806316206565
63.517587939698494	0.06404507639136967
63.91959798994975	0.06852061219713124
64.32160804020101	0.0670845877647363
64.72361809045226	0.05927979973492331
65.12562814070353	0.0461617371386837
65.52763819095478	0.03005882898786206
65.92964824120604	0.014044448201288667
66.33165829145729	0.008438997589717367
66.73366834170855	0.01676697698858899
67.1356783919598	0.02182084902530846
67.53768844221106	0.022539378629762075
67.93969849246231	0.021713600590862685
68.34170854271358	0.02599378557168781
68.74371859296483	0.03595989291285272
69.14572864321609	0.04699534843988732
69.54773869346734	0.05576321707379024
69.9497487437186	0.06018226565125678
70.35175879396985	0.05927143622985417
70.75376884422111	0.05401971382480777
71.15577889447236	0.04517164309456008
71.55778894472363	0.0362785719711528
71.95979899497488	0.030707885769179787
72.36180904522614	0.03012501320475646
72.76381909547739	0.030922392788612522
73.16582914572865	0.02831816800814655
73.5678391959799	0.020322146218949393
73.96984924623116	0.007291186726969405
74.37185929648241	0.009143359507821707
74.77386934673368	0.026250234198432715
75.17587939698493	0.04122755876988362
75.57788944723619	0.05173040082248716
75.97989949748744	0.056697219344279
76.3819095477387	0.05532900520321743
76.78391959798995	0.049706351686527775
77.18592964824121	0.04373294920489433
77.58793969849246	0.04186179942679636
77.98994974874373	0.0448148271089555
78.39195979899498	0.04806537517301797
78.79396984924624	0.047841732845796354
79.19597989949749	0.04230613683699404
79.59798994974875	0.031846186379506855
80.0	0.019683528225063238
