0.0	0.03359558632594431
0.4020100502512563	0.029365735066221414
0.8040201005025126	0.020235305366859305
1.206030150753769	0.008606811794890083
1.6080402010050252	0.007110716112536226
2.0100502512562817	0.01769218671608551
2.412060301507538	0.02526071006859651
2.814070351758794	0.027819485567096604
3.2160804020100504	0.025042532825494172
3.6180904522613067	0.016817397788761297
4.020100502512563	0.005244007035768303
4.42211055276382	0.007870370626544426
4.824120603015076	0.019656185918570854
5.226130653266332	0.028511628369211634
5.628140703517588	0.03233821347043391
6.030150753768845	0.030497102826105054
6.432160804020101	0.02374629866861801
6.834170854271357	0.013818088807445797
7.236180904522613	0.006956701478318503
7.63819095477387	0.014600288232404581
8.040201005025127	0.02335008868886315
8.442211055276383	0.027873928402465088
8.84422110552764	0.026915887905017106
9.246231155778895	0.02050291356167624
9.648241206030152	0.010094380611219016
10.050251256281408	0.0044990285732726355
10.452261306532664	0.016882634023147575
10.85427135678392	0.027743472543440457
11.256281407035177	0.034729755363868596
11.658291457286433	0.03642029420660195
12.06030150753769	0.032975036728793
12.462311557788945	0.025416954326714158
12.864321608040202	0.016552363876492913
13.266331658291458	0.01222512825668275
13.668341708542714	0.016488531997453464
14.07035175879397	0.021239762899485683
14.472361809045227	0.022043459980539023
14.874371859296483	0.018022088063637955
15.27638190954774	0.011767110975754783
15.678391959798995	0.013691076663047483
16.080402010050253	0.025305410811964003
16.48241206030151	0.03807459765339437
16.884422110552766	0.048210934710826894
17.286432160804022	0.05376666584914165
17.68844221105528	0.05429246057965161
18.090452261306535	0.049954812921432765
18.49246231155779	0.04174678134248189
18.894472361809047	0.03210674393130579
19.296482412060303	0.02326368026050872
19.69849246231156	0.018207071406628767
20.100502512562816	0.01688849107041267
20.502512562814072	0.01589037976163207
20.90452261306533	0.013023682532949405
21.306532663316585	0.01009858167415399
21.70854271356784	0.01461231266124421
22.110552763819097	0.02554868692308168
22.512562814070353	0.03781453334379616
22.91457286432161	0.048903575277901554
23.316582914572866	0.056969120737783575
23.718592964824122	0.06026638216328249
24.12060301507538	0.05874129810421804
24.522613065326635	0.052562356128069546
24.92462311557789	0.04273404485071107
25.326633165829147	0.031006604733332426
25.728643216080403	0.019273399647330127
26.13065326633166	0.009534026191466687
26.532663316582916	0.0034360519828455366
26.934673366834172	0.004799495939470386
27.33668341708543	0.011779854178840322
27.738693467336685	0.02219946652757017
28.14070351758794	0.03485019540114505
28.542713567839197	0.047864672732882335
28.944723618090453	0.05892865281772004
29.34673366834171	0.06595048777649082
29.748743718592966	0.06797861790369523
30.150753768844222	0.06496123408328565
30.55276381909548	0.05745941320961023
30.954773869346734	0.047489834860302504
31.35678391959799	0.037249048391913585
31.758793969849247	0.02961729262180658
32.16080402010051	0.026850333131334208
32.56281407035176	0.028732089781798524
32.96482412060302	0.03388705369157617
33.366834170854275	0.042013198861127914
33.76884422110553	0.05237624432930092
34.17085427135679	0.06420167153325548
34.572864321608044	0.07523268413772864
34.9748743718593	0.08314785168890078
35.37688442211056	0.08628909225804694
35.77889447236181	0.0839174197439747
36.18090452261307	0.07646671773041704
36.582914572864325	0.06478004347642675
36.98492462311558	0.05133264168966152
37.38693467336684	0.038952901485097655
37.788944723618094	0.03134255435430902
38.19095477386935	0.030967299631568468
38.59296482412061	0.03591879720173935
38.99497487437186	0.04355344699501788
39.39698492462312	0.05253331371504727
39.798994974874375	0.06241237174245891
40.20100502512563	0.07189578737148931
40.60301507537689	0.07970048657601506
41.005025125628144	0.08365878058662762
41.4070351758794	0.0825807890012493
41.80904522613066	0.07626368767839173
42.21105527638191	0.06540117675298088
42.61306532663317	0.0513148458828868
43.015075376884425	0.03769471336492996
43.41708542713568	0.02964711313479849
43.81909547738694	0.031061539111554144
44.221105527638194	0.03818336972935925
44.62311557788945	0.04557939951185203
45.02512562814071	0.05186580852085286
45.42713567839196	0.05721049601839776
45.82914572864322	0.06217422077461292
46.231155778894475	0.06646086627529033
46.63316582914573	0.06932688516352227
47.03517587939699	0.06958389608988673
47.437185929648244	0.06621561764650881
47.8391959798995	0.05908358508894858
48.24120603015076	0.04888218795785114
48.64321608040201	0.03795566063582681
49.04522613065327	0.03140914626656445
49.447236180904525	0.0340242414454048
49.84924623115578	0.04284605930233273
50.25125628140704	0.052865564518756666
50.653266331658294	0.06129761667214121
51.05527638190955	0.06769747580266164
51.45728643216081	0.07219126217399414
51.85929648241206	0.07474066529666912
52.26130653266332	0.07539231078887271
52.663316582914575	0.07346024713652746
53.06532663316583	0.06845698103268265
53.46733668341709	0.060672581999433685
53.869346733668344	0.050702319706595146
54.2713567839196	0.0399286433087826
54.67336683417086	0.033301985354694606
55.07537688442211	0.03656751716688436
55.47738693467337	0.04799824868278533
55.879396984924625	0.06194990361773436
56.28140703517588	0.07424677581818048
56.68341708542714	0.0826897078642127
57.085427135678394	0.08619440088235757
57.48743718592965	0.08463132034654161
57.88944723618091	0.07903127820493121
58.29145728643216	0.07079276390019534
58.69346733668342	0.061707216035937394
59.095477386934675	0.05211206055528742
59.49748743718593	0.04281368357446477
59.89949748743719	0.03424223092497504
60.301507537688444	0.029608234510421737
60.7035175879397	0.034509442893731195
61.10552763819096	0.047475844887964073
61.50753768844221	0.06264954480400861
61.90954773869347	0.07609356727741745
62.311557788944725	0.08516876893108236
62.71356783919598	0.08825027731975532
63.11557788944724	0.08526859392075856
63.517587939698494	0.077225631026313
63.91959798994975	0.06614477457294253
64.32160804020101	0.05416978382168384
64.72361809045226	0.043399568042974526
65.12562814070353	0.03516361913350489
65.52763819095478	0.029105587451108916
65.92964824120604	0.025980442401681104
66.33165829145729	0.02916750978679843
66.73366834170855	0.03921005277105481
67.1356783919598	0.05304184689693185
67.53768844221106	0.06632251967428335
67.93969849246231	0.07643831045265156
68.34170854271358	0.08160555425136293
68.74371859296483	0.08090843753228878
69.14572864321609	0.07479137749186554
69.54773869346734	0.0648641175462756
69.9497487437186	0.05263805180103802
70.35175879396985	0.040385884457509916
70.75376884422111	0.030097716239822492
71.15577889447236	0.022958481414295726
71.55778894472363	0.02023993525611678
71.95979899497488	0.02353745863834556
72.36180904522614	0.0328828601303922
72.76381909547739	0.04580959863143574
73.16582914572865	0.05976404737071399
73.5678391959799	0.07239615838048431
73.96984924623116	0.08168207070223277
74.37185929648241	0.08598337900656555
74.77386934673368	0.0845034473497826
75.17587939698493	0.07733928762530964
75.57788944723619	0.06553975537762419
75.97989949748744	0.05136257593211346
76.3819095477387	0.03691629364435313
76.78391959798995	0.025354159793889813
77.18592964824121	0.019631106643037674
77.58793969849246	0.0215262460931994
77.98994974874373	0.029845230025325936
78.39195979899498	0.0430242310679196
78.79396984924624	0.05873326943316789
79.19597989949749	0.07401426943845946
79.59798994974875	0.0862657295942071
80.0	0.09290003404274362
