0.0	0.018954496248807524
0.4020100502512563	0.019641768994127097
0.8040201005025126	0.017149883025834957
1.206030150753769	0.01240094309368448
1.6080402010050252	0.006241960321763227
2.0100502512562817	0.004132015845114585
2.412060301507538	0.008676461712122299
2.814070351758794	0.012267592029624328
3.2160804020100504	0.013190114856591509
3.6180904522613067	0.011005218266562814
4.020100502512563	0.0060222027193581685
4.42211055276382	0.0026619552976755354
4.824120603015076	0.009381366575092039
5.226130653266332	0.0161780104647282
5.628140703517588	0.021268226315978377
6.030150753768845	0.0237480198459089
6.432160804020101	0.022988133310652754
6.834170854271357	0.01963980243394557
7.236180904522613	0.014267021838063474
7.63819095477387	0.008858621167421874
8.040201005025127	0.005749036566611578
8.442211055276383	0.006666624137832142
8.84422110552764	0.007242067740788029
9.246231155778895	0.005314665254987107
9.648241206030152	0.0017453878534140703
10.050251256281408	0.0072568533625851
10.452261306532664	0.01571240303681134
10.85427135678392	0.02424994348260908
11.256281407035177	0.031433955968169745
11.658291457286433	0.036458383039243966
12.06030150753769	0.03870431178480798
12.462311557788945	0.037866376007868706
12.864321608040202	0.035049689385412384
13.266331658291458	0.030777107824769456
13.668341708542714	0.0264041711355034
14.07035175879397	0.02293782047872819
14.472361809045227	0.021150272548800288
14.874371859296483	0.02162191999019937
15.27638190954774	0.025007851141829057
15.678391959798995	0.031304706725340886
16.080402010050253	0.039578801059863576
16.48241206030151	0.047825975464909326
16.884422110552766	0.05519138258062027
17.286432160804022	0.060040616547646454
17.68844221105528	0.06165422714037958
18.090452261306535	0.05965001030039822
18.49246231155779	0.05467558917230997
18.894472361809047	0.0481958929896715
19.296482412060303	0.04199919058149954
19.69849246231156	0.03722386479731529
20.100502512562816	0.03481948032920068
20.502512562814072	0.0364376658818376
20.90452261306533	0.04206908346066241
21.306532663316585	0.051774531399415735
21.70854271356784	0.06326660988130442
22.110552763819097	0.07459513270020449
22.512562814070353	0.08334853790861496
22.91457286432161	0.08782497650271048
23.316582914572866	0.0877616844530418
23.718592964824122	0.08323614834620995
24.12060301507538	0.07518044287982131
24.522613065326635	0.06556130664841392
24.92462311557789	0.05610214661911073
25.326633165829147	0.04846438396705368
25.728643216080403	0.043845669892472995
26.13065326633166	0.04272068662618694
26.532663316582916	0.04532848004047568
26.934673366834172	0.05086250616159532
27.33668341708543	0.05830927808509636
27.738693467336685	0.06645672335945296
28.14070351758794	0.0737118404238805
28.542713567839197	0.0784610879930545
28.944723618090453	0.07959272864147406
29.34673366834171	0.07699794057529571
29.748743718592966	0.07094126866574238
30.150753768844222	0.06239186050541616
30.55276381909548	0.05332668787588105
30.954773869346734	0.04523807880127674
31.35678391959799	0.03929709522916618
31.758793969849247	0.036756139498471584
32.16080402010051	0.037683529021430635
32.56281407035176	0.04157429786456805
32.96482412060302	0.04763474367064126
33.366834170854275	0.054538428625881416
33.76884422110553	0.06073659709614641
34.17085427135679	0.0656004955022243
34.572864321608044	0.067837465675558
34.9748743718593	0.06770140550963485
35.37688442211056	0.06491188304824473
35.77889447236181	0.060081122516719
36.18090452261307	0.05405420253872297
36.582914572864325	0.047581424331623164
36.98492462311558	0.04174213829317718
37.38693467336684	0.0374884492945914
37.788944723618094	0.03576680196748568
38.19095477386935	0.03672730996249112
38.59296482412061	0.04042040008002269
38.99497487437186	0.045951328287090865
39.39698492462312	0.0522784873490599
39.798994974874375	0.058461804715062946
40.20100502512563	0.06355537673957203
40.60301507537689	0.06693609718736916
41.005025125628144	0.06817761682757217
41.4070351758794	0.06699224145991675
41.80904522613066	0.06348777996448923
42.21105527638191	0.05773894676301968
42.61306532663317	0.051148341344529245
43.015075376884425	0.044417339274403174
43.41708542713568	0.03917767804878795
43.81909547738694	0.03648930841655692
44.221105527638194	0.03715957233269716
44.62311557788945	0.041518627367445736
45.02512562814071	0.04831670658703307
45.42713567839196	0.05655292006930483
45.82914572864322	0.0644465177347861
46.231155778894475	0.07089996915729362
46.63316582914573	0.0745591510224918
47.03517587939699	0.07462249823486868
47.437185929648244	0.07127995707255562
47.8391959798995	0.06508361174201023
48.24120603015076	0.057023914463373446
48.64321608040201	0.04873177791354259
49.04522613065327	0.041747047008958246
49.447236180904525	0.03713717198943471
49.84924623115578	0.035872397608344965
50.25125628140704	0.03776448086527455
50.653266331658294	0.04231544564684057
51.05527638190955	0.049095177321967214
51.45728643216081	0.05658717839656554
51.85929648241206	0.06367680278873192
52.26130653266332	0.06875091572198073
52.663316582914575	0.07115017321939315
53.06532663316583	0.07040104771157774
53.46733668341709	0.06665487863421773
53.869346733668344	0.0607457336548365
54.2713567839196	0.05420909702967978
54.67336683417086	0.04837850885171429
55.07537688442211	0.044551395075683856
55.47738693467337	0.04293408373380269
55.879396984924625	0.04348636647969853
56.28140703517588	0.04574788010591945
56.68341708542714	0.04930105433748687
57.085427135678394	0.05390865808402866
57.48743718592965	0.05916198260667407
57.88944723618091	0.06402890281671805
58.29145728643216	0.06737097380590978
58.69346733668342	0.06833831998842958
59.095477386934675	0.06682736496842692
59.49748743718593	0.06339111256526202
59.89949748743719	0.058602684020404305
60.301507537688444	0.05395449295608683
60.7035175879397	0.050506687313570976
61.10552763819096	0.048667245009377996
61.50753768844221	0.04818238313527544
61.90954773869347	0.048547280605713575
62.311557788944725	0.04987609620792273
62.71356783919598	0.052342308171547544
63.11557788944724	0.05603361708534532
63.517587939698494	0.06015053658092924
63.91959798994975	0.06397736198508307
64.32160804020101	0.06645586021884387
64.72361809045226	0.06735034545573938
65.12562814070353	0.06631891767040063
65.52763819095478	0.06388951847884093
65.92964824120604	0.06032307812058514
66.33165829145729	0.056737719879488446
66.73366834170855	0.0535900225420197
67.1356783919598	0.051146244457546744
67.53768844221106	0.049223640061304766
67.93969849246231	0.048184105827559984
68.34170854271358	0.04829720941622977
68.74371859296483	0.049970727020442765
69.14572864321609	0.053187652653144415
69.54773869346734	0.057517592085935376
69.9497487437186	0.06195198509810753
70.35175879396985	0.06534143886648244
70.75376884422111	0.06679783371371739
71.15577889447236	0.06624343495397746
71.55778894472363	0.06352551263278307
71.95979899497488	0.059776855244891146
72.36180904522614	0.05541474961370463
72.76381909547739	0.05138979676529974
73.16582914572865	0.04804968578969382
73.5678391959799	0.04595995197309565
73.96984924623116	0.044949965143165516
74.37185929648241	0.04498565066592148
74.77386934673368	0.04639224055553297
75.17587939698493	0.0497818923581249
75.57788944723619	0.05435029531595811
75.97989949748744	0.05915253017672726
76.3819095477387	0.06291209141221903
76.78391959798995	0.06465399688240978
77.18592964824121	0.06404181187100297
77.58793969849246	0.06139678698494355
77.98994974874373	0.057318657113278146
78.39195979899498	0.05351587026674019
78.79396984924624	0.05086297879633295
79.19597989949749	0.049467358697135866
79.59798994974875	0.049170678943107914
80.0	0.04959946134791298
