0.0	0.0036716452104002713
0.4020100502512563	0.00515139996493555
0.8040201005025126	0.00542035970148389
1.206030150753769	0.004877985349608715
1.6080402010050252	0.003422195178117047
2.0100502512562817	0.0015768783963879707
2.412060301507538	0.0008961836351375587
2.814070351758794	0.0026277321043623606
3.2160804020100504	0.0038421720944995254
3.6180904522613067	0.004332890240596175
4.020100502512563	0.0036281885076575203
4.42211055276382	0.0023689267263822295
4.824120603015076	0.0013549290074808527
5.226130653266332	0.0026932374733349427
5.628140703517588	0.004687503516748866
6.030150753768845	0.006296313711650287
6.432160804020101	0.0069828154717333155
6.834170854271357	0.006883843859610874
7.236180904522613	0.005738271911360613
7.63819095477387	0.004083790161027058
8.040201005025127	0.0020072672502346386
8.442211055276383	0.0004362748113854371
8.84422110552764	0.0018796220529665609
9.246231155778895	0.0030793874609390016
9.648241206030152	0.0035541773990380673
10.050251256281408	0.0034442673899940553
10.452261306532664	0.003497717131917779
10.85427135678392	0.004516689959454896
11.256281407035177	0.005889935902131602
11.658291457286433	0.007369696620062668
12.06030150753769	0.008136913388054914
12.462311557788945	0.007952796323211992
12.864321608040202	0.007083768770077992
13.266331658291458	0.005287486994849168
13.668341708542714	0.003977249248506484
14.07035175879397	0.00418896226645467
14.472361809045227	0.0059138603350997665
14.874371859296483	0.0075512989209423845
15.27638190954774	0.008370768590589309
15.678391959798995	0.008205223392382706
16.080402010050253	0.007195401378962299
16.48241206030151	0.0063330180929901
16.884422110552766	0.006262948264195639
17.286432160804022	0.007266666526883629
17.68844221105528	0.008302558021285076
18.090452261306535	0.009187878208554125
18.49246231155779	0.009644323273922272
18.894472361809047	0.009759133302852805
19.296482412060303	0.010722600677789875
19.69849246231156	0.012544291068078061
20.100502512562816	0.01480877929108788
20.502512562814072	0.017245876197591093
20.90452261306533	0.019236248436393048
21.306532663316585	0.020350899493279385
21.70854271356784	0.020863406864865104
22.110552763819097	0.020763220994262678
22.512562814070353	0.02040205968144892
22.91457286432161	0.019873071382946406
23.316582914572866	0.01920072175604334
23.718592964824122	0.018727066616512043
24.12060301507538	0.01848313568886783
24.522613065326635	0.018927622746773037
24.92462311557789	0.019887095460647604
25.326633165829147	0.02135170136083627
25.728643216080403	0.023114409214093162
26.13065326633166	0.024996264451691654
26.532663316582916	0.02647204180169735
26.934673366834172	0.027480106097019136
27.33668341708543	0.028256041086057736
27.738693467336685	0.028661913923053624
28.14070351758794	0.028843562150921036
28.542713567839197	0.029187337323606156
28.944723618090453	0.02970931610237563
29.34673366834171	0.030488546358267303
29.748743718592966	0.03128226301082354
30.150753768844222	0.03260527834526476
30.55276381909548	0.03449205734183812
30.954773869346734	0.03663098268577356
31.35678391959799	0.03917725479248573
31.758793969849247	0.04118719919876902
32.16080402010051	0.04313549766042567
32.56281407035176	0.044362535445923126
32.96482412060302	0.04499773031809142
33.366834170854275	0.0453020105827343
33.76884422110553	0.04558220940283926
34.17085427135679	0.04613309354037139
34.572864321608044	0.047489895291318564
34.9748743718593	0.04960256435514504
35.37688442211056	0.0527650928202516
35.77889447236181	0.056272296199185355
36.18090452261307	0.05981307078372976
36.582914572864325	0.06286709737240394
36.98492462311558	0.06511148522136054
37.38693467336684	0.06635997237729667
37.788944723618094	0.06585167367198186
38.19095477386935	0.063827113326777
38.59296482412061	0.060319492484063805
38.99497487437186	0.05554118073284529
39.39698492462312	0.05032403932744343
39.798994974874375	0.0458383644471693
40.20100502512563	0.04309858157003154
40.60301507537689	0.04336987674237654
41.005025125628144	0.04641429383437552
41.4070351758794	0.05194286610552932
41.80904522613066	0.05868352977424057
42.21105527638191	0.0651190066360144
42.61306532663317	0.06990563569643905
43.015075376884425	0.07199755804345337
43.41708542713568	0.07074373495359107
43.81909547738694	0.06657251774899961
44.221105527638194	0.059642842624640036
44.62311557788945	0.05155771487167451
45.02512562814071	0.04359606090553056
45.42713567839196	0.03723970339273404
45.82914572864322	0.03342473397408402
46.231155778894475	0.03280982225608247
46.63316582914573	0.03496613666020323
47.03517587939699	0.039185119988679254
47.437185929648244	0.044785886078366505
47.8391959798995	0.050372348381243826
48.24120603015076	0.05513839251816255
48.64321608040201	0.05872592358157236
49.04522613065327	0.060350953160987895
49.447236180904525	0.05997814420881015
49.84924623115578	0.05828632570649911
50.25125628140704	0.055351876842797354
50.653266331658294	0.05190011210380611
51.05527638190955	0.04846404595627031
51.45728643216081	0.045411423455658066
51.85929648241206	0.043293280858392284
52.26130653266332	0.042222511158761244
52.663316582914575	0.042417380990393674
53.06532663316583	0.043521437140148736
53.46733668341709	0.0452806436203109
53.869346733668344	0.047545506554330444
54.2713567839196	0.05034290830229674
54.67336683417086	0.053116359635849
55.07537688442211	0.05570773540661437
55.47738693467337	0.05800027622830319
55.879396984924625	0.0597758263785023
56.28140703517588	0.060335746112423407
56.68341708542714	0.05961774836684156
57.085427135678394	0.05745100834736018
57.48743718592965	0.054146558587704306
57.88944723618091	0.05040740369259028
58.29145728643216	0.04676192563920746
58.69346733668342	0.04415172786491115
59.095477386934675	0.04290394706401577
59.49748743718593	0.043338466490346034
59.89949748743719	0.045547721150406416
60.301507537688444	0.048919031121757134
60.7035175879397	0.05303592416550017
61.10552763819096	0.05701380875349259
61.50753768844221	0.060136827587660105
61.90954773869347	0.06205775258600569
62.311557788944725	0.0620833802634627
62.71356783919598	0.060653007330337946
63.11557788944724	0.057608570282596624
63.517587939698494	0.053954287228724085
63.91959798994975	0.05001017931962004
64.32160804020101	0.04645209966728138
64.72361809045226	0.04399697660438333
65.12562814070353	0.043018136062863296
65.52763819095478	0.0434680989825582
65.92964824120604	0.04525991102051124
66.33165829145729	0.04839207701205696
66.73366834170855	0.05222581396654804
67.1356783919598	0.05615077304209494
67.53768844221106	0.05980905781475725
67.93969849246231	0.062196517226505335
68.34170854271358	0.0629625269784195
68.74371859296483	0.06204044517424412
69.14572864321609	0.05925148819378756
69.54773869346734	0.05539232963416307
69.9497487437186	0.050909842727567454
70.35175879396985	0.04670451696924139
70.75376884422111	0.043607657839271466
71.15577889447236	0.04183526868812378
71.55778894472363	0.041880086937594416
71.95979899497488	0.043504730164546805
72.36180904522614	0.04678093415793408
72.76381909547739	0.05102918847672584
73.16582914572865	0.055340147584321195
73.5678391959799	0.058485921445901624
73.96984924623116	0.06008891271714134
74.37185929648241	0.05970188421539907
74.77386934673368	0.05758763860750364
75.17587939698493	0.05406417088061222
75.57788944723619	0.049759258364934604
75.97989949748744	0.04569026817281848
76.3819095477387	0.04245987133850907
76.78391959798995	0.04072033753476579
77.18592964824121	0.04058481286927237
77.58793969849246	0.04222776181400366
77.98994974874373	0.04537492017105551
78.39195979899498	0.04963609388546397
78.79396984924624	0.054108036214928455
79.19597989949749	0.05787190951767055
79.59798994974875	0.06013027777175517
80.0	0.06062523094586516
