0.0	0.0072544847104468475
0.4020100502512563	0.007221323161001376
0.8040201005025126	0.006172013688947814
1.206030150753769	0.004304023929912022
1.6080402010050252	0.002167642743301526
2.0100502512562817	0.002184596419249625
2.412060301507538	0.003905137570196357
2.814070351758794	0.005095581530127414
3.2160804020100504	0.005282649171941577
3.6180904522613067	0.0042210291749533125
4.020100502512563	0.0023003958797379875
4.42211055276382	0.0010960977940203801
4.824120603015076	0.0037585524768044267
5.226130653266332	0.006321800181165528
5.628140703517588	0.008170239137634865
6.030150753768845	0.00907721077397613
6.432160804020101	0.008643787418205743
6.834170854271357	0.0074113335186000995
7.236180904522613	0.005622942106013089
7.63819095477387	0.0037742504201483617
8.040201005025127	0.0031522300632572365
8.442211055276383	0.003481020512868751
8.84422110552764	0.0036249040349104257
9.246231155778895	0.0026288450860009333
9.648241206030152	0.0014149355706755394
10.050251256281408	0.0033111604615018927
10.452261306532664	0.006705619663400849
10.85427135678392	0.010124022270461368
11.256281407035177	0.013152552496245787
11.658291457286433	0.015054940945186595
12.06030150753769	0.016076288030900693
12.462311557788945	0.015989408151959685
12.864321608040202	0.015246891312841437
13.266331658291458	0.014389783454670846
13.668341708542714	0.013635557521347902
14.07035175879397	0.013283123328395385
14.472361809045227	0.013679363828889873
14.874371859296483	0.014778871165014229
15.27638190954774	0.016889449977813328
15.678391959798995	0.01962075082430171
16.080402010050253	0.02267645618487687
16.48241206030151	0.02515068176352924
16.884422110552766	0.026494198097939632
17.286432160804022	0.026790750797489382
17.68844221105528	0.02557737897706654
18.090452261306535	0.023674877993560127
18.49246231155779	0.021677707354621052
18.894472361809047	0.02028511077284153
19.296482412060303	0.019836468476946558
19.69849246231156	0.020694064278118277
20.100502512562816	0.02254134388470657
20.502512562814072	0.025251974818428106
20.90452261306533	0.029107338596124892
21.306532663316585	0.03371986533881666
21.70854271356784	0.03829445735046956
22.110552763819097	0.042182389448284945
22.512562814070353	0.04449227171504983
22.91457286432161	0.04532133270894072
23.316582914572866	0.04464049979036906
23.718592964824122	0.043201825750231
24.12060301507538	0.04144229101594831
24.522613065326635	0.04024224895033245
24.92462311557789	0.03979569555635976
25.326633165829147	0.04019260241621746
25.728643216080403	0.0418499222191508
26.13065326633166	0.044629296429460334
26.532663316582916	0.048527821935146834
26.934673366834172	0.05312602350634706
27.33668341708543	0.05798425099979365
27.738693467336685	0.06244888249766539
28.14070351758794	0.06581490232539511
28.542713567839197	0.06774909268086267
28.944723618090453	0.06789877484340619
29.34673366834171	0.0662697431378963
29.748743718592966	0.06317124718099253
30.150753768844222	0.058628696025023255
30.55276381909548	0.05364909640740584
30.954773869346734	0.04847940252214249
31.35678391959799	0.04426753162322045
31.758793969849247	0.04231265230184761
32.16080402010051	0.043026411555531156
32.56281407035176	0.046741066104632314
32.96482412060302	0.052998964790938255
33.366834170854275	0.0599685904312882
33.76884422110553	0.06607183619127076
34.17085427135679	0.06998605669902083
34.572864321608044	0.0708889016815604
34.9748743718593	0.06813254387862194
35.37688442211056	0.0623153201312165
35.77889447236181	0.05450545163837141
36.18090452261307	0.04587624178038341
36.582914572864325	0.037791592562862186
36.98492462311558	0.03184364112882535
37.38693467336684	0.028495738547048455
37.788944723618094	0.02800397792841594
38.19095477386935	0.03029657553645429
38.59296482412061	0.03479051991718204
38.99497487437186	0.040410374115455526
39.39698492462312	0.04578778634302093
39.798994974874375	0.04987675683147495
40.20100502512563	0.05217303317392399
40.60301507537689	0.05212263585658481
41.005025125628144	0.050044248624303914
41.4070351758794	0.04653573749153252
41.80904522613066	0.042561299242103084
42.21105527638191	0.03871707598115268
42.61306532663317	0.03613790304025264
43.015075376884425	0.03522776462895612
43.41708542713568	0.03611307899716074
43.81909547738694	0.038670565891966296
44.221105527638194	0.04232656009871823
44.62311557788945	0.04658909498906198
45.02512562814071	0.051073876681032915
45.42713567839196	0.05468334734858717
45.82914572864322	0.057231027530399936
46.231155778894475	0.0585711995238849
46.63316582914573	0.05841285012574832
47.03517587939699	0.05715282330415996
47.437185929648244	0.055165710482528094
47.8391959798995	0.05374836090674775
48.24120603015076	0.052744053533591885
48.64321608040201	0.05298245835578216
49.04522613065327	0.054452266403738646
49.447236180904525	0.056556855816793594
49.84924623115578	0.05904853065500935
50.25125628140704	0.06144877017247376
50.653266331658294	0.06304342886927743
51.05527638190955	0.0636271220784125
51.45728643216081	0.06327541279911048
51.85929648241206	0.06193803055345872
52.26130653266332	0.05987853609183206
52.663316582914575	0.05804763384110909
53.06532663316583	0.05665582646595964
53.46733668341709	0.05612427456846286
53.869346733668344	0.05631302399792905
54.2713567839196	0.056972512340420646
54.67336683417086	0.057904971156754734
55.07537688442211	0.05866483208524843
55.47738693467337	0.059101640055444805
55.879396984924625	0.05907951209853407
56.28140703517588	0.05818559538931858
56.68341708542714	0.05622576733222799
57.085427135678394	0.05381404880825358
57.48743718592965	0.051061155927660216
57.88944723618091	0.04882345381878041
58.29145728643216	0.04741148584682198
58.69346733668342	0.04687684876948971
59.095477386934675	0.047488834709680176
59.49748743718593	0.048728486093463794
59.89949748743719	0.05082439401886653
60.301507537688444	0.05320094239297918
60.7035175879397	0.05574365243983056
61.10552763819096	0.05769481422729196
61.50753768844221	0.058676230292684886
61.90954773869347	0.05814209489420885
62.311557788944725	0.05585680569424036
62.71356783919598	0.05225110273725699
63.11557788944724	0.04799980104028175
63.517587939698494	0.044155535625727445
63.91959798994975	0.04154904314376762
64.32160804020101	0.04052124554281336
64.72361809045226	0.04132773229404705
65.12562814070353	0.043754822548096595
65.52763819095478	0.047304263794799434
65.92964824120604	0.051349746773290496
66.33165829145729	0.05554200864969365
66.73366834170855	0.05883393664514734
67.1356783919598	0.061079686842021405
67.53768844221106	0.06137179310251253
67.93969849246231	0.059647664424851934
68.34170854271358	0.056292321485882604
68.74371859296483	0.051786257769487254
69.14572864321609	0.04727286248163038
69.54773869346734	0.0434000807221394
69.9497487437186	0.04169080176372388
70.35175879396985	0.04209643206821386
70.75376884422111	0.044889669192420725
71.15577889447236	0.048994541843204106
71.55778894472363	0.05402785243349536
71.95979899497488	0.059204828771815855
72.36180904522614	0.06357910572067225
72.76381909547739	0.06605423977367415
73.16582914572865	0.06647688893076169
73.5678391959799	0.06439331326554452
73.96984924623116	0.060429375208265176
74.37185929648241	0.05513844448439138
74.77386934673368	0.049760088172580354
75.17587939698493	0.045269491394220415
75.57788944723619	0.04273753957819219
75.97989949748744	0.0428543395093619
76.3819095477387	0.04525698485187456
76.78391959798995	0.04951015219370723
77.18592964824121	0.05478098693101767
77.58793969849246	0.05997393765023212
77.98994974874373	0.06413045392380229
78.39195979899498	0.06662317896086342
78.79396984924624	0.06689713421101884
79.19597989949749	0.06540145480080951
79.59798994974875	0.062097504805598655
80.0	0.057676809868821365
