0.0	0.032111373566717574
0.4020100502512563	0.02778787334343885
0.8040201005025126	0.018916115651854165
1.206030150753769	0.007423587978929063
1.6080402010050252	0.006441139677121922
2.0100502512562817	0.017157127120989525
2.412060301507538	0.024413906678906624
2.814070351758794	0.02683711444721066
3.2160804020100504	0.02361411074664534
3.6180904522613067	0.015768078186668956
4.020100502512563	0.004540292867341661
4.42211055276382	0.008125204294112403
4.824120603015076	0.01961885830642566
5.226130653266332	0.02789031161631165
5.628140703517588	0.03149254801116873
6.030150753768845	0.029481093872522124
6.432160804020101	0.022467503307202426
6.834170854271357	0.012017084607729716
7.236180904522613	0.004116797143493065
7.63819095477387	0.013507745117870054
8.040201005025127	0.02200757812795873
8.442211055276383	0.025835611628962873
8.84422110552764	0.024347770726581647
9.246231155778895	0.017276810917528494
9.648241206030152	0.006665200444101335
10.050251256281408	0.007304694898826414
10.452261306532664	0.019646618423915956
10.85427135678392	0.02988109843030689
11.256281407035177	0.03553542983653633
11.658291457286433	0.03603827326789345
12.06030150753769	0.03113873871536086
12.462311557788945	0.0221860640553792
12.864321608040202	0.01079295716616583
13.266331658291458	0.0010159328345121087
13.668341708542714	0.011184938765752129
14.07035175879397	0.01782656644211122
14.472361809045227	0.019944789586461224
14.874371859296483	0.017061387484068623
15.27638190954774	0.009582824198365507
15.678391959798995	0.0015686672396188817
16.080402010050253	0.013809483066180375
16.48241206030151	0.025964944436595454
16.884422110552766	0.03578865948920627
17.286432160804022	0.04148741831754019
17.68844221105528	0.042114817516007944
18.090452261306535	0.03785418472858848
18.49246231155779	0.030010637522412842
18.894472361809047	0.020562449848509367
19.296482412060303	0.013654518712082498
19.69849246231156	0.01350601245384613
20.100502512562816	0.016309739555967945
20.502512562814072	0.016722306426125263
20.90452261306533	0.014665015269257373
21.306532663316585	0.014392337574881373
21.70854271356784	0.020974636923147834
22.110552763819097	0.03111958047281544
22.512562814070353	0.040653014526756674
22.91457286432161	0.046851335091358026
23.316582914572866	0.04927905788423066
23.718592964824122	0.04716424711485429
24.12060301507538	0.04201735903546797
24.522613065326635	0.03571522723267974
24.92462311557789	0.03046469565471046
25.326633165829147	0.027486663442831367
25.728643216080403	0.026500751140074642
26.13065326633166	0.025408086635860805
26.532663316582916	0.02359416147763013
26.934673366834172	0.022405004675856644
27.33668341708543	0.025779998887040783
27.738693467336685	0.03375318886716359
28.14070351758794	0.043216143182475034
28.542713567839197	0.05142403617617651
28.944723618090453	0.05691539008870716
29.34673366834171	0.05906309399697374
29.748743718592966	0.05837219357221622
30.150753768844222	0.05580466704721271
30.55276381909548	0.05234365307369141
30.954773869346734	0.04900363127415046
31.35678391959799	0.04570026713819286
31.758793969849247	0.04285502215901092
32.16080402010051	0.04048282287743507
32.56281407035176	0.03937068179416772
32.96482412060302	0.0411629600793547
33.366834170854275	0.0467080028533851
33.76884422110553	0.05491727995280162
34.17085427135679	0.0640208247279803
34.572864321608044	0.07252201653361526
34.9748743718593	0.07870694947083014
35.37688442211056	0.08183463237393894
35.77889447236181	0.08153126079997787
36.18090452261307	0.07815839623709321
36.582914572864325	0.0722460179448067
36.98492462311558	0.06487265472467178
37.38693467336684	0.05716903676911352
37.788944723618094	0.05027285677846673
38.19095477386935	0.04452418759851119
38.59296482412061	0.04111616116975755
38.99497487437186	0.04047059163058862
39.39698492462312	0.04423154378654094
39.798994974874375	0.052335804280827014
40.20100502512563	0.06306693767576568
40.60301507537689	0.07371793126220327
41.005025125628144	0.0817681794446368
41.4070351758794	0.08516228410919655
41.80904522613066	0.08328078673142308
42.21105527638191	0.07616693748055364
42.61306532663317	0.06540329542875364
43.015075376884425	0.05327622008669701
43.41708542713568	0.042278228072966766
43.81909547738694	0.03484990648907995
44.221105527638194	0.030744695942384808
44.62311557788945	0.02889469958830958
45.02512562814071	0.029221357571239344
45.42713567839196	0.03324300158099726
45.82914572864322	0.04150633698072857
46.231155778894475	0.051914536579180645
46.63316582914573	0.06158358500207585
47.03517587939699	0.06812242418946718
47.437185929648244	0.070190940540499
47.8391959798995	0.0679102453017834
48.24120603015076	0.06144518825212075
48.64321608040201	0.05314515224747503
49.04522613065327	0.04523290936181384
49.447236180904525	0.04003081735854414
49.84924623115578	0.03785909094852606
50.25125628140704	0.03725557954122882
50.653266331658294	0.037716548622663035
51.05527638190955	0.03976642486868103
51.45728643216081	0.0449165072943009
51.85929648241206	0.053014092652965694
52.26130653266332	0.062185932052088944
52.663316582914575	0.06979637777400391
53.06532663316583	0.07396268397561626
53.46733668341709	0.07371178665669259
53.869346733668344	0.06897673369255523
54.2713567839196	0.06134316366291122
54.67336683417086	0.05280327833173772
55.07537688442211	0.04618499858918507
55.47738693467337	0.04261470967862329
55.879396984924625	0.04139954494756584
56.28140703517588	0.04157007115763593
56.68341708542714	0.04265360212442423
57.085427135678394	0.045629670096673805
57.48743718592965	0.051791124665471255
57.88944723618091	0.06044747616315417
58.29145728643216	0.06896252083176625
58.69346733668342	0.07531816042412882
59.095477386934675	0.07743379224593154
59.49748743718593	0.07525723395485635
59.89949748743719	0.06914798416519356
60.301507537688444	0.0610566787678403
60.7035175879397	0.05261156815728705
61.10552763819096	0.04578605663984603
61.50753768844221	0.041387886230815275
61.90954773869347	0.03913502858178381
62.311557788944725	0.03835893615900012
62.71356783919598	0.04005185733003309
63.11557788944724	0.04494947348676645
63.517587939698494	0.05303434921410096
63.91959798994975	0.062135689946770635
64.32160804020101	0.07028880196712774
64.72361809045226	0.07537794499710013
65.12562814070353	0.0763632554530407
65.52763819095478	0.0728210647309425
65.92964824120604	0.06570751595046112
66.33165829145729	0.05637031630250221
66.73366834170855	0.047099603334536284
67.1356783919598	0.03998316238480916
67.53768844221106	0.036005224077011774
67.93969849246231	0.034411445680731775
68.34170854271358	0.0351841882237521
68.74371859296483	0.038962990648491194
69.14572864321609	0.045719522815844474
69.54773869346734	0.054504032567014325
69.9497487437186	0.06324769014160929
70.35175879396985	0.07006891515547303
70.75376884422111	0.07307551361049165
71.15577889447236	0.07220039172951684
71.55778894472363	0.0674065610862367
71.95979899497488	0.059971987878585764
72.36180904522614	0.05136602610195932
72.76381909547739	0.04374297078066092
73.16582914572865	0.03857107284119308
73.5678391959799	0.036190846898100544
73.96984924623116	0.03613573186010181
74.37185929648241	0.03815756640988484
74.77386934673368	0.04282895918911618
75.17587939698493	0.05058743216549326
75.57788944723619	0.05971467827190087
75.97989949748744	0.0685688021397882
76.3819095477387	0.07463860678883436
76.78391959798995	0.07663232187999813
77.18592964824121	0.07390046078682212
77.58793969849246	0.06682569641039401
77.98994974874373	0.05724334426235348
78.39195979899498	0.047004946446291766
78.79396984924624	0.038889361378435384
79.19597989949749	0.034765052853893114
79.59798994974875	0.03496057816550498
80.0	0.03802672291174778
