0.0	0.021349046183005184
0.4020100502512563	0.019436353861588596
0.8040201005025126	0.014241532559174767
1.206030150753769	0.006874305754601541
1.6080402010050252	0.0014673304407725363
2.0100502512562817	0.009139890097661658
2.412060301507538	0.01465573103506047
2.814070351758794	0.01704212681348943
3.2160804020100504	0.016057724022171836
3.6180904522613067	0.011517504203765131
4.020100502512563	0.00439684310759207
4.42211055276382	0.003958784568923175
4.824120603015076	0.012140487847779598
5.226130653266332	0.01871241538781196
5.628140703517588	0.02250936434451701
6.030150753768845	0.022989577975042277
6.432160804020101	0.019939203060920667
6.834170854271357	0.014133746363767186
7.236180904522613	0.006750200617644192
7.63819095477387	0.0014710313830458336
8.040201005025127	0.007305879008181175
8.442211055276383	0.01116107400429617
8.84422110552764	0.011541747356421442
9.246231155778895	0.008109407231095846
9.648241206030152	0.0019235575957935714
10.050251256281408	0.006909728597162036
10.452261306532664	0.016542740429937208
10.85427135678392	0.025526516039382923
11.256281407035177	0.03294438439710742
11.658291457286433	0.03717203593128006
12.06030150753769	0.03783002575316084
12.462311557788945	0.035697147875908816
12.864321608040202	0.03126488539409038
13.266331658291458	0.025567585524264542
13.668341708542714	0.01953383974316796
14.07035175879397	0.013993179985036002
14.472361809045227	0.009317624821596343
14.874371859296483	0.0057802981727382895
15.27638190954774	0.002797084625501374
15.678391959798995	0.00283514354254342
16.080402010050253	0.007994176840457248
16.48241206030151	0.014588654755103103
16.884422110552766	0.021621188594764217
17.286432160804022	0.028941789040134797
17.68844221105528	0.03742505460776725
18.090452261306535	0.0466824247706293
18.49246231155779	0.0565772434670096
18.894472361809047	0.06613130546107894
19.296482412060303	0.07368022618774919
19.69849246231156	0.07655905095293873
20.100502512562816	0.07373127508797243
20.502512562814072	0.06623310654874374
20.90452261306533	0.05501452107480873
21.306532663316585	0.04471092664037136
21.70854271356784	0.03952517262852781
22.110552763819097	0.039361077530706265
22.512562814070353	0.03950982631783288
22.91457286432161	0.03613856147159014
23.316582914572866	0.03322748150793571
23.718592964824122	0.03846530504283062
24.12060301507538	0.05379967688202395
24.522613065326635	0.07174389586987842
24.92462311557789	0.08597327933246107
25.326633165829147	0.0927684606670928
25.728643216080403	0.08983907453797567
26.13065326633166	0.07716426259891859
26.532663316582916	0.058540881207235565
26.934673366834172	0.04087235083829892
27.33668341708543	0.03413350798080763
27.738693467336685	0.03824566768468442
28.14070351758794	0.04073732805935068
28.542713567839197	0.036774447404833016
28.944723618090453	0.02656462433692896
29.34673366834171	0.021965775106785063
29.748743718592966	0.036877233298564786
30.150753768844222	0.05796973805723852
30.55276381909548	0.07368956036860183
30.954773869346734	0.07910776928770738
31.35678391959799	0.0730192923519178
31.758793969849247	0.056447695914462394
32.16080402010051	0.03262184888582075
32.56281407035176	0.020947786001472186
32.96482412060302	0.040308823967036486
33.366834170854275	0.06315198139038583
33.76884422110553	0.07843909937544012
34.17085427135679	0.08207498046590118
34.572864321608044	0.07291735300405694
34.9748743718593	0.05254196725719611
35.37688442211056	0.026153747160039827
35.77889447236181	0.017135638475750545
36.18090452261307	0.038814325853193964
36.582914572864325	0.0562481573741566
36.98492462311558	0.062411613420115974
37.38693467336684	0.05723296421151841
37.788944723618094	0.04331618181605554
38.19095477386935	0.030392892039395887
38.59296482412061	0.03838080537902068
38.99497487437186	0.058894034437868545
39.39698492462312	0.07598531805040629
39.798994974874375	0.082798055374385
40.20100502512563	0.07693259728244682
40.60301507537689	0.05981588790558938
41.005025125628144	0.035415966699634115
41.4070351758794	0.018803595152267576
41.80904522613066	0.036243098394393665
42.21105527638191	0.05764225303867695
42.61306532663317	0.07043836220311255
43.015075376884425	0.07230495136106388
43.41708542713568	0.06254986821718471
43.81909547738694	0.045254725471826296
44.221105527638194	0.031023874893207192
44.62311557788945	0.03840817299372372
45.02512562814071	0.057316792731627944
45.42713567839196	0.07178576618976557
45.82914572864322	0.0766968274149338
46.231155778894475	0.06990157760252275
46.63316582914573	0.05341493556749185
47.03517587939699	0.03112817950912363
47.437185929648244	0.015710313109070388
47.8391959798995	0.027643853406035212
48.24120603015076	0.042207395474751955
48.64321608040201	0.048448249020980966
49.04522613065327	0.04447426519224899
49.447236180904525	0.03259608697673435
49.84924623115578	0.02249034427264033
50.25125628140704	0.03432143628782102
50.653266331658294	0.05560915534432218
51.05527638190955	0.0741505845435784
51.45728643216081	0.08498414515561227
51.85929648241206	0.08569238548071768
52.26130653266332	0.07679386356125098
52.663316582914575	0.060459830802744474
53.06532663316583	0.040977396176036573
53.46733668341709	0.02601244601776443
53.869346733668344	0.025816183762276585
54.2713567839196	0.03238638882713141
54.67336683417086	0.035261795813812113
55.07537688442211	0.03166771042715553
55.47738693467337	0.02752552147073616
55.879396984924625	0.03336313644730383
56.28140703517588	0.04877131747278823
56.68341708542714	0.06488104430403588
57.085427135678394	0.07539344278957436
57.48743718592965	0.07813414535342324
57.88944723618091	0.07184746877145068
58.29145728643216	0.058211424365018236
58.69346733668342	0.03951090607492659
59.095477386934675	0.020231570278786994
59.49748743718593	0.013275799712667518
59.89949748743719	0.022980959929917968
60.301507537688444	0.02994625953783601
60.7035175879397	0.029517477493120687
61.10552763819096	0.021775300074827253
61.50753768844221	0.0132345928859661
61.90954773869347	0.021794960128072225
62.311557788944725	0.038905072377332844
62.71356783919598	0.053799948900611495
63.11557788944724	0.06271823158480748
63.517587939698494	0.06332710297283595
63.91959798994975	0.05569483567280616
64.32160804020101	0.04059136713115495
64.72361809045226	0.020873266426148736
65.12562814070353	0.004141634036901118
65.52763819095478	0.01890683614694852
65.92964824120604	0.030286919688929503
66.33165829145729	0.033512862924100835
66.73366834170855	0.027539254918237582
67.1356783919598	0.015698248340870972
67.53768844221106	0.01461417697274496
67.93969849246231	0.03336192312301844
68.34170854271358	0.05298922293394338
68.74371859296483	0.06761964589942289
69.14572864321609	0.07402504765466811
69.54773869346734	0.07120962109240551
69.9497487437186	0.059359746584182985
70.35175879396985	0.0411289327563588
70.75376884422111	0.01926102718959957
71.15577889447236	0.0015112904785374482
71.55778894472363	0.01730605775291571
71.95979899497488	0.025393600474995254
72.36180904522614	0.024969002018340743
72.76381909547739	0.01990210985387589
73.16582914572865	0.024412543305238184
73.5678391959799	0.04171822467206786
73.96984924623116	0.061133400621028434
74.37185929648241	0.07604895900336887
74.77386934673368	0.0828892225491483
75.17587939698493	0.08027540788182097
75.57788944723619	0.06860669767133276
75.97989949748744	0.049911064802232244
76.3819095477387	0.02797854205162767
76.78391959798995	0.008660017938637656
77.18592964824121	0.014030168812175895
77.58793969849246	0.023157284920065597
77.98994974874373	0.024056721190420724
78.39195979899498	0.017166044224212373
78.79396984924624	0.01117926569831311
79.19597989949749	0.02452935045363963
79.59798994974875	0.04326694432074758
80.0	0.05962905251371866
