0.0	0.01400658790675981
0.4020100502512563	0.012762186457381234
0.8040201005025126	0.009493374018664713
1.206030150753769	0.005359094516513839
1.6080402010050252	0.003501596310536967
2.0100502512562817	0.006932170657044377
2.412060301507538	0.010270414400248304
2.814070351758794	0.011648510930255918
3.2160804020100504	0.010696457171950781
3.6180904522613067	0.0078188022156543
4.020100502512563	0.0038554017714850716
4.42211055276382	0.0037710817519132295
4.824120603015076	0.008469187981922857
5.226130653266332	0.012340407045761533
5.628140703517588	0.014573141237883733
6.030150753768845	0.014657901694401832
6.432160804020101	0.012402917621755417
6.834170854271357	0.008668766607671904
7.236180904522613	0.005163218365009711
7.63819095477387	0.005122835177810378
8.040201005025127	0.008133380928198802
8.442211055276383	0.01000904157195501
8.84422110552764	0.009805404962190845
9.246231155778895	0.0073558375545999585
9.648241206030152	0.003142244459620344
10.050251256281408	0.002779200574737417
10.452261306532664	0.008864392735093662
10.85427135678392	0.014161070648139165
11.256281407035177	0.01808893550744851
11.658291457286433	0.01998888285850648
12.06030150753769	0.0195364622099309
12.462311557788945	0.017192490012465318
12.864321608040202	0.013699207039063552
13.266331658291458	0.009754777714750496
13.668341708542714	0.006766017610592254
14.07035175879397	0.00467059876170336
14.472361809045227	0.0029832777306488503
14.874371859296483	0.0018748159109402169
15.27638190954774	0.0049886625809319775
15.678391959798995	0.010335881279546572
16.080402010050253	0.016301205265383943
16.48241206030151	0.022083622127728363
16.884422110552766	0.026637986479596514
17.286432160804022	0.029473572293720617
17.68844221105528	0.0304494267754974
18.090452261306535	0.02944662116285443
18.49246231155779	0.027000247003397138
18.894472361809047	0.023919277139092636
19.296482412060303	0.02112791574560575
19.69849246231156	0.019041169659218954
20.100502512562816	0.01908988558269567
20.502512562814072	0.02149363170584297
20.90452261306533	0.026567256395397237
21.306532663316585	0.033653779213288805
21.70854271356784	0.04156585584145877
22.110552763819097	0.049061262688052165
22.512562814070353	0.05538366411121376
22.91457286432161	0.059852707537532725
23.316582914572866	0.06209022735167448
23.718592964824122	0.06256260195554397
24.12060301507538	0.06168731790341202
24.522613065326635	0.05981838395850232
24.92462311557789	0.05799036339436368
25.326633165829147	0.056688428478735196
25.728643216080403	0.05674620737450151
26.13065326633166	0.05864190736825899
26.532663316582916	0.062225526944257745
26.934673366834172	0.06694608723283801
27.33668341708543	0.07180497924443188
27.738693467336685	0.07581653249244712
28.14070351758794	0.07801255918793228
28.542713567839197	0.07779598230031264
28.944723618090453	0.07552143269305195
29.34673366834171	0.07146304549465662
29.748743718592966	0.06709578302827776
30.150753768844222	0.06331349809037132
30.55276381909548	0.061320559597659655
30.954773869346734	0.061123234811373536
31.35678391959799	0.06273501056006897
31.758793969849247	0.06524559890214428
32.16080402010051	0.06719008654346037
32.56281407035176	0.06847768186027138
32.96482412060302	0.06816216638019994
33.366834170854275	0.06608727618728999
33.76884422110553	0.06224066268757579
34.17085427135679	0.05696510127715086
34.572864321608044	0.050809963747894205
34.9748743718593	0.044854459091477145
35.37688442211056	0.03962548663651408
35.77889447236181	0.036127306748207036
36.18090452261307	0.03425767356572505
36.582914572864325	0.03386644262591619
36.98492462311558	0.03466701286806699
37.38693467336684	0.035698286804941
37.788944723618094	0.03682821392357938
38.19095477386935	0.03777956955289495
38.59296482412061	0.03816163707592497
38.99497487437186	0.03794453130255289
39.39698492462312	0.03704706808399354
39.798994974874375	0.03562445083708131
40.20100502512563	0.03424226627994183
40.60301507537689	0.03258408170235502
41.005025125628144	0.03155059375054231
41.4070351758794	0.03131287547809241
41.80904522613066	0.03166728847878612
42.21105527638191	0.03278835067417603
42.61306532663317	0.03419461095855205
43.015075376884425	0.035750769005265505
43.41708542713568	0.037760402338540444
43.81909547738694	0.03939172290386542
44.221105527638194	0.04099698241384427
44.62311557788945	0.04257508373535093
45.02512562814071	0.044298503588054275
45.42713567839196	0.045854063677964865
45.82914572864322	0.047592218292549955
46.231155778894475	0.048791006657860805
46.63316582914573	0.0492122500740669
47.03517587939699	0.048982581387175
47.437185929648244	0.047579567520765094
47.8391959798995	0.04534404576490889
48.24120603015076	0.042553777548095015
48.64321608040201	0.04001859340663547
49.04522613065327	0.038565108715957155
49.447236180904525	0.038854016358999086
49.84924623115578	0.04082420146555184
50.25125628140704	0.0445357423058448
50.653266331658294	0.04929971450313039
51.05527638190955	0.054115094980791624
51.45728643216081	0.05788203213778703
51.85929648241206	0.059732431586665004
52.26130653266332	0.059339230720684574
52.663316582914575	0.056586413131298086
53.06532663316583	0.05228862428060997
53.46733668341709	0.04712610302115648
53.869346733668344	0.04234454978908066
54.2713567839196	0.03913992031976338
54.67336683417086	0.03781625439133236
55.07537688442211	0.03852637327937367
55.47738693467337	0.04091767755622963
55.879396984924625	0.0446170831777639
56.28140703517588	0.04907940504939197
56.68341708542714	0.053198688193914254
57.085427135678394	0.056148751722638404
57.48743718592965	0.0569724038660682
57.88944723618091	0.05535614502484645
58.29145728643216	0.05161766878426921
58.69346733668342	0.046638329250676056
59.095477386934675	0.04155074345078147
59.49748743718593	0.03766388112495147
59.89949748743719	0.0361791318627884
60.301507537688444	0.03674159834354106
60.7035175879397	0.03935372810983854
61.10552763819096	0.0431734678967864
61.50753768844221	0.04744404076495506
61.90954773869347	0.05163680893817395
62.311557788944725	0.054793318673433254
62.71356783919598	0.05645291031651569
63.11557788944724	0.05626157196235619
63.517587939698494	0.054456227632512524
63.91959798994975	0.0513477588119136
64.32160804020101	0.047858101511364534
64.72361809045226	0.04476884898594504
65.12562814070353	0.04297407964613339
65.52763819095478	0.042777493389231085
65.92964824120604	0.044126917709907953
66.33165829145729	0.046597808132206944
66.73366834170855	0.049667397049738785
67.1356783919598	0.05255061227425426
67.53768844221106	0.054895401993075535
67.93969849246231	0.05629987367279302
68.34170854271358	0.05659318173322934
68.74371859296483	0.05626154897047758
69.14572864321609	0.054652798910590564
69.54773869346734	0.052694544667242826
69.9497487437186	0.05046538015839539
70.35175879396985	0.04868459575800441
70.75376884422111	0.04724104237121239
71.15577889447236	0.046719994298971355
71.55778894472363	0.04694250651193557
71.95979899497488	0.04774240890528225
72.36180904522614	0.04883993480795411
72.76381909547739	0.05023003205673782
73.16582914572865	0.05158910226735296
73.5678391959799	0.0527019710617188
73.96984924623116	0.05332038255059203
74.37185929648241	0.0536323375383916
74.77386934673368	0.05359583860644609
75.17587939698493	0.05293107838901996
75.57788944723619	0.052083347795904636
75.97989949748744	0.05103445797591101
76.3819095477387	0.049778397925966764
76.78391959798995	0.04890510785194298
77.18592964824121	0.04820969835250466
77.58793969849246	0.04814673040296803
77.98994974874373	0.04806100794444927
78.39195979899498	0.04834856943032102
78.79396984924624	0.049126009103306265
79.19597989949749	0.04982325342167198
79.59798994974875	0.0507609276568472
80.0	0.05152754121652632
