0.0	0.020735371879985413
0.4020100502512563	0.021059810515452408
0.8040201005025126	0.017937657816983383
1.206030150753769	0.011985819167551068
1.6080402010050252	0.005261422264903608
2.0100502512562817	0.005275674463688453
2.412060301507538	0.010947944088765676
2.814070351758794	0.014636459985304237
3.2160804020100504	0.015040168256443952
3.6180904522613067	0.012111012170380044
4.020100502512563	0.006172022424225563
4.42211055276382	0.002389949902626166
4.824120603015076	0.010761973257612287
5.226130653266332	0.0184109408099841
5.628140703517588	0.023892755682689167
6.030150753768845	0.026297449318293892
6.432160804020101	0.025202626990297333
6.834170854271357	0.02095524835777961
7.236180904522613	0.014791268770903471
7.63819095477387	0.00822256597591139
8.040201005025127	0.004429223200971392
8.442211055276383	0.006111097875015222
8.84422110552764	0.0074202778451401925
9.246231155778895	0.005906609726467826
9.648241206030152	0.0015128813903251491
10.050251256281408	0.005329113656155997
10.452261306532664	0.013344407627275456
10.85427135678392	0.020823514894844325
11.256281407035177	0.026715078690058524
11.658291457286433	0.03002153737033581
12.06030150753769	0.02987537125406119
12.462311557788945	0.026369006914642952
12.864321608040202	0.021175267207222
13.266331658291458	0.01798232655880056
13.668341708542714	0.021235820288905125
14.07035175879397	0.0292316567177641
14.472361809045227	0.03571144671740319
14.874371859296483	0.03635419255450362
15.27638190954774	0.030478600923386917
15.678391959798995	0.020366737024047267
16.080402010050253	0.015736021920146274
16.48241206030151	0.025160677825798283
16.884422110552766	0.03777458550268693
17.286432160804022	0.04741812835320343
17.68844221105528	0.0522169572633737
18.090452261306535	0.05135823255151224
18.49246231155779	0.046236699715433024
18.894472361809047	0.03747931255386489
19.296482412060303	0.026498298440195654
19.69849246231156	0.018498994157680828
20.100502512562816	0.022575745544974525
20.502512562814072	0.033849143013924325
20.90452261306533	0.04424157248399401
21.306532663316585	0.049300428075739075
21.70854271356784	0.04838845076178451
22.110552763819097	0.041387009881535444
22.512562814070353	0.029522498254585538
22.91457286432161	0.020571464703330333
23.316582914572866	0.025880647173046584
23.718592964824122	0.03952293608514508
24.12060301507538	0.052257748467379773
24.522613065326635	0.05900230566115999
24.92462311557789	0.06045004124864948
25.326633165829147	0.056696479852172965
25.728643216080403	0.047965496190852976
26.13065326633166	0.03698254861117426
26.532663316582916	0.028670308565490087
26.934673366834172	0.029101251385836784
27.33668341708543	0.035507935062973554
27.738693467336685	0.041087861445524315
28.14070351758794	0.042676955053889735
28.542713567839197	0.04004144352226048
28.944723618090453	0.03452977342316871
29.34673366834171	0.03205650069230558
29.748743718592966	0.03661815127704623
30.150753768844222	0.0453123993142775
30.55276381909548	0.05346322094088159
30.954773869346734	0.0573291908595804
31.35678391959799	0.05448959981578155
31.758793969849247	0.044722819640359075
32.16080402010051	0.03053117982534575
32.56281407035176	0.017630756569753794
32.96482412060302	0.020667541008058767
33.366834170854275	0.0325434842822601
33.76884422110553	0.042022248919120986
34.17085427135679	0.04539818548918715
34.572864321608044	0.04328712937152121
34.9748743718593	0.03655795177678499
35.37688442211056	0.028243281415302156
35.77889447236181	0.022839746620970953
36.18090452261307	0.02493036528778911
36.582914572864325	0.02991308678107781
36.98492462311558	0.03123745434087296
37.38693467336684	0.026131848870274386
37.788944723618094	0.014291536262490948
38.19095477386935	0.004028961061858632
38.59296482412061	0.02345965776491666
38.99497487437186	0.04269333566866321
39.39698492462312	0.0579754427750966
39.798994974874375	0.06687553260681652
40.20100502512563	0.06823734511910332
40.60301507537689	0.06229819426383715
41.005025125628144	0.05029767562545112
41.4070351758794	0.03529370717556431
41.80904522613066	0.019954036413769062
42.21105527638191	0.007310941283856183
42.61306532663317	0.005327387671867363
43.015075376884425	0.00887373695376537
43.41708542713568	0.011044190988333747
43.81909547738694	0.01842048660270163
44.221105527638194	0.03216810893705576
44.62311557788945	0.048616205616270544
45.02512562814071	0.06345565255774246
45.42713567839196	0.07393446346685055
45.82914572864322	0.07841320001947027
46.231155778894475	0.07638219417616723
46.63316582914573	0.06793763297119945
47.03517587939699	0.05480150431804358
47.437185929648244	0.04020171220736171
47.8391959798995	0.029091882407096044
48.24120603015076	0.027241713061496885
48.64321608040201	0.032879983068825745
49.04522613065327	0.03928700820219944
49.447236180904525	0.043651250256162163
49.84924623115578	0.04596311014995302
50.25125628140704	0.047463819178732436
50.653266331658294	0.04860433923008654
51.05527638190955	0.049036657218691285
51.45728643216081	0.0468773823852056
51.85929648241206	0.04136954824568535
52.26130653266332	0.03224006987249567
52.663316582914575	0.022008393689580276
53.06532663316583	0.018709715045905455
53.46733668341709	0.02864065119737208
53.869346733668344	0.04256476177067092
54.2713567839196	0.054680993401586296
54.67336683417086	0.06313505921956748
55.07537688442211	0.06605814004344128
55.47738693467337	0.06356499110958524
55.879396984924625	0.05595306198214654
56.28140703517588	0.044327578206797044
56.68341708542714	0.03103853632049571
57.085427135678394	0.01790877275370468
57.48743718592965	0.0070109511686369305
57.88944723618091	0.0034382595113634368
58.29145728643216	0.011957288813376854
58.69346733668342	0.022802885529931136
59.095477386934675	0.035437319245227736
59.49748743718593	0.04806422661173181
59.89949748743719	0.05821511359414544
60.301507537688444	0.06381908897354081
60.7035175879397	0.06385713388366411
61.10552763819096	0.05771516140364922
61.50753768844221	0.046148466325229655
61.90954773869347	0.0314114575890889
62.311557788944725	0.015834241975096936
62.71356783919598	0.004167126457493727
63.11557788944724	0.011098771470881681
63.517587939698494	0.017934819700561495
63.91959798994975	0.02186238099844237
64.32160804020101	0.024607179556464097
64.72361809045226	0.0288047364119376
65.12562814070353	0.03505726888034601
65.52763819095478	0.04111329460209284
65.92964824120604	0.044554876468995155
66.33165829145729	0.043863525840479985
66.73366834170855	0.038341488475042276
67.1356783919598	0.028200673739100336
67.53768844221106	0.016593713948785258
67.93969849246231	0.013886666168418871
68.34170854271358	0.0254768860185271
68.74371859296483	0.03846480192557765
69.14572864321609	0.048117132970530926
69.54773869346734	0.05344066076385501
69.9497487437186	0.0540044407928594
70.35175879396985	0.05027831585330855
70.75376884422111	0.04401649656477631
71.15577889447236	0.03648150663415339
71.55778894472363	0.029443466846278753
71.95979899497488	0.023362188084672338
72.36180904522614	0.017403320169567436
72.76381909547739	0.012878239312987936
73.16582914572865	0.016696772643625336
73.5678391959799	0.02808900403181423
73.96984924623116	0.04104007090205124
74.37185929648241	0.05225844341588352
74.77386934673368	0.05930954595181408
75.17587939698493	0.06159845406984758
75.57788944723619	0.05866133194206526
75.97989949748744	0.05078804378563032
76.3819095477387	0.039618544990935575
76.78391959798995	0.027017209576005112
77.18592964824121	0.014809559634209801
77.58793969849246	0.0050064473452047144
77.98994974874373	0.005259644520564656
78.39195979899498	0.010703525212111037
78.79396984924624	0.016658708436321973
79.19597989949749	0.02371823591918653
79.59798994974875	0.0317811142769169
80.0	0.038934877548560516
