0.0	0.005909200675017032
0.4020100502512563	0.005626642766354565
0.8040201005025126	0.0044566970380489745
1.206030150753769	0.0027302037067170625
1.6080402010050252	0.0009711570458733516
2.0100502512562817	0.001882167836264471
2.412060301507538	0.0035494133068077623
2.814070351758794	0.004278760028029171
3.2160804020100504	0.004003350301486804
3.6180904522613067	0.003013577056060537
4.020100502512563	0.0011855489971816222
4.42211055276382	0.00131583873123944
4.824120603015076	0.0038092302192286485
5.226130653266332	0.005752975006488902
5.628140703517588	0.006981847155483706
6.030150753768845	0.007208536171310678
6.432160804020101	0.006377953797832227
6.834170854271357	0.00486849725554001
7.236180904522613	0.0028986152479945687
7.63819095477387	0.0009796663801264823
8.040201005025127	0.0015266809599749098
8.442211055276383	0.0026145918194430593
8.84422110552764	0.002846243926235051
9.246231155778895	0.0022442164484408464
9.648241206030152	0.0014667606388117148
10.050251256281408	0.001958454090773619
10.452261306532664	0.0036999144426402746
10.85427135678392	0.0054923444639408195
11.256281407035177	0.006892850890640567
11.658291457286433	0.00764628977529101
12.06030150753769	0.008004639980438016
12.462311557788945	0.0078137791639277
12.864321608040202	0.00814537782133801
13.266331658291458	0.009260825906759872
13.668341708542714	0.011445873955121562
14.07035175879397	0.01361426059561396
14.472361809045227	0.015275387532771679
14.874371859296483	0.016447259051541905
15.27638190954774	0.016384110829847122
15.678391959798995	0.015390054115510912
16.080402010050253	0.01353987456246174
16.48241206030151	0.011594732832417905
16.884422110552766	0.009841251107247387
17.286432160804022	0.008927851423067023
17.68844221105528	0.008927434390984522
18.090452261306535	0.009180549919667855
18.49246231155779	0.009636622641621932
18.894472361809047	0.0104591273041624
19.296482412060303	0.011721257330278914
19.69849246231156	0.013391254386782733
20.100502512562816	0.015132901424307493
20.502512562814072	0.016804169926004645
20.90452261306533	0.017847766786449865
21.306532663316585	0.018407576680921908
21.70854271356784	0.01818379599021714
22.110552763819097	0.016931079472557082
22.512562814070353	0.01513199207066301
22.91457286432161	0.012826842922490303
23.316582914572866	0.010806151356660994
23.718592964824122	0.009142979470501779
24.12060301507538	0.008302880145255528
24.522613065326635	0.008084429662115476
24.92462311557789	0.008488132129160053
25.326633165829147	0.009398607883580658
25.728643216080403	0.01099716038989326
26.13065326633166	0.01314262490378169
26.532663316582916	0.015299890575304023
26.934673366834172	0.016676513803374832
27.33668341708543	0.017366176329474226
27.738693467336685	0.0168476913738747
28.14070351758794	0.01529589879482647
28.542713567839197	0.013269907951411692
28.944723618090453	0.011108747970322139
29.34673366834171	0.00962060300967903
29.748743718592966	0.00906456012431756
30.150753768844222	0.009169998074566614
30.55276381909548	0.009527362055882121
30.954773869346734	0.010527323508346918
31.35678391959799	0.012534728383004123
31.758793969849247	0.015463461795569938
32.16080402010051	0.018810371327607482
32.56281407035176	0.022035547957060118
32.96482412060302	0.024603062134820972
33.366834170854275	0.025949690554505155
33.76884422110553	0.026015272694766896
34.17085427135679	0.0251643767167987
34.572864321608044	0.024118857927258798
34.9748743718593	0.0232012523839495
35.37688442211056	0.02279237159336406
35.77889447236181	0.02270842447589806
36.18090452261307	0.022832777048290138
36.582914572864325	0.023049682572995493
36.98492462311558	0.024123179927120063
37.38693467336684	0.02597252820553398
37.788944723618094	0.02868924838086594
38.19095477386935	0.031812610669072997
38.59296482412061	0.034408490931259056
38.99497487437186	0.036032760729654306
39.39698492462312	0.036543642202397655
39.798994974874375	0.03597150402353267
40.20100502512563	0.03494650295740309
40.60301507537689	0.033731745247437196
41.005025125628144	0.03297767799418633
41.4070351758794	0.03253560525618686
41.80904522613066	0.03230690123742295
42.21105527638191	0.032438452461944454
42.61306532663317	0.033093872745509054
43.015075376884425	0.0347381369260198
43.41708542713568	0.037055734775923235
43.81909547738694	0.03996053714205208
44.221105527638194	0.04313049878967882
44.62311557788945	0.04559340794692468
45.02512562814071	0.04721825190427491
45.42713567839196	0.047867086827888525
45.82914572864322	0.04826925860316514
46.231155778894475	0.04821543405109542
46.63316582914573	0.048621061867614876
47.03517587939699	0.04942775439969012
47.437185929648244	0.05085528983107183
47.8391959798995	0.05266039978391086
48.24120603015076	0.05479075163612225
48.64321608040201	0.05721609941902239
49.04522613065327	0.05952382244294492
49.447236180904525	0.061472404043657856
49.84924623115578	0.06292921389577147
50.25125628140704	0.06336492230388846
50.653266331658294	0.06269482303274229
51.05527638190955	0.06097209529310325
51.45728643216081	0.058538459552978685
51.85929648241206	0.05547287689917885
52.26130653266332	0.052676501929517894
52.663316582914575	0.051001349945864936
53.06532663316583	0.05040598895423372
53.46733668341709	0.05123005939152159
53.869346733668344	0.05343052991938797
54.2713567839196	0.05646104835564697
54.67336683417086	0.059747309843538585
55.07537688442211	0.06315649181149355
55.47738693467337	0.06559817545221866
55.879396984924625	0.06669815787208257
56.28140703517588	0.06599932880465909
56.68341708542714	0.06384604442730049
57.085427135678394	0.060345441623602045
57.48743718592965	0.05616022518086596
57.88944723618091	0.052020488087797204
58.29145728643216	0.04892678799957166
58.69346733668342	0.0473834102365142
59.095477386934675	0.04773198353599613
59.49748743718593	0.049927650300612955
59.89949748743719	0.05308476794899088
60.301507537688444	0.05663016739995208
60.7035175879397	0.05991631175500066
61.10552763819096	0.06241990887348784
61.50753768844221	0.06369392282991218
61.90954773869347	0.06339229086402973
62.311557788944725	0.06145256605233024
62.71356783919598	0.05851294404411069
63.11557788944724	0.05489963168357102
63.517587939698494	0.05142428835229375
63.91959798994975	0.04857257773115704
64.32160804020101	0.04743484787782455
64.72361809045226	0.04778902582409662
65.12562814070353	0.049455729311394934
65.52763819095478	0.05184461017178631
65.92964824120604	0.05452455365808023
66.33165829145729	0.05714333562847244
66.73366834170855	0.05925555629163615
67.1356783919598	0.06081401344332236
67.53768844221106	0.06175051412410234
67.93969849246231	0.06179798804842672
68.34170854271358	0.06053415180369709
68.74371859296483	0.05855655682746887
69.14572864321609	0.056024340109352755
69.54773869346734	0.05336280988458776
69.9497487437186	0.051282178861105934
70.35175879396985	0.049910896916086925
70.75376884422111	0.04991483496606315
71.15577889447236	0.05085264653134737
71.55778894472363	0.05244121766678776
71.95979899497488	0.05438797802974212
72.36180904522614	0.056511359130368546
72.76381909547739	0.05802799734693605
73.16582914572865	0.058897451023537786
73.5678391959799	0.05851307399352902
73.96984924623116	0.0572167753956818
74.37185929648241	0.05497912161260121
74.77386934673368	0.05222425522516503
75.17587939698493	0.049267922804257014
75.57788944723619	0.0466826378404906
75.97989949748744	0.04476099910505525
76.3819095477387	0.044160586291787984
76.78391959798995	0.044721382092751255
77.18592964824121	0.04669945317250155
77.58793969849246	0.049492761607186325
77.98994974874373	0.05264668493712134
78.39195979899498	0.05570113814531478
78.79396984924624	0.05807463406924647
79.19597989949749	0.05920194927536424
79.59798994974875	0.05888132579151275
80.0	0.05679448881319856
