0.0	0.019369561593371463
0.4020100502512563	0.01650074794205214
0.8040201005025126	0.011181061023045051
1.206030150753769	0.00477706535637848
1.6080402010050252	0.0055317645706515015
2.0100502512562817	0.011578467265213754
2.412060301507538	0.01592150513899523
2.814070351758794	0.0172407574633698
3.2160804020100504	0.015388073635011212
3.6180904522613067	0.010462109832417129
4.020100502512563	0.003956053179639503
4.42211055276382	0.004268607331489415
4.824120603015076	0.010831661053616359
5.226130653266332	0.015651982882604765
5.628140703517588	0.017683438069147447
6.030150753768845	0.01644379999852415
6.432160804020101	0.01235552516959602
6.834170854271357	0.0065748793126300204
7.236180904522613	0.005426418707247756
7.63819095477387	0.011053245170113302
8.040201005025127	0.01617451174374736
8.442211055276383	0.018785666455107437
8.84422110552764	0.018170953692654614
9.246231155778895	0.014573014634748771
9.648241206030152	0.008433392759441325
10.050251256281408	0.002105785564377643
10.452261306532664	0.0069751832147307
10.85427135678392	0.012962232102097331
11.256281407035177	0.01672455395356611
11.658291457286433	0.017413332443691136
12.06030150753769	0.015449763643373684
12.462311557788945	0.012084305567290956
12.864321608040202	0.009822072305647587
13.266331658291458	0.011784429638090675
13.668341708542714	0.01577714140062585
14.07035175879397	0.018999464481553062
14.472361809045227	0.020403631122774234
14.874371859296483	0.01913705059482518
15.27638190954774	0.015473769518589867
15.678391959798995	0.010307506165466052
16.080402010050253	0.005368250119770421
16.48241206030151	0.0056502287376810345
16.884422110552766	0.009319695630348523
17.286432160804022	0.012248610199058799
17.68844221105528	0.012914345209657197
18.090452261306535	0.012069166838325419
18.49246231155779	0.011246771024462537
18.894472361809047	0.01272947287826032
19.296482412060303	0.01638734759986066
19.69849246231156	0.0208870862971336
20.100502512562816	0.024310093272841896
20.502512562814072	0.02577019345440848
20.90452261306533	0.024905396020489655
21.306532663316585	0.021829264006183693
21.70854271356784	0.017130239874417485
22.110552763819097	0.012425603329371187
22.512562814070353	0.010169340271950204
22.91457286432161	0.010896750180505394
23.316582914572866	0.012241158614185402
23.718592964824122	0.012389568755555944
24.12060301507538	0.011042739687222249
24.522613065326635	0.010069054139724502
24.92462311557789	0.012140745117930002
25.326633165829147	0.01729273472186696
25.728643216080403	0.022872656867691486
26.13065326633166	0.027333210047595265
26.532663316582916	0.029251710788845454
26.934673366834172	0.028443630671622762
27.33668341708543	0.025108317320773538
27.738693467336685	0.02003333512105646
28.14070351758794	0.014353937347374515
28.542713567839197	0.010473964499677278
28.944723618090453	0.00994354015961822
29.34673366834171	0.010928313985682555
29.748743718592966	0.011485304353204955
30.150753768844222	0.012033643013228935
30.55276381909548	0.014654612093242153
30.954773869346734	0.019484259703628114
31.35678391959799	0.02551594259721664
31.758793969849247	0.030778875856121924
32.16080402010051	0.034187656222289274
32.56281407035176	0.035346993688924286
32.96482412060302	0.033652076698609416
33.366834170854275	0.02958223171371934
33.76884422110553	0.02440625928662043
34.17085427135679	0.01897512219932527
34.572864321608044	0.014837372349231801
34.9748743718593	0.01285097329971056
35.37688442211056	0.012343210752984614
35.77889447236181	0.012598066242707425
36.18090452261307	0.013494147085320846
36.582914572864325	0.015947488733667664
36.98492462311558	0.020613995212873135
37.38693467336684	0.026508411737511617
37.788944723618094	0.032206766413036
38.19095477386935	0.03629955869442775
38.59296482412061	0.0385128221447522
38.99497487437186	0.03832127735462242
39.39698492462312	0.035939457652877586
39.798994974874375	0.032136983393721036
40.20100502512563	0.028079540480481564
40.60301507537689	0.024978807137111085
41.005025125628144	0.023079986844813605
41.4070351758794	0.022067165460300943
41.80904522613066	0.02167901286872554
42.21105527638191	0.022413921694209554
42.61306532663317	0.024813454786539898
43.015075376884425	0.029334511067362373
43.41708542713568	0.03497974128285202
43.81909547738694	0.040171710640998885
44.221105527638194	0.044019035723502596
44.62311557788945	0.04561454652925655
45.02512562814071	0.04463988060473122
45.42713567839196	0.041735789926627576
45.82914572864322	0.037458732381311935
46.231155778894475	0.03300334637547907
46.63316582914573	0.029243014657706956
47.03517587939699	0.02679177380438727
47.437185929648244	0.025834741357108348
47.8391959798995	0.025844550753028394
48.24120603015076	0.027803599145394355
48.64321608040201	0.03155285782851438
49.04522613065327	0.03687455373770948
49.447236180904525	0.04302443728530396
49.84924623115578	0.048836881395462904
50.25125628140704	0.05340378974086309
50.653266331658294	0.05604190853592593
51.05527638190955	0.056870988686794785
51.45728643216081	0.055871369975123285
51.85929648241206	0.052920309636681706
52.26130653266332	0.04944607618912675
52.663316582914575	0.04622415068996814
53.06532663316583	0.043845157673313775
53.46733668341709	0.04319949126122018
53.869346733668344	0.0444652177696465
54.2713567839196	0.047784321344398896
54.67336683417086	0.05304215331559592
55.07537688442211	0.05942346785242458
55.47738693467337	0.06580714772891713
55.879396984924625	0.07113085559531694
56.28140703517588	0.07465743461650266
56.68341708542714	0.07567414692544482
57.085427135678394	0.07398003153636491
57.48743718592965	0.06968503962513202
57.88944723618091	0.06332193521373894
58.29145728643216	0.055958076577778515
58.69346733668342	0.04876362447193285
59.095477386934675	0.04307096893973241
59.49748743718593	0.03988859895602253
59.89949748743719	0.040173473243437965
60.301507537688444	0.04424132908735279
60.7035175879397	0.05141431612725369
61.10552763819096	0.06033059341803868
61.50753768844221	0.06911473977721422
61.90954773869347	0.07611545420105556
62.311557788944725	0.07983767525271279
62.71356783919598	0.07944763611570903
63.11557788944724	0.0747347357064221
63.517587939698494	0.06668248653816639
63.91959798994975	0.05675917512931823
64.32160804020101	0.04660397036962602
64.72361809045226	0.03831409672152981
65.12562814070353	0.03327757276382691
65.52763819095478	0.032377143988707655
65.92964824120604	0.03534286271058662
66.33165829145729	0.041470291299686
66.73366834170855	0.04978557458108471
67.1356783919598	0.058730475772544734
67.53768844221106	0.0667002120420412
67.93969849246231	0.0721735310970257
68.34170854271358	0.07439613839304779
68.74371859296483	0.07254550014946545
69.14572864321609	0.06724176221904081
69.54773869346734	0.059153695654244755
69.9497487437186	0.049854863560916854
70.35175879396985	0.04100175910219514
70.75376884422111	0.034418363980005376
71.15577889447236	0.030969046787640352
71.55778894472363	0.03125057583455763
71.95979899497488	0.035220468061709184
72.36180904522614	0.04220706720851182
72.76381909547739	0.050990863118151784
73.16582914572865	0.06035144682903367
73.5678391959799	0.06844443923772639
73.96984924623116	0.07403052291739727
74.37185929648241	0.07615304616618065
74.77386934673368	0.07410945316468182
75.17587939698493	0.06855642225999595
75.57788944723619	0.06034310461670557
75.97989949748744	0.05105273721199732
76.3819095477387	0.04248218638829636
76.78391959798995	0.036487910985652725
77.18592964824121	0.03393216480990475
77.58793969849246	0.035205158004471424
77.98994974874373	0.03965831015908441
78.39195979899498	0.046502521006511144
78.79396984924624	0.05487963206396999
79.19597989949749	0.06329234935281174
79.59798994974875	0.0702147079310529
80.0	0.07438550747827447
