0.0	0.008355012251654862
0.4020100502512563	0.008676798565787656
0.8040201005025126	0.00801605933407349
1.206030150753769	0.006100350897091303
1.6080402010050252	0.003507484175887844
2.0100502512562817	0.0026672660455880617
2.412060301507538	0.004033580390589279
2.814070351758794	0.005583665761641006
3.2160804020100504	0.005928224144835051
3.6180904522613067	0.004861732552585811
4.020100502512563	0.0027137884409640795
4.42211055276382	0.0009994506505622963
4.824120603015076	0.004425733454465
5.226130653266332	0.007931210017774906
5.628140703517588	0.010570792435816701
6.030150753768845	0.012237888469612322
6.432160804020101	0.012578100905218803
6.834170854271357	0.011368122308631157
7.236180904522613	0.009513699704053694
7.63819095477387	0.00755428878903584
8.040201005025127	0.005665049755258221
8.442211055276383	0.004905631431540091
8.84422110552764	0.004815719893459737
9.246231155778895	0.004490658319166058
9.648241206030152	0.005346509310762021
10.050251256281408	0.00843535392648999
10.452261306532664	0.012640692137974563
10.85427135678392	0.01702539268169168
11.256281407035177	0.021073333135277334
11.658291457286433	0.02413443401654361
12.06030150753769	0.026509607511260226
12.462311557788945	0.02784897780903836
12.864321608040202	0.028459944189921156
13.266331658291458	0.028547731297116713
13.668341708542714	0.028942723724238305
14.07035175879397	0.03006375061675181
14.472361809045227	0.03127847069426622
14.874371859296483	0.032267007490802684
15.27638190954774	0.03336926906340028
15.678391959798995	0.03361071634698057
16.080402010050253	0.03134373958376584
16.48241206030151	0.026151345540482013
16.884422110552766	0.016147611252288065
17.286432160804022	0.003258916050058385
17.68844221105528	0.010991666261405837
18.090452261306535	0.01659116061128536
18.49246231155779	0.015606308652110365
18.894472361809047	0.00791434783170884
19.296482412060303	0.011097670703546161
19.69849246231156	0.02835147280616212
20.100502512562816	0.045931174792794814
20.502512562814072	0.05929250952302274
20.90452261306533	0.06514471477884146
21.306532663316585	0.0628439074229671
21.70854271356784	0.05345984517623781
22.110552763819097	0.03932075962134935
22.512562814070353	0.028104295728462923
22.91457286432161	0.028548171580892585
23.316582914572866	0.037300548975934815
23.718592964824122	0.04319718472417292
24.12060301507538	0.042240289375323856
24.522613065326635	0.031911903042424375
24.92462311557789	0.014687332316373439
25.326633165829147	0.007724548090209153
25.728643216080403	0.02969711673457795
26.13065326633166	0.04809486118332393
26.532663316582916	0.058940035161974456
26.934673366834172	0.0610253459192797
27.33668341708543	0.05517475933853068
27.738693467336685	0.04457606510346047
28.14070351758794	0.037080122019456714
28.542713567839197	0.04004131081246147
28.944723618090453	0.048588937326644814
29.34673366834171	0.05467260266498627
29.748743718592966	0.05440723241294989
30.150753768844222	0.04629295364114947
30.55276381909548	0.031136902084464464
30.954773869346734	0.013858000304887333
31.35678391959799	0.018274438323589486
31.758793969849247	0.0374288769501339
32.16080402010051	0.05312334694190611
32.56281407035176	0.06266160999618771
32.96482412060302	0.06593184915061659
33.366834170854275	0.06332417815257368
33.76884422110553	0.05854689179874255
34.17085427135679	0.05476630763590519
34.572864321608044	0.054121421997981
34.9748743718593	0.05591557183820722
35.37688442211056	0.056013860081828716
35.77889447236181	0.051667508107335634
36.18090452261307	0.04284968626215043
36.582914572864325	0.03396325731215138
36.98492462311558	0.034344359249336064
37.38693467336684	0.04504515359530754
37.788944723618094	0.057519432050455475
38.19095477386935	0.06545438596957506
38.59296482412061	0.0666536088399507
38.99497487437186	0.06140077449540221
39.39698492462312	0.052532967737359194
39.798994974874375	0.04515485028960817
40.20100502512563	0.04465096797119489
40.60301507537689	0.04938183706613232
41.005025125628144	0.0533504538404289
41.4070351758794	0.05241681712832239
41.80904522613066	0.045890949912416594
42.21105527638191	0.036608334285707506
42.61306532663317	0.03144242168611269
43.015075376884425	0.03622568154299534
43.41708542713568	0.045084997389876987
43.81909547738694	0.05130924988008627
44.221105527638194	0.05117013077232725
44.62311557788945	0.04526728681881366
45.02512562814071	0.036114030116377635
45.42713567839196	0.029695226467197
45.82914572864322	0.032699633726678896
46.231155778894475	0.04097961775618204
46.63316582914573	0.047078692773899325
47.03517587939699	0.04768247858962966
47.437185929648244	0.04294551105471461
47.8391959798995	0.03555030096955088
48.24120603015076	0.03141643030118178
48.64321608040201	0.03516703552420738
49.04522613065327	0.042800953180826336
49.447236180904525	0.04854138114992654
49.84924623115578	0.04932509849825972
50.25125628140704	0.045063117247273535
50.653266331658294	0.03701254180903578
51.05527638190955	0.030610734517479338
51.45728643216081	0.03130729299354088
51.85929648241206	0.038960911907015984
52.26130653266332	0.04725205387201739
52.663316582914575	0.05244455744832736
53.06532663316583	0.052000031589265173
53.46733668341709	0.04673666423571801
53.869346733668344	0.03835438415614096
54.2713567839196	0.03058486212768578
54.67336683417086	0.027632167392154433
55.07537688442211	0.03009326189735373
55.47738693467337	0.03341111459852451
55.879396984924625	0.03399996179774021
56.28140703517588	0.030879671909892555
56.68341708542714	0.025179571748729902
57.085427135678394	0.021272502971571336
57.48743718592965	0.025218632930536628
57.88944723618091	0.03449056018046314
58.29145728643216	0.043626588166083946
58.69346733668342	0.04965276237299672
59.095477386934675	0.05177514399995107
59.49748743718593	0.05000898101158961
59.89949748743719	0.045173728431276546
60.301507537688444	0.03906598940009245
60.7035175879397	0.03369684912313155
61.10552763819096	0.029548631731646485
61.50753768844221	0.026376264952898437
61.90954773869347	0.022516745422606788
62.311557788944725	0.017279652735669466
62.71356783919598	0.014321055940845453
63.11557788944724	0.01997028420623719
63.517587939698494	0.031402015259822544
63.91959798994975	0.04323527382239245
64.32160804020101	0.05254707613857166
64.72361809045226	0.057783514064960254
65.12562814070353	0.05746545991999421
65.52763819095478	0.051459200934497504
65.92964824120604	0.04172923911803008
66.33165829145729	0.030359075746730323
66.73366834170855	0.021296493475673146
67.1356783919598	0.018748724883054867
67.53768844221106	0.01936839276030377
67.93969849246231	0.017562715564958135
68.34170854271358	0.012575607833715526
68.74371859296483	0.013459579662191112
69.14572864321609	0.02595789001676104
69.54773869346734	0.04095919594878427
69.9497487437186	0.054301140008549964
70.35175879396985	0.06317677530913188
70.75376884422111	0.06541514583202103
71.15577889447236	0.06099210975220454
71.55778894472363	0.05089692410532333
71.95979899497488	0.03738541131481854
72.36180904522614	0.02349405775623213
72.76381909547739	0.01425790101754427
73.16582914572865	0.012304223276652228
73.5678391959799	0.011381890317339553
73.96984924623116	0.005689960306591553
74.37185929648241	0.00781953945572535
74.77386934673368	0.022455868623515424
75.17587939698493	0.0388307601430075
75.57788944723619	0.05298568756629503
75.97989949748744	0.06238047357619085
76.3819095477387	0.06589060153832851
76.78391959798995	0.06261028146550254
77.18592964824121	0.05308284863321251
77.58793969849246	0.03909122424726713
77.98994974874373	0.023540556684502105
78.39195979899498	0.010311694965657404
78.79396984924624	0.007319661677851047
79.19597989949749	0.0101351350977159
79.59798994974875	0.007906308477757492
80.0	0.0009659355550056748
