0.0	0.016042068128245573
0.4020100502512563	0.014838037522478855
0.8040201005025126	0.011162222644937821
1.206030150753769	0.0057498598691726336
1.6080402010050252	0.0004243304582089811
2.0100502512562817	0.006298410515306453
2.412060301507538	0.010700308271218284
2.814070351758794	0.012725853322417463
3.2160804020100504	0.012132688594387698
3.6180904522613067	0.00890282278682843
4.020100502512563	0.0036458619762645876
4.42211055276382	0.0027546997229088094
4.824120603015076	0.009163108433028226
5.226130653266332	0.014331150555696257
5.628140703517588	0.017603440355917304
6.030150753768845	0.01825865471748175
6.432160804020101	0.01603987506201212
6.834170854271357	0.011707239583761362
7.236180904522613	0.005993487573105807
7.63819095477387	0.00037524348368900024
8.040201005025127	0.005069641902166415
8.442211055276383	0.008086293560270465
8.84422110552764	0.008384754258838155
9.246231155778895	0.005757342147621831
9.648241206030152	0.0020072782188237073
10.050251256281408	0.006827156464225589
10.452261306532664	0.013927794933499124
10.85427135678392	0.0203148042173932
11.256281407035177	0.02492864342362753
11.658291457286433	0.02759961040929248
12.06030150753769	0.02788639196835336
12.462311557788945	0.026073350867038915
12.864321608040202	0.02325286155998728
13.266331658291458	0.02045374166187627
13.668341708542714	0.018227020253120153
14.07035175879397	0.017029970956175176
14.472361809045227	0.016610935637147765
14.874371859296483	0.016432066506880484
15.27638190954774	0.01555117024352801
15.678391959798995	0.012853836281489197
16.080402010050253	0.008000439047506294
16.48241206030151	0.0028506705019516244
16.884422110552766	0.009410462310744432
17.286432160804022	0.015301533068960423
17.68844221105528	0.018419114747057076
18.090452261306535	0.019147324613969285
18.49246231155779	0.02044203181909412
18.894472361809047	0.027029994302582898
19.296482412060303	0.036229248429518704
19.69849246231156	0.04333839467883045
20.100502512562816	0.046281317021982994
20.502512562814072	0.042980443680918044
20.90452261306533	0.03479814827485635
21.306532663316585	0.02282517544115824
21.70854271356784	0.011589650045965664
22.110552763819097	0.009650072266936966
22.512562814070353	0.015411113442679591
22.91457286432161	0.018276118602971576
23.316582914572866	0.015978157726220025
23.718592964824122	0.011315533152692734
24.12060301507538	0.012489999963809131
24.522613065326635	0.02057530987512466
24.92462311557789	0.029429697344853352
25.326633165829147	0.03541998623138372
25.728643216080403	0.03744800878051747
26.13065326633166	0.03615112938957825
26.532663316582916	0.030619421310946592
26.934673366834172	0.0238874852775545
27.33668341708543	0.015560711809198938
27.738693467336685	0.009754600043430539
28.14070351758794	0.010248015419031784
28.542713567839197	0.013740204764741781
28.944723618090453	0.015020577586483373
29.34673366834171	0.012881281480599216
29.748743718592966	0.00920650656881138
30.150753768844222	0.010349501600976427
30.55276381909548	0.017012833821859884
30.954773869346734	0.023390247303572084
31.35678391959799	0.026830988918305633
31.758793969849247	0.026025311301089493
32.16080402010051	0.02131270029387105
32.56281407035176	0.016278504843396373
32.96482412060302	0.013781261734231642
33.366834170854275	0.015476946051643898
33.76884422110553	0.01783671510389208
34.17085427135679	0.018554329088832193
34.572864321608044	0.016732120415848685
34.9748743718593	0.012676116008048684
35.37688442211056	0.010280864792628458
35.77889447236181	0.014228385316419257
36.18090452261307	0.02210913220870999
36.582914572864325	0.03059095569031653
36.98492462311558	0.03725487137871009
37.38693467336684	0.04036273318044167
37.788944723618094	0.04047882770281367
38.19095477386935	0.03771245629296608
38.59296482412061	0.033064976509704434
38.99497487437186	0.027235116028860983
39.39698492462312	0.021888741298742617
39.798994974874375	0.017277870413057693
40.20100502512563	0.015189013003751353
40.60301507537689	0.017705414123271156
41.005025125628144	0.024138707633853347
41.4070351758794	0.03210134706851973
41.80904522613066	0.04091156413416464
42.21105527638191	0.048942446318991806
42.61306532663317	0.05604604710091003
43.015075376884425	0.06105190200653817
43.41708542713568	0.06390530937606453
43.81909547738694	0.06329522883484298
44.221105527638194	0.058893052807720836
44.62311557788945	0.05155982304729486
45.02512562814071	0.04313624841383028
45.42713567839196	0.03533494402626659
45.82914572864322	0.03035965601104933
46.231155778894475	0.030126591695960762
46.63316582914573	0.035091657018180185
47.03517587939699	0.042897654934830075
47.437185929648244	0.05119934612774078
47.8391959798995	0.05806731581621329
48.24120603015076	0.06239380625569966
48.64321608040201	0.06367796519881194
49.04522613065327	0.0612545065675816
49.447236180904525	0.0559454258366085
49.84924623115578	0.04916365343655366
50.25125628140704	0.04149068842832387
50.653266331658294	0.0342890330780523
51.05527638190955	0.027842591254972522
51.45728643216081	0.022874719957998817
51.85929648241206	0.020922881079823104
52.26130653266332	0.023315816301460728
52.663316582914575	0.030172522391707497
53.06532663316583	0.039222461070327744
53.46733668341709	0.04804459163367876
53.869346733668344	0.05587009472766089
54.2713567839196	0.06134480014655793
54.67336683417086	0.0636620554088223
55.07537688442211	0.062372250243280546
55.47738693467337	0.05830334357137766
55.879396984924625	0.05152461479344165
56.28140703517588	0.0431237962477796
56.68341708542714	0.03443286981566291
57.085427135678394	0.02683240968988714
57.48743718592965	0.020978220833053434
57.88944723618091	0.01812280710287537
58.29145728643216	0.018142622435834206
58.69346733668342	0.02202236357266264
59.095477386934675	0.02888695358950113
59.49748743718593	0.036332765353106644
59.89949748743719	0.04261334539268699
60.301507537688444	0.04607567254980921
60.7035175879397	0.04657418072472781
61.10552763819096	0.044222483079010215
61.50753768844221	0.03992102988661711
61.90954773869347	0.03462446834414122
62.311557788944725	0.029568512009757863
62.71356783919598	0.025554222547929994
63.11557788944724	0.022679600818188057
63.517587939698494	0.021679478390164562
63.91959798994975	0.023240629268100253
64.32160804020101	0.027566545725995338
64.72361809045226	0.0334906170083986
65.12562814070353	0.03984201887456835
65.52763819095478	0.0450395375689644
65.92964824120604	0.04801145336642536
66.33165829145729	0.04832041423084193
66.73366834170855	0.045949194303237115
67.1356783919598	0.042065066788692804
67.53768844221106	0.038263744252408964
67.93969849246231	0.035498319591495194
68.34170854271358	0.03391956550003618
68.74371859296483	0.03259675101670178
69.14572864321609	0.03076563922399971
69.54773869346734	0.028465772002177907
69.9497487437186	0.026773460431909413
70.35175879396985	0.02669767480771688
70.75376884422111	0.029129653198271294
71.15577889447236	0.03261156399790061
71.55778894472363	0.03562587879786375
71.95979899497488	0.03725983735278192
72.36180904522614	0.03744706639219127
72.76381909547739	0.036209759404586914
73.16582914572865	0.035162715626353085
73.5678391959799	0.03488846289803326
73.96984924623116	0.03637925638975849
74.37185929648241	0.038372306216380055
74.77386934673368	0.04011123886154018
75.17587939698493	0.04061715801070749
75.57788944723619	0.039899689736898884
75.97989949748744	0.03836046480658149
76.3819095477387	0.03687431297289169
76.78391959798995	0.036579577516333395
77.18592964824121	0.036897815559527355
77.58793969849246	0.037289097592421314
77.98994974874373	0.03743313388055704
78.39195979899498	0.03745226236927059
78.79396984924624	0.03757190366205253
79.19597989949749	0.03844475791273923
79.59798994974875	0.040001540106826806
80.0	0.0413825516371682
