0.0	0.0209345522120312
0.4020100502512563	0.017553255417850553
0.8040201005025126	0.01148694435259041
1.206030150753769	0.004029136584601063
1.6080402010050252	0.005263504282317706
2.0100502512562817	0.01217407604724376
2.412060301507538	0.016597937498451627
2.814070351758794	0.017960058602594184
3.2160804020100504	0.015779965785262834
3.6180904522613067	0.01040439987039811
4.020100502512563	0.0030544433208314612
4.42211055276382	0.0054438219678355606
4.824120603015076	0.012870925272665298
5.226130653266332	0.018147033899488275
5.628140703517588	0.020513069316922185
6.030150753768845	0.019304886813840932
6.432160804020101	0.014970807511420131
6.834170854271357	0.008883358116603225
7.236180904522613	0.005214722049282432
7.63819095477387	0.009747278204774579
8.040201005025127	0.014842471366782758
8.442211055276383	0.01770943949714912
8.84422110552764	0.016936484435346455
9.246231155778895	0.013047702476653026
9.648241206030152	0.0067411053556529375
10.050251256281408	0.004802323776543444
10.452261306532664	0.01217694571494037
10.85427135678392	0.01928940525304792
11.256281407035177	0.024095924780225396
11.658291457286433	0.025713691337793405
12.06030150753769	0.024787090919472794
12.462311557788945	0.022451733064144625
12.864321608040202	0.020124358046996145
13.266331658291458	0.019941619798428716
13.668341708542714	0.02119614344179803
14.07035175879397	0.023173781208413825
14.472361809045227	0.025341183204368158
14.874371859296483	0.026247460040980324
15.27638190954774	0.024996348367449316
15.678391959798995	0.0210906694475693
16.080402010050253	0.014299714128573041
16.48241206030151	0.0077185668852560035
16.884422110552766	0.013500101269102366
17.286432160804022	0.022521030352038292
17.68844221105528	0.028336311793605788
18.090452261306535	0.03038769341958269
18.49246231155779	0.03277981483699698
18.894472361809047	0.04055281695170143
19.296482412060303	0.05508786199608177
19.69849246231156	0.07088821884211603
20.100502512562816	0.08264786603640165
20.502512562814072	0.0867781041030543
20.90452261306533	0.08118749458314518
21.306532663316585	0.06709499101007976
21.70854271356784	0.04720281654725935
22.110552763819097	0.027547114968328783
22.512562814070353	0.020073775610508958
22.91457286432161	0.027407523363670794
23.316582914572866	0.03410236059336517
23.718592964824122	0.03652021025550481
24.12060301507538	0.03917297381357042
24.522613065326635	0.04797282260107087
24.92462311557789	0.0623768764080021
25.326633165829147	0.07749989261051791
25.728643216080403	0.08736120820685166
26.13065326633166	0.08804292525956905
26.532663316582916	0.0787742879512838
26.934673366834172	0.06126566779140001
27.33668341708543	0.038352961604791874
27.738693467336685	0.013951938431870948
28.14070351758794	0.007456404438357103
28.542713567839197	0.02204586012326718
28.944723618090453	0.028340597107719627
29.34673366834171	0.027316496201952915
29.748743718592966	0.024499268769785917
30.150753768844222	0.030915631373079434
30.55276381909548	0.04613416724305187
30.954773869346734	0.06281444825603652
31.35678391959799	0.07490775076086328
31.758793969849247	0.07857516842094206
32.16080402010051	0.0732357890069997
32.56281407035176	0.06051638748438361
32.96482412060302	0.044303397470194204
33.366834170854275	0.03445020403939823
33.76884422110553	0.038010385831653386
34.17085427135679	0.04738781507425639
34.572864321608044	0.0532819798303736
34.9748743718593	0.051702363395544404
35.37688442211056	0.040926886730291434
35.77889447236181	0.023566124761735162
36.18090452261307	0.008117336797252298
36.582914572864325	0.025510269517680945
36.98492462311558	0.044735050329371355
37.38693467336684	0.05806348510415177
37.788944723618094	0.06310364564802359
38.19095477386935	0.06081903254487321
38.59296482412061	0.05455115601351738
38.99497487437186	0.04981730758584073
39.39698492462312	0.051583186206679066
39.798994974874375	0.057741416262516984
40.20100502512563	0.06286125067890684
40.60301507537689	0.06196396972668834
41.005025125628144	0.05376432731796088
41.4070351758794	0.03843297552337529
41.80904522613066	0.018334767154552994
42.21105527638191	0.0075251677346052145
42.61306532663317	0.02743448051069792
43.015075376884425	0.04430841420994567
43.41708542713568	0.0550618589516733
43.81909547738694	0.05859668615593594
44.221105527638194	0.05648068023460416
44.62311557788945	0.05224435721075136
45.02512562814071	0.05007689960585675
45.42713567839196	0.05254162480197779
45.82914572864322	0.056440709577030054
46.231155778894475	0.057586347259539074
46.63316582914573	0.05338010647165377
47.03517587939699	0.042835889267927404
47.437185929648244	0.027045464504577142
47.8391959798995	0.008188227532825372
48.24120603015076	0.012525458188880812
48.64321608040201	0.030238057551826604
49.04522613065327	0.04312619855805497
49.447236180904525	0.04980335735028944
49.84924623115578	0.05088560277666907
50.25125628140704	0.047896383260584326
50.653266331658294	0.04519451626078405
51.05527638190955	0.04690807363774351
51.45728643216081	0.05230724731380369
51.85929648241206	0.058389790238367364
52.26130653266332	0.06129354916236699
52.663316582914575	0.05900813684350601
53.06532663316583	0.05126604043762546
53.46733668341709	0.038945188877679726
53.869346733668344	0.023825488043321557
54.2713567839196	0.00918440130430102
54.67336683417086	0.009423218651397022
55.07537688442211	0.0195128399804868
55.47738693467337	0.02693333487903667
55.879396984924625	0.03162751640808076
56.28140703517588	0.03636169293582643
56.68341708542714	0.04378549952028035
57.085427135678394	0.053461032470092415
57.48743718592965	0.06285244021784679
57.88944723618091	0.06983702658848485
58.29145728643216	0.07232545630332637
58.69346733668342	0.06870913245570591
59.095477386934675	0.0596067044797524
59.49748743718593	0.045518485512485725
59.89949748743719	0.028350638739427003
60.301507537688444	0.011004413393916595
60.7035175879397	0.004550579617384936
61.10552763819096	0.01631726350930142
61.50753768844221	0.024115037891974438
61.90954773869347	0.02934110116731036
62.311557788944725	0.03392294514816882
62.71356783919598	0.040587340740334585
63.11557788944724	0.049621591117170565
63.517587939698494	0.05867451677841996
63.91959798994975	0.06511646493339625
64.32160804020101	0.06711585752544895
64.72361809045226	0.06372284780649894
65.12562814070353	0.054922927601855166
65.52763819095478	0.04198404637515208
65.92964824120604	0.027378682829296102
66.33165829145729	0.014412301308345902
66.73366834170855	0.010905268985286157
67.1356783919598	0.016121988858737998
67.53768844221106	0.020240261075327736
67.93969849246231	0.022458062657748985
68.34170854271358	0.025378313943643444
68.74371859296483	0.03139156987092716
69.14572864321609	0.03950820404433601
69.54773869346734	0.04750627753149862
69.9497487437186	0.05284078377040106
70.35175879396985	0.05342501873632882
70.75376884422111	0.04903090326689529
71.15577889447236	0.04032197595923546
71.55778894472363	0.030344292103569932
71.95979899497488	0.024246709579106556
72.36180904522614	0.025154102076380042
72.76381909547739	0.02844505847027331
73.16582914572865	0.02888080485319323
73.5678391959799	0.023771492213837495
73.96984924623116	0.01346038525857105
74.37185929648241	0.0014777824502462148
74.77386934673368	0.016859058276096357
75.17587939698493	0.03211719955314775
75.57788944723619	0.044180740888968215
75.97989949748744	0.051833545219062784
76.3819095477387	0.05431605850741339
76.78391959798995	0.05231270381958129
77.18592964824121	0.04783475673559441
77.58793969849246	0.043646451083041146
77.98994974874373	0.04162687214557516
78.39195979899498	0.041375038443129716
78.79396984924624	0.03978716597564895
79.19597989949749	0.03459874133123712
79.59798994974875	0.025016093152528
80.0	0.012326633318505042
