0.0	0.012605374124889084
0.4020100502512563	0.009530023325078414
0.8040201005025126	0.004741473263166202
1.206030150753769	0.0015103078595806775
1.6080402010050252	0.0064319189727640586
2.0100502512562817	0.010427104311348401
2.412060301507538	0.012707283557756655
2.814070351758794	0.01276115000287514
3.2160804020100504	0.010370417389661326
3.6180904522613067	0.006433552399983065
4.020100502512563	0.0016731960469462382
4.42211055276382	0.0037207722474642325
4.824120603015076	0.007752579497075228
5.226130653266332	0.010115586145972515
5.628140703517588	0.010340739811695176
6.030150753768845	0.008093491657272174
6.432160804020101	0.004137240489886599
6.834170854271357	0.0022042762425195364
7.236180904522613	0.006991167852235497
7.63819095477387	0.01179948326359534
8.040201005025127	0.014741748438277144
8.442211055276383	0.015784725247123384
8.84422110552764	0.014388559720808191
9.246231155778895	0.010949401462517452
9.648241206030152	0.0061721727369541
10.050251256281408	0.0014337102209208482
10.452261306532664	0.004384895781695814
10.85427135678392	0.00785846277133668
11.256281407035177	0.009562349075064919
11.658291457286433	0.009346048822939832
12.06030150753769	0.007735934748660428
12.462311557788945	0.00652715868579436
12.864321608040202	0.007575218508595482
13.266331658291458	0.010094196459374023
13.668341708542714	0.012545019425202756
14.07035175879397	0.013413490687253473
14.472361809045227	0.012965581982792462
14.874371859296483	0.011663841011650595
15.27638190954774	0.011006053232895866
15.678391959798995	0.01231171757098074
16.080402010050253	0.014890128555562588
16.48241206030151	0.017685799055005932
16.884422110552766	0.019344808092449005
17.286432160804022	0.019477302228069558
17.68844221105528	0.017930942564753673
18.090452261306535	0.01523596167853162
18.49246231155779	0.012515484526093357
18.894472361809047	0.011412728661222154
19.296482412060303	0.012283096430903528
19.69849246231156	0.014084703750219372
20.100502512562816	0.01537175674670043
20.502512562814072	0.01504171321488442
20.90452261306533	0.013140889871147088
21.306532663316585	0.010989118625124826
21.70854271356784	0.010485665710305117
22.110552763819097	0.013261900045131636
22.512562814070353	0.017256839893469933
22.91457286432161	0.020735916783884575
23.316582914572866	0.02230437651506311
23.718592964824122	0.021929563330967954
24.12060301507538	0.019640550339562485
24.522613065326635	0.01582254287486669
24.92462311557789	0.011917877657366332
25.326633165829147	0.009352867404374668
25.728643216080403	0.009135844747255378
26.13065326633166	0.009739511949245596
26.532663316582916	0.008906849679674794
26.934673366834172	0.0061534133754177845
27.33668341708543	0.0023063861026419905
27.738693467336685	0.0047174061067905134
28.14070351758794	0.010094765133515548
28.542713567839197	0.014945410944692972
28.944723618090453	0.018145013487080766
29.34673366834171	0.01952120794761747
29.748743718592966	0.018566103808325428
30.150753768844222	0.015928969495689876
30.55276381909548	0.012210384396987347
30.954773869346734	0.008436684115019558
31.35678391959799	0.007009089441882344
31.758793969849247	0.008016180584416544
32.16080402010051	0.00911669306230858
32.56281407035176	0.008615545464248515
32.96482412060302	0.006357406938671033
33.366834170854275	0.005096793345313329
33.76884422110553	0.009218805741376838
34.17085427135679	0.015603300002390968
34.572864321608044	0.021809365337387216
34.9748743718593	0.026782886301692573
35.37688442211056	0.029195790042671216
35.77889447236181	0.02925802139501359
36.18090452261307	0.02722199607957183
36.582914572864325	0.02410124798404719
36.98492462311558	0.021022940125884966
37.38693467336684	0.018921179894882165
37.788944723618094	0.01773805840635472
38.19095477386935	0.016792425939278998
38.59296482412061	0.01583636678548244
38.99497487437186	0.015469989463808597
39.39698492462312	0.017335491687937406
39.798994974874375	0.021506205062034857
40.20100502512563	0.026583440135076235
40.60301507537689	0.03099882848296139
41.005025125628144	0.0335748341050924
41.4070351758794	0.03415680542153072
41.80904522613066	0.03292928249595524
42.21105527638191	0.031017591208676233
42.61306532663317	0.029376194294181184
43.015075376884425	0.02852004505414942
43.41708542713568	0.027666115077699255
43.81909547738694	0.026355297800385043
44.221105527638194	0.024017532202385034
44.62311557788945	0.02108590519955548
45.02512562814071	0.019390262204357633
45.42713567839196	0.02067741996227345
45.82914572864322	0.025180784477167546
46.231155778894475	0.030490572094881246
46.63316582914573	0.03528243267137975
47.03517587939699	0.03833340778147443
47.437185929648244	0.03950060201077141
47.8391959798995	0.03982719698523632
48.24120603015076	0.04011018790563105
48.64321608040201	0.040847290997087865
49.04522613065327	0.04159947453260481
49.447236180904525	0.0418408381343824
49.84924623115578	0.04075994627993325
50.25125628140704	0.03851985923985912
50.653266331658294	0.035954582589310294
51.05527638190955	0.03435119845114349
51.45728643216081	0.03530820098083739
51.85929648241206	0.038626180423498406
52.26130653266332	0.04309181709323546
52.663316582914575	0.04746534613723825
53.06532663316583	0.05123616774583113
53.46733668341709	0.054374370983366296
53.869346733668344	0.05732965659249084
54.2713567839196	0.06057900956946931
54.67336683417086	0.06368670026359137
55.07537688442211	0.0661223862352197
55.47738693467337	0.06728199931056578
55.879396984924625	0.06713356209674459
56.28140703517588	0.06577414849374995
56.68341708542714	0.0636352168826048
57.085427135678394	0.061506120478231376
57.48743718592965	0.05997906792093146
57.88944723618091	0.058762252350463874
58.29145728643216	0.05760046259669518
58.69346733668342	0.056095118642088104
59.095477386934675	0.05399750475329159
59.49748743718593	0.052325764571405795
59.89949748743719	0.05238351774213289
60.301507537688444	0.0558321295969129
60.7035175879397	0.06158690689173789
61.10552763819096	0.06851381005197836
61.50753768844221	0.07426469824100454
61.90954773869347	0.07693092708320687
62.311557788944725	0.0756483368736346
62.71356783919598	0.07040411124582657
63.11557788944724	0.06276566437088416
63.517587939698494	0.05397098383265381
63.91959798994975	0.045912560488768094
64.32160804020101	0.03939482205745705
64.72361809045226	0.03497201431950953
65.12562814070353	0.03217667535324761
65.52763819095478	0.03246561716261247
65.92964824120604	0.03640976622446257
66.33165829145729	0.04379008996357507
66.73366834170855	0.05237165005315688
67.1356783919598	0.06010677319463866
67.53768844221106	0.06502175965915379
67.93969849246231	0.06634206482520463
68.34170854271358	0.06398382873295734
68.74371859296483	0.058612903218702286
69.14572864321609	0.051367343984018474
69.54773869346734	0.04348295313964267
69.9497487437186	0.036668260124832715
70.35175879396985	0.0320148868057005
70.75376884422111	0.02987378313110482
71.15577889447236	0.031059129271305143
71.55778894472363	0.035534413596245935
71.95979899497488	0.0426167802213662
72.36180904522614	0.05092714870540175
72.76381909547739	0.059046741656083326
73.16582914572865	0.06493669775053114
73.5678391959799	0.06789897678666623
73.96984924623116	0.06755677780849922
74.37185929648241	0.0638275844493296
74.77386934673368	0.05784491452612117
75.17587939698493	0.050704545652459534
75.57788944723619	0.043790047401611035
75.97989949748744	0.038369325962987075
76.3819095477387	0.03522151259762675
76.78391959798995	0.03489481765510763
77.18592964824121	0.037275872055770015
77.58793969849246	0.042430685386517474
77.98994974874373	0.04925158288066351
78.39195979899498	0.05661615746291325
78.79396984924624	0.06324955313256832
79.19597989949749	0.06799511469150221
79.59798994974875	0.06987382156860053
80.0	0.06846821298283667
