0.0	0.0270183220488807
0.4020100502512563	0.026079956012384074
0.8040201005025126	0.02103896022911593
1.206030150753769	0.012474288627378712
1.6080402010050252	0.0027187313127353093
2.0100502512562817	0.007631306054811686
2.412060301507538	0.015602501804445246
2.814070351758794	0.019855938455631893
3.2160804020100504	0.01953889840811422
3.6180904522613067	0.015116888772849049
4.020100502512563	0.00679535583683521
4.42211055276382	0.003966058904067621
4.824120603015076	0.014654290556644333
5.226130653266332	0.024100697099518127
5.628140703517588	0.030491878545732282
6.030150753768845	0.03245902397368032
6.432160804020101	0.030319097149696855
6.834170854271357	0.024528885459594706
7.236180904522613	0.016164464221783505
7.63819095477387	0.007101180666565976
8.040201005025127	0.0028128508563786308
8.442211055276383	0.006931874581379514
8.84422110552764	0.007989307580640198
9.246231155778895	0.004845533586040287
9.648241206030152	0.0024629371474442444
10.050251256281408	0.012726079318299588
10.452261306532664	0.0246210927933914
10.85427135678392	0.03626831161939252
11.256281407035177	0.0459003781044285
11.658291457286433	0.05213077759511988
12.06030150753769	0.05413269366564559
12.462311557788945	0.05228214890608127
12.864321608040202	0.047210482047384775
13.266331658291458	0.03966712453844845
13.668341708542714	0.030703841375401903
14.07035175879397	0.02195476664802027
14.472361809045227	0.015602561532532883
14.874371859296483	0.01282306103446145
15.27638190954774	0.011484062806770418
15.678391959798995	0.008468573602850731
16.080402010050253	0.005269938943322542
16.48241206030151	0.01293352319442668
16.884422110552766	0.026756661431150075
17.286432160804022	0.04182474203025368
17.68844221105528	0.057560647173475143
18.090452261306535	0.07229118874066072
18.49246231155779	0.08521760297885995
18.894472361809047	0.09395385450348934
19.296482412060303	0.09692939058566694
19.69849246231156	0.09293941704656059
20.100502512562816	0.08232720729118917
20.502512562814072	0.06649512766180807
20.90452261306533	0.048289630617306636
21.306532663316585	0.031539769105474715
21.70854271356784	0.019263325633668373
22.110552763819097	0.012019653790233769
22.512562814070353	0.012588309376120358
22.91457286432161	0.024081725266691233
23.316582914572866	0.043507593456198805
23.718592964824122	0.06618276911797408
24.12060301507538	0.08773340521678011
24.522613065326635	0.1043351688243305
24.92462311557789	0.111944871282557
25.326633165829147	0.10871791089524992
25.728643216080403	0.0950451821828499
26.13065326633166	0.07350017140574872
26.532663316582916	0.04907394027533845
26.934673366834172	0.028569909722509335
27.33668341708543	0.01852749831172442
27.738693467336685	0.016529349524391137
28.14070351758794	0.012709195515901944
28.542713567839197	0.011724416626992251
28.944723618090453	0.02904762808196164
29.34673366834171	0.05396256672929487
29.748743718592966	0.07800147984789092
30.150753768844222	0.09648890583988885
30.55276381909548	0.10571317360239647
30.954773869346734	0.1037356674331931
31.35678391959799	0.0915071049726345
31.758793969849247	0.07057669306922308
32.16080402010051	0.045985921219302624
32.56281407035176	0.02357125877127548
32.96482412060302	0.017007158277807508
33.366834170854275	0.023561151126155366
33.76884422110553	0.025885743729016825
34.17085427135679	0.018898872366114695
34.572864321608044	0.004701760207403508
34.9748743718593	0.018823933345778622
35.37688442211056	0.041880455638347934
35.77889447236181	0.0621205325091153
36.18090452261307	0.07585653780865127
36.582914572864325	0.08163222649002384
36.98492462311558	0.07863574814258642
37.38693467336684	0.06829021377840472
37.788944723618094	0.052699609488427876
38.19095477386935	0.03548374524747231
38.59296482412061	0.023159770197094608
38.99497487437186	0.02268093360237151
39.39698492462312	0.027275702507284137
39.798994974874375	0.026887780607967114
40.20100502512563	0.019066882117812607
40.60301507537689	0.007912677459624238
41.005025125628144	0.02085381904883099
41.4070351758794	0.04256190573085453
41.80904522613066	0.06221466658270582
42.21105527638191	0.07621867064572677
42.61306532663317	0.08248201407348567
43.015075376884425	0.08062074264936647
43.41708542713568	0.07039913604799107
43.81909547738694	0.054193319186181255
44.221105527638194	0.035635552214598354
44.62311557788945	0.023289061616057025
45.02512562814071	0.024451807182157163
45.42713567839196	0.028964590922152485
45.82914572864322	0.026793416347954967
46.231155778894475	0.01671849717055036
46.63316582914573	0.009766162327349647
47.03517587939699	0.0290655670211243
47.437185929648244	0.05226256700292847
47.8391959798995	0.07283825622380942
48.24120603015076	0.08732957446402971
48.64321608040201	0.09313745456065355
49.04522613065327	0.08970772647574518
49.447236180904525	0.07753710308337573
49.84924623115578	0.058781989559981374
50.25125628140704	0.03843572903789562
50.653266331658294	0.023975754476938275
51.05527638190955	0.021768625428906837
51.45728643216081	0.02282404245947387
51.85929648241206	0.018124608419684253
52.26130653266332	0.011647968922133003
52.663316582914575	0.025275896621535655
53.06532663316583	0.04903532967831454
53.46733668341709	0.07347440390087066
53.869346733668344	0.09335931790476622
54.2713567839196	0.10499262708860395
54.67336683417086	0.10612109686989465
55.07537688442211	0.09651802869624523
55.47738693467337	0.07799938900999219
55.879396984924625	0.054670575485242213
56.28140703517588	0.032091135328424045
56.68341708542714	0.01899582615474611
57.085427135678394	0.019492997173027386
57.48743718592965	0.019044059716506842
57.88944723618091	0.011694460970845953
58.29145728643216	0.014847521754951201
58.69346733668342	0.0371252244025127
59.095477386934675	0.0622952756297922
59.49748743718593	0.08412404670966203
59.89949748743719	0.09858725339523869
60.301507537688444	0.10268079194446578
60.7035175879397	0.09579619775182892
61.10552763819096	0.07945832276414816
61.50753768844221	0.056572522328967534
61.90954773869347	0.0323171018505865
62.311557788944725	0.01532509007200251
62.71356783919598	0.018066865946139883
63.11557788944724	0.023114895606638444
63.517587939698494	0.019933636481538668
63.91959798994975	0.011434062907570982
64.32160804020101	0.021581136005021213
64.72361809045226	0.044348438728731086
65.12562814070353	0.06731690077383244
65.52763819095478	0.08478994296186002
65.92964824120604	0.0938944690301502
66.33165829145729	0.09265048876964868
66.73366834170855	0.08148085038986319
67.1356783919598	0.06246939635413116
67.53768844221106	0.0394795049456791
67.93969849246231	0.01741636725781575
68.34170854271358	0.008736683028143316
68.74371859296483	0.016300498261416996
69.14572864321609	0.016833791519266998
69.54773869346734	0.00755009101174345
69.9497487437186	0.009952306015895565
70.35175879396985	0.03253637887065326
70.75376884422111	0.056199793103033115
71.15577889447236	0.07638109602155496
71.55778894472363	0.08988760035713153
71.95979899497488	0.09423617138924835
72.36180904522614	0.08918815805487647
72.76381909547739	0.0753960838395987
73.16582914572865	0.05564313671878366
73.5678391959799	0.03366303526132873
73.96984924623116	0.01356278340804822
74.37185929648241	0.006460348689270058
74.77386934673368	0.013364670479256938
75.17587939698493	0.015167145313001007
75.57788944723619	0.017438531365329933
75.97989949748744	0.029029176514338922
76.3819095477387	0.047347534304801375
76.78391959798995	0.0659729473900069
77.18592964824121	0.08067578785215641
77.58793969849246	0.08857363196834368
77.98994974874373	0.08863253291649695
78.39195979899498	0.08040160466819676
78.79396984924624	0.06521136011664116
79.19597989949749	0.0459805866047812
79.59798994974875	0.026974897282831208
80.0	0.0159965538979053
