0.0	0.007724174815412939
0.4020100502512563	0.007766743933679774
0.8040201005025126	0.007287432652766773
1.206030150753769	0.006586499426398945
1.6080402010050252	0.006048899726166114
2.0100502512562817	0.005783309279754357
2.412060301507538	0.005747406994099758
2.814070351758794	0.00551300122131773
3.2160804020100504	0.004636910698444919
3.6180904522613067	0.003273610564413844
4.020100502512563	0.0019216738490367834
4.42211055276382	0.0023140168599986555
4.824120603015076	0.0044894766385575645
5.226130653266332	0.006676380292469447
5.628140703517588	0.0084871853410753
6.030150753768845	0.010000288665271478
6.432160804020101	0.010843549938182952
6.834170854271357	0.011341604518041795
7.236180904522613	0.011615611840485169
7.63819095477387	0.01143548767912052
8.040201005025127	0.010850044531681207
8.442211055276383	0.010178542976350891
8.84422110552764	0.008820171394509885
9.246231155778895	0.00741242090062393
9.648241206030152	0.006453459246963704
10.050251256281408	0.007123083326489259
10.452261306532664	0.00983698985474555
10.85427135678392	0.013143831114050774
11.256281407035177	0.01638261458559857
11.658291457286433	0.019285471579680864
12.06030150753769	0.021431591613817944
12.462311557788945	0.022605379704945142
12.864321608040202	0.02306124496880893
13.266331658291458	0.022956739015190197
13.668341708542714	0.022469469593301518
14.07035175879397	0.021553941922335625
14.472361809045227	0.020402801822554217
14.874371859296483	0.018650949487817214
15.27638190954774	0.016767417532413672
15.678391959798995	0.015461579681171156
16.080402010050253	0.015499857381708457
16.48241206030151	0.01752575373068102
16.884422110552766	0.020716552880671736
17.286432160804022	0.02452356535408507
17.68844221105528	0.028301553687654413
18.090452261306535	0.03148222638739488
18.49246231155779	0.034288402254581844
18.894472361809047	0.03635066731895575
19.296482412060303	0.037481016015865544
19.69849246231156	0.03802787899843729
20.100502512562816	0.037682526329832516
20.502512562814072	0.0367834418787477
20.90452261306533	0.03540813638190396
21.306532663316585	0.03380019606104501
21.70854271356784	0.032872864834177784
22.110552763819097	0.032988090366399256
22.512562814070353	0.03446864403381369
22.91457286432161	0.03693377671042256
23.316582914572866	0.03967884927696137
23.718592964824122	0.04253221880928274
24.12060301507538	0.045313300902694094
24.522613065326635	0.04806105547060223
24.92462311557789	0.05071552977639143
25.326633165829147	0.05294692446633319
25.728643216080403	0.054632034231117524
26.13065326633166	0.055447454505391104
26.532663316582916	0.05569851964868635
26.934673366834172	0.05585035806147939
27.33668341708543	0.05587527927498069
27.738693467336685	0.056223719083683774
28.14070351758794	0.0573049199113385
28.542713567839197	0.058548937207112704
28.944723618090453	0.05929603289325934
29.34673366834171	0.05954284374550491
29.748743718592966	0.05845881472222647
30.150753768844222	0.05651118349984735
30.55276381909548	0.05397722438622417
30.954773869346734	0.05200417983125451
31.35678391959799	0.05121413015223982
31.758793969849247	0.0519312732824331
32.16080402010051	0.053808648433541384
32.56281407035176	0.05635129204974413
32.96482412060302	0.05872577606758974
33.366834170854275	0.06060491406789056
33.76884422110553	0.0611079180027959
34.17085427135679	0.06032213146839203
34.572864321608044	0.05815779570653272
34.9748743718593	0.05468992854078662
35.37688442211056	0.0507255815899866
35.77889447236181	0.04668045527337034
36.18090452261307	0.04340633826032676
36.582914572864325	0.04145109940300973
36.98492462311558	0.04124628498482936
37.38693467336684	0.04261580085734199
37.788944723618094	0.04535552408402875
38.19095477386935	0.04825343855429182
38.59296482412061	0.05110385484569262
38.99497487437186	0.05304213375132055
39.39698492462312	0.053990907625949935
39.798994974874375	0.053846020746763104
40.20100502512563	0.05264962246326136
40.60301507537689	0.05077415978100711
41.005025125628144	0.04850626860003344
41.4070351758794	0.046183217322720196
41.80904522613066	0.04465019601361011
42.21105527638191	0.043870708521450516
42.61306532663317	0.04396699839453259
43.015075376884425	0.045002054512122386
43.41708542713568	0.046662968718806805
43.81909547738694	0.04884920283554758
44.221105527638194	0.050771687077504166
44.62311557788945	0.052622675782361475
45.02512562814071	0.05389633786042758
45.42713567839196	0.05500074244938534
45.82914572864322	0.055435781468794944
46.231155778894475	0.05606536100684477
46.63316582914573	0.05634541585980489
47.03517587939699	0.05620101143849848
47.437185929648244	0.055683065165702574
47.8391959798995	0.05493723922977197
48.24120603015076	0.05425005906037132
48.64321608040201	0.05380533685890661
49.04522613065327	0.05387766848151193
49.447236180904525	0.05441938078139782
49.84924623115578	0.055531322391550245
50.25125628140704	0.05687863400256089
50.653266331658294	0.058196241032562525
51.05527638190955	0.05938087078642118
51.45728643216081	0.060102512587535226
51.85929648241206	0.06034220956081976
52.26130653266332	0.06019076346370714
52.663316582914575	0.05975004481030123
53.06532663316583	0.05870196975375448
53.46733668341709	0.05723713455320849
53.869346733668344	0.05560174059136548
54.2713567839196	0.054008037282353684
54.67336683417086	0.05266399553229556
55.07537688442211	0.052021953222862086
55.47738693467337	0.05253070954407361
55.879396984924625	0.05406460146394511
56.28140703517588	0.0559721995063366
56.68341708542714	0.057709497506394515
57.085427135678394	0.059286538901065985
57.48743718592965	0.060380859273315116
57.88944723618091	0.061211551145207564
58.29145728643216	0.06152957108878533
58.69346733668342	0.061237316069672455
59.095477386934675	0.06023536923020828
59.49748743718593	0.05835379747999085
59.89949748743719	0.05589206659583856
60.301507537688444	0.053818949156674165
60.7035175879397	0.05238000668430889
61.10552763819096	0.05256185580267166
61.50753768844221	0.0537902344167092
61.90954773869347	0.05579593065830435
62.311557788944725	0.057748153377989796
62.71356783919598	0.05939769785510642
63.11557788944724	0.060545400439220784
63.517587939698494	0.0609461956431027
63.91959798994975	0.060622140550111794
64.32160804020101	0.05963156021379188
64.72361809045226	0.05757892944027322
65.12562814070353	0.055042986462504995
65.52763819095478	0.052364249744609126
65.92964824120604	0.049895414732868994
66.33165829145729	0.048448787055247036
66.73366834170855	0.04843459633054666
67.1356783919598	0.04993608894215189
67.53768844221106	0.052676430577982866
67.93969849246231	0.055579141747018924
68.34170854271358	0.05822486233072126
68.74371859296483	0.06015650707187603
69.14572864321609	0.06111012426638892
69.54773869346734	0.06089064913322774
69.9497487437186	0.059736567823783594
70.35175879396985	0.05764378763447971
70.75376884422111	0.054693504746283164
71.15577889447236	0.051514951532474505
71.55778894472363	0.048476633141909364
71.95979899497488	0.0462044855710451
72.36180904522614	0.04546902949495179
72.76381909547739	0.046449374155411206
73.16582914572865	0.04873854183126871
73.5678391959799	0.05156658309293335
73.96984924623116	0.054438609950943406
74.37185929648241	0.05644357445278908
74.77386934673368	0.05724671886640106
75.17587939698493	0.057081041633048724
75.57788944723619	0.056001757325491786
75.97989949748744	0.054210713801821055
76.3819095477387	0.05205529479156373
76.78391959798995	0.04972367282372516
77.18592964824121	0.04747878085845362
77.58793969849246	0.045787222312837945
77.98994974874373	0.044817021696135384
78.39195979899498	0.045230887850590054
78.79396984924624	0.046962141046899754
79.19597989949749	0.04967092807448195
79.59798994974875	0.05264142880077891
80.0	0.05539804963040039
