0.0	0.013192790746691838
0.4020100502512563	0.012855554221550557
0.8040201005025126	0.010877340087771342
1.206030150753769	0.007755020833388108
1.6080402010050252	0.005147890777540133
2.0100502512562817	0.00603747376718967
2.412060301507538	0.008386386476864792
2.814070351758794	0.009987418317620633
3.2160804020100504	0.009577719606202628
3.6180904522613067	0.0073131422819830245
4.020100502512563	0.0036795430205051856
4.42211055276382	0.0025657116564152846
4.824120603015076	0.0073346878898736
5.226130653266332	0.011773437620660729
5.628140703517588	0.015131987074552938
6.030150753768845	0.016585952168030917
6.432160804020101	0.016063128331625817
6.834170854271357	0.014423846377052024
7.236180904522613	0.012175392263091897
7.63819095477387	0.010373650498165837
8.040201005025127	0.009979438379159735
8.442211055276383	0.01005444657455835
8.84422110552764	0.009403436843924615
9.246231155778895	0.00765354104899591
9.648241206030152	0.006437882481246361
10.050251256281408	0.008651903625838026
10.452261306532664	0.013772546241191138
10.85427135678392	0.01984794958046853
11.256281407035177	0.024901272721419995
11.658291457286433	0.02879270355202617
12.06030150753769	0.03137961044818689
12.462311557788945	0.032294065304878015
12.864321608040202	0.03232885173803325
13.266331658291458	0.03192253691140172
13.668341708542714	0.03171020973700632
14.07035175879397	0.03126865273899825
14.472361809045227	0.03154489756708515
14.874371859296483	0.032415936711750123
15.27638190954774	0.03418535039761657
15.678391959798995	0.03788550779233583
16.080402010050253	0.04349400166393044
16.48241206030151	0.04924198845315827
16.884422110552766	0.054091765462630045
17.286432160804022	0.05708966213569837
17.68844221105528	0.057555333935329064
18.090452261306535	0.05362274889968327
18.49246231155779	0.04651909746284429
18.894472361809047	0.03691143640655904
19.296482412060303	0.02689453721043799
19.69849246231156	0.02008126304017837
20.100502512562816	0.018840883272723662
20.502512562814072	0.01890567225765699
20.90452261306533	0.023094320905729625
21.306532663316585	0.037136107644522964
21.70854271356784	0.0559054432897277
22.110552763819097	0.0740657502004054
22.512562814070353	0.08663426717170476
22.91457286432161	0.09029969938930106
23.316582914572866	0.08503716139861447
23.718592964824122	0.07179452451562185
24.12060301507538	0.053046098045840984
24.522613065326635	0.03289096725395163
24.92462311557789	0.01793396142759787
25.326633165829147	0.01906480526864962
25.728643216080403	0.025613342256483373
26.13065326633166	0.02631949121000306
26.532663316582916	0.019677250611171967
26.934673366834172	0.013715314217181617
27.33668341708543	0.02514281348243334
27.738693467336685	0.04332983336496722
28.14070351758794	0.06048281814833949
28.542713567839197	0.0723329295442965
28.944723618090453	0.07706858900254934
29.34673366834171	0.07342148669407086
29.748743718592966	0.062406990228102165
30.150753768844222	0.04586921581628286
30.55276381909548	0.026791895794906255
30.954773869346734	0.01172881196348288
31.35678391959799	0.017804618004894895
31.758793969849247	0.026746870456486833
32.16080402010051	0.028894618004445316
32.56281407035176	0.021577073370190564
32.96482412060302	0.00996177377429729
33.366834170854275	0.020525768383740237
33.76884422110553	0.041474286676906905
34.17085427135679	0.06024904979676078
34.572864321608044	0.07323769835451649
34.9748743718593	0.07733381721523246
35.37688442211056	0.07221932791141523
35.77889447236181	0.05991992526827398
36.18090452261307	0.04278062180920621
36.582914572864325	0.02570369947429203
36.98492462311558	0.018707421079910934
37.38693467336684	0.023229040864191745
37.788944723618094	0.026192397646105835
38.19095477386935	0.022091972480547797
38.59296482412061	0.011124444036121462
38.99497487437186	0.013642322636878701
39.39698492462312	0.035222126061794784
39.798994974874375	0.056899423525617485
40.20100502512563	0.07444187347996231
40.60301507537689	0.08433429516166388
41.005025125628144	0.08426341498139192
41.4070351758794	0.07435052188862772
41.80904522613066	0.05615596552387225
42.21105527638191	0.033189649010224594
42.61306532663317	0.01468042016505213
43.015075376884425	0.02037366424284229
43.41708542713568	0.03139843368554404
43.81909547738694	0.03409611434217795
44.221105527638194	0.02624234325303936
44.62311557788945	0.010091987827377205
45.02512562814071	0.010805608557919856
45.42713567839196	0.033157659890053995
45.82914572864322	0.05246980750013343
46.231155778894475	0.06561059724806798
46.63316582914573	0.06994854416740136
47.03517587939699	0.0646510946458253
47.437185929648244	0.05032428674026438
47.8391959798995	0.030410205441001904
48.24120603015076	0.012211364898904202
48.64321608040201	0.018747726479321648
49.04522613065327	0.0319946561756192
49.447236180904525	0.03773140670524632
49.84924623115578	0.034300036450237825
50.25125628140704	0.024005045159662834
50.653266331658294	0.01784543345831138
51.05527638190955	0.03107572975899031
51.45728643216081	0.04974231113118476
51.85929648241206	0.0639296861668038
52.26130653266332	0.07054055666886855
52.663316582914575	0.06773337953299326
53.06532663316583	0.05641674757847807
53.46733668341709	0.03784791835310081
53.869346733668344	0.01642631037488016
54.2713567839196	0.010285626846291787
54.67336683417086	0.026586344126240596
55.07537688442211	0.03726024808245778
55.47738693467337	0.03935153391068178
55.879396984924625	0.03287542165366512
56.28140703517588	0.021945554441622692
56.68341708542714	0.021584447846793406
57.085427135678394	0.037849720611843496
57.48743718592965	0.0558945528277517
57.88944723618091	0.06892839858450672
58.29145728643216	0.0735385193787809
58.69346733668342	0.06938058835351904
59.095477386934675	0.05737600065343259
59.49748743718593	0.04004490119064519
59.89949748743719	0.021837315498484982
60.301507537688444	0.013383093298217819
60.7035175879397	0.019842007488440096
61.10552763819096	0.02482030236294415
61.50753768844221	0.0242432598381724
61.90954773869347	0.021667553642916178
62.311557788944725	0.026781773320098557
62.71356783919598	0.041121852285033025
63.11557788944724	0.05704275374606528
63.517587939698494	0.06962738258073645
63.91959798994975	0.07587155339736443
64.32160804020101	0.07459705210408954
64.72361809045226	0.0660116161909145
65.12562814070353	0.05192660438721071
65.52763819095478	0.03429124566251475
65.92964824120604	0.016591707793465704
66.33165829145729	0.0017992267759917452
66.73366834170855	0.007656064365691004
67.1356783919598	0.010037242875916558
67.53768844221106	0.007260523580890713
67.93969849246231	0.012223144457204262
68.34170854271358	0.027333805292488016
68.74371859296483	0.044769664948504574
69.14572864321609	0.06003679083124165
69.54773869346734	0.07022452470707466
69.9497487437186	0.07360354738729004
70.35175879396985	0.06906699687451584
70.75376884422111	0.05829935555825505
71.15577889447236	0.04332256487705535
71.55778894472363	0.027974820191902883
71.95979899497488	0.01830251761900229
72.36180904522614	0.018423841010608455
72.76381909547739	0.021036471603051606
73.16582914572865	0.02118663721049647
73.5678391959799	0.022432408382233884
73.96984924623116	0.030296561195646294
74.37185929648241	0.04357816971563745
74.77386934673368	0.05719769770686896
75.17587939698493	0.06712136203538041
75.57788944723619	0.07042170956049017
75.97989949748744	0.06629775760151263
76.3819095477387	0.05488442099145228
76.78391959798995	0.03822622372917984
77.18592964824121	0.019805572150788285
77.58793969849246	0.01036731171773075
77.98994974874373	0.0212318278398329
78.39195979899498	0.03049211604045631
78.79396984924624	0.03341783292635966
79.19597989949749	0.030939344721235947
79.59798994974875	0.02777689359538531
80.0	0.031464614653214214
