0.0	0.021679632133088846
0.4020100502512563	0.022001756412080686
0.8040201005025126	0.018612354285038178
1.206030150753769	0.012627664746718448
1.6080402010050252	0.004866855901569064
2.0100502512562817	0.004819868548162066
2.412060301507538	0.011100044961366044
2.814070351758794	0.015124084340200242
3.2160804020100504	0.015765790014302873
3.6180904522613067	0.012602769210384956
4.020100502512563	0.006119126254835247
4.42211055276382	0.0026568722608893364
4.824120603015076	0.01147963151606822
5.226130653266332	0.0195630385717653
5.628140703517588	0.025319915318056847
6.030150753768845	0.027412104628431945
6.432160804020101	0.025814649907729838
6.834170854271357	0.020861866100619294
7.236180904522613	0.013755437591860565
7.63819095477387	0.006003279411687908
8.040201005025127	0.0034133943534185433
8.442211055276383	0.007338239830307375
8.84422110552764	0.008591903778965144
9.246231155778895	0.0062048107261388095
9.648241206030152	0.00040012366969994036
10.050251256281408	0.00814090858095377
10.452261306532664	0.01728953752454713
10.85427135678392	0.025781638052065327
11.256281407035177	0.031826783707054475
11.658291457286433	0.034478004740133864
12.06030150753769	0.033341804768857626
12.462311557788945	0.028693089140687956
12.864321608040202	0.02145671790204414
13.266331658291458	0.013424075214917083
13.668341708542714	0.007964946801754707
14.07035175879397	0.008812569020348767
14.472361809045227	0.010720346254621548
14.874371859296483	0.009604745955386292
15.27638190954774	0.0050597596891194105
15.678391959798995	0.00426933280470729
16.080402010050253	0.014327787727363307
16.48241206030151	0.024990643682222962
16.884422110552766	0.03412986946794407
17.286432160804022	0.04008656424061894
17.68844221105528	0.04183050572577166
18.090452261306535	0.03929668805232165
18.49246231155779	0.032975545596173085
18.894472361809047	0.02480326499025879
19.296482412060303	0.01717237359222298
19.69849246231156	0.013776750894639717
20.100502512562816	0.014665561233867346
20.502512562814072	0.015185486069806598
20.90452261306533	0.01278841298067224
21.306532663316585	0.00790467656190555
21.70854271356784	0.007883886658187286
22.110552763819097	0.01671492767246556
22.512562814070353	0.02627572115879993
22.91457286432161	0.03396088138975541
23.316582914572866	0.037641564757429136
23.718592964824122	0.0370429097902828
24.12060301507538	0.03232696766046007
24.522613065326635	0.025314816794176277
24.92462311557789	0.01846800762280101
25.326633165829147	0.016119631467163248
25.728643216080403	0.01818847794165453
26.13065326633166	0.019563703281440133
26.532663316582916	0.017877452976448757
26.934673366834172	0.013284552257565769
27.33668341708543	0.010814870868867954
27.738693467336685	0.017576622043572954
28.14070351758794	0.027717885182425274
28.542713567839197	0.036259680301579014
28.944723618090453	0.04115289124880337
29.34673366834171	0.04152729715125746
29.748743718592966	0.03776494225043629
30.150753768844222	0.031188814938242188
30.55276381909548	0.02485291292726359
30.954773869346734	0.021822266724470615
31.35678391959799	0.022799456179338578
31.758793969849247	0.024946261142113974
32.16080402010051	0.02532370211670167
32.56281407035176	0.023342694314929392
32.96482412060302	0.020206907711820103
33.366834170854275	0.01933902386815912
33.76884422110553	0.023129674001096057
34.17085427135679	0.029410887766352405
34.572864321608044	0.035259679095042344
34.9748743718593	0.0383906063211007
35.37688442211056	0.038309600174737134
35.77889447236181	0.03528526365728909
36.18090452261307	0.03048581404027246
36.582914572864325	0.025871849837910604
36.98492462311558	0.023771594527792327
37.38693467336684	0.02428883615555948
37.788944723618094	0.025805401525509142
38.19095477386935	0.026557737686823256
38.59296482412061	0.026848956187907985
38.99497487437186	0.02743241557196523
39.39698492462312	0.029513399374732373
39.798994974874375	0.03358950598222249
40.20100502512563	0.03826213047567949
40.60301507537689	0.04241554070813413
41.005025125628144	0.044664657476161856
41.4070351758794	0.044619335807976904
41.80904522613066	0.04285386166194244
42.21105527638191	0.039917018234913074
42.61306532663317	0.03707662833473108
43.015075376884425	0.035137854542202834
43.41708542713568	0.03503439577979077
43.81909547738694	0.03580555023323283
44.221105527638194	0.03662388895211885
44.62311557788945	0.03716810569363515
45.02512562814071	0.03802196478195137
45.42713567839196	0.04023604593921752
45.82914572864322	0.04429708777611492
46.231155778894475	0.049464747511935504
46.63316582914573	0.054719707125680014
47.03517587939699	0.05877762091168369
47.437185929648244	0.06065558132475497
47.8391959798995	0.06027488409806957
48.24120603015076	0.05852089079502606
48.64321608040201	0.05680905745893926
49.04522613065327	0.056398174134920466
49.447236180904525	0.057187639891518774
49.84924623115578	0.0585899928928957
50.25125628140704	0.059857760758587675
50.653266331658294	0.060135850042960105
51.05527638190955	0.06002032632883801
51.45728643216081	0.060083148749523016
51.85929648241206	0.060812112029595924
52.26130653266332	0.06191684494366155
52.663316582914575	0.06261014526227607
53.06532663316583	0.0627206910119236
53.46733668341709	0.06141128508538396
53.869346733668344	0.05959587384582897
54.2713567839196	0.058388047599713465
54.67336683417086	0.05810533260573799
55.07537688442211	0.0593734600716702
55.47738693467337	0.06065178316248786
55.879396984924625	0.06131301736365705
56.28140703517588	0.060531540450437626
56.68341708542714	0.0585093233911944
57.085427135678394	0.05588357742680363
57.48743718592965	0.05387076591056
57.88944723618091	0.05332591105295802
58.29145728643216	0.054568935003936725
58.69346733668342	0.05625848274693688
59.095477386934675	0.05745646364164384
59.49748743718593	0.05733508591121263
59.89949748743719	0.056079084404255075
60.301507537688444	0.05465178673160816
60.7035175879397	0.0535919822165621
61.10552763819096	0.05361241160675416
61.50753768844221	0.05409481458413582
61.90954773869347	0.05378472279998281
62.311557788944725	0.05236702531800752
62.71356783919598	0.05003449812875606
63.11557788944724	0.048061675901911634
63.517587939698494	0.04808491736796882
63.91959798994975	0.05039504424745298
64.32160804020101	0.053970003149358604
64.72361809045226	0.05703979945688862
65.12562814070353	0.05851842564215466
65.52763819095478	0.057904744977713515
65.92964824120604	0.05551890138055706
66.33165829145729	0.05264375645064882
66.73366834170855	0.05069618389097426
67.1356783919598	0.050282959105978756
67.53768844221106	0.05051887471977708
67.93969849246231	0.05064662075288238
68.34170854271358	0.05032384174262973
68.74371859296483	0.050234915174087555
69.14572864321609	0.05098973390262947
69.54773869346734	0.05338006786780569
69.9497487437186	0.056996837624349615
70.35175879396985	0.060369680452262306
70.75376884422111	0.06224775597618021
71.15577889447236	0.061751772809977824
71.55778894472363	0.05943984191299614
71.95979899497488	0.05590672777887819
72.36180904522614	0.052420790749707326
72.76381909547739	0.05010949823629962
73.16582914572865	0.04913814506346354
73.5678391959799	0.04916725765075197
73.96984924623116	0.04941518200224991
74.37185929648241	0.049403641005786994
74.77386934673368	0.049718230067307745
75.17587939698493	0.05105800513042241
75.57788944723619	0.05351416222999531
75.97989949748744	0.056637128616537746
76.3819095477387	0.059577632065641095
76.78391959798995	0.06115351214180096
77.18592964824121	0.06077700040223917
77.58793969849246	0.058389381414759176
77.98994974874373	0.05460861235804724
78.39195979899498	0.05065143233239231
78.79396984924624	0.04791713819599827
79.19597989949749	0.04693691818307201
79.59798994974875	0.04717731435562163
80.0	0.0480110603772641
