0.0	0.007245430155777234
0.4020100502512563	0.00638326672343723
0.8040201005025126	0.00483897001405084
1.206030150753769	0.0033348441490683124
1.6080402010050252	0.0036670430537435053
2.0100502512562817	0.005272498883205869
2.412060301507538	0.006750268665560158
2.814070351758794	0.00736024218453962
3.2160804020100504	0.006680059162538924
3.6180904522613067	0.00505396444483156
4.020100502512563	0.002646338147941099
4.42211055276382	0.0007172490696481155
4.824120603015076	0.002918803242228723
5.226130653266332	0.0048956010899783775
5.628140703517588	0.0059122204952012074
6.030150753768845	0.005891736722898899
6.432160804020101	0.005185863337341462
6.834170854271357	0.004818999060252927
7.236180904522613	0.005803684319198885
7.63819095477387	0.00766229202682004
8.040201005025127	0.00942298777260057
8.442211055276383	0.01035254410164595
8.84422110552764	0.010531343987444942
9.246231155778895	0.00949549825249996
9.648241206030152	0.007774273353725242
10.050251256281408	0.005898758533873615
10.452261306532664	0.004392828085927915
10.85427135678392	0.004004588060519338
11.256281407035177	0.0045350548115353955
11.658291457286433	0.005944165834100512
12.06030150753769	0.007843349244576771
12.462311557788945	0.010341015985969825
12.864321608040202	0.013409487224123037
13.266331658291458	0.01641172784256768
13.668341708542714	0.019164634002347157
14.07035175879397	0.021097320167098237
14.472361809045227	0.022238995401744312
14.874371859296483	0.02255840295354884
15.27638190954774	0.02186436663581675
15.678391959798995	0.020611198201598412
16.080402010050253	0.01897521333234559
16.48241206030151	0.017884779790718137
16.884422110552766	0.017084353307166147
17.286432160804022	0.01715535998966603
17.68844221105528	0.01786762808074152
18.090452261306535	0.01948663673464003
18.49246231155779	0.021973522692815273
18.894472361809047	0.025333155720748318
19.296482412060303	0.029141496897937935
19.69849246231156	0.03302387439222294
20.100502512562816	0.036330071077737364
20.502512562814072	0.039058019155465355
20.90452261306533	0.04073332532951807
21.306532663316585	0.0413977440916387
21.70854271356784	0.041177422410987305
22.110552763819097	0.04020496205051825
22.512562814070353	0.03900664359393669
22.91457286432161	0.03785545855447582
23.316582914572866	0.037376261447037686
23.718592964824122	0.037981731560872534
24.12060301507538	0.03983152296264037
24.522613065326635	0.04298254210864077
24.92462311557789	0.04735348493388771
25.326633165829147	0.05218846870045847
25.728643216080403	0.05722890126413012
26.13065326633166	0.06214325883139212
26.532663316582916	0.06600512801847265
26.934673366834172	0.06845313387976568
27.33668341708543	0.0689983163708078
27.738693467336685	0.06779672461126102
28.14070351758794	0.06559709176328564
28.542713567839197	0.06249077226759982
28.944723618090453	0.05932637826484234
29.34673366834171	0.056523312706942094
29.748743718592966	0.05414305511150567
30.150753768844222	0.05220103986378043
30.55276381909548	0.05145618012481936
30.954773869346734	0.051920892529806154
31.35678391959799	0.05395722612587152
31.758793969849247	0.05726661563483452
32.16080402010051	0.06108359848788576
32.56281407035176	0.06505616598075878
32.96482412060302	0.06805223304401392
33.366834170854275	0.06942673855986412
33.76884422110553	0.0686662095267503
34.17085427135679	0.06565069249280008
34.572864321608044	0.06114486085540939
34.9748743718593	0.05542508178735087
35.37688442211056	0.04976950655616447
35.77889447236181	0.04497949926571025
36.18090452261307	0.04160705886460979
36.582914572864325	0.04028791253097846
36.98492462311558	0.04107545450656148
37.38693467336684	0.04379786558609695
37.788944723618094	0.04780609260842109
38.19095477386935	0.052386244071931896
38.59296482412061	0.05654564092414597
38.99497487437186	0.05933621939111522
39.39698492462312	0.06061996913077663
39.798994974874375	0.06033405385543531
40.20100502512563	0.05821769117265779
40.60301507537689	0.05524757808399605
41.005025125628144	0.05175578384460576
41.4070351758794	0.048787896013528606
41.80904522613066	0.04675165098161581
42.21105527638191	0.04587400610268173
42.61306532663317	0.04640617719973501
43.015075376884425	0.048095950816437444
43.41708542713568	0.05066431565962953
43.81909547738694	0.053727650775517985
44.221105527638194	0.05626388874300101
44.62311557788945	0.058423927569545106
45.02512562814071	0.06014474631504291
45.42713567839196	0.060757243497673905
45.82914572864322	0.06096980033658974
46.231155778894475	0.060429916525350715
46.63316582914573	0.05950690915989704
47.03517587939699	0.05778559934841907
47.437185929648244	0.05600963475463618
47.8391959798995	0.054099433651579334
48.24120603015076	0.05273811683577491
48.64321608040201	0.05217665089594161
49.04522613065327	0.05255259966822705
49.447236180904525	0.05396027100463148
49.84924623115578	0.05606373197298277
50.25125628140704	0.058167889679213866
50.653266331658294	0.06022915468501584
51.05527638190955	0.061737921854066936
51.45728643216081	0.06226882689546468
51.85929648241206	0.06198230595301964
52.26130653266332	0.06054139532684325
52.663316582914575	0.058240778698678164
53.06532663316583	0.05562283638509433
53.46733668341709	0.05292671360503174
53.869346733668344	0.050635174713613076
54.2713567839196	0.04931044104023722
54.67336683417086	0.048741225176705365
55.07537688442211	0.049361916597886454
55.47738693467337	0.050938279399778755
55.879396984924625	0.053173100433691355
56.28140703517588	0.05581471987545279
56.68341708542714	0.05814430061114438
57.085427135678394	0.060247090417003546
57.48743718592965	0.061341469749400426
57.88944723618091	0.06154849473816739
58.29145728643216	0.06038959303225133
58.69346733668342	0.05813773783748488
59.095477386934675	0.055267247492705694
59.49748743718593	0.05197738976892001
59.89949748743719	0.049161493900351114
60.301507537688444	0.04725164582620224
60.7035175879397	0.0466515755551038
61.10552763819096	0.04750002369216626
61.50753768844221	0.049684310947970746
61.90954773869347	0.05293065465551082
62.311557788944725	0.05641666078987932
62.71356783919598	0.05975099169920488
63.11557788944724	0.062165351379415736
63.517587939698494	0.06323692391272612
63.91959798994975	0.06284642603189836
64.32160804020101	0.0607324272361621
64.72361809045226	0.05729541950007425
65.12562814070353	0.05324097249114577
65.52763819095478	0.04914284024926261
65.92964824120604	0.0460114947027372
66.33165829145729	0.04439333840933562
66.73366834170855	0.044838325007301214
67.1356783919598	0.04724655085975753
67.53768844221106	0.051037946310753465
67.93969849246231	0.05557967435944374
68.34170854271358	0.06019814774409852
68.74371859296483	0.06360498583143251
69.14572864321609	0.06554704646255215
69.54773869346734	0.06539222894436711
69.9497487437186	0.06313864429780496
70.35175879396985	0.05953540203776657
70.75376884422111	0.0550902864265333
71.15577889447236	0.05091393016757316
71.55778894472363	0.04792359441242696
71.95979899497488	0.046351709181736464
72.36180904522614	0.04689650655265322
72.76381909547739	0.049015325952061733
73.16582914572865	0.052649356209767115
73.5678391959799	0.057103615813619044
73.96984924623116	0.06128867477335278
74.37185929648241	0.06444098043129257
74.77386934673368	0.06608968655505652
75.17587939698493	0.06607076952614915
75.57788944723619	0.06415722344719266
75.97989949748744	0.06098196013395104
76.3819095477387	0.05702749515885286
76.78391959798995	0.05303686886300078
77.18592964824121	0.05002769836812123
77.58793969849246	0.04829444042971054
77.98994974874373	0.04833427980243413
78.39195979899498	0.05008180912952361
78.79396984924624	0.0528499464215285
79.19597989949749	0.05647286949615753
79.59798994974875	0.06024569275096005
80.0	0.062979278998374
