0.0	0.014208381678248335
0.4020100502512563	0.011111633478239707
0.8040201005025126	0.006556180314592093
1.206030150753769	0.0029486767221947345
1.6080402010050252	0.0066288351475014985
2.0100502512562817	0.010710321442295268
2.412060301507538	0.01329651039219806
2.814070351758794	0.013325805673274174
3.2160804020100504	0.010930760466757745
3.6180904522613067	0.006802877819720719
4.020100502512563	0.0016374621099505605
4.42211055276382	0.004493708177372497
4.824120603015076	0.00891460102270893
5.226130653266332	0.011743460755556738
5.628140703517588	0.012520894285692547
6.030150753768845	0.010787128089985902
6.432160804020101	0.00770647393067697
6.834170854271357	0.005829418644371209
7.236180904522613	0.008675930807800684
7.63819095477387	0.013172353177278977
8.040201005025127	0.01646089045095977
8.442211055276383	0.017888701110140102
8.84422110552764	0.016947631219907455
9.246231155778895	0.0141678479996732
9.648241206030152	0.010196555341569893
10.050251256281408	0.007418798848916544
10.452261306532664	0.008891255058185742
10.85427135678392	0.012537250196710856
11.256281407035177	0.015506922283137756
11.658291457286433	0.01723185766877395
12.06030150753769	0.018362138362818383
12.462311557788945	0.020478332487525473
12.864321608040202	0.02384605310515591
13.266331658291458	0.027072184371548135
13.668341708542714	0.030213061796740236
14.07035175879397	0.032344738923971335
14.472361809045227	0.033204713649849615
14.874371859296483	0.03285850434632561
15.27638190954774	0.03129554535666865
15.678391959798995	0.02788361850915211
16.080402010050253	0.022362893339959288
16.48241206030151	0.016171302171243976
16.884422110552766	0.011008118233916335
17.286432160804022	0.012595761757888527
17.68844221105528	0.020151956342187572
18.090452261306535	0.027257783513454724
18.49246231155779	0.03473327922477491
18.894472361809047	0.0438867672485279
19.296482412060303	0.057167274260406874
19.69849246231156	0.07323768735223006
20.100502512562816	0.08718683027393943
20.502512562814072	0.09552261716186217
20.90452261306533	0.09577026793994761
21.306532663316585	0.086667803362676
21.70854271356784	0.06990978916123866
22.110552763819097	0.04809933770354548
22.512562814070353	0.02670481986675798
22.91457286432161	0.016941736091272707
23.316582914572866	0.02383278424670524
23.718592964824122	0.030062770042301835
24.12060301507538	0.03203318671339007
24.522613065326635	0.03533719132679962
24.92462311557789	0.0469481729456848
25.326633165829147	0.06416096631025439
25.728643216080403	0.07964644520546318
26.13065326633166	0.08803762679529242
26.532663316582916	0.08590633517732485
26.934673366834172	0.07264995247082394
27.33668341708543	0.050242435890547575
27.738693467336685	0.0233618716077028
28.14070351758794	0.01825293775300336
28.542713567839197	0.04016268580580435
28.944723618090453	0.05504980523184979
29.34673366834171	0.05891674036573856
29.748743718592966	0.05027256062787361
30.150753768844222	0.030811497340911227
30.55276381909548	0.0051595482937790895
30.954773869346734	0.026786833302435052
31.35678391959799	0.05219780497716544
31.758793969849247	0.0691058982559509
32.16080402010051	0.07350941768646799
32.56281407035176	0.06446422679465082
32.96482412060302	0.04341160836716426
33.366834170854275	0.014252818751033753
33.76884422110553	0.01803014296755878
34.17085427135679	0.04670148595745242
34.572864321608044	0.06821961553035838
34.9748743718593	0.07857832354257618
35.37688442211056	0.07683452259370885
35.77889447236181	0.06404044523895287
36.18090452261307	0.04412344777639247
36.582914572864325	0.02689878980937835
36.98492462311558	0.0329360754532982
37.38693467336684	0.05024750634988222
37.788944723618094	0.06115753592728483
38.19095477386935	0.0609488173782551
38.59296482412061	0.04950354364794571
38.99497487437186	0.03070634502304225
39.39698492462312	0.025077388849895445
39.798994974874375	0.046620844269582726
40.20100502512563	0.0699889597588246
40.60301507537689	0.08619619896885582
41.005025125628144	0.0902965374552136
41.4070351758794	0.0816594477708115
41.80904522613066	0.06287467440203329
42.21105527638191	0.0394911003436345
42.61306532663317	0.03023637933664098
43.015075376884425	0.04652443156894101
43.41708542713568	0.06513658475520731
43.81909547738694	0.07489139448417362
44.221105527638194	0.07355774841420676
44.62311557788945	0.06193673455492539
45.02512562814071	0.04590269906661036
45.42713567839196	0.03759048016525509
45.82914572864322	0.04740387769196633
46.231155778894475	0.06440772475620138
46.63316582914573	0.07697230622950976
47.03517587939699	0.07966847669506742
47.437185929648244	0.07101587024389128
47.8391959798995	0.05339370689626775
48.24120603015076	0.036405390128120094
48.64321608040201	0.040471937652225794
49.04522613065327	0.06123700343072843
49.447236180904525	0.07980760301344217
49.84924623115578	0.08842648817261033
50.25125628140704	0.08481688891862316
50.653266331658294	0.06953507799120043
51.05527638190955	0.046231974332613134
51.45728643216081	0.022652811335773303
51.85929648241206	0.024384052896810806
52.26130653266332	0.04217663752200182
52.663316582914575	0.05279803752532719
53.06532663316583	0.05142212945147014
53.46733668341709	0.03875919893343126
53.869346733668344	0.02110688040723013
54.2713567839196	0.026718478869130764
54.67336683417086	0.050583437013658736
55.07537688442211	0.07057571871529845
55.47738693467337	0.08083023222360264
55.879396984924625	0.07840827377810533
56.28140703517588	0.0636276764746965
56.68341708542714	0.0390051222629454
57.085427135678394	0.008748341974784808
57.48743718592965	0.022727795690478104
57.88944723618091	0.048824984634607146
58.29145728643216	0.0655885811021584
58.69346733668342	0.06994457866954638
59.095477386934675	0.06083496243010357
59.49748743718593	0.04095842917249351
59.89949748743719	0.014794384533535886
60.301507537688444	0.015757748713813385
60.7035175879397	0.040264556214818115
61.10552763819096	0.0572299380160284
61.50753768844221	0.06318469827341934
61.90954773869347	0.056076707932022817
62.311557788944725	0.038196730705431794
62.71356783919598	0.014385277171269964
63.11557788944724	0.02446768185935868
63.517587939698494	0.05250622973136269
63.91959798994975	0.0748457328007662
64.32160804020101	0.0864315811036594
64.72361809045226	0.08585381154203271
65.12562814070353	0.0740276525883384
65.52763819095478	0.05410133766238442
65.92964824120604	0.03140227628327794
66.33165829145729	0.018600289834484827
66.73366834170855	0.027030395656220035
67.1356783919598	0.03585669792636384
67.53768844221106	0.03543556964932707
67.93969849246231	0.02535105051505046
68.34170854271358	0.01473313841489737
68.74371859296483	0.0308305410477145
69.14572864321609	0.05656208257020266
69.54773869346734	0.07932263878411552
69.9497487437186	0.09400874592924124
70.35175879396985	0.09778800935215812
70.75376884422111	0.09001228696315436
71.15577889447236	0.07251274585716769
71.55778894472363	0.048685027059111846
71.95979899497488	0.022646354535029632
72.36180904522614	0.002069014453407777
72.76381909547739	0.0183589952633718
73.16582914572865	0.025874875292295568
73.5678391959799	0.023011878768794715
73.96984924623116	0.012409375520795188
74.37185929648241	0.016064622657246966
74.77386934673368	0.036498279537993124
75.17587939698493	0.056165316693894296
75.57788944723619	0.0695273201217166
75.97989949748744	0.07386740472642148
76.3819095477387	0.06884464553886809
76.78391959798995	0.0554676839577369
77.18592964824121	0.03640134002861572
77.58793969849246	0.01885136086090148
77.98994974874373	0.021632658994959676
78.39195979899498	0.03612069253316697
78.79396984924624	0.045256660279632085
79.19597989949749	0.045756853509778844
79.59798994974875	0.03718861600737897
80.0	0.021793772920164645
