0.0	0.008231838373189946
0.4020100502512563	0.006334490293111882
0.8040201005025126	0.003549613472810424
1.206030150753769	0.0006035521064978063
1.6080402010050252	0.003083170552619559
2.0100502512562817	0.005763841981900659
2.412060301507538	0.007230398020493818
2.814070351758794	0.007349018827602212
3.2160804020100504	0.006204475904350868
3.6180904522613067	0.003818695952722808
4.020100502512563	0.0006601047632482971
4.42211055276382	0.00246901650684654
4.824120603015076	0.0051240166608563665
5.226130653266332	0.00689496829173736
5.628140703517588	0.007221933008395877
6.030150753768845	0.006056689036532522
6.432160804020101	0.004018573249672958
6.834170854271357	0.0015190014142824363
7.236180904522613	0.003212466078784866
7.63819095477387	0.005917983315065271
8.040201005025127	0.008001680248454738
8.442211055276383	0.009168575456829557
8.84422110552764	0.008651717420617478
9.246231155778895	0.0069486539461910924
9.648241206030152	0.004563869437488289
10.050251256281408	0.002740742131253617
10.452261306532664	0.004091186948891813
10.85427135678392	0.006257752215627519
11.256281407035177	0.0078112761912139
11.658291457286433	0.008815051505357867
12.06030150753769	0.009677377951344884
12.462311557788945	0.010553477636818718
12.864321608040202	0.012200854539687956
13.266331658291458	0.01441700785906432
13.668341708542714	0.016624939748651958
14.07035175879397	0.018007305676735735
14.472361809045227	0.018286725448273387
14.874371859296483	0.017614665279706797
15.27638190954774	0.01653826166823721
15.678391959798995	0.015615340409052806
16.080402010050253	0.015370299083317343
16.48241206030151	0.01584715521070783
16.884422110552766	0.01626000715891329
17.286432160804022	0.017430588120873072
17.68844221105528	0.01944274491905571
18.090452261306535	0.02187014928289683
18.49246231155779	0.026118388021144585
18.894472361809047	0.032048954487909974
19.296482412060303	0.039404495704502496
19.69849246231156	0.04738777140855552
20.100502512562816	0.055411224930724944
20.502512562814072	0.06289221670014108
20.90452261306533	0.06695685562849853
21.306532663316585	0.06705106782751066
21.70854271356784	0.0627793569675102
22.110552763819097	0.05509858980786242
22.512562814070353	0.046286052671668604
22.91457286432161	0.038718967072304225
23.316582914572866	0.0345403259721052
23.718592964824122	0.03437190494041957
24.12060301507538	0.039209974699251124
24.522613065326635	0.048489255879882134
24.92462311557789	0.061305067137952474
25.326633165829147	0.0752023907154576
25.728643216080403	0.08698919554849249
26.13065326633166	0.09383057470151343
26.532663316582916	0.09363930984520899
26.934673366834172	0.08569564535745688
27.33668341708543	0.07102680316885147
27.738693467336685	0.053080553302538136
28.14070351758794	0.035267175923897796
28.542713567839197	0.021947313775605853
28.944723618090453	0.016111783014096107
29.34673366834171	0.018011803301244085
29.748743718592966	0.02585793556158091
30.150753768844222	0.03934971868226632
30.55276381909548	0.056259397676952747
30.954773869346734	0.07280965235406164
31.35678391959799	0.08566863852693882
31.758793969849247	0.09237628894652977
32.16080402010051	0.0913393816684359
32.56281407035176	0.0825078671946288
32.96482412060302	0.06699041425560133
33.366834170854275	0.04705682612710659
33.76884422110553	0.026383322544039765
34.17085427135679	0.00853996615659559
34.572864321608044	0.005380419851706947
34.9748743718593	0.01028729254201542
35.37688442211056	0.008770600035176698
35.77889447236181	0.011188003985020336
36.18090452261307	0.025493641006525864
36.582914572864325	0.04357665989822321
36.98492462311558	0.06068949829217345
37.38693467336684	0.07370606286631569
37.788944723618094	0.08090869454997617
38.19095477386935	0.08049938921648392
38.59296482412061	0.0732074537776493
38.99497487437186	0.05988050553980603
39.39698492462312	0.042657570361948755
39.798994974874375	0.025514760796985052
40.20100502512563	0.01229221640559512
40.60301507537689	0.007880297257545715
41.005025125628144	0.007664088370176375
41.4070351758794	0.0066495915844639614
41.80904522613066	0.01583165021501822
42.21105527638191	0.032618221744461814
42.61306532663317	0.051889342256351445
43.015075376884425	0.06930851160450803
43.41708542713568	0.0819372037693156
43.81909547738694	0.08815748639479584
44.221105527638194	0.08641393404778039
44.62311557788945	0.07799838355678824
45.02512562814071	0.06348759360023506
45.42713567839196	0.046128439163304405
45.82914572864322	0.02925164544431898
46.231155778894475	0.017974073935544007
46.63316582914573	0.015445098447717184
47.03517587939699	0.015314707566401955
47.437185929648244	0.013674556013193118
47.8391959798995	0.017095798264474046
48.24120603015076	0.029836796296143546
48.64321608040201	0.04630527759918448
49.04522613065327	0.06259836464145044
49.447236180904525	0.07450388881894313
49.84924623115578	0.08038150794170967
50.25125628140704	0.07930951268938771
50.653266331658294	0.07143765275868907
51.05527638190955	0.058152739696774855
51.45728643216081	0.041914082854881476
51.85929648241206	0.025883113427418315
52.26130653266332	0.015309308827897944
52.663316582914575	0.013228629219713961
53.06532663316583	0.01388774342211487
53.46733668341709	0.013406976480647504
53.869346733668344	0.01945036288798136
54.2713567839196	0.03402486327409367
54.67336683417086	0.05136527689230984
55.07537688442211	0.06720983554811064
55.47738693467337	0.07849444864402894
55.879396984924625	0.08266181650300676
56.28140703517588	0.07859652172367135
56.68341708542714	0.06768153034018405
57.085427135678394	0.05196911198370664
57.48743718592965	0.034701789136535696
57.88944723618091	0.019983153635164015
58.29145728643216	0.012776684659438955
58.69346733668342	0.012614295895417155
59.095477386934675	0.012392025908801178
59.49748743718593	0.015020842649068005
59.89949748743719	0.02635433334139569
60.301507537688444	0.04209564985436023
60.7035175879397	0.05803576083135207
61.10552763819096	0.07113291561883422
61.50753768844221	0.07849125787235309
61.90954773869347	0.0787178809636548
62.311557788944725	0.07214077148614519
62.71356783919598	0.05990949023316665
63.11557788944724	0.0441309444215655
63.517587939698494	0.02731778899209437
63.91959798994975	0.01338014780956348
64.32160804020101	0.004853655037264784
64.72361809045226	0.003789095278176173
65.12562814070353	0.008886789681761403
65.52763819095478	0.021069427451857175
65.92964824120604	0.03814079320564489
66.33165829145729	0.05694404527116502
66.73366834170855	0.07389066610686015
67.1356783919598	0.08609079205368145
67.53768844221106	0.09127116896006934
67.93969849246231	0.08812973280365614
68.34170854271358	0.07759446380980618
68.74371859296483	0.06151956274056701
69.14572864321609	0.04284961096948081
69.54773869346734	0.024889013706650066
69.9497487437186	0.01122891301761559
70.35175879396985	0.004416358808023357
70.75376884422111	0.005924591679507917
71.15577889447236	0.014895914849355905
71.55778894472363	0.02984894288956756
71.95979899497488	0.04739485670486111
72.36180904522614	0.06467120956929828
72.76381909547739	0.07805086674426852
73.16582914572865	0.08539835262636193
73.5678391959799	0.08519311737523258
73.96984924623116	0.07765190130982581
74.37185929648241	0.06421173355918683
74.77386934673368	0.047141545518437154
75.17587939698493	0.029441162775745017
75.57788944723619	0.01456637189959722
75.97989949748744	0.005167894904152302
76.3819095477387	0.0033093470570054488
76.78391959798995	0.0064910595804075055
77.18592964824121	0.01736781397766818
77.58793969849246	0.033223259474405756
77.98994974874373	0.050600346915855146
78.39195979899498	0.06684313865054167
78.79396984924624	0.07865634489783127
79.19597989949749	0.0840323758663707
79.59798994974875	0.0822365805434964
80.0	0.07361842044807289
