0.0	0.031526937666657456
0.40816326530612246	0.03090638190142883
0.8163265306122449	0.025270898014709837
1.2244897959183674	0.015328344932881169
1.6326530612244898	0.003130956901774052
2.0408163265306123	0.009150106842580377
2.4489795918367347	0.019067510362863006
2.857142857142857	0.02491328065487365
3.2653061224489797	0.025769294276658954
3.673469387755102	0.02152799020403589
4.081632653061225	0.01259510083523439
4.4897959183673475	0.0010078500553216574
4.8979591836734695	0.011950157994686876
5.3061224489795915	0.023121609936545582
5.714285714285714	0.0309210978970069
6.122448979591837	0.0337170635051872
6.530612244897959	0.03134906871570117
6.938775510204081	0.024053321367316742
7.346938775510204	0.01308578114163278
7.755102040816327	0.0009779657048428246
8.16326530612245	0.010544724036708409
8.571428571428571	0.019190486269191696
8.979591836734695	0.02329119162417876
9.387755102040817	0.022233739798951817
9.795918367346939	0.01611584064673567
10.204081632653061	0.0055802504063524605
10.612244897959183	0.006838752359686147
11.020408163265307	0.019293847157221645
11.428571428571429	0.029453135000583226
11.83673469387755	0.035547587018978394
12.244897959183675	0.03644804691217813
12.653061224489797	0.03221251187768649
13.061224489795919	0.023735607684111103
13.46938775510204	0.012581871783601175
13.877551020408163	0.0015653351516575036
14.285714285714286	0.010028531441385598
14.693877551020408	0.017106045981113257
15.10204081632653	0.019737592574308103
15.510204081632654	0.017531652218209008
15.918367346938776	0.0106811368482889
16.3265306122449	0.0011425523235180383
16.73469387755102	0.011108429910807835
17.142857142857142	0.021994932646478237
17.551020408163264	0.03033395749709597
17.95918367346939	0.03471468219904906
18.367346938775512	0.03451486807267671
18.775510204081634	0.029838425156267855
19.183673469387756	0.021658648983330895
19.591836734693878	0.011705975017277593
20.0	0.0032054730795553267
