0.0	0.012918334229771632
0.4020100502512563	0.010134951433558722
0.8040201005025126	0.005779394825543088
1.206030150753769	0.0015286708872927599
1.6080402010050252	0.004999418260013617
2.0100502512562817	0.008983134317959938
2.412060301507538	0.011044663418355766
2.814070351758794	0.010541041672047977
3.2160804020100504	0.008227459381245854
3.6180904522613067	0.004173706801432813
4.020100502512563	0.0014226094268839948
4.42211055276382	0.006294200522669474
4.824120603015076	0.01052707266912742
5.226130653266332	0.012970257071252878
5.628140703517588	0.013040900819340003
6.030150753768845	0.011186146208894604
6.432160804020101	0.00761932453100003
6.834170854271357	0.004155382543893764
7.236180904522613	0.005251742516153485
7.63819095477387	0.008839450383255414
8.040201005025127	0.011554375313207348
8.442211055276383	0.012084924092252198
8.84422110552764	0.010558222963640548
9.246231155778895	0.007631337699892514
9.648241206030152	0.004983908572474457
10.050251256281408	0.0065355346186482
10.452261306532664	0.009883506474147114
10.85427135678392	0.012808635588034994
11.256281407035177	0.014063702895144617
11.658291457286433	0.013763231517361644
12.06030150753769	0.013183269892781027
12.462311557788945	0.013685307283125609
12.864321608040202	0.01647134217789751
13.266331658291458	0.020596866737907872
13.668341708542714	0.024572212323698325
14.07035175879397	0.027329089094345997
14.472361809045227	0.02811434268496053
14.874371859296483	0.027220580181952635
15.27638190954774	0.024966324911530176
15.678391959798995	0.02259222911680488
16.080402010050253	0.02131646703528403
16.48241206030151	0.021623771640704968
16.884422110552766	0.02288068782697867
17.286432160804022	0.024104951300134216
17.68844221105528	0.024422262597924994
18.090452261306535	0.02443482549727667
18.49246231155779	0.024200898415671246
18.894472361809047	0.02424215025802501
19.296482412060303	0.02558275723159471
19.69849246231156	0.028248089127728065
20.100502512562816	0.03158688988903189
20.502512562814072	0.0349494994430662
20.90452261306533	0.0380862023988942
21.306532663316585	0.04025395018093642
21.70854271356784	0.04220697132393055
22.110552763819097	0.04409658123731297
22.512562814070353	0.04645128728085772
22.91457286432161	0.04873102637079535
23.316582914572866	0.05048001459825223
23.718592964824122	0.050815557664694824
24.12060301507538	0.049927411209859524
24.522613065326635	0.04823479753424317
24.92462311557789	0.046434947109104265
25.326633165829147	0.045927920882370674
25.728643216080403	0.0471427929153044
26.13065326633166	0.05017439551533165
26.532663316582916	0.05459078711656605
26.934673366834172	0.06000926619322654
27.33668341708543	0.06529349833862011
27.738693467336685	0.07020217253922453
28.14070351758794	0.07309478172912624
28.542713567839197	0.07391561518272523
28.944723618090453	0.07210118132520664
29.34673366834171	0.06763465547856873
29.748743718592966	0.06136451795988272
30.150753768844222	0.05443867347233505
30.55276381909548	0.04791814289612191
30.954773869346734	0.04329167016176698
31.35678391959799	0.041987389693160904
31.758793969849247	0.04521401709236587
32.16080402010051	0.05176692803232461
32.56281407035176	0.06030525133521695
32.96482412060302	0.06846023719685865
33.366834170854275	0.07459046603833784
33.76884422110553	0.07736138297404471
34.17085427135679	0.07620848381169473
34.572864321608044	0.07166970909430233
34.9748743718593	0.06471677148983
35.37688442211056	0.05635665598597219
35.77889447236181	0.04807414193719778
36.18090452261307	0.040590781194872534
36.582914572864325	0.0348380803822192
36.98492462311558	0.03206386984072607
37.38693467336684	0.03337689296242244
37.788944723618094	0.03904526909496567
38.19095477386935	0.046945708427156736
38.59296482412061	0.055157058265529066
38.99497487437186	0.061639020245726706
39.39698492462312	0.06586577326802309
39.798994974874375	0.06697801757194333
40.20100502512563	0.06532694968827377
40.60301507537689	0.06160240816635507
41.005025125628144	0.056496239386420156
41.4070351758794	0.05072899244173129
41.80904522613066	0.04533184049837401
42.21105527638191	0.0403396895067049
42.61306532663317	0.03676025970529574
43.015075376884425	0.03569589352697229
43.41708542713568	0.037248195833025174
43.81909547738694	0.04097846330615688
44.221105527638194	0.045923095827184415
44.62311557788945	0.0509302523059871
45.02512562814071	0.055291131116480804
45.42713567839196	0.058681327378537027
45.82914572864322	0.060961363290019235
46.231155778894475	0.06157835464012719
46.63316582914573	0.06077089536365247
47.03517587939699	0.05857528560028528
47.437185929648244	0.055090079809573186
47.8391959798995	0.05049525404264863
48.24120603015076	0.04553174302015919
48.64321608040201	0.040661737364561676
49.04522613065327	0.03729003016248325
49.447236180904525	0.03634036687858257
49.84924623115578	0.03798001292284888
50.25125628140704	0.04152634246980234
50.653266331658294	0.0460588676111187
51.05527638190955	0.0504677640931165
51.45728643216081	0.05464327657531477
51.85929648241206	0.05774288635425501
52.26130653266332	0.059576322381597255
52.663316582914575	0.05995716360395309
53.06532663316583	0.05878852966376149
53.46733668341709	0.0556640251163385
53.869346733668344	0.05111158184128597
54.2713567839196	0.045587190076307474
54.67336683417086	0.039611851575269925
55.07537688442211	0.03462752050851403
55.47738693467337	0.0319049421265858
55.879396984924625	0.03191653483959164
56.28140703517588	0.034923016214401144
56.68341708542714	0.03977235994962144
57.085427135678394	0.0449561273254659
57.48743718592965	0.05010656334843574
57.88944723618091	0.054415644512305725
58.29145728643216	0.05759762128450648
58.69346733668342	0.05911040830366045
59.095477386934675	0.05873315313784566
59.49748743718593	0.05647486948098516
59.89949748743719	0.05231164713138263
60.301507537688444	0.04729712156531077
60.7035175879397	0.041818091691906714
61.10552763819096	0.036865122405454566
61.50753768844221	0.03340466324368279
61.90954773869347	0.03292085101213176
62.311557788944725	0.035120765971049905
62.71356783919598	0.039560179742783114
63.11557788944724	0.04466448393983639
63.517587939698494	0.04958682868609344
63.91959798994975	0.05384238706855475
64.32160804020101	0.05694791988148248
64.72361809045226	0.05876146879210287
65.12562814070353	0.058819771543328014
65.52763819095478	0.057164239001404424
65.92964824120604	0.05393355769124274
66.33165829145729	0.049128982286694836
66.73366834170855	0.04290820564654497
67.1356783919598	0.03680279517671292
67.53768844221106	0.032211680454159466
67.93969849246231	0.03054160910648971
68.34170854271358	0.03272330086361861
68.74371859296483	0.0377050598528005
69.14572864321609	0.043881326518191724
69.54773869346734	0.05002764994887167
69.9497487437186	0.05537279621549375
70.35175879396985	0.05949337996471308
70.75376884422111	0.06186511006810277
71.15577889447236	0.062193117301392785
71.55778894472363	0.06024061971378571
71.95979899497488	0.056212325118037774
72.36180904522614	0.050657025891486296
72.76381909547739	0.04389467206473971
73.16582914572865	0.03767621371983019
73.5678391959799	0.03333594530563911
73.96984924623116	0.03257771309390791
74.37185929648241	0.03556271138282054
74.77386934673368	0.040669656958300375
75.17587939698493	0.046605682725597376
75.57788944723619	0.052017730178000474
75.97989949748744	0.056472858674212464
76.3819095477387	0.05924088230682467
76.78391959798995	0.06042074995634419
77.18592964824121	0.05985720702161258
77.58793969849246	0.057526740741211134
77.98994974874373	0.053746004018768036
78.39195979899498	0.04876888586518981
78.79396984924624	0.04306884392994751
79.19597989949749	0.037995621706646034
79.59798994974875	0.03457232140097811
80.0	0.03415774905036609
