0.0	0.024146194851602874
0.4020100502512563	0.02333575175100765
0.8040201005025126	0.018417471391269626
1.206030150753769	0.010853376400081324
1.6080402010050252	0.0023757012342069286
2.0100502512562817	0.007657670156622383
2.412060301507538	0.01462005268089556
2.814070351758794	0.018249160181232092
3.2160804020100504	0.0179763831999557
3.6180904522613067	0.013745144827261612
4.020100502512563	0.006134059246614322
4.42211055276382	0.003573276151542639
4.824120603015076	0.01319163842185099
5.226130653266332	0.02145410954324789
5.628140703517588	0.026944577624535247
6.030150753768845	0.02851355938720575
6.432160804020101	0.02610631463659118
6.834170854271357	0.020403420006443164
7.236180904522613	0.012373093617510534
7.63819095477387	0.0041198818765519505
8.040201005025127	0.00465390515095438
8.442211055276383	0.009409790272383233
8.84422110552764	0.010710391762508448
9.246231155778895	0.007854760058222887
9.648241206030152	0.0020480989356930746
10.050251256281408	0.007539187994809289
10.452261306532664	0.017230240960076394
10.85427135678392	0.02660385336051131
11.256281407035177	0.033681167270986925
11.658291457286433	0.03781336151992262
12.06030150753769	0.03817722502233967
12.462311557788945	0.0350298584926742
12.864321608040202	0.029786107540936885
13.266331658291458	0.024086815741596698
13.668341708542714	0.021635445020921993
14.07035175879397	0.023963882770019367
14.472361809045227	0.027618780136036903
14.874371859296483	0.028749034718004485
15.27638190954774	0.025029726219749453
15.678391959798995	0.01526079393286226
16.080402010050253	0.00101484812992604
16.48241206030151	0.01892080706595825
16.884422110552766	0.03799405630675414
17.286432160804022	0.05530896746955295
17.68844221105528	0.06844880684506804
18.090452261306535	0.07567992587420827
18.49246231155779	0.07785616375505444
18.894472361809047	0.07690391455569756
19.296482412060303	0.07444520443488824
19.69849246231156	0.07276936014988153
20.100502512562816	0.073313749610301
20.502512562814072	0.07343519616530908
20.90452261306533	0.06956583870841761
21.306532663316585	0.0594794714476695
21.70854271356784	0.04288473824084152
22.110552763819097	0.02474033986047767
22.512562814070353	0.029548620285017944
22.91457286432161	0.05411423384284063
23.316582914572866	0.07904887625455816
23.718592964824122	0.0969967934817915
24.12060301507538	0.10561130866738125
24.522613065326635	0.10442574014498149
24.92462311557789	0.09481966829660707
25.326633165829147	0.08195788499400368
25.728643216080403	0.07132924494673973
26.13065326633166	0.06705855463353781
26.532663316582916	0.06624224047131043
26.934673366834172	0.06194218817595
27.33668341708543	0.05142753025740086
27.738693467336685	0.03628243789164219
28.14070351758794	0.028825131089734096
28.542713567839197	0.043416076663299816
28.944723618090453	0.06509104252954426
29.34673366834171	0.08220025809046241
29.748743718592966	0.08984310405212262
30.150753768844222	0.0868596801723033
30.55276381909548	0.07485483075291961
30.954773869346734	0.05855142509631338
31.35678391959799	0.046950541754917155
31.758793969849247	0.0461574910387367
32.16080402010051	0.05080346807549867
32.56281407035176	0.05146007101889556
32.96482412060302	0.043493616250980034
33.366834170854275	0.026770844352224432
33.76884422110553	0.004328536737649674
34.17085427135679	0.02535672786197548
34.572864321608044	0.051571321753238655
34.9748743718593	0.07228300106325694
35.37688442211056	0.08417722560374699
35.77889447236181	0.08547987341824621
36.18090452261307	0.07701860520626368
36.582914572864325	0.06220919146953845
36.98492462311558	0.04701272831699714
37.38693467336684	0.04028753584764301
37.788944723618094	0.042467300807025064
38.19095477386935	0.04450253039349668
38.59296482412061	0.04002808295464911
38.99497487437186	0.027197629177963888
39.39698492462312	0.005982490790807123
39.798994974874375	0.019656753084323388
40.20100502512563	0.04656727435787406
40.60301507537689	0.06993639678872422
41.005025125628144	0.08574903118792108
41.4070351758794	0.092582783157291
41.80904522613066	0.09035377496073756
42.21105527638191	0.08035365895004393
42.61306532663317	0.06675695426643238
43.015075376884425	0.053373519838525306
43.41708542713568	0.04420718511719051
43.81909547738694	0.03947044482034723
44.221105527638194	0.03436153441393088
44.62311557788945	0.02427157002433735
45.02512562814071	0.011309705041242709
45.42713567839196	0.021104713619135757
45.82914572864322	0.044995416810820636
46.231155778894475	0.0683911511301479
46.63316582914573	0.08621988416960509
47.03517587939699	0.09609838957228015
47.437185929648244	0.09735316912794009
47.8391959798995	0.0908045320660831
48.24120603015076	0.07831165753720684
48.64321608040201	0.06291712767510203
49.04522613065327	0.047621668823019284
49.447236180904525	0.03541268224965095
49.84924623115578	0.027004608285070765
50.25125628140704	0.019002311494272707
50.653266331658294	0.00780485725418757
51.05527638190955	0.00812067937631055
51.45728643216081	0.027558722493709116
51.85929648241206	0.047451056043860254
52.26130653266332	0.06495353342205167
52.663316582914575	0.07734446394170537
53.06532663316583	0.08245029674855651
53.46733668341709	0.08018729605312978
53.869346733668344	0.0705037452491015
54.2713567839196	0.055104709307979574
54.67336683417086	0.03707193286048045
55.07537688442211	0.020256366271190988
55.47738693467337	0.011430016405627855
55.879396984924625	0.01301954011457114
56.28140703517588	0.014798982291940344
56.68341708542714	0.017351330261027365
57.085427135678394	0.0280928897658347
57.48743718592965	0.04501989171666167
57.88944723618091	0.06354772403032707
58.29145728643216	0.0791874631546947
58.69346733668342	0.08865235511337173
59.095477386934675	0.08979380639245169
59.49748743718593	0.08224529507496507
59.89949748743719	0.06696684047662184
60.301507537688444	0.04662108418044606
60.7035175879397	0.02603854169275463
61.10552763819096	0.014090174669366979
61.50753768844221	0.01895438914610189
61.90954773869347	0.023772783961553304
62.311557788944725	0.023135926691902942
62.71356783919598	0.022065697101671562
63.11557788944724	0.029950666600531944
63.517587939698494	0.04561294825068063
63.91959798994975	0.06206302151600897
64.32160804020101	0.07371121348168501
64.72361809045226	0.07835487700477259
65.12562814070353	0.07482528226337688
65.52763819095478	0.06325105317615554
65.92964824120604	0.04654053900967212
66.33165829145729	0.028424257223647643
66.73366834170855	0.01631362828705621
67.1356783919598	0.019842773460278854
67.53768844221106	0.027405110426342395
67.93969849246231	0.031785767700489125
68.34170854271358	0.0341897790952906
68.74371859296483	0.03883255941642253
69.14572864321609	0.04786414464328573
69.54773869346734	0.05939892556873755
69.9497487437186	0.06959899424059673
70.35175879396985	0.0749555697538439
70.75376884422111	0.07396467349798445
71.15577889447236	0.06617177890895293
71.55778894472363	0.05244819844728195
71.95979899497488	0.034857864711042096
72.36180904522614	0.016223643278389595
72.76381909547739	0.004881374017765018
73.16582914572865	0.016608370609730687
73.5678391959799	0.026333433901105256
73.96984924623116	0.033883657843724754
74.37185929648241	0.041278797953385286
74.77386934673368	0.05050292832323544
75.17587939698493	0.06118478706810924
75.57788944723619	0.07179617243380317
75.97989949748744	0.07972635474571038
76.3819095477387	0.08262403416772972
76.78391959798995	0.07919908061861339
77.18592964824121	0.06934985157451715
77.58793969849246	0.05422720978629236
77.98994974874373	0.03573331955591084
78.39195979899498	0.01656773595803581
78.79396984924624	0.0007213387221151371
79.19597989949749	0.014009006319000728
79.59798994974875	0.023960315813732376
80.0	0.03228818351023036
