0.0	0.005408458142831761
0.4020100502512563	0.004431860447167138
0.8040201005025126	0.002986461807228158
1.206030150753769	0.0014553088539816968
1.6080402010050252	0.001999424145099549
2.0100502512562817	0.0035286166233953315
2.412060301507538	0.004712463760165664
2.814070351758794	0.0047791685071987815
3.2160804020100504	0.004163972458298031
3.6180904522613067	0.00274695287910539
4.020100502512563	0.0010856052823724305
4.42211055276382	0.0021126959355430475
4.824120603015076	0.0039830144860163764
5.226130653266332	0.0054174913616639574
5.628140703517588	0.006029812930338
6.030150753768845	0.005532876026907356
6.432160804020101	0.004502803063951739
6.834170854271357	0.002742450060293774
7.236180904522613	0.0015390388507846348
7.63819095477387	0.002599940813019524
8.040201005025127	0.004131960891642054
8.442211055276383	0.004799630211592673
8.84422110552764	0.004389753595540507
9.246231155778895	0.003222640903833774
9.648241206030152	0.001410194057589018
10.050251256281408	0.0010483711317149417
10.452261306532664	0.003545282366001557
10.85427135678392	0.0054106928515837895
11.256281407035177	0.006392710977662345
11.658291457286433	0.0062059840752400845
12.06030150753769	0.004981149151343457
12.462311557788945	0.003274487604398267
12.864321608040202	0.0029007003084112596
13.266331658291458	0.004600396521477384
13.668341708542714	0.006274377311057308
14.07035175879397	0.0068642139783126055
14.472361809045227	0.0062458952203896835
14.874371859296483	0.004421362461690604
15.27638190954774	0.0022231355886255565
15.678391959798995	0.0030600270408555805
16.080402010050253	0.0055288985422977934
16.48241206030151	0.007320349872823033
16.884422110552766	0.008026248592408249
17.286432160804022	0.007665217250473952
17.68844221105528	0.006296510758823898
18.090452261306535	0.00504537244415997
18.49246231155779	0.005413254858049603
18.894472361809047	0.007241035926804451
19.296482412060303	0.008737691191440394
19.69849246231156	0.009395917768911176
20.100502512562816	0.008758868942786763
20.502512562814072	0.006893870348806669
20.90452261306533	0.004731175824175047
21.306532663316585	0.0037712751767488943
21.70854271356784	0.004986413905900761
22.110552763819097	0.006465206379280201
22.512562814070353	0.007014070861202082
22.91457286432161	0.006350335085585729
23.316582914572866	0.004760523457234956
23.718592964824122	0.004120860086864685
24.12060301507538	0.005438007761581788
24.522613065326635	0.007440044235022018
24.92462311557789	0.008828017411014041
25.326633165829147	0.009002274275027042
25.728643216080403	0.007535054724267495
26.13065326633166	0.005394941280513565
26.532663316582916	0.003491592763018473
26.934673366834172	0.003840433585145797
27.33668341708543	0.0053406186191557676
27.738693467336685	0.00602377112571537
28.14070351758794	0.005347638785009585
28.542713567839197	0.0034960615445960115
28.944723618090453	0.0018079570727181405
29.34673366834171	0.004027197468108189
29.748743718592966	0.007030541158411163
30.150753768844222	0.00933964778681141
30.55276381909548	0.010238210785811379
30.954773869346734	0.010159367839446615
31.35678391959799	0.008789508355485939
31.758793969849247	0.0070742167889721345
32.16080402010051	0.0054817335890782
32.56281407035176	0.005289774152287706
32.96482412060302	0.00598604641630157
33.366834170854275	0.00595999534754465
33.76884422110553	0.004876277310242616
34.17085427135679	0.0028240356150487584
34.572864321608044	0.0014348831897539555
34.9748743718593	0.0040762537303681914
35.37688442211056	0.006757360347934822
35.77889447236181	0.008856227373345951
36.18090452261307	0.010091596165158949
36.582914572864325	0.0100115315553313
36.98492462311558	0.009307159620115727
37.38693467336684	0.008283434070236165
37.788944723618094	0.007632231661883529
38.19095477386935	0.007457128359189946
38.59296482412061	0.007624573414210434
38.99497487437186	0.007862970060117018
39.39698492462312	0.00768337684016889
39.798994974874375	0.007613915935074734
40.20100502512563	0.007821650355603005
40.60301507537689	0.008648249259071854
41.005025125628144	0.010441316128165441
41.4070351758794	0.012577505144497523
41.80904522613066	0.01461386815845
42.21105527638191	0.015986760552312646
42.61306532663317	0.017044575490489405
43.015075376884425	0.017629505389649726
43.41708542713568	0.01805740709944916
43.81909547738694	0.018196655857471634
44.221105527638194	0.01883087169397177
44.62311557788945	0.01943650459412135
45.02512562814071	0.020220007831827057
45.42713567839196	0.020853163193956453
45.82914572864322	0.021136739690268476
46.231155778894475	0.021242245712768785
46.63316582914573	0.021255121184671003
47.03517587939699	0.02129207173158081
47.437185929648244	0.021266490843839733
47.8391959798995	0.020979661231694695
48.24120603015076	0.020423334004824066
48.64321608040201	0.019404364962585942
49.04522613065327	0.01833094457871943
49.447236180904525	0.01757412748512401
49.84924623115578	0.017904467735008374
50.25125628140704	0.019083315709746
50.653266331658294	0.02114962122437098
51.05527638190955	0.023538765154307327
51.45728643216081	0.02547509106382917
51.85929648241206	0.026711380627078597
52.26130653266332	0.027278082972984723
52.663316582914575	0.02706808146591195
53.06532663316583	0.02621046213316199
53.46733668341709	0.02483680088464081
53.869346733668344	0.023566296756002893
54.2713567839196	0.022138125693275633
54.67336683417086	0.020476701145288705
55.07537688442211	0.01872976737908019
55.47738693467337	0.017026281262328677
55.879396984924625	0.015900117810267265
56.28140703517588	0.01569026958825925
56.68341708542714	0.016778861030752663
57.085427135678394	0.018190114404108292
57.48743718592965	0.019692801519485745
57.88944723618091	0.0207293521565125
58.29145728643216	0.021251018839713733
58.69346733668342	0.021618135859284168
59.095477386934675	0.021791186120297554
59.49748743718593	0.021992375737097187
59.89949748743719	0.02212018916052168
60.301507537688444	0.021825767794142577
60.7035175879397	0.021055466147338678
61.10552763819096	0.019781699344604168
61.50753768844221	0.018204979418868568
61.90954773869347	0.0171307847724905
62.311557788944725	0.016698930494364887
62.71356783919598	0.017065424709351452
63.11557788944724	0.01798695541950465
63.517587939698494	0.018945378650766447
63.91959798994975	0.020034191261103066
64.32160804020101	0.02116118443042628
64.72361809045226	0.02276030485231768
65.12562814070353	0.02454800097697243
65.52763819095478	0.026161539340898942
65.92964824120604	0.027291220926813308
66.33165829145729	0.027448523365693582
66.73366834170855	0.02672186059191905
67.1356783919598	0.02517971261883744
67.53768844221106	0.023169741451034523
67.93969849246231	0.021695639192788586
68.34170854271358	0.020727001940019175
68.74371859296483	0.020506760997789017
69.14572864321609	0.02065467726965032
69.54773869346734	0.02125753549273426
69.9497487437186	0.02212420053398263
70.35175879396985	0.0234897061538095
70.75376884422111	0.025519890742902014
71.15577889447236	0.027746542757295257
71.55778894472363	0.0296134493813986
71.95979899497488	0.03083272069167723
72.36180904522614	0.030821036726120958
72.76381909547739	0.029844604976163574
73.16582914572865	0.02776644739250837
73.5678391959799	0.025258085514946228
73.96984924623116	0.022993101754190053
74.37185929648241	0.021743098120626303
74.77386934673368	0.022067215968675304
75.17587939698493	0.023376894744123196
75.57788944723619	0.025582539420449822
75.97989949748744	0.02828130943973562
76.3819095477387	0.031030826580481764
76.78391959798995	0.03388679048304453
77.18592964824121	0.036262517934650546
77.58793969849246	0.03791117014789149
77.98994974874373	0.03854440512919753
78.39195979899498	0.03828295798812244
78.79396984924624	0.037060556255256144
79.19597989949749	0.03521461271887173
79.59798994974875	0.033344091675110606
80.0	0.0317266766995068
