0.0	0.016326975890533744
0.4020100502512563	0.0166091655608127
0.8040201005025126	0.014537059316758204
1.206030150753769	0.010092054862083772
1.6080402010050252	0.0042855139139059825
2.0100502512562817	0.003139804739580712
2.412060301507538	0.007903961300453158
2.814070351758794	0.011285516383051943
3.2160804020100504	0.011907652659436049
3.6180904522613067	0.009714233521304315
4.020100502512563	0.005132194821553159
4.42211055276382	0.001524333293392147
4.824120603015076	0.008339593816911628
5.226130653266332	0.014786940859252699
5.628140703517588	0.01949376294752059
6.030150753768845	0.02190481360321774
6.432160804020101	0.02173283408084891
6.834170854271357	0.01896541408613641
7.236180904522613	0.014376578146498616
7.63819095477387	0.009297442674588484
8.040201005025127	0.0053333178333128005
8.442211055276383	0.0043310753480069126
8.84422110552764	0.0045285503461777584
9.246231155778895	0.0033591437662190797
9.648241206030152	0.0044535506913454094
10.050251256281408	0.010718696580940521
10.452261306532664	0.01871437494807723
10.85427135678392	0.027283468796066322
11.256281407035177	0.03485958892121494
11.658291457286433	0.04042029956482839
12.06030150753769	0.04355414792072292
12.462311557788945	0.04443321365055957
12.864321608040202	0.043185300719229554
13.266331658291458	0.04069331510193821
13.668341708542714	0.03813605766347261
14.07035175879397	0.03596919777023856
14.472361809045227	0.03476797111782422
14.874371859296483	0.03532030955708477
15.27638190954774	0.03714345209764282
15.678391959798995	0.04016169303993361
16.080402010050253	0.043090791796999345
16.48241206030151	0.045076379100653395
16.884422110552766	0.045783913054694717
17.286432160804022	0.04503407033339874
17.68844221105528	0.042349785546539856
18.090452261306535	0.040021563304068496
18.49246231155779	0.0386313581517983
18.894472361809047	0.04126368306601658
19.296482412060303	0.048094318119862596
19.69849246231156	0.05775092581291284
20.100502512562816	0.06787419360042447
20.502512562814072	0.07724994419950676
20.90452261306533	0.08507898508776149
21.306532663316585	0.0916402964413466
21.70854271356784	0.09639077183012199
22.110552763819097	0.09784419471104856
22.512562814070353	0.09421410317069068
22.91457286432161	0.08359029073478909
23.316582914572866	0.06659127916414999
23.718592964824122	0.04624080685059019
24.12060301507538	0.03083369992825073
24.522613065326635	0.030226448021884362
24.92462311557789	0.03771619179614887
25.326633165829147	0.03998970716819566
25.728643216080403	0.03367386844043838
26.13065326633166	0.019847306055270644
26.532663316582916	0.009522501764951428
26.934673366834172	0.024008156535194374
27.33668341708543	0.038787502163576244
27.738693467336685	0.04668004819731506
28.14070351758794	0.047111377791368925
28.542713567839197	0.04240757945900935
28.944723618090453	0.03650258126019145
29.34673366834171	0.035515582316146405
29.748743718592966	0.04087442291229898
30.150753768844222	0.04861010173245582
30.55276381909548	0.05688645321812591
30.954773869346734	0.06240169648130772
31.35678391959799	0.06599358026230448
31.758793969849247	0.0672611824927281
32.16080402010051	0.06811672910899741
32.56281407035176	0.06802818887911782
32.96482412060302	0.06609881837396223
33.366834170854275	0.061244535377369826
33.76884422110553	0.053806109710710315
34.17085427135679	0.04405934417387654
34.572864321608044	0.033775867652448555
34.9748743718593	0.026524319793542823
35.37688442211056	0.025456774143031775
35.77889447236181	0.029529919557825524
36.18090452261307	0.03401239686987352
36.582914572864325	0.035793095215413975
36.98492462311558	0.03383755202910293
37.38693467336684	0.02809703705577444
37.788944723618094	0.01996943830373385
38.19095477386935	0.013246840501875804
38.59296482412061	0.015050619112715023
38.99497487437186	0.021583838849051268
39.39698492462312	0.026854941646999593
39.798994974874375	0.03028682404116479
40.20100502512563	0.03376200823858279
40.60301507537689	0.039021253647666565
41.005025125628144	0.04684490633054047
41.4070351758794	0.05470961711027805
41.80904522613066	0.06019918503277456
42.21105527638191	0.06195868813664564
42.61306532663317	0.05995855377283042
43.015075376884425	0.05430667684590447
43.41708542713568	0.04674484601337445
43.81909547738694	0.038511387232978526
44.221105527638194	0.032801683352925486
44.62311557788945	0.03160759189648206
45.02512562814071	0.03410325869576774
45.42713567839196	0.03784210417774325
45.82914572864322	0.04113754173496533
46.231155778894475	0.043566472195858616
46.63316582914573	0.04454741257465573
47.03517587939699	0.04364584403350501
47.437185929648244	0.03972794568186227
47.8391959798995	0.03270129145040153
48.24120603015076	0.022909177488948905
48.64321608040201	0.012471476276228017
49.04522613065327	0.009892487479286529
49.447236180904525	0.0200798671371159
49.84924623115578	0.030945972854921722
50.25125628140704	0.04014727709719838
50.653266331658294	0.045670219501359986
51.05527638190955	0.04754213550410598
51.45728643216081	0.045344153021490155
51.85929648241206	0.040435091034217954
52.26130653266332	0.03449470678982157
52.663316582914575	0.029644717055966146
53.06532663316583	0.02841656084950117
53.46733668341709	0.03063519480188221
53.869346733668344	0.03431182302674718
54.2713567839196	0.0381465145414004
54.67336683417086	0.040660512925550084
55.07537688442211	0.0427531599966104
55.47738693467337	0.04425267019136486
55.879396984924625	0.04512239507346039
56.28140703517588	0.04480878971629161
56.68341708542714	0.04186273438229288
57.085427135678394	0.03529166826370528
57.48743718592965	0.02529813880712295
57.88944723618091	0.012739572993665136
58.29145728643216	0.004762355037564505
58.69346733668342	0.017728551411926786
59.095477386934675	0.02950948598206012
59.49748743718593	0.037981481758133546
59.89949748743719	0.04214083127938047
60.301507537688444	0.04186308090686878
60.7035175879397	0.03836914427323962
61.10552763819096	0.03325286470242063
61.50753768844221	0.029002320249824527
61.90954773869347	0.029074777123001615
62.311557788944725	0.03310293379965086
62.71356783919598	0.03958378670334581
63.11557788944724	0.04542993283757095
63.517587939698494	0.049904088745498405
63.91959798994975	0.052141933575707664
64.32160804020101	0.05230467055102441
64.72361809045226	0.050573756740480945
65.12562814070353	0.047020247309138216
65.52763819095478	0.041545917113568344
65.92964824120604	0.03360221405082732
66.33165829145729	0.02330472096353692
66.73366834170855	0.011252970138308512
67.1356783919598	0.0020955055071465315
67.53768844221106	0.015144656859661442
67.93969849246231	0.02626281979733313
68.34170854271358	0.03417198137367108
68.74371859296483	0.03779947533570902
69.14572864321609	0.037516781776581895
69.54773869346734	0.03419855705961493
69.9497487437186	0.029046648894896453
70.35175879396985	0.024877746700947403
70.75376884422111	0.023526719501318925
71.15577889447236	0.02529164511188182
71.55778894472363	0.02812316657815912
71.95979899497488	0.03105390763937423
72.36180904522614	0.033906541035380086
72.76381909547739	0.03632965455414511
73.16582914572865	0.038319489750667075
73.5678391959799	0.03944978887542556
73.96984924623116	0.03863265948325494
74.37185929648241	0.035063606234627356
74.77386934673368	0.028735370937679833
75.17587939698493	0.019488530660964336
75.57788944723619	0.008090284306692553
75.97989949748744	0.005701303362779705
76.3819095477387	0.018177781177435716
76.78391959798995	0.028999122933102344
77.18592964824121	0.036779538512952153
77.58793969849246	0.040770234164356337
77.98994974874373	0.04083184425503482
78.39195979899498	0.03767167515221921
78.79396984924624	0.032929668836950324
79.19597989949749	0.028240406625374043
79.59798994974875	0.024888377596020552
80.0	0.02361677409022963
