0.0	0.03569328087683278
0.4020100502512563	0.03314818146298431
0.8040201005025126	0.02538633134351444
1.206030150753769	0.014360152090204494
1.6080402010050252	0.006840082996022979
2.0100502512562817	0.014893125318114358
2.412060301507538	0.023503491525946097
2.814070351758794	0.02752155939760955
3.2160804020100504	0.026040958723941375
3.6180904522613067	0.018944332894955514
4.020100502512563	0.007658886481274017
4.42211055276382	0.007169651248256001
4.824120603015076	0.020488573815035577
5.226130653266332	0.03162862078017599
5.628140703517588	0.038205213818743464
6.030150753768845	0.03940080002023138
6.432160804020101	0.03525913816049735
6.834170854271357	0.027187766709449297
7.236180904522613	0.018119475933987068
7.63819095477387	0.014043281746244932
8.040201005025127	0.017824153904330044
8.442211055276383	0.021941011190882917
8.84422110552764	0.02191200732304975
9.246231155778895	0.016887833983987542
9.648241206030152	0.009735844132819181
10.050251256281408	0.013362195705022294
10.452261306532664	0.02659451650459177
10.85427135678392	0.03991091980255221
11.256281407035177	0.04996660555557543
11.658291457286433	0.05529277145807308
12.06030150753769	0.055974335726085477
12.462311557788945	0.052875715776839374
12.864321608040202	0.04865121031054969
13.266331658291458	0.04623707676606243
13.668341708542714	0.04746080481088141
14.07035175879397	0.05047825052995961
14.472361809045227	0.052746556134259034
14.874371859296483	0.05372726181398183
15.27638190954774	0.052226939613438786
15.678391959798995	0.049965724000425725
16.080402010050253	0.048059655213094084
16.48241206030151	0.049190918970977625
16.884422110552766	0.05584105972366641
17.286432160804022	0.06667757918438741
17.68844221105528	0.07783422560045082
18.090452261306535	0.0875809722758843
18.49246231155779	0.09268963067135612
18.894472361809047	0.09260544181111438
19.296482412060303	0.08650482548935108
19.69849246231156	0.07628818091807413
20.100502512562816	0.06644987554532047
20.502512562814072	0.06445939765369796
20.90452261306533	0.0723241990924108
21.306532663316585	0.08317686668497114
21.70854271356784	0.08913746108130827
22.110552763819097	0.08760268143414582
22.512562814070353	0.07956459386116321
22.91457286432161	0.06963902598196739
23.316582914572866	0.06515480958743275
23.718592964824122	0.06876839866193758
24.12060301507538	0.07513298941575769
24.522613065326635	0.07701635501521123
24.92462311557789	0.06955973656354127
25.326633165829147	0.05304695130583622
25.728643216080403	0.029952463774359728
26.13065326633166	0.009387479551827187
26.532663316582916	0.023288671325333674
26.934673366834172	0.040223966918229166
27.33668341708543	0.0497278815426634
27.738693467336685	0.048463197639968106
28.14070351758794	0.03680519645927659
28.542713567839197	0.017519681578849783
28.944723618090453	0.007386912709528068
29.34673366834171	0.032729619565086424
29.748743718592966	0.0547001562435084
30.150753768844222	0.07042436303469377
30.55276381909548	0.0785594396774417
30.954773869346734	0.0797308256636531
31.35678391959799	0.07640930700912502
31.758793969849247	0.07253666549874047
32.16080402010051	0.06929563843148079
32.56281407035176	0.06827575402243749
32.96482412060302	0.06738193107749844
33.366834170854275	0.06486641588248569
33.76884422110553	0.0600575419079469
34.17085427135679	0.05349182093947805
34.572864321608044	0.04916078395296265
34.9748743718593	0.050555661396622965
35.37688442211056	0.057166227697460534
35.77889447236181	0.06477945624812899
36.18090452261307	0.07003347159286614
36.582914572864325	0.07148922292702556
36.98492462311558	0.06868848303945471
37.38693467336684	0.06157143894655508
37.788944723618094	0.050700779246517017
38.19095477386935	0.03820159382732255
38.59296482412061	0.028191432025940016
38.99497487437186	0.027186460065304917
39.39698492462312	0.03291246082036018
39.798994974874375	0.03921570049716511
40.20100502512563	0.04198415064208696
40.60301507537689	0.0407370097775255
41.005025125628144	0.035750209346996534
41.4070351758794	0.029104249505566577
41.80904522613066	0.021874601324535888
42.21105527638191	0.015779850389478316
42.61306532663317	0.013709895194412883
43.015075376884425	0.017745846436273638
43.41708542713568	0.02720267656433159
43.81909547738694	0.04006208662348196
44.221105527638194	0.05378562207204694
44.62311557788945	0.06610272424804532
45.02512562814071	0.07427034755645191
45.42713567839196	0.07693646487080753
45.82914572864322	0.07407134457262683
46.231155778894475	0.06671973072023572
46.63316582914573	0.057002037856284625
47.03517587939699	0.04713535215587109
47.437185929648244	0.03911006806603047
47.8391959798995	0.03382529410501941
48.24120603015076	0.030334258785211548
48.64321608040201	0.028011205861098093
49.04522613065327	0.025935883823919502
49.447236180904525	0.023951357376561327
49.84924623115578	0.02176944944897855
50.25125628140704	0.01932827636872048
50.653266331658294	0.01602974676016012
51.05527638190955	0.013412375924606876
51.45728643216081	0.013665329480891697
51.85929648241206	0.018974759514925176
52.26130653266332	0.02870362314851052
52.663316582914575	0.04084654843927026
53.06532663316583	0.05337822654484745
53.46733668341709	0.06325992501355757
53.869346733668344	0.06872036713368816
54.2713567839196	0.06861820312871464
54.67336683417086	0.06393400583976884
55.07537688442211	0.055640278686741915
55.47738693467337	0.04553490046338666
55.879396984924625	0.03452838245448595
56.28140703517588	0.02365617104979488
56.68341708542714	0.013872517376872331
57.085427135678394	0.006390598071349946
57.48743718592965	0.0067659048789407384
57.88944723618091	0.011388067193972147
58.29145728643216	0.015723985097727444
58.69346733668342	0.019126255308381093
59.095477386934675	0.022835696368934698
59.49748743718593	0.027024514907556467
59.89949748743719	0.03170545698979641
60.301507537688444	0.036638419395982266
60.7035175879397	0.04113548576149246
61.10552763819096	0.04483090136063877
61.50753768844221	0.04705528435238747
61.90954773869347	0.04690604277524675
62.311557788944725	0.04458256907881375
62.71356783919598	0.040661829266287655
63.11557788944724	0.0358186440077851
63.517587939698494	0.030745044273882277
63.91959798994975	0.025538366234890676
64.32160804020101	0.019859898838252545
64.72361809045226	0.013802759241052117
65.12562814070353	0.0095079331043547
65.52763819095478	0.009501777463680191
65.92964824120604	0.013706902237402683
66.33165829145729	0.018316703381182978
66.73366834170855	0.02260672218523829
67.1356783919598	0.026377552595900328
67.53768844221106	0.029957034259733138
67.93969849246231	0.03356492710353706
68.34170854271358	0.03716948191422495
68.74371859296483	0.04032352116495221
69.14572864321609	0.04230087986228033
69.54773869346734	0.04189056070326921
69.9497487437186	0.039332643742290375
70.35175879396985	0.03494202563880478
70.75376884422111	0.029927118801938973
71.15577889447236	0.024875768121619415
71.55778894472363	0.021402850514018832
71.95979899497488	0.02013378634536512
72.36180904522614	0.020067394960686755
72.76381909547739	0.02047049074925733
73.16582914572865	0.02098713927848645
73.5678391959799	0.021822719535144974
73.96984924623116	0.022891773400907964
74.37185929648241	0.024991042547813862
74.77386934673368	0.028309069015006478
75.17587939698493	0.03235502083831246
75.57788944723619	0.03673849993555927
75.97989949748744	0.0405542386076818
76.3819095477387	0.04323848473159444
76.78391959798995	0.04383811175447387
77.18592964824121	0.04178972104119686
77.58793969849246	0.03706560541258726
77.98994974874373	0.030218859391183656
78.39195979899498	0.022759514502035574
78.79396984924624	0.015364587545449209
79.19597989949749	0.00894692467345214
79.59798994974875	0.00526367785924969
80.0	0.0073173070613451715
