0.0	0.0191074824723207
0.4020100502512563	0.016738399317411747
0.8040201005025126	0.011569465335508757
1.206030150753769	0.0056860118761771295
1.6080402010050252	0.0058844668925681866
2.0100502512562817	0.011587709185168854
2.412060301507538	0.015812775707561406
2.814070351758794	0.017312183582323767
3.2160804020100504	0.015651880050988366
3.6180904522613067	0.011075159073650222
4.020100502512563	0.0048424120290644
4.42211055276382	0.0038852118016784115
4.824120603015076	0.010335409271159815
5.226130653266332	0.015183797208851244
5.628140703517588	0.017290700567835198
6.030150753768845	0.01651423832395558
6.432160804020101	0.012579472912051462
6.834170854271357	0.007813111631179936
7.236180904522613	0.006980861516724715
7.63819095477387	0.01192499509776229
8.040201005025127	0.01696526328789725
8.442211055276383	0.019643037878647008
8.84422110552764	0.01930329089732898
9.246231155778895	0.016145864646179023
9.648241206030152	0.010550763731560218
10.050251256281408	0.0041858540137317745
10.452261306532664	0.004172056709423328
10.85427135678392	0.009262514614999811
11.256281407035177	0.012500740550045245
11.658291457286433	0.012739458266510314
12.06030150753769	0.01105142040488904
12.462311557788945	0.00952927385037115
12.864321608040202	0.012320105542564906
13.266331658291458	0.01878702661195185
13.668341708542714	0.025451543547332693
14.07035175879397	0.03063528537451283
14.472361809045227	0.03349582068243233
14.874371859296483	0.0334895533949026
15.27638190954774	0.0303680858625113
15.678391959798995	0.02528913715247779
16.080402010050253	0.019669436030761503
16.48241206030151	0.015088415259944313
16.884422110552766	0.013480849880240337
17.286432160804022	0.014658878447041163
17.68844221105528	0.016814436938642326
18.090452261306535	0.020174493303031848
18.49246231155779	0.02571452355992776
18.894472361809047	0.033381814355203286
19.296482412060303	0.04180445956728483
19.69849246231156	0.04932877763899724
20.100502512562816	0.05507845015172948
20.502512562814072	0.058430608478025406
20.90452261306533	0.05885295751421922
21.306532663316585	0.05689600553772488
21.70854271356784	0.053639082375434334
22.110552763819097	0.04989412111100198
22.512562814070353	0.04692606711495041
22.91457286432161	0.04574356759989083
23.316582914572866	0.046909101590559124
23.718592964824122	0.05053933499058731
24.12060301507538	0.05586139969855286
24.522613065326635	0.06275623889717226
24.92462311557789	0.06973648019811707
25.326633165829147	0.07567406934673801
25.728643216080403	0.07941373573105981
26.13065326633166	0.07994927684145045
26.532663316582916	0.07726401530594001
26.934673366834172	0.07189319942022179
27.33668341708543	0.064758513103866
27.738693467336685	0.05738123331901688
28.14070351758794	0.051846803818573026
28.542713567839197	0.04912791609810445
28.944723618090453	0.04913247116762782
29.34673366834171	0.051963725799516705
29.748743718592966	0.05633107039462516
30.150753768844222	0.061331964019926445
30.55276381909548	0.0661302693349372
30.954773869346734	0.06978405120481718
31.35678391959799	0.07230235105846257
31.758793969849247	0.07225771819670782
32.16080402010051	0.06977924388582954
32.56281407035176	0.0652751026580374
32.96482412060302	0.05896759776946305
33.366834170854275	0.051798314149669525
33.76884422110553	0.04543403237571717
34.17085427135679	0.040691401184966045
34.572864321608044	0.03831121241314712
34.9748743718593	0.038495229182178806
35.37688442211056	0.04066700852522447
35.77889447236181	0.044691381048024933
36.18090452261307	0.04963185163822315
36.582914572864325	0.05533789587107257
36.98492462311558	0.060613582506222716
37.38693467336684	0.06474836661202539
37.788944723618094	0.06711474529178699
38.19095477386935	0.06713574146567405
38.59296482412061	0.06507908150449034
38.99497487437186	0.06092500316614313
39.39698492462312	0.05561340871334156
39.798994974874375	0.05029141488369515
40.20100502512563	0.04599435539564538
40.60301507537689	0.04388176212330117
41.005025125628144	0.04410175801867702
41.4070351758794	0.046379050235048735
41.80904522613066	0.05001792555853163
42.21105527638191	0.05420938654607945
42.61306532663317	0.05828352491193482
43.015075376884425	0.06143533508214201
43.41708542713568	0.06319326881320439
43.81909547738694	0.06370154814704813
44.221105527638194	0.06297843712202231
44.62311557788945	0.0610181634919573
45.02512562814071	0.058242302354317696
45.42713567839196	0.05477876472732275
45.82914572864322	0.05165996696605907
46.231155778894475	0.04948065724626213
46.63316582914573	0.04836475064079711
47.03517587939699	0.048940238433258676
47.437185929648244	0.05046599569034973
47.8391959798995	0.0527100281994329
48.24120603015076	0.05526309106418431
48.64321608040201	0.05770650791745181
49.04522613065327	0.05980386348234552
49.447236180904525	0.06156453373293473
49.84924623115578	0.06251254520795958
50.25125628140704	0.06212284841162389
50.653266331658294	0.060189251337692304
51.05527638190955	0.05694340046777739
51.45728643216081	0.05288432040887966
51.85929648241206	0.04868341417802973
52.26130653266332	0.045791604743442904
52.663316582914575	0.04492084360485939
53.06532663316583	0.0460952456404693
53.46733668341709	0.048919415123117156
53.869346733668344	0.052560890813071595
54.2713567839196	0.05647912593084738
54.67336683417086	0.060366489223563115
55.07537688442211	0.06322711087743607
55.47738693467337	0.06468638166085608
55.879396984924625	0.06429452652700143
56.28140703517588	0.06151893348103217
56.68341708542714	0.05735494868038461
57.085427135678394	0.05259209056200583
57.48743718592965	0.04813591274203744
57.88944723618091	0.04546067673829095
58.29145728643216	0.04540324485406373
58.69346733668342	0.047695625745833865
59.095477386934675	0.05148019698080891
59.49748743718593	0.05580617500679834
59.89949748743719	0.06003342233780549
60.301507537688444	0.06338065083559886
60.7035175879397	0.06557935999817752
61.10552763819096	0.06599498921370281
61.50753768844221	0.06457607375115317
61.90954773869347	0.06145998695701514
62.311557788944725	0.05714768630418299
62.71356783919598	0.05258237562652388
63.11557788944724	0.048045279124951705
63.517587939698494	0.044942843818990635
63.91959798994975	0.0441108030309033
64.32160804020101	0.045697383081718536
64.72361809045226	0.048838924622578675
65.12562814070353	0.052557952102793536
65.52763819095478	0.05622952030175067
65.92964824120604	0.05887808726663792
66.33165829145729	0.06023706899993916
66.73366834170855	0.06066056014491652
67.1356783919598	0.06005063371615736
67.53768844221106	0.058695493870352625
67.93969849246231	0.0564431448689595
68.34170854271358	0.053330529847644734
68.74371859296483	0.05004690877084898
69.14572864321609	0.047015325911703404
69.54773869346734	0.044774799662266274
69.9497487437186	0.04457052814237113
70.35175879396985	0.04649555824225607
70.75376884422111	0.0497645267966665
71.15577889447236	0.0538230285924687
71.55778894472363	0.05730490611175397
71.95979899497488	0.05994672229186878
72.36180904522614	0.06111052995748169
72.76381909547739	0.06090608902821011
73.16582914572865	0.05951069137691154
73.5678391959799	0.05704179069692772
73.96984924623116	0.053955642105378045
74.37185929648241	0.05034284431553791
74.77386934673368	0.04740665191412229
75.17587939698493	0.04517410212250132
75.57788944723619	0.044716216407107066
75.97989949748744	0.045881195709884325
76.3819095477387	0.04852856043173025
76.78391959798995	0.05214428791426262
77.18592964824121	0.05579249454689256
77.58793969849246	0.05893518737226363
77.98994974874373	0.060598497789676985
78.39195979899498	0.060820659780567256
78.79396984924624	0.0596297920489135
79.19597989949749	0.057260564388802934
79.59798994974875	0.05436832580425076
80.0	0.05149833525858236
