0.0	0.011496342436956313
0.4020100502512563	0.010750539484400806
0.8040201005025126	0.008567337791424032
1.206030150753769	0.005905122434530987
1.6080402010050252	0.004568424997482578
2.0100502512562817	0.006153669600410553
2.412060301507538	0.008211314409915073
2.814070351758794	0.009094818717839483
3.2160804020100504	0.008304067564354705
3.6180904522613067	0.005981237357066142
4.020100502512563	0.00288725773946187
4.42211055276382	0.003097702724989292
4.824120603015076	0.006959703318345606
5.226130653266332	0.010286578266378668
5.628140703517588	0.012336525347643111
6.030150753768845	0.012604850984120425
6.432160804020101	0.011404712915336712
6.834170854271357	0.009588029054083505
7.236180904522613	0.007949339201427931
7.63819095477387	0.007651465751341976
8.040201005025127	0.008372327628031088
8.442211055276383	0.00856747508772583
8.84422110552764	0.0074145578125058035
9.246231155778895	0.0047933583149550665
9.648241206030152	0.0021450774288790005
10.050251256281408	0.005520941752198546
10.452261306532664	0.010508767421298065
10.85427135678392	0.015147453444573614
11.256281407035177	0.018674338487847903
11.658291457286433	0.020850071818418105
12.06030150753769	0.021731161354645534
12.462311557788945	0.021287488966372385
12.864321608040202	0.01988877193597557
13.266331658291458	0.017740627150862876
13.668341708542714	0.015437770200450382
14.07035175879397	0.013106704028034924
14.472361809045227	0.011412186704998665
14.874371859296483	0.010176214529157169
15.27638190954774	0.009766804670901049
15.678391959798995	0.010524411272579037
16.080402010050253	0.012290421812919517
16.48241206030151	0.0151478470447402
16.884422110552766	0.019086691064820888
17.286432160804022	0.023486680590799166
17.68844221105528	0.027723019278405446
18.090452261306535	0.031145258305110134
18.49246231155779	0.03342075569213416
18.894472361809047	0.034199485774288385
19.296482412060303	0.03364845776169949
19.69849246231156	0.03221925024213232
20.100502512562816	0.030378761934609717
20.502512562814072	0.02881537370853201
20.90452261306533	0.02771110782913875
21.306532663316585	0.027764217158406372
21.70854271356784	0.028848172016418705
22.110552763819097	0.030741483425410027
22.512562814070353	0.033301710799056125
22.91457286432161	0.036420156422988084
23.316582914572866	0.03962349164652995
23.718592964824122	0.04267448989094971
24.12060301507538	0.04489859987996044
24.522613065326635	0.04624232700625296
24.92462311557789	0.04676148951432792
25.326633165829147	0.04654338370899437
25.728643216080403	0.045707499297268375
26.13065326633166	0.04502377237420481
26.532663316582916	0.04458093358885146
26.934673366834172	0.04503164868823144
27.33668341708543	0.04616065826362775
27.738693467336685	0.048357343295143226
28.14070351758794	0.05192164380591896
28.542713567839197	0.056649702138826696
28.944723618090453	0.06175104073279738
29.34673366834171	0.06651411691324761
29.748743718592966	0.06970166775134344
30.150753768844222	0.07077787737109129
30.55276381909548	0.06964866316505708
30.954773869346734	0.0663073662840871
31.35678391959799	0.06139085206239346
31.758793969849247	0.05579303218676027
32.16080402010051	0.05087403983140768
32.56281407035176	0.047155586971956674
32.96482412060302	0.04550785619110485
33.366834170854275	0.04617946795397351
33.76884422110553	0.04905830672290219
34.17085427135679	0.05347045464578169
34.572864321608044	0.05854047523982846
34.9748743718593	0.06359624330570832
35.37688442211056	0.06719593685579348
35.77889447236181	0.06867596034305304
36.18090452261307	0.0677394696391598
36.582914572864325	0.06438674569999656
36.98492462311558	0.05958852351394367
37.38693467336684	0.05424906179508393
37.788944723618094	0.04908131023832779
38.19095477386935	0.04524907859422509
38.59296482412061	0.0432489575281039
38.99497487437186	0.04341250315018072
39.39698492462312	0.04515971730481711
39.798994974874375	0.04823352325373989
40.20100502512563	0.05198188991994386
40.60301507537689	0.05589191116433208
41.005025125628144	0.059112912833817054
41.4070351758794	0.061058983172999404
41.80904522613066	0.06153066736143261
42.21105527638191	0.060174140577854716
42.61306532663317	0.05733277664498617
43.015075376884425	0.05343814530565827
43.41708542713568	0.04893308219793359
43.81909547738694	0.0452006145049383
44.221105527638194	0.04242182731306619
44.62311557788945	0.04102490476823188
45.02512562814071	0.04154126613107104
45.42713567839196	0.044017454650484775
45.82914572864322	0.04781713907097758
46.231155778894475	0.052669006538320205
46.63316582914573	0.05746027895354441
47.03517587939699	0.06128893427095483
47.437185929648244	0.06356135343341555
47.8391959798995	0.06384364746701525
48.24120603015076	0.06210564826785755
48.64321608040201	0.05862593589804349
49.04522613065327	0.05419263007273546
49.447236180904525	0.04950235307262305
49.84924623115578	0.04551305340052953
50.25125628140704	0.04311112270943693
50.653266331658294	0.04255748515272663
51.05527638190955	0.04383531267155943
51.45728643216081	0.04669854371377018
51.85929648241206	0.050551146986565654
52.26130653266332	0.05484329703295413
52.663316582914575	0.05888851186026715
53.06532663316583	0.06183909741365552
53.46733668341709	0.06299384809276606
53.869346733668344	0.06225123300437748
54.2713567839196	0.059550691989709435
54.67336683417086	0.05539374155016259
55.07537688442211	0.05061728543581726
55.47738693467337	0.046328822628407915
55.879396984924625	0.042979026181832615
56.28140703517588	0.04158439573781765
56.68341708542714	0.04201992764061216
57.085427135678394	0.04399710703259556
57.48743718592965	0.04730653413793278
57.88944723618091	0.05132347897267141
58.29145728643216	0.05545180851487362
58.69346733668342	0.05905609509519374
59.095477386934675	0.06143033920110236
59.49748743718593	0.0620945343668697
59.89949748743719	0.06116428574470632
60.301507537688444	0.05841189958890165
60.7035175879397	0.05442076898917349
61.10552763819096	0.050201012687992395
61.50753768844221	0.046408752524218395
61.90954773869347	0.043872449591681684
62.311557788944725	0.04307823806216943
62.71356783919598	0.04416905193281691
63.11557788944724	0.04661752109363679
63.517587939698494	0.05029787700359319
63.91959798994975	0.05431519520959287
64.32160804020101	0.05828211614024733
64.72361809045226	0.06142257403160774
65.12562814070353	0.06321409195062337
65.52763819095478	0.06326012638708421
65.92964824120604	0.06140716412979964
66.33165829145729	0.05794790659744622
66.73366834170855	0.05367796969744727
67.1356783919598	0.049381301125955374
67.53768844221106	0.04605697755995694
67.93969849246231	0.04462013432701035
68.34170854271358	0.0450746975669818
68.74371859296483	0.04727068033301516
69.14572864321609	0.05052971480718742
69.54773869346734	0.05444482458834484
69.9497487437186	0.05817021497137592
70.35175879396985	0.061526424581155204
70.75376884422111	0.06387445142945655
71.15577889447236	0.0649117521826267
71.55778894472363	0.06454757044996452
71.95979899497488	0.06252303208774054
72.36180904522614	0.05934357333350726
72.76381909547739	0.055741114021860695
73.16582914572865	0.052138834921504285
73.5678391959799	0.04950889494995463
73.96984924623116	0.04836114679731742
74.37185929648241	0.048799430162356244
74.77386934673368	0.050645432594414785
75.17587939698493	0.053336061385048164
75.57788944723619	0.05649419224995648
75.97989949748744	0.059478826573459834
76.3819095477387	0.06208984249098239
76.78391959798995	0.06391225950042072
77.18592964824121	0.06433269770452928
77.58793969849246	0.06329770527644282
77.98994974874373	0.06076531081397439
78.39195979899498	0.05723295982754657
78.79396984924624	0.05305276193358318
79.19597989949749	0.04949526413539996
79.59798994974875	0.046986334122139276
80.0	0.04641454362293651
