0.0	0.011303737504981573
0.4020100502512563	0.009038079894861316
0.8040201005025126	0.005452678370377184
1.206030150753769	0.000924772673710833
1.6080402010050252	0.003477925754037574
2.0100502512562817	0.00719126969092942
2.412060301507538	0.009305244482985512
2.814070351758794	0.009704027035952908
3.2160804020100504	0.008095923674221132
3.6180904522613067	0.004742352027196296
4.020100502512563	0.0008276587812703261
4.42211055276382	0.0037322335562789896
4.824120603015076	0.007504493763774214
5.226130653266332	0.009814295892974983
5.628140703517588	0.010467204413252749
6.030150753768845	0.009056643783041649
6.432160804020101	0.006067877242497373
6.834170854271357	0.0020676443952881932
7.236180904522613	0.002463408483225152
7.63819095477387	0.006424367203962252
8.040201005025127	0.009122720641729691
8.442211055276383	0.010314105198880092
8.84422110552764	0.009480781273807935
9.246231155778895	0.006879724144812112
9.648241206030152	0.003046556548221546
10.050251256281408	0.0014199027836017683
10.452261306532664	0.005666583872979402
10.85427135678392	0.008967212454004796
11.256281407035177	0.010723746457501213
11.658291457286433	0.01072638398580624
12.06030150753769	0.008977427519035703
12.462311557788945	0.006410277965883246
12.864321608040202	0.004519897179794616
13.266331658291458	0.0057280935219408274
13.668341708542714	0.008242484454300533
14.07035175879397	0.01030650513801967
14.472361809045227	0.011671007709442967
14.874371859296483	0.012764450851792217
15.27638190954774	0.013985819064843311
15.678391959798995	0.0160186523579159
16.080402010050253	0.01797488839910979
16.48241206030151	0.01922088033912809
16.884422110552766	0.018993115874692042
17.286432160804022	0.016835835784754442
17.68844221105528	0.012839689236089488
18.090452261306535	0.007946795919128214
18.49246231155779	0.004248944811263446
18.894472361809047	0.005767285199364003
19.296482412060303	0.00952457176537878
19.69849246231156	0.012381896585606131
20.100502512562816	0.014026679514236274
20.502512562814072	0.015334585386862101
20.90452261306533	0.017508104743989984
21.306532663316585	0.020622972329947642
21.70854271356784	0.02379719242685297
22.110552763819097	0.02621097990946708
22.512562814070353	0.026547355427207514
22.91457286432161	0.02452245733141835
23.316582914572866	0.020554370021825315
23.718592964824122	0.015599825210178503
24.12060301507538	0.01260333095388184
24.522613065326635	0.013989711990893433
24.92462311557789	0.018331289207065015
25.326633165829147	0.022602878364358252
25.728643216080403	0.025619724206876353
26.13065326633166	0.02729706044555969
26.532663316582916	0.02809699402613853
26.934673366834172	0.028551029912321273
27.33668341708543	0.0289940911365147
27.738693467336685	0.028751206729365243
28.14070351758794	0.027567204228020486
28.542713567839197	0.025211550712476254
28.944723618090453	0.02181240868586883
29.34673366834171	0.019221906077519342
29.748743718592966	0.019945956081330284
30.150753768844222	0.024128496800497286
30.55276381909548	0.02985907203084425
30.954773869346734	0.03488650527175353
31.35678391959799	0.03802742503449277
31.758793969849247	0.038978619589612074
32.16080402010051	0.038716782256120214
32.56281407035176	0.03856309631094
32.96482412060302	0.03914176925891252
33.366834170854275	0.040394101885113096
33.76884422110553	0.04118537975039163
34.17085427135679	0.040921994100135736
34.572864321608044	0.039432086463573275
34.9748743718593	0.03802654635323664
35.37688442211056	0.03840842377070618
35.77889447236181	0.04143350201668165
36.18090452261307	0.04639410898433249
36.582914572864325	0.05179470287571338
36.98492462311558	0.0559915589517509
37.38693467336684	0.058765383899034095
37.788944723618094	0.06048218143490376
38.19095477386935	0.061565133092792615
38.59296482412061	0.06266326273684292
38.99497487437186	0.06363224302023744
39.39698492462312	0.06395094487908062
39.798994974874375	0.06321643830351785
40.20100502512563	0.06196251540017199
40.60301507537689	0.060268147541068275
41.005025125628144	0.05879117916112152
41.4070351758794	0.05834968008037859
41.80904522613066	0.05865677428178192
42.21105527638191	0.05940766404933414
42.61306532663317	0.06009265520848508
43.015075376884425	0.05998547913572155
43.41708542713568	0.05927409127045606
43.81909547738694	0.058453889251605454
44.221105527638194	0.058447877988983564
44.62311557788945	0.06023523248299776
45.02512562814071	0.06301782096869031
45.42713567839196	0.06577110959112267
45.82914572864322	0.06701468687912729
46.231155778894475	0.06585703476826948
46.63316582914573	0.062313240822924276
47.03517587939699	0.057099039096110284
47.437185929648244	0.05214194285106362
47.8391959798995	0.04814892615214138
48.24120603015076	0.04600968329202622
48.64321608040201	0.045132967473174475
49.04522613065327	0.04502726464009544
49.447236180904525	0.045394340596564615
49.84924623115578	0.047048884300878765
50.25125628140704	0.04971383940547985
50.653266331658294	0.05302124177842119
51.05527638190955	0.055502472218084443
51.45728643216081	0.05608172968203692
51.85929648241206	0.05447816661163525
52.26130653266332	0.05084069639176222
52.663316582914575	0.04617023264527503
53.06532663316583	0.04207778918264433
53.46733668341709	0.040061251265293335
53.869346733668344	0.040734394247163005
54.2713567839196	0.04340640854570148
54.67336683417086	0.04710213553422238
55.07537688442211	0.05090729913441818
55.47738693467337	0.05410156100297707
55.879396984924625	0.0559521692120004
56.28140703517588	0.056453503750100664
56.68341708542714	0.05508283204512926
57.085427135678394	0.05207961192308789
57.48743718592965	0.04803765985812474
57.88944723618091	0.04359511402365721
58.29145728643216	0.03960746481042993
58.69346733668342	0.037425568266375026
59.095477386934675	0.03794734595200868
59.49748743718593	0.041551880438096836
59.89949748743719	0.047143640093239604
60.301507537688444	0.05309672589806318
60.7035175879397	0.05780403559685908
61.10552763819096	0.060114740860187664
61.50753768844221	0.05950800024830981
61.90954773869347	0.05630246859528559
62.311557788944725	0.05119277109439655
62.71356783919598	0.04568649087639776
63.11557788944724	0.04089815822699634
63.517587939698494	0.03775221286686435
63.91959798994975	0.03615172266367418
64.32160804020101	0.036079927184576484
64.72361809045226	0.037793623574913435
65.12562814070353	0.04201125591799743
65.52763819095478	0.04790196203611228
65.92964824120604	0.05420797163666968
66.33165829145729	0.05906864929975027
66.73366834170855	0.06123483997867657
67.1356783919598	0.060413378224245216
67.53768844221106	0.056906236542910785
67.93969849246231	0.05176174487704779
68.34170854271358	0.04648846079799456
68.74371859296483	0.042712571711996314
69.14572864321609	0.041039810567487504
69.54773869346734	0.04114351341679152
69.9497487437186	0.04231964864529223
70.35175879396985	0.0440581008780208
70.75376884422111	0.04662929019618578
71.15577889447236	0.04968628627152734
71.55778894472363	0.05300111146305915
71.95979899497488	0.05613031674404958
72.36180904522614	0.05802480364554565
72.76381909547739	0.058295305643287776
73.16582914572865	0.05676023754743671
73.5678391959799	0.05367533659247128
73.96984924623116	0.05032066116160718
74.37185929648241	0.04768461180052075
74.77386934673368	0.04671787787275622
75.17587939698493	0.04682710980738521
75.57788944723619	0.04734007810436614
75.97989949748744	0.04762338486384878
76.3819095477387	0.047515396947457
76.78391959798995	0.047490016234153345
77.18592964824121	0.04851464523761649
77.58793969849246	0.05058660459560153
77.98994974874373	0.05297792188785905
78.39195979899498	0.05445636208752652
78.79396984924624	0.05461430279516405
79.19597989949749	0.053445732755709595
79.59798994974875	0.05145419846203949
80.0	0.049812497739153444
