0.0	0.01634625027879322
0.4020100502512563	0.015574535689452492
0.8040201005025126	0.012806098246428787
1.206030150753769	0.009187682437956814
1.6080402010050252	0.006771161300388172
2.0100502512562817	0.007968510747990197
2.412060301507538	0.010413881985778601
2.814070351758794	0.011632789743821467
3.2160804020100504	0.01085518769762034
3.6180904522613067	0.007824348794879202
4.020100502512563	0.0035332329850055965
4.42211055276382	0.004118723368447146
4.824120603015076	0.009526789844399659
5.226130653266332	0.014344542151303239
5.628140703517588	0.017432293717567646
6.030150753768845	0.0183393754926093
6.432160804020101	0.01729368235745381
6.834170854271357	0.014857797224169605
7.236180904522613	0.01260234163604459
7.63819095477387	0.011636189671599177
8.040201005025127	0.011902566639274456
8.442211055276383	0.012179056681176708
8.84422110552764	0.011261928854439685
9.246231155778895	0.00870839128355489
9.648241206030152	0.006037390705679337
10.050251256281408	0.0077836110313691375
10.452261306532664	0.013109070329930205
10.85427135678392	0.01872174929545329
11.256281407035177	0.02319937974789575
11.658291457286433	0.025770829790583216
12.06030150753769	0.02679861586460473
12.462311557788945	0.02643850369757163
12.864321608040202	0.025462544981508278
13.266331658291458	0.024614069053386832
13.668341708542714	0.024426391658563546
14.07035175879397	0.024637090858087046
14.472361809045227	0.024339308935498426
14.874371859296483	0.023246545704800815
15.27638190954774	0.021378581073555874
15.678391959798995	0.019642361286210306
16.080402010050253	0.019889886036851538
16.48241206030151	0.022776974545514986
16.884422110552766	0.026846858246592692
17.286432160804022	0.03105480656011808
17.68844221105528	0.03420477140614075
18.090452261306535	0.03541343084367683
18.49246231155779	0.03568873587116692
18.894472361809047	0.03570311694099386
19.296482412060303	0.03647905163002632
19.69849246231156	0.038252445079766356
20.100502512562816	0.040474667948457874
20.502512562814072	0.04209576212289587
20.90452261306533	0.04249819136097477
21.306532663316585	0.04130141845336052
21.70854271356784	0.039550202584462485
22.110552763819097	0.037949504962495564
22.512562814070353	0.03718868175951927
22.91457286432161	0.0375229479124464
23.316582914572866	0.03823076268020649
23.718592964824122	0.039256926542525834
24.12060301507538	0.040626194318406694
24.522613065326635	0.0428239951473666
24.92462311557789	0.046465401529459195
25.326633165829147	0.05139951208555199
25.728643216080403	0.05696621349942158
26.13065326633166	0.061925037086271714
26.532663316582916	0.06552064338884875
26.934673366834172	0.06696095927512608
27.33668341708543	0.06650744945888157
27.738693467336685	0.06415114934751785
28.14070351758794	0.06106729266742374
28.542713567839197	0.05748299255183842
28.944723618090453	0.054360931466131225
29.34673366834171	0.051692035195904304
29.748743718592966	0.049731496486494206
30.150753768844222	0.04820380360109315
30.55276381909548	0.0475371152244736
30.954773869346734	0.04817437613964596
31.35678391959799	0.050440765594572376
31.758793969849247	0.05464461868688168
32.16080402010051	0.05997487497729677
32.56281407035176	0.06496042514638131
32.96482412060302	0.06826110279476254
33.366834170854275	0.06919880683282346
33.76884422110553	0.06712586551227219
34.17085427135679	0.06287404303917732
34.572864321608044	0.05685957766742944
34.9748743718593	0.050518355754922785
35.37688442211056	0.04447717679071641
35.77889447236181	0.039645438867688364
36.18090452261307	0.036520219313011075
36.582914572864325	0.03580715915121658
36.98492462311558	0.03775146925239615
37.38693467336684	0.04229502235751056
37.788944723618094	0.04845410172226735
38.19095477386935	0.054585799277255674
38.59296482412061	0.05939160469230849
38.99497487437186	0.061911581491756386
39.39698492462312	0.061638017778764986
39.798994974874375	0.05883763623372755
40.20100502512563	0.053926839493730894
40.60301507537689	0.04834093042170774
41.005025125628144	0.04310964644200139
41.4070351758794	0.0392985409742671
41.80904522613066	0.03729133797482641
42.21105527638191	0.037226416831418245
42.61306532663317	0.03916052040804902
43.015075376884425	0.0429604557637681
43.41708542713568	0.04799120344197529
43.81909547738694	0.05350012139753331
44.221105527638194	0.05840070453436491
44.62311557788945	0.06155701065021424
45.02512562814071	0.062352485814694866
45.42713567839196	0.06071496625792161
45.82914572864322	0.056989180919957874
46.231155778894475	0.052553217255061055
46.63316582914573	0.048060420504610055
47.03517587939699	0.04504634776028604
47.437185929648244	0.04349610725191109
47.8391959798995	0.043540076927911
48.24120603015076	0.045065877590999795
48.64321608040201	0.0480644046226111
49.04522613065327	0.05188137343703042
49.447236180904525	0.05598854040214603
49.84924623115578	0.060012167706739984
50.25125628140704	0.06276506136176005
50.653266331658294	0.06383620150997524
51.05527638190955	0.06316083780118484
51.45728643216081	0.06081048755726014
51.85929648241206	0.05737583917759385
52.26130653266332	0.053451712882263934
52.663316582914575	0.04999174034869018
53.06532663316583	0.04750278284284089
53.46733668341709	0.04610829778082738
53.869346733668344	0.04561285359066218
54.2713567839196	0.046083391647419855
54.67336683417086	0.047405453704142994
55.07537688442211	0.049596060427606094
55.47738693467337	0.052488491448843634
55.879396984924625	0.0556910033550362
56.28140703517588	0.058477930117852205
56.68341708542714	0.06017712536974418
57.085427135678394	0.06029100542678606
57.48743718592965	0.05905728251137662
57.88944723618091	0.05670206783547901
58.29145728643216	0.05422166649777459
58.69346733668342	0.0513903034567272
59.095477386934675	0.04895964711490212
59.49748743718593	0.047096611368873526
59.89949748743719	0.04563313987164814
60.301507537688444	0.045638508075363175
60.7035175879397	0.04705967218439949
61.10552763819096	0.05013957855518926
61.50753768844221	0.05410775289646369
61.90954773869347	0.05801382036728263
62.311557788944725	0.061134184126214686
62.71356783919598	0.06265181967879699
63.11557788944724	0.06235592054388733
63.517587939698494	0.06009262019002588
63.91959798994975	0.05672016382589834
64.32160804020101	0.052980440475473775
64.72361809045226	0.0492963020711106
65.12562814070353	0.04672065129963997
65.52763819095478	0.04506533795245298
65.92964824120604	0.04499812561087375
66.33165829145729	0.046747983761766386
66.73366834170855	0.049868966727836306
67.1356783919598	0.05402237782498191
67.53768844221106	0.05810067892597163
67.93969849246231	0.061528767335151
68.34170854271358	0.06349450579576514
68.74371859296483	0.06356633041891906
69.14572864321609	0.062131684859737565
69.54773869346734	0.05931826312299916
69.9497487437186	0.05582852430626768
70.35175879396985	0.052224104560504414
70.75376884422111	0.049492166521511866
71.15577889447236	0.047737189220051955
71.55778894472363	0.04733118088453063
71.95979899497488	0.04820285762118953
72.36180904522614	0.0505353198177038
72.76381909547739	0.05361180845847237
73.16582914572865	0.057405561633147265
73.5678391959799	0.060635417713542486
73.96984924623116	0.06298554491936044
74.37185929648241	0.06365437374967269
74.77386934673368	0.06242638488577801
75.17587939698493	0.05955161700545099
75.57788944723619	0.0556220218489227
75.97989949748744	0.051432926949251015
76.3819095477387	0.047767326765931616
76.78391959798995	0.04534175898255278
77.18592964824121	0.044614827054901954
77.58793969849246	0.04538605725546323
77.98994974874373	0.04754209519928985
78.39195979899498	0.05079416751326823
78.79396984924624	0.05424904950675313
79.19597989949749	0.05793447362224845
79.59798994974875	0.06092542067703843
80.0	0.06273510252451406
