0.0	0.02279355575933015
0.4020100502512563	0.021167383699086422
0.8040201005025126	0.01644802293828931
1.206030150753769	0.00896009507715743
1.6080402010050252	0.0006399248016146688
2.0100502512562817	0.007520422127738796
2.412060301507538	0.013505334818920592
2.814070351758794	0.016479157983158764
3.2160804020100504	0.015689271972132376
3.6180904522613067	0.011399831518503186
4.020100502512563	0.004598643406310149
4.42211055276382	0.00506849650667559
4.824120603015076	0.013241358032444337
5.226130653266332	0.020045888768851102
5.628140703517588	0.023931842153759892
6.030150753768845	0.02440158531586049
6.432160804020101	0.02108531246367056
6.834170854271357	0.014927586685237993
7.236180904522613	0.007028448567476088
7.63819095477387	0.0009711264349627265
8.040201005025127	0.007564820506806713
8.442211055276383	0.011446466471042662
8.84422110552764	0.011719063181242379
9.246231155778895	0.008357658694362995
9.648241206030152	0.0036264397132048515
10.050251256281408	0.008417591934222729
10.452261306532664	0.017628939985712907
10.85427135678392	0.025828388316328905
11.256281407035177	0.031794530080711876
11.658291457286433	0.03438785231285149
12.06030150753769	0.032992421804027006
12.462311557788945	0.028436052318079864
12.864321608040202	0.02165920196090555
13.266331658291458	0.014292831975055011
13.668341708542714	0.008838128489762974
14.07035175879397	0.0073469485981570255
14.472361809045227	0.008404669524800424
14.874371859296483	0.010104954592299585
15.27638190954774	0.01348001439841243
15.678391959798995	0.01921952301230483
16.080402010050253	0.025906541538165823
16.48241206030151	0.03160398139074794
16.884422110552766	0.0352370042480762
17.286432160804022	0.03586968979083193
17.68844221105528	0.03367097024803901
18.090452261306535	0.029149105295231282
18.49246231155779	0.023193507559703862
18.894472361809047	0.01752238230884188
19.296482412060303	0.013731872273130738
19.69849246231156	0.013469129532036859
20.100502512562816	0.015767504384836872
20.502512562814072	0.01914559635138837
20.90452261306533	0.022923885531517942
21.306532663316585	0.026692433196974834
21.70854271356784	0.030031367453728048
22.110552763819097	0.03292750657116364
22.512562814070353	0.03478038026408784
22.91457286432161	0.03486405057943059
23.316582914572866	0.033169557463509185
23.718592964824122	0.030066772088576443
24.12060301507538	0.025656939439982825
24.522613065326635	0.02190002587020337
24.92462311557789	0.02029354779680371
25.326633165829147	0.02145634499898368
25.728643216080403	0.024134091132271118
26.13065326633166	0.026777785157191397
26.532663316582916	0.028752339723627257
26.934673366834172	0.030033354924746264
27.33668341708543	0.030734536004620026
27.738693467336685	0.031200113691331875
28.14070351758794	0.031356551621273446
28.542713567839197	0.031395566175469056
28.944723618090453	0.030821266677112446
29.34673366834171	0.02967546673873541
29.748743718592966	0.028468223384236428
30.150753768844222	0.02781820273461757
30.55276381909548	0.028945826386547253
30.954773869346734	0.032486070404571805
31.35678391959799	0.03749279809912733
31.758793969849247	0.043007873474065934
32.16080402010051	0.04770465675593623
32.56281407035176	0.050922157469085974
32.96482412060302	0.052293616225004745
33.366834170854275	0.052070422801899906
33.76884422110553	0.0504196907616112
34.17085427135679	0.048484189033364114
34.572864321608044	0.04648798737403102
34.9748743718593	0.045331932669507705
35.37688442211056	0.04502026561367271
35.77889447236181	0.04619232935553835
36.18090452261307	0.049679789109678005
36.582914572864325	0.05541865568754088
36.98492462311558	0.062422032172970654
37.38693467336684	0.06945891060431472
37.788944723618094	0.0743878927923565
38.19095477386935	0.076365197416092
38.59296482412061	0.07495081476066265
38.99497487437186	0.0701768738505652
39.39698492462312	0.06268793622536695
39.798994974874375	0.05409676934651024
40.20100502512563	0.04585244982832451
40.60301507537689	0.03989685749121692
41.005025125628144	0.037972687771925556
41.4070351758794	0.04034968220845443
41.80904522613066	0.04660502431955459
42.21105527638191	0.05586729826916446
42.61306532663317	0.06681319058923692
43.015075376884425	0.07654014986183204
43.41708542713568	0.08323715083623226
43.81909547738694	0.08495929580523758
44.221105527638194	0.08123604976992388
44.62311557788945	0.07242606706942878
45.02512562814071	0.05994043613230422
45.42713567839196	0.046531027790357386
45.82914572864322	0.03382456102228678
46.231155778894475	0.02471615349208129
46.63316582914573	0.020678962827483254
47.03517587939699	0.02228733590660385
47.437185929648244	0.028430370179490738
47.8391959798995	0.03761173102422728
48.24120603015076	0.04832333967855256
48.64321608040201	0.058548556595074755
49.04522613065327	0.0663786341274316
49.447236180904525	0.07031247487991123
49.84924623115578	0.0699791839380701
50.25125628140704	0.06541370946699171
50.653266331658294	0.05748285422308269
51.05527638190955	0.04780803881864926
51.45728643216081	0.037888153734828525
51.85929648241206	0.029420353630699704
52.26130653266332	0.02361100357350031
52.663316582914575	0.02088572203844452
53.06532663316583	0.021851315622426214
53.46733668341709	0.026589136929682716
53.869346733668344	0.03441016602876273
54.2713567839196	0.04377881202534947
54.67336683417086	0.052875973704898924
55.07537688442211	0.06062388639451902
55.47738693467337	0.06563673965460036
55.879396984924625	0.06719506831102666
56.28140703517588	0.06567910954655223
56.68341708542714	0.06094770278263999
57.085427135678394	0.05426216270047688
57.48743718592965	0.0466582817481766
57.88944723618091	0.03979556372411308
58.29145728643216	0.03439032527434867
58.69346733668342	0.03096171507879465
59.095477386934675	0.030587507495922338
59.49748743718593	0.0338622591344804
59.89949748743719	0.04084132081495121
60.301507537688444	0.049936191373893
60.7035175879397	0.05921345455168274
61.10552763819096	0.06628582446678137
61.50753768844221	0.07006684147524694
61.90954773869347	0.06968067571930056
62.311557788944725	0.06513170023994681
62.71356783919598	0.05792326892162898
63.11557788944724	0.049866319724283584
63.517587939698494	0.04297264790296383
63.91959798994975	0.03858013383418839
64.32160804020101	0.03646039401948746
64.72361809045226	0.035572253468999435
65.12562814070353	0.036107438752290055
65.52763819095478	0.039298193728955794
65.92964824120604	0.04534441051418339
66.33165829145729	0.052854809243627364
66.73366834170855	0.05990962237101566
67.1356783919598	0.06478641151461957
67.53768844221106	0.06607202988366205
67.93969849246231	0.06368565633469361
68.34170854271358	0.05862152816061874
68.74371859296483	0.05263740964044807
69.14572864321609	0.048145322698064694
69.54773869346734	0.04625758956845883
69.9497487437186	0.04650657315494574
70.35175879396985	0.04732858686620011
70.75376884422111	0.04738039424920222
71.15577889447236	0.04710871491037215
71.55778894472363	0.047757946223483394
71.95979899497488	0.04950473032395243
72.36180904522614	0.05260909858111799
72.76381909547739	0.05531895401336888
73.16582914572865	0.056774594732590264
73.5678391959799	0.05600325080297528
73.96984924623116	0.05346308476976762
74.37185929648241	0.050367593046034685
74.77386934673368	0.04832296221227357
75.17587939698493	0.048736243085078165
75.57788944723619	0.05089113629475438
75.97989949748744	0.05344931806997283
76.3819095477387	0.05442777109682956
76.78391959798995	0.05335495400644019
77.18592964824121	0.050714193973743014
77.58793969849246	0.04722942106185064
77.98994974874373	0.04509603549849334
78.39195979899498	0.04578128315870052
78.79396984924624	0.04826370510819576
79.19597989949749	0.051042739520727666
79.59798994974875	0.05302986428423475
80.0	0.054096076191567144
