0.0	0.0310603986446627
0.4020100502512563	0.02732651060349022
0.8040201005025126	0.01949447267381011
1.206030150753769	0.009387422003820645
1.6080402010050252	0.007445763645449249
2.0100502512562817	0.01670810235764228
2.412060301507538	0.023802510642572768
2.814070351758794	0.026478069830328577
3.2160804020100504	0.02400699024676954
3.6180904522613067	0.0167113369373219
4.020100502512563	0.006357583985314448
4.42211055276382	0.006230268827185278
4.824120603015076	0.017326338945954752
5.226130653266332	0.02580408599017851
5.628140703517588	0.029480752877928045
6.030150753768845	0.02850456078023881
6.432160804020101	0.02291986506602714
6.834170854271357	0.014637392560172888
7.236180904522613	0.01001413736204466
7.63819095477387	0.01582744403714382
8.040201005025127	0.02326752101655171
8.442211055276383	0.027455720684577828
8.84422110552764	0.02664517331930662
9.246231155778895	0.02117948632298236
9.648241206030152	0.01165554154041442
10.050251256281408	0.0035054869710514852
10.452261306532664	0.013174685959230497
10.85427135678392	0.02339165473479802
11.256281407035177	0.02997423695735586
11.658291457286433	0.03205451675676512
12.06030150753769	0.029823244282169113
12.462311557788945	0.024791835671924858
12.864321608040202	0.020722538869127227
13.266331658291458	0.021820919794052977
13.668341708542714	0.026710947345103105
14.07035175879397	0.031011883844960137
14.472361809045227	0.03215091969663943
14.874371859296483	0.029272451013710392
15.27638190954774	0.023235411263228332
15.678391959798995	0.01710751189807489
16.080402010050253	0.017113986525252114
16.48241206030151	0.023690649304500457
16.884422110552766	0.03144664866444143
17.286432160804022	0.037802253478204005
17.68844221105528	0.04164472286920744
18.090452261306535	0.04370558569963631
18.49246231155779	0.044618435682982946
18.894472361809047	0.04479550546181852
19.296482412060303	0.0438803397677346
19.69849246231156	0.04132280476636559
20.100502512562816	0.03665771532489841
20.502512562814072	0.030060159482769622
20.90452261306533	0.02218302389740099
21.306532663316585	0.013725054877514395
21.70854271356784	0.009797538740664847
22.110552763819097	0.01606425670377985
22.512562814070353	0.025861370169952762
22.91457286432161	0.035921520951374034
23.316582914572866	0.04522374106463994
23.718592964824122	0.05266140602416584
24.12060301507538	0.05728544335988602
24.522613065326635	0.058536888420607204
24.92462311557789	0.05619392859135515
25.326633165829147	0.05010727092875954
25.728643216080403	0.04154593225787719
26.13065326633166	0.031567147915193
26.532663316582916	0.021362644569557068
26.934673366834172	0.012325714862606198
27.33668341708543	0.007137765923113773
27.738693467336685	0.010461835878023346
28.14070351758794	0.01801086633039416
28.542713567839197	0.027095897405009107
28.944723618090453	0.03670684043788482
29.34673366834171	0.04591292198785494
29.748743718592966	0.053069869083937696
30.150753768844222	0.05732921309095127
30.55276381909548	0.057444967808844984
30.954773869346734	0.05382789621342746
31.35678391959799	0.04743011441954131
31.758793969849247	0.0392531285764876
32.16080402010051	0.030470067189820545
32.56281407035176	0.02262181232041808
32.96482412060302	0.016774224315992594
33.366834170854275	0.014496656623444326
33.76884422110553	0.01801301412423261
34.17085427135679	0.02593201132895463
34.572864321608044	0.03635441912371571
34.9748743718593	0.04764704534802353
35.37688442211056	0.057865355523824415
35.77889447236181	0.0659809457600011
36.18090452261307	0.07071878430739376
36.582914572864325	0.07215902059037883
36.98492462311558	0.070410457391672
37.38693467336684	0.06577098345636015
37.788944723618094	0.059229444239963444
38.19095477386935	0.05184219828545221
38.59296482412061	0.044308926856671774
38.99497487437186	0.037947562224690465
39.39698492462312	0.034147443429861125
39.798994974874375	0.034481399408176204
40.20100502512563	0.0389127743044993
40.60301507537689	0.046070898124847756
41.005025125628144	0.05382216375705341
41.4070351758794	0.06092016602521465
41.80904522613066	0.06635047164277978
42.21105527638191	0.06965739150184662
42.61306532663317	0.07071697494408194
43.015075376884425	0.06929669240153949
43.41708542713568	0.06573612307276773
43.81909547738694	0.06016036421541106
44.221105527638194	0.05333904989633761
44.62311557788945	0.04606792355815699
45.02512562814071	0.03891033833065582
45.42713567839196	0.033287802226255395
45.82914572864322	0.030577753684777297
46.231155778894475	0.03259242015843013
46.63316582914573	0.03879197833250003
47.03517587939699	0.047190996697510174
47.437185929648244	0.055557155411101754
47.8391959798995	0.06226001374515017
48.24120603015076	0.06636727400347066
48.64321608040201	0.06728777662281883
49.04522613065327	0.06485790283127708
49.447236180904525	0.05972931835950564
49.84924623115578	0.05262699255997545
50.25125628140704	0.04460002168653292
50.653266331658294	0.036803975077408645
51.05527638190955	0.030219399054502973
51.45728643216081	0.026043970484883255
51.85929648241206	0.026206577488305016
52.26130653266332	0.031476340518137594
52.663316582914575	0.04097477432601109
53.06532663316583	0.05154760427492955
53.46733668341709	0.061076681310872474
53.869346733668344	0.06822623611844589
54.2713567839196	0.07112428262344635
54.67336683417086	0.06964979203712995
55.07537688442211	0.06427552972049964
55.47738693467337	0.055998778115640316
55.879396984924625	0.04680414880274596
56.28140703517588	0.03809349573907231
56.68341708542714	0.03122419053491098
57.085427135678394	0.02711996972002515
57.48743718592965	0.026597823308461315
57.88944723618091	0.03137837656485092
58.29145728643216	0.04094464735312914
58.69346733668342	0.05283185789120217
59.095477386934675	0.06452815964884315
59.49748743718593	0.0736571970118166
59.89949748743719	0.07848050539660892
60.301507537688444	0.07833282319742263
60.7035175879397	0.0736638932157406
61.10552763819096	0.06533433477391451
61.50753768844221	0.055439353316435666
61.90954773869347	0.046142328764104894
62.311557788944725	0.03880030474771874
62.71356783919598	0.03412146468332535
63.11557788944724	0.03292933051859123
63.517587939698494	0.0364700825691167
63.91959798994975	0.04497647751621123
64.32160804020101	0.05654690742574274
64.72361809045226	0.06850032585608318
65.12562814070353	0.07813551841810935
65.52763819095478	0.0836918409495475
65.92964824120604	0.08406954030325073
66.33165829145729	0.07977038851986137
66.73366834170855	0.07156153914684166
67.1356783919598	0.061594221820662196
67.53768844221106	0.051650065141827385
67.93969849246231	0.04366042094106397
68.34170854271358	0.038971960289901506
68.74371859296483	0.03775177330525632
69.14572864321609	0.039843462097687084
69.54773869346734	0.045281252973578004
69.9497487437186	0.05305015147801939
70.35175879396985	0.062001944889718844
70.75376884422111	0.07010020649336818
71.15577889447236	0.07573042654968956
71.55778894472363	0.07778071289404294
71.95979899497488	0.07591930538425415
72.36180904522614	0.0702224229395985
72.76381909547739	0.06221131707311154
73.16582914572865	0.05321303374533983
73.5678391959799	0.04489271721596555
73.96984924623116	0.03879322414698061
74.37185929648241	0.035425992799760074
74.77386934673368	0.034710410311995135
75.17587939698493	0.03673421175493729
75.57788944723619	0.041535903533442504
75.97989949748744	0.04843503805845882
76.3819095477387	0.056143577204223236
76.78391959798995	0.06307933241164103
77.18592964824121	0.06739894643720098
77.58793969849246	0.06867776901933582
77.98994974874373	0.06687580807493598
78.39195979899498	0.062126741954067456
78.79396984924624	0.05564519677583877
79.19597989949749	0.04865436930195839
79.59798994974875	0.04258783772467281
80.0	0.03835965227965122
