0.0	0.028000699421957754
0.4020100502512563	0.024317005499988296
0.8040201005025126	0.01676980654737196
1.206030150753769	0.007462471039950227
1.6080402010050252	0.0045298491372614096
2.0100502512562817	0.012988208204211458
2.412060301507538	0.018869080864498726
2.814070351758794	0.02062630667444694
3.2160804020100504	0.018013318276776748
3.6180904522613067	0.011267592764941547
4.020100502512563	0.002712818188005425
4.42211055276382	0.009296796359890875
4.824120603015076	0.018802219194854964
5.226130653266332	0.025835170634695388
5.628140703517588	0.02888477184641396
6.030150753768845	0.02758377054836067
6.432160804020101	0.02206328569308444
6.834170854271357	0.013871352104981253
7.236180904522613	0.005874875224133184
7.63819095477387	0.007886069917320316
8.040201005025127	0.013754133124321952
8.442211055276383	0.01660244599867683
8.84422110552764	0.015036406898713097
9.246231155778895	0.009214265296738343
9.648241206030152	0.0007300845929874147
10.050251256281408	0.010939924768974018
10.452261306532664	0.022053263683957734
10.85427135678392	0.031211727722976885
11.256281407035177	0.03706521116602975
11.658291457286433	0.038796592681474104
12.06030150753769	0.03649709243453001
12.462311557788945	0.03099307151728215
12.864321608040202	0.024352078418987986
13.266331658291458	0.018397168674302973
13.668341708542714	0.015027690338819111
14.07035175879397	0.014148756938673743
14.472361809045227	0.01387037176682165
14.874371859296483	0.015213903043637544
15.27638190954774	0.020898961887508626
15.678391959798995	0.03076732879294245
16.080402010050253	0.0425249502910294
16.48241206030151	0.053552467324341615
16.884422110552766	0.06204290295600856
17.286432160804022	0.0668078565003309
17.68844221105528	0.06748702662175124
18.090452261306535	0.06433889175483573
18.49246231155779	0.05809704140129981
18.894472361809047	0.05068639577242242
19.296482412060303	0.043867176329406884
19.69849246231156	0.03864342990587042
20.100502512562816	0.03621161145728276
20.502512562814072	0.03698588620553691
20.90452261306533	0.04200788363096578
21.306532663316585	0.051580996716157235
21.70854271356784	0.06434259086498946
22.110552763819097	0.07769669046323777
22.512562814070353	0.0887194180338705
22.91457286432161	0.0950746344668135
23.316582914572866	0.09585979257690878
23.718592964824122	0.09083282981342208
24.12060301507538	0.08122441255528426
24.522613065326635	0.06901931014301697
24.92462311557789	0.05705115013776089
25.326633165829147	0.047974496440575796
25.728643216080403	0.04382587339950902
26.13065326633166	0.04371596768367078
26.532663316582916	0.04614188986903414
26.934673366834172	0.05005640531409221
27.33668341708543	0.05461882882378891
27.738693467336685	0.05943314022609757
28.14070351758794	0.06356572538256225
28.542713567839197	0.06561728836597833
28.944723618090453	0.06441655916274505
29.34673366834171	0.06011128080688229
29.748743718592966	0.05240780463786169
30.150753768844222	0.04264377948065115
30.55276381909548	0.0323224895148695
30.954773869346734	0.024652391515976237
31.35678391959799	0.022817165996072624
31.758793969849247	0.026190019075427708
32.16080402010051	0.030763402662148172
32.56281407035176	0.03377036612451324
32.96482412060302	0.03469423474595844
33.366834170854275	0.033527122265582174
33.76884422110553	0.031425586085406326
34.17085427135679	0.02865694174404306
34.572864321608044	0.025610309658579154
34.9748743718593	0.022049527688975373
35.37688442211056	0.017436574532104534
35.77889447236181	0.011796366113165736
36.18090452261307	0.009072660207917003
36.582914572864325	0.015744309431351765
36.98492462311558	0.026575870188268763
37.38693467336684	0.037886387958987695
37.788944723618094	0.047817612308052676
38.19095477386935	0.05478784761910969
38.59296482412061	0.05788327026740272
38.99497487437186	0.05690923920881309
39.39698492462312	0.05218711694238983
39.798994974874375	0.04447746600066691
40.20100502512563	0.03567899639187336
40.60301507537689	0.0275134135677083
41.005025125628144	0.02299493880685614
41.4070351758794	0.02395299883825623
41.80904522613066	0.03087763290442333
42.21105527638191	0.04189083230277572
42.61306532663317	0.05523516562030256
43.015075376884425	0.06895169080528077
43.41708542713568	0.08084402911597469
43.81909547738694	0.08892531268030096
44.221105527638194	0.09196514384987897
44.62311557788945	0.0895475415179626
45.02512562814071	0.08232770178324489
45.42713567839196	0.0718358236920669
45.82914572864322	0.05989174929700528
46.231155778894475	0.04879898192126518
46.63316582914573	0.040638420165491275
47.03517587939699	0.0374692295509781
47.437185929648244	0.03954591294816386
47.8391959798995	0.04597988147707264
48.24120603015076	0.05535780945328202
48.64321608040201	0.06556623064198139
49.04522613065327	0.07462844589041398
49.447236180904525	0.08087002652579295
49.84924623115578	0.08254967844196992
50.25125628140704	0.07964269581601535
50.653266331658294	0.07272299635003666
51.05527638190955	0.0627931789329543
51.45728643216081	0.051238203604609345
51.85929648241206	0.04016162959240812
52.26130653266332	0.03143669722143373
52.663316582914575	0.027016204437867515
53.06532663316583	0.027402787952655515
53.46733668341709	0.031153624072165355
53.869346733668344	0.0363799898289134
54.2713567839196	0.04227409114267525
54.67336683417086	0.047768908767700846
55.07537688442211	0.05213390417424056
55.47738693467337	0.05459711548220984
55.879396984924625	0.054273117566303944
56.28140703517588	0.051381784930933795
56.68341708542714	0.04577814348395778
57.085427135678394	0.03858245654229912
57.48743718592965	0.03070726143058574
57.88944723618091	0.024578604590019402
58.29145728643216	0.022400087642926964
58.69346733668342	0.024411543447921024
59.095477386934675	0.027401830325253368
59.49748743718593	0.029840338651721636
59.89949748743719	0.03140762964972181
60.301507537688444	0.03319000539530784
60.7035175879397	0.03578201451024552
61.10552763819096	0.03929521158191631
61.50753768844221	0.04274659976911523
61.90954773869347	0.04461772740627607
62.311557788944725	0.04347391143540082
62.71356783919598	0.039421763688778214
63.11557788944724	0.03312564075132918
63.517587939698494	0.02672154495818112
63.91959798994975	0.023801483929715976
64.32160804020101	0.02568433548067489
64.72361809045226	0.029829461190967365
65.12562814070353	0.03329489637775647
65.52763819095478	0.03476172044600209
65.92964824120604	0.03462632060162281
66.33165829145729	0.03400482733288741
66.73366834170855	0.03421250138422694
67.1356783919598	0.03549885285949756
67.53768844221106	0.036868847528163454
67.93969849246231	0.03677775720411887
68.34170854271358	0.03413508941229865
68.74371859296483	0.028773556733099413
69.14572864321609	0.022444308238583944
69.54773869346734	0.019028504477487922
69.9497487437186	0.022812070894234527
70.35175879396985	0.03039956145515498
70.75376884422111	0.03762287729789187
71.15577889447236	0.04203382393166374
71.55778894472363	0.04303648004911625
71.95979899497488	0.04089880330411173
72.36180904522614	0.03629508022388481
72.76381909547739	0.03180538083282108
73.16582914572865	0.028724822854443992
73.5678391959799	0.02747698275816206
73.96984924623116	0.02656019502643071
74.37185929648241	0.024229633209473977
74.77386934673368	0.02082807409084047
75.17587939698493	0.019597704296787415
75.57788944723619	0.02427343334161447
75.97989949748744	0.03309830144362843
76.3819095477387	0.0419577087885058
76.78391959798995	0.048302209215199995
77.18592964824121	0.050844974789348595
77.58793969849246	0.04919853278526222
77.98994974874373	0.044037611165301346
78.39195979899498	0.03651664639905118
78.79396984924624	0.02885003213391424
79.19597989949749	0.0237690426256588
79.59798994974875	0.02183536186698522
80.0	0.021684475897295715
