0.0	0.013446123297303058
0.4020100502512563	0.014698207154748738
0.8040201005025126	0.013556654976962717
1.206030150753769	0.010564506426357253
1.6080402010050252	0.0056247492106220095
2.0100502512562817	0.0020123927264820715
2.412060301507538	0.005353114442981694
2.814070351758794	0.008740488808764883
3.2160804020100504	0.009791431129036843
3.6180904522613067	0.008494358949200682
4.020100502512563	0.005205304840610496
4.42211055276382	0.00011568168836178327
4.824120603015076	0.006561153258165205
5.226130653266332	0.012207295489383185
5.628140703517588	0.016731677577084235
6.030150753768845	0.019551478105127612
6.432160804020101	0.019824629400558062
6.834170854271357	0.017646285449474396
7.236180904522613	0.013814745018587746
7.63819095477387	0.009181850512381504
8.040201005025127	0.004944269845507618
8.442211055276383	0.003475133216091627
8.84422110552764	0.003819894187840547
9.246231155778895	0.0028460470959260314
9.648241206030152	0.0025307192089387325
10.050251256281408	0.007372117051024153
10.452261306532664	0.013875888194720326
10.85427135678392	0.02067316472648361
11.256281407035177	0.02667212928956484
11.658291457286433	0.030707533012124266
12.06030150753769	0.03212360586011789
12.462311557788945	0.030824604867081013
12.864321608040202	0.02723649175285118
13.266331658291458	0.02179249306942706
13.668341708542714	0.015738013128008474
14.07035175879397	0.01035702546190547
14.472361809045227	0.006983858752688181
14.874371859296483	0.006143948937502485
15.27638190954774	0.007213644078558226
15.678391959798995	0.010890574323635627
16.080402010050253	0.017142493277015503
16.48241206030151	0.024514674106464893
16.884422110552766	0.031819699654345585
17.286432160804022	0.037902290257000586
17.68844221105528	0.041842272212559116
18.090452261306535	0.04297539406394812
18.49246231155779	0.041596634382696826
18.894472361809047	0.03811598496158801
19.296482412060303	0.033415006858084365
19.69849246231156	0.028600374488809855
20.100502512562816	0.024549565946575543
20.502512562814072	0.022291302736324747
20.90452261306533	0.0216886654008206
21.306532663316585	0.023041812527596066
21.70854271356784	0.026739445340300545
22.110552763819097	0.03220205784163914
22.512562814070353	0.03842332001872055
22.91457286432161	0.04460834650160645
23.316582914572866	0.0489346282179322
23.718592964824122	0.05133040078950951
24.12060301507538	0.05128403889914075
24.522613065326635	0.04917240055496544
24.92462311557789	0.04600720758234732
25.326633165829147	0.042254020025608574
25.728643216080403	0.03901700381142983
26.13065326633166	0.03690530630102208
26.532663316582916	0.03624163631468131
26.934673366834172	0.0374916151547273
27.33668341708543	0.04069360045010269
27.738693467336685	0.04581443119152301
28.14070351758794	0.052030972727126715
28.542713567839197	0.05884628782058614
28.944723618090453	0.06523370312891119
29.34673366834171	0.06992565272434517
29.748743718592966	0.07245283830016185
30.150753768844222	0.07231589395932761
30.55276381909548	0.06968558879882282
30.954773869346734	0.06511398279897485
31.35678391959799	0.05914777284578961
31.758793969849247	0.0527186176295771
32.16080402010051	0.047187396431389105
32.56281407035176	0.04334639328408234
32.96482412060302	0.041794716407236546
33.366834170854275	0.0426578393697913
33.76884422110553	0.04573279909865488
34.17085427135679	0.05093544447510353
34.572864321608044	0.057364883517980116
34.9748743718593	0.06377658633616748
35.37688442211056	0.06930975200285407
35.77889447236181	0.07267966299374772
36.18090452261307	0.07299412825707904
36.582914572864325	0.07053680251764533
36.98492462311558	0.0655909050558304
37.38693467336684	0.058627918462216454
37.788944723618094	0.05122173922052788
38.19095477386935	0.044771864021605975
38.59296482412061	0.04001369673771867
38.99497487437186	0.03773187697875411
39.39698492462312	0.03809514109245384
39.798994974874375	0.041079400901727514
40.20100502512563	0.04626759953758448
40.60301507537689	0.05292175488884019
41.005025125628144	0.05985223086236759
41.4070351758794	0.0657099895363214
41.80904522613066	0.0693466992213774
42.21105527638191	0.07004865731056303
42.61306532663317	0.06769668612814415
43.015075376884425	0.0627178612583096
43.41708542713568	0.055912035710104654
43.81909547738694	0.048298546290511724
44.221105527638194	0.04170198604926679
44.62311557788945	0.03710384437391204
45.02512562814071	0.03499113424274503
45.42713567839196	0.035891966072295736
45.82914572864322	0.04013503531475537
46.231155778894475	0.04687276678407114
46.63316582914573	0.05555744818564847
47.03517587939699	0.06412220376228862
47.437185929648244	0.07100435344227779
47.8391959798995	0.07531882807196989
48.24120603015076	0.07594961895835584
48.64321608040201	0.07274711998056084
49.04522613065327	0.06639679271760379
49.447236180904525	0.05758059929222711
49.84924623115578	0.048526602036446924
50.25125628140704	0.04071515156747056
50.653266331658294	0.03562502119912837
51.05527638190955	0.03412789501425321
51.45728643216081	0.03694611873243332
51.85929648241206	0.04347614985835803
52.26130653266332	0.05231604728512927
52.663316582914575	0.06188754561020445
53.06532663316583	0.07043777483389205
53.46733668341709	0.0759776513287295
53.869346733668344	0.07778581742164392
54.2713567839196	0.07509882073620464
54.67336683417086	0.06838875896596179
55.07537688442211	0.05909436670758933
55.47738693467337	0.04878286498588941
55.879396984924625	0.03941222265315699
56.28140703517588	0.03250712328206577
56.68341708542714	0.029558214972656656
57.085427135678394	0.030864187627894113
57.48743718592965	0.036241301279420865
57.88944723618091	0.044842095905072946
58.29145728643216	0.05488487244906163
58.69346733668342	0.06458418571552615
59.095477386934675	0.07199284492220455
59.49748743718593	0.07598712166848107
59.89949748743719	0.07570792379960875
60.301507537688444	0.07138357173339951
60.7035175879397	0.06384219246063418
61.10552763819096	0.05454887596716072
61.50753768844221	0.04495645694720834
61.90954773869347	0.03706268032505375
62.311557788944725	0.032110628431470487
62.71356783919598	0.03111484240133048
63.11557788944724	0.034009782075447734
63.517587939698494	0.04045090838798536
63.91959798994975	0.04902483463913501
64.32160804020101	0.05827208243987383
64.72361809045226	0.06663346676498208
65.12562814070353	0.07223214285013571
65.52763819095478	0.07462448392090902
65.92964824120604	0.07300818135371753
66.33165829145729	0.06808980630169184
66.73366834170855	0.06043788817786905
67.1356783919598	0.05159950593700978
67.53768844221106	0.04296202829985869
67.93969849246231	0.0358296968639089
68.34170854271358	0.03151439979089381
68.74371859296483	0.030926110759278168
69.14572864321609	0.03405082733056343
69.54773869346734	0.04065659353321522
69.9497487437186	0.04946690284901968
70.35175879396985	0.05879799029036825
70.75376884422111	0.06704795760989798
71.15577889447236	0.0729975714797886
71.55778894472363	0.0752726422777075
71.95979899497488	0.07370771481032815
72.36180904522614	0.06857698770293714
72.76381909547739	0.060385834725280085
73.16582914572865	0.05114255925459317
73.5678391959799	0.04186101481958117
73.96984924623116	0.034840810089532145
74.37185929648241	0.030823173836984435
74.77386934673368	0.0313434425611531
75.17587939698493	0.03558712447394584
75.57788944723619	0.04313804500231206
75.97989949748744	0.05231592586345503
76.3819095477387	0.06146776893637209
76.78391959798995	0.06897108904731164
77.18592964824121	0.07350399519653435
77.58793969849246	0.07420891136276916
77.98994974874373	0.07091460421288234
78.39195979899498	0.06413292724809617
78.79396984924624	0.05531116960611086
79.19597989949749	0.04574891376486741
79.59798994974875	0.03731572190711072
80.0	0.03168335267831362
