0.0	0.0032108980194341698
0.4020100502512563	0.004824317463513075
0.8040201005025126	0.005742022390138132
1.206030150753769	0.005548550125941406
1.6080402010050252	0.004575772036181826
2.0100502512562817	0.003105898070720309
2.412060301507538	0.0012820857985893933
2.814070351758794	0.0011274689464261987
3.2160804020100504	0.0022663595377810123
3.6180904522613067	0.0029347458924609874
4.020100502512563	0.0026585839771835224
4.42211055276382	0.0013860197858656489
4.824120603015076	0.0008560392408168242
5.226130653266332	0.003132247522454716
5.628140703517588	0.0057349846412542566
6.030150753768845	0.00800580386652297
6.432160804020101	0.00971624410787873
6.834170854271357	0.0105089100447573
7.236180904522613	0.010391384005593262
7.63819095477387	0.009574550292095856
8.040201005025127	0.008049364628539644
8.442211055276383	0.006473623561148492
8.84422110552764	0.0051004874932903494
9.246231155778895	0.004718955967511852
9.648241206030152	0.005421174733483549
10.050251256281408	0.00728110341635662
10.452261306532664	0.010236183337241345
10.85427135678392	0.01389932405288515
11.256281407035177	0.018207258487205696
11.658291457286433	0.022360127680377245
12.06030150753769	0.02573737739411016
12.462311557788945	0.028212771353006587
12.864321608040202	0.029421647717468535
13.266331658291458	0.02932227031037852
13.668341708542714	0.027680795150618977
14.07035175879397	0.025266011847697424
14.472361809045227	0.02204082707451972
14.874371859296483	0.018445694395002304
15.27638190954774	0.014211599650860857
15.678391959798995	0.009162198708927944
16.080402010050253	0.004438230122862824
16.48241206030151	0.006281257502713874
16.884422110552766	0.011095303600675847
17.286432160804022	0.014734810129407508
17.68844221105528	0.018561696863591225
18.090452261306535	0.025286154717649563
18.49246231155779	0.03423276065892048
18.894472361809047	0.04315767863670158
19.296482412060303	0.050199904018591125
19.69849246231156	0.05335097536414919
20.100502512562816	0.05210129016058501
20.502512562814072	0.04674447890574786
20.90452261306533	0.03803133212617111
21.306532663316585	0.02892154561146919
21.70854271356784	0.02329565796630887
22.110552763819097	0.0224604351514493
22.512562814070353	0.02384413577268518
22.91457286432161	0.023561583975777657
23.316582914572866	0.022301500706243947
23.718592964824122	0.02615363202058684
24.12060301507538	0.03774397674410028
24.522613065326635	0.05230424629098042
24.92462311557789	0.06501005627329196
25.326633165829147	0.07411347714245266
25.728643216080403	0.07583671071152155
26.13065326633166	0.07050314229114577
26.532663316582916	0.05854654740353412
26.934673366834172	0.04279212533067589
27.33668341708543	0.02548818974620131
27.738693467336685	0.011930031938984004
28.14070351758794	0.007216783916416246
28.542713567839197	0.008714184513143243
28.944723618090453	0.013933780630041161
29.34673366834171	0.026208958890749458
29.748743718592966	0.04457558482799179
30.150753768844222	0.0649397911278757
30.55276381909548	0.08348543032051366
30.954773869346734	0.0951616672597852
31.35678391959799	0.09688771341422933
31.758793969849247	0.08869646126684474
32.16080402010051	0.07207950637460933
32.56281407035176	0.050926013010560066
32.96482412060302	0.029082746389683556
33.366834170854275	0.01483204401541247
33.76884422110553	0.013983654817093441
34.17085427135679	0.014993140215713666
34.572864321608044	0.008956447193278037
34.9748743718593	0.004609507485002638
35.37688442211056	0.023390821581267505
35.77889447236181	0.04390407278717204
36.18090452261307	0.06237834427978065
36.582914572864325	0.07506737951082397
36.98492462311558	0.08036621648198763
37.38693467336684	0.07740885709685119
37.788944723618094	0.06692241159667038
38.19095477386935	0.051218402671881914
38.59296482412061	0.032845238404299044
38.99497487437186	0.015126891195903694
39.39698492462312	0.0049052004495451764
39.798994974874375	0.010844763535381951
40.20100502512563	0.01401082086086342
40.60301507537689	0.011977421612821032
41.005025125628144	0.012316360609701638
41.4070351758794	0.02178538334813694
41.80904522613066	0.03436018703513633
42.21105527638191	0.04525592227029337
42.61306532663317	0.05137536777765132
43.015075376884425	0.05226988292666055
43.41708542713568	0.047519465856989226
43.81909547738694	0.037417630189725125
44.221105527638194	0.024206002479214745
44.62311557788945	0.009191250369311442
45.02512562814071	0.007363382881955286
45.42713567839196	0.020178838001234538
45.82914572864322	0.02893925859614812
46.231155778894475	0.03289650596153478
46.63316582914573	0.03248820204482766
47.03517587939699	0.029097790121173906
47.437185929648244	0.026670778816617013
47.8391959798995	0.027287268254631774
48.24120603015076	0.029781995993431436
48.64321608040201	0.031583895094775626
49.04522613065327	0.0299400429190822
49.447236180904525	0.023845431465894816
49.84924623115578	0.013250113825039026
50.25125628140704	0.0029990713234410837
50.653266331658294	0.01670308781456114
51.05527638190955	0.031022993520869024
51.45728643216081	0.042753885478634374
51.85929648241206	0.05002457290790276
52.26130653266332	0.05231564925966313
52.663316582914575	0.050570702423971034
53.06532663316583	0.04628117169655149
53.46733668341709	0.04180465401373941
53.869346733668344	0.03808190879383944
54.2713567839196	0.035513525316570774
54.67336683417086	0.03137943741218867
55.07537688442211	0.02460867708104012
55.47738693467337	0.014085655619450365
55.879396984924625	0.0025700490356966327
56.28140703517588	0.016032185216788328
56.68341708542714	0.031674312605442234
57.085427135678394	0.04637594051028397
57.48743718592965	0.05784184881247208
57.88944723618091	0.06536535955537996
58.29145728643216	0.06829854235744938
58.69346733668342	0.06703303900996786
59.095477386934675	0.06228173681925943
59.49748743718593	0.05577021046518053
59.89949748743719	0.04856380595660241
60.301507537688444	0.04189095268010403
60.7035175879397	0.03469140097304167
61.10552763819096	0.027311012444304773
61.50753768844221	0.02249146163326194
61.90954773869347	0.025890444865758637
62.311557788944725	0.036135518693747495
62.71356783919598	0.04814589646985219
63.11557788944724	0.057886300455466076
63.517587939698494	0.06353481259471386
63.91959798994975	0.06491157448102346
64.32160804020101	0.06285419738589845
64.72361809045226	0.05974832533141387
65.12562814070353	0.05660357285207932
65.52763819095478	0.05448397095736589
65.92964824120604	0.05220092030551855
66.33165829145729	0.04827864322175661
66.73366834170855	0.0419546989557472
67.1356783919598	0.033442104518275347
67.53768844221106	0.02544110495254038
67.93969849246231	0.0248820648324024
68.34170854271358	0.033172898349837956
68.74371859296483	0.043800088065363105
69.14572864321609	0.05267868426855717
69.54773869346734	0.05755011043681726
69.9497487437186	0.05792364652291308
70.35175879396985	0.054490680670302584
70.75376884422111	0.048891542865735035
71.15577889447236	0.04307336332719834
71.55778894472363	0.03875203751048205
71.95979899497488	0.03590946758660653
72.36180904522614	0.03289204753827919
72.76381909547739	0.027633957248073986
73.16582914572865	0.019272792521105565
73.5678391959799	0.010335448540438412
73.96984924623116	0.013122729787974005
74.37185929648241	0.02520839154025826
74.77386934673368	0.03682246547371693
75.17587939698493	0.04543130137428676
75.57788944723619	0.04974188717940187
75.97989949748744	0.04960644151813084
76.3819095477387	0.04621202557117007
76.78391959798995	0.04119771382494979
77.18592964824121	0.036202932046199614
77.58793969849246	0.03269697102431908
77.98994974874373	0.02998736719820695
78.39195979899498	0.02603098546345998
78.79396984924624	0.019337212420333892
79.19597989949749	0.009953889669268984
79.59798994974875	0.008451201650758952
80.0	0.021057442002683592
